freq (Hz)	magnitude
0.000000E+0	9.827267E-1
2.500000E-1	9.848340E-1
5.000000E-1	9.890178E-1
7.500000E-1	9.811149E-1
1.000000E+0	9.512337E-1
1.250000E+0	9.330545E-1
1.500000E+0	9.265651E-1
1.750000E+0	8.188100E-1
2.000000E+0	2.933229E-1
2.250000E+0	4.204227E-1
2.500000E+0	1.315237E-1
2.750000E+0	5.850130E-1
3.000000E+0	8.900847E-1
3.250000E+0	8.856414E-1
3.500000E+0	8.751820E-1
3.750000E+0	9.215418E-1
4.000000E+0	9.288959E-1
4.250000E+0	9.309548E-1
4.500000E+0	9.558365E-1
4.750000E+0	9.723527E-1
5.000000E+0	9.629252E-1
5.250000E+0	9.539782E-1
5.500000E+0	9.591473E-1
5.750000E+0	9.620321E-1
6.000000E+0	9.563103E-1
6.250000E+0	9.571131E-1
6.500000E+0	9.728695E-1
6.750000E+0	9.796904E-1
7.000000E+0	9.699634E-1
7.250000E+0	9.638202E-1
7.500000E+0	9.721983E-1
7.750000E+0	9.794422E-1
8.000000E+0	9.745161E-1
8.250000E+0	9.700862E-1
8.500000E+0	9.766012E-1
8.750000E+0	9.801137E-1
9.000000E+0	9.699645E-1
9.250000E+0	9.596205E-1
9.500000E+0	9.673634E-1
9.750000E+0	9.829499E-1
1.000000E+1	9.863100E-1
1.025000E+1	9.795892E-1
1.050000E+1	9.778597E-1
1.075000E+1	9.821769E-1
1.100000E+1	9.814650E-1
1.125000E+1	9.761595E-1
1.150000E+1	9.762650E-1
1.175000E+1	9.807429E-1
1.200000E+1	9.786632E-1
1.225000E+1	9.714217E-1
1.250000E+1	9.713796E-1
1.275000E+1	9.793992E-1
1.300000E+1	9.829846E-1
1.325000E+1	9.790630E-1
1.350000E+1	9.774606E-1
1.375000E+1	9.821329E-1
1.400000E+1	9.835230E-1
1.425000E+1	9.783928E-1
1.450000E+1	9.755298E-1
1.475000E+1	9.796581E-1
1.500000E+1	9.811802E-1
1.525000E+1	9.754215E-1
1.550000E+1	9.713961E-1
1.575000E+1	9.765307E-1
1.600000E+1	9.821999E-1
1.625000E+1	9.790318E-1
1.650000E+1	9.736569E-1
1.675000E+1	9.760486E-1
1.700000E+1	9.811056E-1
1.725000E+1	9.786349E-1
1.750000E+1	9.717341E-1
1.775000E+1	9.716166E-1
1.800000E+1	9.774400E-1
1.825000E+1	9.787607E-1
1.850000E+1	9.744486E-1
1.875000E+1	9.737886E-1
1.900000E+1	9.789035E-1
1.925000E+1	9.796247E-1
1.950000E+1	9.719904E-1
1.975000E+1	9.663530E-1
2.000000E+1	9.695012E-1
2.025000E+1	9.769718E-1
2.050000E+1	9.799490E-1
2.075000E+1	9.783614E-1
2.100000E+1	9.789338E-1
2.125000E+1	9.809538E-1
2.150000E+1	9.796887E-1
2.175000E+1	9.771832E-1
2.200000E+1	9.798710E-1
2.225000E+1	9.848863E-1
2.250000E+1	9.824048E-1
2.275000E+1	9.708284E-1
2.300000E+1	9.611337E-1
2.325000E+1	9.617328E-1
2.350000E+1	9.645473E-1
2.375000E+1	9.598218E-1
2.400000E+1	9.530214E-1
2.425000E+1	9.549253E-1
2.450000E+1	9.652934E-1
2.475000E+1	9.706719E-1
2.500000E+1	9.667484E-1
2.525000E+1	9.663967E-1
2.550000E+1	9.758216E-1
2.575000E+1	9.846642E-1
2.600000E+1	9.837504E-1
2.625000E+1	9.775354E-1
2.650000E+1	9.763184E-1
2.675000E+1	9.794136E-1
2.700000E+1	9.782657E-1
2.725000E+1	9.708790E-1
2.750000E+1	9.681439E-1
2.775000E+1	9.738279E-1
2.800000E+1	9.804019E-1
2.825000E+1	9.821918E-1
2.850000E+1	9.800944E-1
2.875000E+1	9.802016E-1
2.900000E+1	9.828309E-1
2.925000E+1	9.835097E-1
2.950000E+1	9.813227E-1
2.975000E+1	9.811425E-1
3.000000E+1	9.843240E-1
3.025000E+1	9.865460E-1
3.050000E+1	9.851624E-1
3.075000E+1	9.840164E-1
3.100000E+1	9.863486E-1
3.125000E+1	9.888097E-1
3.150000E+1	9.874799E-1
3.175000E+1	9.853331E-1
3.200000E+1	9.871815E-1
3.225000E+1	9.907327E-1
3.250000E+1	9.907276E-1
3.275000E+1	9.881802E-1
3.300000E+1	9.887082E-1
3.325000E+1	9.921200E-1
3.350000E+1	9.931184E-1
3.375000E+1	9.909067E-1
3.400000E+1	9.907773E-1
3.425000E+1	9.937256E-1
3.450000E+1	9.947559E-1
3.475000E+1	9.922458E-1
3.500000E+1	9.914838E-1
3.525000E+1	9.944710E-1
3.550000E+1	9.957764E-1
3.575000E+1	9.926580E-1
3.600000E+1	9.917319E-1
3.625000E+1	9.957689E-1
3.650000E+1	9.972010E-1
3.675000E+1	9.910011E-1
3.700000E+1	9.867824E-1
3.725000E+1	9.921747E-1
3.750000E+1	9.985593E-1
3.775000E+1	9.930022E-1
3.800000E+1	9.855655E-1
3.825000E+1	9.907137E-1
3.850000E+1	9.968944E-1
3.875000E+1	9.647137E-1
3.900000E+1	9.022979E-1
3.925000E+1	8.543418E-1
3.950000E+1	8.344243E-1
3.975000E+1	8.557181E-1
4.000000E+1	9.250240E-1
4.025000E+1	9.844893E-1
4.050000E+1	9.980480E-1
4.075000E+1	9.945420E-1
4.100000E+1	9.944144E-1
4.125000E+1	9.975347E-1
4.150000E+1	9.979878E-1
4.175000E+1	9.967838E-1
4.200000E+1	9.971063E-1
4.225000E+1	9.984007E-1
4.250000E+1	9.985054E-1
4.275000E+1	9.974342E-1
4.300000E+1	9.966807E-1
4.325000E+1	9.970689E-1
4.350000E+1	9.982308E-1
4.375000E+1	9.991405E-1
4.400000E+1	9.987934E-1
4.425000E+1	9.974012E-1
4.450000E+1	9.965906E-1
4.475000E+1	9.972412E-1
4.500000E+1	9.982757E-1
4.525000E+1	9.979760E-1
4.550000E+1	9.965657E-1
4.575000E+1	9.962912E-1
4.600000E+1	9.976779E-1
4.625000E+1	9.983378E-1
4.650000E+1	9.959314E-1
4.675000E+1	9.909799E-1
4.700000E+1	9.849317E-1
4.725000E+1	9.787961E-1
4.750000E+1	9.754691E-1
4.775000E+1	9.784843E-1
4.800000E+1	9.859303E-1
4.825000E+1	9.920050E-1
4.850000E+1	9.938170E-1
4.875000E+1	9.931947E-1
4.900000E+1	9.935446E-1
4.925000E+1	9.951680E-1
4.950000E+1	9.960068E-1
4.975000E+1	9.953372E-1
5.000000E+1	9.946648E-1
5.025000E+1	9.952581E-1
5.050000E+1	9.962104E-1
5.075000E+1	9.964421E-1
5.100000E+1	9.964284E-1
5.125000E+1	9.968419E-1
5.150000E+1	9.970380E-1
5.175000E+1	9.962905E-1
5.200000E+1	9.952835E-1
5.225000E+1	9.951783E-1
5.250000E+1	9.958306E-1
5.275000E+1	9.962004E-1
5.300000E+1	9.959828E-1
5.325000E+1	9.957187E-1
5.350000E+1	9.957393E-1
5.375000E+1	9.957073E-1
5.400000E+1	9.952989E-1
5.425000E+1	9.946534E-1
5.450000E+1	9.940070E-1
5.475000E+1	9.935281E-1
5.500000E+1	9.935008E-1
5.525000E+1	9.940431E-1
5.550000E+1	9.946728E-1
5.575000E+1	9.947233E-1
5.600000E+1	9.943088E-1
5.625000E+1	9.943074E-1
5.650000E+1	9.948839E-1
5.675000E+1	9.949921E-1
5.700000E+1	9.939116E-1
5.725000E+1	9.924387E-1
5.750000E+1	9.914601E-1
5.775000E+1	9.904710E-1
5.800000E+1	9.891932E-1
5.825000E+1	9.895447E-1
5.850000E+1	9.928837E-1
5.875000E+1	9.968056E-1
5.900000E+1	9.977157E-1
5.925000E+1	9.951749E-1
5.950000E+1	9.929874E-1
5.975000E+1	9.940351E-1
6.000000E+1	9.961013E-1
6.025000E+1	9.956773E-1
6.050000E+1	9.935804E-1
6.075000E+1	9.930733E-1
6.100000E+1	9.944115E-1
6.125000E+1	9.949442E-1
6.150000E+1	9.938443E-1
6.175000E+1	9.931851E-1
6.200000E+1	9.937737E-1
6.225000E+1	9.938602E-1
6.250000E+1	9.928222E-1
6.275000E+1	9.926146E-1
6.300000E+1	9.942362E-1
6.325000E+1	9.958175E-1
6.350000E+1	9.955470E-1
6.375000E+1	9.947898E-1
6.400000E+1	9.950402E-1
6.425000E+1	9.952180E-1
6.450000E+1	9.940679E-1
6.475000E+1	9.931037E-1
6.500000E+1	9.939741E-1
6.525000E+1	9.953004E-1
6.550000E+1	9.948694E-1
6.575000E+1	9.935533E-1
6.600000E+1	9.938162E-1
6.625000E+1	9.953837E-1
6.650000E+1	9.958404E-1
6.675000E+1	9.947607E-1
6.700000E+1	9.939924E-1
6.725000E+1	9.941850E-1
6.750000E+1	9.941130E-1
6.775000E+1	9.935652E-1
6.800000E+1	9.938911E-1
6.825000E+1	9.952331E-1
6.850000E+1	9.959124E-1
6.875000E+1	9.952210E-1
6.900000E+1	9.945877E-1
6.925000E+1	9.949616E-1
6.950000E+1	9.955335E-1
6.975000E+1	9.955434E-1
7.000000E+1	9.955437E-1
7.025000E+1	9.958941E-1
7.050000E+1	9.960278E-1
7.075000E+1	9.958093E-1
7.100000E+1	9.960309E-1
7.125000E+1	9.967601E-1
7.150000E+1	9.970228E-1
7.175000E+1	9.965019E-1
7.200000E+1	9.959511E-1
7.225000E+1	9.958707E-1
7.250000E+1	9.960843E-1
7.275000E+1	9.966819E-1
7.300000E+1	9.977548E-1
7.325000E+1	9.982836E-1
7.350000E+1	9.973328E-1
7.375000E+1	9.961108E-1
7.400000E+1	9.964654E-1
7.425000E+1	9.976655E-1
7.450000E+1	9.972643E-1
7.475000E+1	9.952739E-1
7.500000E+1	9.946358E-1
7.525000E+1	9.964895E-1
7.550000E+1	9.981470E-1
7.575000E+1	9.977514E-1
7.600000E+1	9.970218E-1
7.625000E+1	9.977910E-1
7.650000E+1	9.987179E-1
7.675000E+1	9.979270E-1
7.700000E+1	9.964554E-1
7.725000E+1	9.964510E-1
7.750000E+1	9.974436E-1
7.775000E+1	9.973990E-1
7.800000E+1	9.963246E-1
7.825000E+1	9.957867E-1
7.850000E+1	9.960886E-1
7.875000E+1	9.960110E-1
7.900000E+1	9.953901E-1
7.925000E+1	9.953133E-1
7.950000E+1	9.962529E-1
7.975000E+1	9.973520E-1
8.000000E+1	9.976653E-1
8.025000E+1	9.972906E-1
8.050000E+1	9.966883E-1
8.075000E+1	9.961176E-1
8.100000E+1	9.959321E-1
8.125000E+1	9.963520E-1
8.150000E+1	9.969689E-1
8.175000E+1	9.974948E-1
8.200000E+1	9.981410E-1
8.225000E+1	9.986712E-1
8.250000E+1	9.982544E-1
8.275000E+1	9.971960E-1
8.300000E+1	9.968023E-1
8.325000E+1	9.977875E-1
8.350000E+1	9.990456E-1
8.375000E+1	9.991147E-1
8.400000E+1	9.986563E-1
8.425000E+1	9.987746E-1
8.450000E+1	9.992435E-1
8.475000E+1	9.990554E-1
8.500000E+1	9.984516E-1
8.525000E+1	9.983424E-1
8.550000E+1	9.987749E-1
8.575000E+1	9.991261E-1
8.600000E+1	9.992224E-1
8.625000E+1	9.992327E-1
8.650000E+1	9.989446E-1
8.675000E+1	9.983247E-1
8.700000E+1	9.980602E-1
8.725000E+1	9.984076E-1
8.750000E+1	9.986405E-1
8.775000E+1	9.983323E-1
8.800000E+1	9.982284E-1
8.825000E+1	9.988952E-1
8.850000E+1	9.994746E-1
8.875000E+1	9.990944E-1
8.900000E+1	9.985166E-1
8.925000E+1	9.987959E-1
8.950000E+1	9.994183E-1
8.975000E+1	9.992699E-1
9.000000E+1	9.986995E-1
9.025000E+1	9.987898E-1
9.050000E+1	9.993293E-1
9.075000E+1	9.993187E-1
9.100000E+1	9.989275E-1
9.125000E+1	9.991179E-1
9.150000E+1	9.996235E-1
9.175000E+1	9.992907E-1
9.200000E+1	9.983555E-1
9.225000E+1	9.981681E-1
9.250000E+1	9.989143E-1
9.275000E+1	9.993318E-1
9.300000E+1	9.989146E-1
9.325000E+1	9.986488E-1
9.350000E+1	9.990189E-1
9.375000E+1	9.990370E-1
9.400000E+1	9.979946E-1
9.425000E+1	9.966949E-1
9.450000E+1	9.962629E-1
9.475000E+1	9.968365E-1
9.500000E+1	9.978021E-1
9.525000E+1	9.986539E-1
9.550000E+1	9.990465E-1
9.575000E+1	9.987565E-1
9.600000E+1	9.981320E-1
9.625000E+1	9.979716E-1
9.650000E+1	9.985379E-1
9.675000E+1	9.991108E-1
9.700000E+1	9.991187E-1
9.725000E+1	9.988672E-1
9.750000E+1	9.988225E-1
9.775000E+1	9.989449E-1
9.800000E+1	9.989967E-1
9.825000E+1	9.990115E-1
9.850000E+1	9.990433E-1
9.875000E+1	9.989639E-1
9.900000E+1	9.988029E-1
9.925000E+1	9.988310E-1
9.950000E+1	9.990752E-1
9.975000E+1	9.991853E-1
1.000000E+2	9.990235E-1
1.002500E+2	9.989136E-1
1.005000E+2	9.990747E-1
1.007500E+2	9.992659E-1
1.010000E+2	9.992151E-1
1.012500E+2	9.990543E-1
1.015000E+2	9.990618E-1
1.017500E+2	9.992439E-1
1.020000E+2	9.993877E-1
1.022500E+2	9.993592E-1
1.025000E+2	9.991663E-1
1.027500E+2	9.989159E-1
1.030000E+2	9.987793E-1
1.032500E+2	9.988570E-1
1.035000E+2	9.990522E-1
1.037500E+2	9.991571E-1
1.040000E+2	9.990910E-1
1.042500E+2	9.989521E-1
1.045000E+2	9.988885E-1
1.047500E+2	9.989837E-1
1.050000E+2	9.991609E-1
1.052500E+2	9.992235E-1
1.055000E+2	9.990916E-1
1.057500E+2	9.989878E-1
1.060000E+2	9.991371E-1
1.062500E+2	9.993465E-1
1.065000E+2	9.992704E-1
1.067500E+2	9.990326E-1
1.070000E+2	9.990651E-1
1.072500E+2	9.993410E-1
1.075000E+2	9.994032E-1
1.077500E+2	9.991876E-1
1.080000E+2	9.991608E-1
1.082500E+2	9.994180E-1
1.085000E+2	9.995057E-1
1.087500E+2	9.993428E-1
1.090000E+2	9.993951E-1
1.092500E+2	9.992521E-1
1.095000E+2	9.971874E-1
1.097500E+2	9.929147E-1
1.100000E+2	9.901741E-1
1.102500E+2	9.908831E-1
1.105000E+2	9.940180E-1
1.107500E+2	9.976556E-1
1.110000E+2	9.992183E-1
1.112500E+2	9.986464E-1
1.115000E+2	9.982170E-1
1.117500E+2	9.988609E-1
1.120000E+2	9.995874E-1
1.122500E+2	9.994031E-1
1.125000E+2	9.988977E-1
1.127500E+2	9.989820E-1
1.130000E+2	9.994104E-1
1.132500E+2	9.992874E-1
1.135000E+2	9.987075E-1
1.137500E+2	9.985676E-1
1.140000E+2	9.990859E-1
1.142500E+2	9.993871E-1
1.145000E+2	9.991179E-1
1.147500E+2	9.989834E-1
1.150000E+2	9.993765E-1
1.152500E+2	9.995855E-1
1.155000E+2	9.991603E-1
1.157500E+2	9.988257E-1
1.160000E+2	9.992198E-1
1.162500E+2	9.996229E-1
1.165000E+2	9.993344E-1
1.167500E+2	9.989988E-1
1.170000E+2	9.992784E-1
1.172500E+2	9.993308E-1
1.175000E+2	9.982124E-1
1.177500E+2	9.967143E-1
1.180000E+2	9.961374E-1
1.182500E+2	9.958734E-1
1.185000E+2	9.948340E-1
1.187500E+2	9.940443E-1
1.190000E+2	9.952206E-1
1.192500E+2	9.968324E-1
1.195000E+2	9.947598E-1
1.197500E+2	9.894682E-1
1.200000E+2	9.866344E-1
1.202500E+2	9.898739E-1
1.205000E+2	9.955983E-1
1.207500E+2	9.986995E-1
1.210000E+2	9.985922E-1
1.212500E+2	9.980159E-1
1.215000E+2	9.985342E-1
1.217500E+2	9.991072E-1
1.220000E+2	9.988891E-1
1.222500E+2	9.985040E-1
1.225000E+2	9.985690E-1
1.227500E+2	9.988222E-1
1.230000E+2	9.989557E-1
1.232500E+2	9.989131E-1
1.235000E+2	9.986900E-1
1.237500E+2	9.985136E-1
1.240000E+2	9.987411E-1
1.242500E+2	9.991501E-1
1.245000E+2	9.989167E-1
1.247500E+2	9.980443E-1
1.250000E+2	9.976230E-1
1.252500E+2	9.980047E-1
1.255000E+2	9.976752E-1
1.257500E+2	9.952437E-1
1.260000E+2	9.917677E-1
1.262500E+2	9.896847E-1
1.265000E+2	9.906814E-1
1.267500E+2	9.939957E-1
1.270000E+2	9.970721E-1
1.272500E+2	9.981109E-1
1.275000E+2	9.972940E-1
1.277500E+2	9.964520E-1
1.280000E+2	9.969792E-1
1.282500E+2	9.979914E-1
1.285000E+2	9.977958E-1
1.287500E+2	9.966652E-1
1.290000E+2	9.964058E-1
1.292500E+2	9.972823E-1
1.295000E+2	9.976507E-1
1.297500E+2	9.968331E-1
1.300000E+2	9.963781E-1
1.302500E+2	9.972337E-1
1.305000E+2	9.979468E-1
1.307500E+2	9.971183E-1
1.310000E+2	9.959216E-1
1.312500E+2	9.960773E-1
1.315000E+2	9.969852E-1
1.317500E+2	9.969340E-1
1.320000E+2	9.959586E-1
1.322500E+2	9.956586E-1
1.325000E+2	9.963168E-1
1.327500E+2	9.966405E-1
1.330000E+2	9.961871E-1
1.332500E+2	9.958665E-1
1.335000E+2	9.959417E-1
1.337500E+2	9.955195E-1
1.340000E+2	9.945454E-1
1.342500E+2	9.943642E-1
1.345000E+2	9.954996E-1
1.347500E+2	9.964921E-1
1.350000E+2	9.960555E-1
1.352500E+2	9.951050E-1
1.355000E+2	9.951346E-1
1.357500E+2	9.959163E-1
1.360000E+2	9.961917E-1
1.362500E+2	9.959292E-1
1.365000E+2	9.960083E-1
1.367500E+2	9.962596E-1
1.370000E+2	9.955892E-1
1.372500E+2	9.941178E-1
1.375000E+2	9.934324E-1
1.377500E+2	9.941837E-1
1.380000E+2	9.951168E-1
1.382500E+2	9.948564E-1
1.385000E+2	9.939234E-1
1.387500E+2	9.938510E-1
1.390000E+2	9.948662E-1
1.392500E+2	9.956968E-1
1.395000E+2	9.955141E-1
1.397500E+2	9.948856E-1
1.400000E+2	9.947916E-1
1.402500E+2	9.952562E-1
1.405000E+2	9.955472E-1
1.407500E+2	9.957511E-1
1.410000E+2	9.966666E-1
1.412500E+2	9.976752E-1
1.415000E+2	9.959246E-1
1.417500E+2	9.900069E-1
1.420000E+2	9.832303E-1
1.422500E+2	9.818624E-1
1.425000E+2	9.873292E-1
1.427500E+2	9.926916E-1
1.430000E+2	9.927745E-1
1.432500E+2	9.900195E-1
1.435000E+2	9.901687E-1
1.437500E+2	9.929612E-1
1.440000E+2	9.930939E-1
1.442500E+2	9.905128E-1
1.445000E+2	9.906925E-1
1.447500E+2	9.944823E-1
1.450000E+2	9.953356E-1
1.452500E+2	9.909296E-1
1.455000E+2	9.878569E-1
1.457500E+2	9.913496E-1
1.460000E+2	9.954994E-1
1.462500E+2	9.938253E-1
1.465000E+2	9.896878E-1
1.467500E+2	9.908915E-1
1.470000E+2	9.947789E-1
1.472500E+2	9.943430E-1
1.475000E+2	9.909537E-1
1.477500E+2	9.916637E-1
1.480000E+2	9.955146E-1
1.482500E+2	9.950319E-1
1.485000E+2	9.893119E-1
1.487500E+2	9.857756E-1
1.490000E+2	9.879632E-1
1.492500E+2	9.911231E-1
1.495000E+2	9.926259E-1
1.497500E+2	9.941170E-1
1.500000E+2	9.941704E-1
1.502500E+2	9.898786E-1
1.505000E+2	9.847246E-1
1.507500E+2	9.867270E-1
1.510000E+2	9.925088E-1
1.512500E+2	9.952656E-1
1.515000E+2	9.949735E-1
1.517500E+2	9.951987E-1
1.520000E+2	9.959447E-1
1.522500E+2	9.961650E-1
1.525000E+2	9.969526E-1
1.527500E+2	9.981814E-1
1.530000E+2	9.982848E-1
1.532500E+2	9.970888E-1
1.535000E+2	9.961338E-1
1.537500E+2	9.959585E-1
1.540000E+2	9.957649E-1
1.542500E+2	9.952093E-1
1.545000E+2	9.944383E-1
1.547500E+2	9.938785E-1
1.550000E+2	9.940316E-1
1.552500E+2	9.944530E-1
1.555000E+2	9.934509E-1
1.557500E+2	9.910279E-1
1.560000E+2	9.892558E-1
1.562500E+2	9.897789E-1
1.565000E+2	9.913758E-1
1.567500E+2	9.916817E-1
1.570000E+2	9.900844E-1
1.572500E+2	9.870105E-1
1.575000E+2	9.839195E-1
1.577500E+2	9.831124E-1
1.580000E+2	9.857099E-1
1.582500E+2	9.892078E-1
1.585000E+2	9.899459E-1
1.587500E+2	9.886337E-1
1.590000E+2	9.878472E-1
1.592500E+2	9.873060E-1
1.595000E+2	9.852120E-1
1.597500E+2	9.831598E-1
1.600000E+2	9.840031E-1
1.602500E+2	9.864338E-1
1.605000E+2	9.861507E-1
1.607500E+2	9.837082E-1
1.610000E+2	9.830315E-1
1.612500E+2	9.844402E-1
1.615000E+2	9.841269E-1
1.617500E+2	9.817263E-1
1.620000E+2	9.806288E-1
1.622500E+2	9.813616E-1
1.625000E+2	9.813508E-1
1.627500E+2	9.812118E-1
1.630000E+2	9.833833E-1
1.632500E+2	9.848386E-1
1.635000E+2	9.802156E-1
1.637500E+2	9.724862E-1
1.640000E+2	9.692744E-1
1.642500E+2	9.715477E-1
1.645000E+2	9.723332E-1
1.647500E+2	9.697181E-1
1.650000E+2	9.691773E-1
1.652500E+2	9.722830E-1
1.655000E+2	9.729672E-1
1.657500E+2	9.700483E-1
1.660000E+2	9.691266E-1
1.662500E+2	9.709743E-1
1.665000E+2	9.688489E-1
1.667500E+2	9.617615E-1
1.670000E+2	9.575558E-1
1.672500E+2	9.598664E-1
1.675000E+2	9.616367E-1
1.677500E+2	9.589957E-1
1.680000E+2	9.575101E-1
1.682500E+2	9.595474E-1
1.685000E+2	9.588842E-1
1.687500E+2	9.542004E-1
1.690000E+2	9.525963E-1
1.692500E+2	9.544354E-1
1.695000E+2	9.502926E-1
1.697500E+2	9.393658E-1
1.700000E+2	9.325732E-1
1.702500E+2	9.332356E-1
1.705000E+2	9.305846E-1
1.707500E+2	9.214512E-1
1.710000E+2	9.180295E-1
1.712500E+2	9.217529E-1
1.715000E+2	9.153223E-1
1.717500E+2	8.967184E-1
1.720000E+2	8.888836E-1
1.722500E+2	9.015754E-1
1.725000E+2	9.119186E-1
1.727500E+2	9.018225E-1
1.730000E+2	8.913017E-1
1.732500E+2	8.991525E-1
1.735000E+2	9.037084E-1
1.737500E+2	8.712886E-1
1.740000E+2	8.209641E-1
1.742500E+2	8.053952E-1
1.745000E+2	8.219639E-1
1.747500E+2	8.228249E-1
1.750000E+2	7.997721E-1
1.752500E+2	7.938418E-1
1.755000E+2	8.144989E-1
1.757500E+2	8.352095E-1
1.760000E+2	8.271836E-1
1.762500E+2	7.957445E-1
1.765000E+2	7.624860E-1
1.767500E+2	7.387577E-1
1.770000E+2	7.394678E-1
1.772500E+2	7.595179E-1
1.775000E+2	7.670338E-1
1.777500E+2	7.426591E-1
1.780000E+2	7.018326E-1
1.782500E+2	6.887176E-1
1.785000E+2	7.026022E-1
1.787500E+2	7.142298E-1
1.790000E+2	7.074640E-1
1.792500E+2	6.863298E-1
1.795000E+2	6.671288E-1
1.797500E+2	6.603277E-1
1.800000E+2	6.658770E-1
1.802500E+2	6.726969E-1
1.805000E+2	6.801964E-1
1.807500E+2	6.992022E-1
1.810000E+2	7.156761E-1
1.812500E+2	7.041320E-1
1.815000E+2	6.759630E-1
1.817500E+2	6.735930E-1
1.820000E+2	6.961761E-1
1.822500E+2	7.029554E-1
1.825000E+2	6.962998E-1
1.827500E+2	7.204649E-1
1.830000E+2	7.718076E-1
1.832500E+2	7.892949E-1
1.835000E+2	7.644649E-1
1.837500E+2	7.438596E-1
1.840000E+2	7.571814E-1
1.842500E+2	7.777611E-1
1.845000E+2	7.849590E-1
1.847500E+2	7.944038E-1
1.850000E+2	8.154485E-1
1.852500E+2	8.304724E-1
1.855000E+2	8.348365E-1
1.857500E+2	8.412957E-1
1.860000E+2	8.533485E-1
1.862500E+2	8.594995E-1
1.865000E+2	8.599300E-1
1.867500E+2	8.657147E-1
1.870000E+2	8.749082E-1
1.872500E+2	8.771223E-1
1.875000E+2	8.775804E-1
1.877500E+2	8.882868E-1
1.880000E+2	9.016427E-1
1.882500E+2	9.028462E-1
1.885000E+2	8.974502E-1
1.887500E+2	9.030842E-1
1.890000E+2	9.169467E-1
1.892500E+2	9.203839E-1
1.895000E+2	9.133350E-1
1.897500E+2	9.124702E-1
1.900000E+2	9.233774E-1
1.902500E+2	9.312299E-1
1.905000E+2	9.295262E-1
1.907500E+2	9.293142E-1
1.910000E+2	9.375677E-1
1.912500E+2	9.448112E-1
1.915000E+2	9.446386E-1
1.917500E+2	9.436028E-1
1.920000E+2	9.469522E-1
1.922500E+2	9.500225E-1
1.925000E+2	9.490267E-1
1.927500E+2	9.484257E-1
1.930000E+2	9.508364E-1
1.932500E+2	9.519943E-1
1.935000E+2	9.500541E-1
1.937500E+2	9.503493E-1
1.940000E+2	9.558253E-1
1.942500E+2	9.609251E-1
1.945000E+2	9.611311E-1
1.947500E+2	9.598035E-1
1.950000E+2	9.608879E-1
1.952500E+2	9.623922E-1
1.955000E+2	9.614025E-1
1.957500E+2	9.602539E-1
1.960000E+2	9.622039E-1
1.962500E+2	9.657213E-1
1.965000E+2	9.671180E-1
1.967500E+2	9.658217E-1
1.970000E+2	9.641544E-1
1.972500E+2	9.639271E-1
1.975000E+2	9.653896E-1
1.977500E+2	9.677184E-1
1.980000E+2	9.694598E-1
1.982500E+2	9.699417E-1
1.985000E+2	9.703643E-1
1.987500E+2	9.718474E-1
1.990000E+2	9.731015E-1
1.992500E+2	9.727453E-1
1.995000E+2	9.722760E-1
1.997500E+2	9.737181E-1
2.000000E+2	9.756990E-1
2.002500E+2	9.755140E-1
2.005000E+2	9.740845E-1
2.007500E+2	9.743551E-1
2.010000E+2	9.758850E-1
2.012500E+2	9.758325E-1
2.015000E+2	9.744828E-1
2.017500E+2	9.749828E-1
2.020000E+2	9.774166E-1
2.022500E+2	9.783399E-1
2.025000E+2	9.766524E-1
2.027500E+2	9.755045E-1
2.030000E+2	9.768769E-1
2.032500E+2	9.786812E-1
2.035000E+2	9.788558E-1
2.037500E+2	9.783516E-1
2.040000E+2	9.786146E-1
2.042500E+2	9.790785E-1
2.045000E+2	9.790314E-1
2.047500E+2	9.792507E-1
2.050000E+2	9.802098E-1
2.052500E+2	9.809454E-1
2.055000E+2	9.809607E-1
2.057500E+2	9.810979E-1
2.060000E+2	9.816007E-1
2.062500E+2	9.814778E-1
2.065000E+2	9.806896E-1
2.067500E+2	9.807122E-1
2.070000E+2	9.820133E-1
2.072500E+2	9.830105E-1
2.075000E+2	9.826879E-1
2.077500E+2	9.820854E-1
2.080000E+2	9.822545E-1
2.082500E+2	9.827170E-1
2.085000E+2	9.828369E-1
2.087500E+2	9.830000E-1
2.090000E+2	9.834407E-1
2.092500E+2	9.835526E-1
2.095000E+2	9.832063E-1
2.097500E+2	9.832562E-1
2.100000E+2	9.839838E-1
2.102500E+2	9.845488E-1
2.105000E+2	9.845790E-1
2.107500E+2	9.847160E-1
2.110000E+2	9.851366E-1
2.112500E+2	9.851411E-1
2.115000E+2	9.847818E-1
2.117500E+2	9.851173E-1
2.120000E+2	9.862098E-1
2.122500E+2	9.866553E-1
2.125000E+2	9.859072E-1
2.127500E+2	9.853506E-1
2.130000E+2	9.860269E-1
2.132500E+2	9.870044E-1
2.135000E+2	9.871023E-1
2.137500E+2	9.867178E-1
2.140000E+2	9.867728E-1
2.142500E+2	9.870919E-1
2.145000E+2	9.871099E-1
2.147500E+2	9.871078E-1
2.150000E+2	9.875120E-1
2.152500E+2	9.878656E-1
2.155000E+2	9.876356E-1
2.157500E+2	9.872953E-1
2.160000E+2	9.875626E-1
2.162500E+2	9.881816E-1
2.165000E+2	9.884892E-1
2.167500E+2	9.885082E-1
2.170000E+2	9.886093E-1
2.172500E+2	9.886841E-1
2.175000E+2	9.885319E-1
2.177500E+2	9.885257E-1
2.180000E+2	9.890165E-1
2.182500E+2	9.895432E-1
2.185000E+2	9.894732E-1
2.187500E+2	9.890401E-1
2.190000E+2	9.889694E-1
2.192500E+2	9.893713E-1
2.195000E+2	9.897590E-1
2.197500E+2	9.898889E-1
2.200000E+2	9.899053E-1
2.202500E+2	9.898723E-1
2.205000E+2	9.897745E-1
2.207500E+2	9.897991E-1
2.210000E+2	9.900793E-1
2.212500E+2	9.903427E-1
2.215000E+2	9.902929E-1
2.217500E+2	9.901199E-1
2.220000E+2	9.901748E-1
2.222500E+2	9.903745E-1
2.225000E+2	9.904225E-1
2.227500E+2	9.903822E-1
2.230000E+2	9.905202E-1
2.232500E+2	9.907601E-1
2.235000E+2	9.908092E-1
2.237500E+2	9.906982E-1
2.240000E+2	9.907081E-1
2.242500E+2	9.908456E-1
2.245000E+2	9.908695E-1
2.247500E+2	9.907835E-1
2.250000E+2	9.908351E-1
2.252500E+2	9.910249E-1
2.255000E+2	9.910698E-1
2.257500E+2	9.909127E-1
2.260000E+2	9.908498E-1
2.262500E+2	9.910322E-1
2.265000E+2	9.912210E-1
2.267500E+2	9.911962E-1
2.270000E+2	9.910989E-1
2.272500E+2	9.911618E-1
2.275000E+2	9.913302E-1
2.277500E+2	9.913908E-1
2.280000E+2	9.913199E-1
2.282500E+2	9.912776E-1
2.285000E+2	9.913304E-1
2.287500E+2	9.913813E-1
2.290000E+2	9.913614E-1
2.292500E+2	9.913264E-1
2.295000E+2	9.913369E-1
2.297500E+2	9.913615E-1
2.300000E+2	9.913536E-1
2.302500E+2	9.913451E-1
2.305000E+2	9.913955E-1
2.307500E+2	9.914869E-1
2.310000E+2	9.915423E-1
2.312500E+2	9.915441E-1
2.315000E+2	9.915686E-1
2.317500E+2	9.916701E-1
2.320000E+2	9.917821E-1
2.322500E+2	9.917981E-1
2.325000E+2	9.917285E-1
2.327500E+2	9.916949E-1
2.330000E+2	9.917599E-1
2.332500E+2	9.918493E-1
2.335000E+2	9.918827E-1
2.337500E+2	9.918965E-1
2.340000E+2	9.919519E-1
2.342500E+2	9.919982E-1
2.345000E+2	9.919498E-1
2.347500E+2	9.918588E-1
2.350000E+2	9.918628E-1
2.352500E+2	9.919665E-1
2.355000E+2	9.920329E-1
2.357500E+2	9.920166E-1
2.360000E+2	9.920291E-1
2.362500E+2	9.921100E-1
2.365000E+2	9.921273E-1
2.367500E+2	9.920219E-1
2.370000E+2	9.919629E-1
2.372500E+2	9.920902E-1
2.375000E+2	9.922637E-1
2.377500E+2	9.922769E-1
2.380000E+2	9.921766E-1
2.382500E+2	9.921413E-1
2.385000E+2	9.921625E-1
2.387500E+2	9.921188E-1
2.390000E+2	9.920768E-1
2.392500E+2	9.922102E-1
2.395000E+2	9.924523E-1
2.397500E+2	9.925488E-1
2.400000E+2	9.924605E-1
2.402500E+2	9.924109E-1
2.405000E+2	9.925048E-1
2.407500E+2	9.925981E-1
2.410000E+2	9.926010E-1
2.412500E+2	9.926142E-1
2.415000E+2	9.926940E-1
2.417500E+2	9.927599E-1
2.420000E+2	9.928094E-1
2.422500E+2	9.929478E-1
2.425000E+2	9.931314E-1
2.427500E+2	9.931687E-1
2.430000E+2	9.930580E-1
2.432500E+2	9.930341E-1
2.435000E+2	9.931905E-1
2.437500E+2	9.933410E-1
2.440000E+2	9.933631E-1
2.442500E+2	9.933755E-1
2.445000E+2	9.934665E-1
2.447500E+2	9.935463E-1
2.450000E+2	9.935892E-1
2.452500E+2	9.937216E-1
2.455000E+2	9.939379E-1
2.457500E+2	9.940380E-1
2.460000E+2	9.939795E-1
2.462500E+2	9.939832E-1
2.465000E+2	9.941487E-1
2.467500E+2	9.942813E-1
2.470000E+2	9.942730E-1
2.472500E+2	9.943033E-1
2.475000E+2	9.944757E-1
2.477500E+2	9.946015E-1
2.480000E+2	9.945649E-1
2.482500E+2	9.945607E-1
2.485000E+2	9.947280E-1
2.487500E+2	9.948716E-1
2.490000E+2	9.948208E-1
2.492500E+2	9.947575E-1
2.495000E+2	9.948872E-1
2.497500E+2	9.950492E-1
2.500000E+2	9.949795E-1
2.502500E+2	9.947628E-1
2.505000E+2	9.946918E-1
2.507500E+2	9.948342E-1
2.510000E+2	9.950200E-1
2.512500E+2	9.951316E-1
2.515000E+2	9.951693E-1
2.517500E+2	9.951371E-1
2.520000E+2	9.950707E-1
2.522500E+2	9.950729E-1
2.525000E+2	9.951622E-1
2.527500E+2	9.952135E-1
2.530000E+2	9.951775E-1
2.532500E+2	9.951897E-1
2.535000E+2	9.953359E-1
2.537500E+2	9.954947E-1
2.540000E+2	9.955457E-1
2.542500E+2	9.955416E-1
2.545000E+2	9.955447E-1
2.547500E+2	9.955064E-1
2.550000E+2	9.954321E-1
2.552500E+2	9.954408E-1
2.555000E+2	9.955339E-1
2.557500E+2	9.955554E-1
2.560000E+2	9.954920E-1
2.562500E+2	9.955268E-1
2.565000E+2	9.956739E-1
2.567500E+2	9.956946E-1
2.570000E+2	9.955478E-1
2.572500E+2	9.955479E-1
2.575000E+2	9.958418E-1
2.577500E+2	9.960944E-1
2.580000E+2	9.960028E-1
2.582500E+2	9.957915E-1
2.585000E+2	9.958410E-1
2.587500E+2	9.960801E-1
2.590000E+2	9.961577E-1
2.592500E+2	9.960218E-1
2.595000E+2	9.959303E-1
2.597500E+2	9.959861E-1
2.600000E+2	9.960488E-1
2.602500E+2	9.960578E-1
2.605000E+2	9.961158E-1
2.607500E+2	9.962556E-1
2.610000E+2	9.963728E-1
2.612500E+2	9.963896E-1
2.615000E+2	9.963172E-1
2.617500E+2	9.961921E-1
2.620000E+2	9.960919E-1
2.622500E+2	9.961355E-1
2.625000E+2	9.963255E-1
2.627500E+2	9.964950E-1
2.630000E+2	9.965252E-1
2.632500E+2	9.964821E-1
2.635000E+2	9.964477E-1
2.637500E+2	9.963861E-1
2.640000E+2	9.963100E-1
2.642500E+2	9.963687E-1
2.645000E+2	9.965898E-1
2.647500E+2	9.967348E-1
2.650000E+2	9.966255E-1
2.652500E+2	9.964323E-1
2.655000E+2	9.964132E-1
2.657500E+2	9.965321E-1
2.660000E+2	9.965843E-1
2.662500E+2	9.965501E-1
2.665000E+2	9.965701E-1
2.667500E+2	9.966572E-1
2.670000E+2	9.966889E-1
2.672500E+2	9.966321E-1
2.675000E+2	9.965736E-1
2.677500E+2	9.965552E-1
2.680000E+2	9.965529E-1
2.682500E+2	9.965785E-1
2.685000E+2	9.966563E-1
2.687500E+2	9.967446E-1
2.690000E+2	9.968007E-1
2.692500E+2	9.968520E-1
2.695000E+2	9.969111E-1
2.697500E+2	9.969043E-1
2.700000E+2	9.967899E-1
2.702500E+2	9.966561E-1
2.705000E+2	9.966066E-1
2.707500E+2	9.966310E-1
2.710000E+2	9.966817E-1
2.712500E+2	9.967667E-1
2.715000E+2	9.968741E-1
2.717500E+2	9.969242E-1
2.720000E+2	9.968896E-1
2.722500E+2	9.968497E-1
2.725000E+2	9.968537E-1
2.727500E+2	9.968512E-1
2.730000E+2	9.968317E-1
2.732500E+2	9.968828E-1
2.735000E+2	9.970172E-1
2.737500E+2	9.970919E-1
2.740000E+2	9.970189E-1
2.742500E+2	9.969093E-1
2.745000E+2	9.969001E-1
2.747500E+2	9.969647E-1
2.750000E+2	9.970063E-1
2.752500E+2	9.970238E-1
2.755000E+2	9.970686E-1
2.757500E+2	9.971376E-1
2.760000E+2	9.972038E-1
2.762500E+2	9.972640E-1
2.765000E+2	9.972949E-1
2.767500E+2	9.972628E-1
2.770000E+2	9.972230E-1
2.772500E+2	9.972823E-1
2.775000E+2	9.974201E-1
2.777500E+2	9.974953E-1
2.780000E+2	9.974770E-1
2.782500E+2	9.974946E-1
2.785000E+2	9.976036E-1
2.787500E+2	9.976798E-1
2.790000E+2	9.976391E-1
2.792500E+2	9.975849E-1
2.795000E+2	9.976270E-1
2.797500E+2	9.977117E-1
2.800000E+2	9.977521E-1
2.802500E+2	9.977816E-1
2.805000E+2	9.978590E-1
2.807500E+2	9.979457E-1
2.810000E+2	9.979966E-1
2.812500E+2	9.980556E-1
2.815000E+2	9.981502E-1
2.817500E+2	9.982048E-1
2.820000E+2	9.981724E-1
2.822500E+2	9.981471E-1
2.825000E+2	9.982299E-1
2.827500E+2	9.983660E-1
2.830000E+2	9.984371E-1
2.832500E+2	9.984394E-1
2.835000E+2	9.984569E-1
2.837500E+2	9.985132E-1
2.840000E+2	9.985604E-1
2.842500E+2	9.985830E-1
2.845000E+2	9.986151E-1
2.847500E+2	9.986656E-1
2.850000E+2	9.987042E-1
2.852500E+2	9.987189E-1
2.855000E+2	9.987355E-1
2.857500E+2	9.987748E-1
2.860000E+2	9.988263E-1
2.862500E+2	9.988696E-1
2.865000E+2	9.989002E-1
2.867500E+2	9.989300E-1
2.870000E+2	9.989706E-1
2.872500E+2	9.990201E-1
2.875000E+2	9.990660E-1
2.877500E+2	9.990966E-1
2.880000E+2	9.991080E-1
2.882500E+2	9.991073E-1
2.885000E+2	9.991137E-1
2.887500E+2	9.991389E-1
2.890000E+2	9.991497E-1
2.892500E+2	9.990823E-1
2.895000E+2	9.989250E-1
2.897500E+2	9.987607E-1
2.900000E+2	9.986686E-1
2.902500E+2	9.985994E-1
2.905000E+2	9.984103E-1
2.907500E+2	9.980280E-1
2.910000E+2	9.975274E-1
2.912500E+2	9.970106E-1
2.915000E+2	9.964407E-1
2.917500E+2	9.956606E-1
2.920000E+2	9.945606E-1
2.922500E+2	9.931001E-1
2.925000E+2	9.910981E-1
2.927500E+2	9.881873E-1
2.930000E+2	9.841048E-1
2.932500E+2	9.785119E-1
2.935000E+2	9.699891E-1
2.937500E+2	9.559700E-1
2.940000E+2	9.342014E-1
2.942500E+2	8.988730E-1
2.945000E+2	8.266587E-1
2.947500E+2	6.760021E-1
2.950000E+2	4.970699E-1
2.952500E+2	4.288555E-1
2.955000E+2	5.279831E-1
2.957500E+2	6.865731E-1
2.960000E+2	7.886131E-1
2.962500E+2	8.530215E-1
2.965000E+2	8.953791E-1
2.967500E+2	9.152625E-1
2.970000E+2	9.228815E-1
2.972500E+2	9.324668E-1
2.975000E+2	9.470596E-1
2.977500E+2	9.589628E-1
2.980000E+2	9.643379E-1
2.982500E+2	9.681535E-1
2.985000E+2	9.736044E-1
2.987500E+2	9.775699E-1
2.990000E+2	9.770532E-1
2.992500E+2	9.746757E-1
2.995000E+2	9.751130E-1
2.997500E+2	9.784478E-1
3.000000E+2	9.821682E-1
3.002500E+2	9.848822E-1
3.005000E+2	9.859742E-1
3.007500E+2	9.853154E-1
3.010000E+2	9.844117E-1
3.012500E+2	9.853544E-1
3.015000E+2	9.878109E-1
3.017500E+2	9.890633E-1
3.020000E+2	9.878897E-1
3.022500E+2	9.863952E-1
3.025000E+2	9.866888E-1
3.027500E+2	9.879540E-1
3.030000E+2	9.885159E-1
3.032500E+2	9.885949E-1
3.035000E+2	9.891507E-1
3.037500E+2	9.896688E-1
3.040000E+2	9.892424E-1
3.042500E+2	9.885994E-1
3.045000E+2	9.890265E-1
3.047500E+2	9.900651E-1
3.050000E+2	9.903952E-1
3.052500E+2	9.901028E-1
3.055000E+2	9.902727E-1
3.057500E+2	9.908498E-1
3.060000E+2	9.908017E-1
3.062500E+2	9.902492E-1
3.065000E+2	9.904572E-1
3.067500E+2	9.916840E-1
3.070000E+2	9.926559E-1
3.072500E+2	9.924864E-1
3.075000E+2	9.919026E-1
3.077500E+2	9.919376E-1
3.080000E+2	9.925167E-1
3.082500E+2	9.929941E-1
3.085000E+2	9.932601E-1
3.087500E+2	9.936566E-1
3.090000E+2	9.942228E-1
3.092500E+2	9.946431E-1
3.095000E+2	9.946891E-1
3.097500E+2	9.944820E-1
3.100000E+2	9.943727E-1
3.102500E+2	9.945458E-1
3.105000E+2	9.947861E-1
3.107500E+2	9.947661E-1
3.110000E+2	9.945423E-1
3.112500E+2	9.944928E-1
3.115000E+2	9.946774E-1
3.117500E+2	9.947501E-1
3.120000E+2	9.945723E-1
3.122500E+2	9.944593E-1
3.125000E+2	9.946376E-1
3.127500E+2	9.948679E-1
3.130000E+2	9.948637E-1
3.132500E+2	9.946538E-1
3.135000E+2	9.944443E-1
3.137500E+2	9.943952E-1
3.140000E+2	9.945824E-1
3.142500E+2	9.948767E-1
3.145000E+2	9.949135E-1
3.147500E+2	9.946049E-1
3.150000E+2	9.944617E-1
3.152500E+2	9.948695E-1
3.155000E+2	9.952824E-1
3.157500E+2	9.950018E-1
3.160000E+2	9.944272E-1
3.162500E+2	9.944885E-1
3.165000E+2	9.950875E-1
3.167500E+2	9.952080E-1
3.170000E+2	9.946770E-1
3.172500E+2	9.943885E-1
3.175000E+2	9.946431E-1
3.177500E+2	9.946563E-1
3.180000E+2	9.941735E-1
3.182500E+2	9.941162E-1
3.185000E+2	9.949572E-1
3.187500E+2	9.957096E-1
3.190000E+2	9.954564E-1
3.192500E+2	9.947640E-1
3.195000E+2	9.945656E-1
3.197500E+2	9.947815E-1
3.200000E+2	9.948866E-1
3.202500E+2	9.949355E-1
3.205000E+2	9.951023E-1
3.207500E+2	9.950426E-1
3.210000E+2	9.946169E-1
3.212500E+2	9.944720E-1
3.215000E+2	9.949565E-1
3.217500E+2	9.953480E-1
3.220000E+2	9.950514E-1
3.222500E+2	9.946345E-1
3.225000E+2	9.948066E-1
3.227500E+2	9.951482E-1
3.230000E+2	9.950503E-1
3.232500E+2	9.949045E-1
3.235000E+2	9.952919E-1
3.237500E+2	9.957260E-1
3.240000E+2	9.955153E-1
3.242500E+2	9.950845E-1
3.245000E+2	9.952051E-1
3.247500E+2	9.955378E-1
3.250000E+2	9.953064E-1
3.252500E+2	9.948463E-1
3.255000E+2	9.950492E-1
3.257500E+2	9.956410E-1
3.260000E+2	9.956494E-1
3.262500E+2	9.951726E-1
3.265000E+2	9.952062E-1
3.267500E+2	9.957952E-1
3.270000E+2	9.959606E-1
3.272500E+2	9.954424E-1
3.275000E+2	9.951742E-1
3.277500E+2	9.956094E-1
3.280000E+2	9.960038E-1
3.282500E+2	9.957574E-1
3.285000E+2	9.952984E-1
3.287500E+2	9.952479E-1
3.290000E+2	9.955263E-1
3.292500E+2	9.957997E-1
3.295000E+2	9.960276E-1
3.297500E+2	9.962062E-1
3.300000E+2	9.961813E-1
3.302500E+2	9.959942E-1
3.305000E+2	9.959352E-1
3.307500E+2	9.960497E-1
3.310000E+2	9.961068E-1
3.312500E+2	9.960901E-1
3.315000E+2	9.961703E-1
3.317500E+2	9.962578E-1
3.320000E+2	9.961599E-1
3.322500E+2	9.960985E-1
3.325000E+2	9.964153E-1
3.327500E+2	9.968368E-1
3.330000E+2	9.967672E-1
3.332500E+2	9.962336E-1
3.335000E+2	9.958864E-1
3.337500E+2	9.960545E-1
3.340000E+2	9.964345E-1
3.342500E+2	9.967212E-1
3.345000E+2	9.968620E-1
3.347500E+2	9.967668E-1
3.350000E+2	9.964273E-1
3.352500E+2	9.962498E-1
3.355000E+2	9.965881E-1
3.357500E+2	9.970587E-1
3.360000E+2	9.970521E-1
3.362500E+2	9.967188E-1
3.365000E+2	9.967225E-1
3.367500E+2	9.970947E-1
3.370000E+2	9.972637E-1
3.372500E+2	9.970886E-1
3.375000E+2	9.969885E-1
3.377500E+2	9.970541E-1
3.380000E+2	9.969633E-1
3.382500E+2	9.968166E-1
3.385000E+2	9.970776E-1
3.387500E+2	9.975644E-1
3.390000E+2	9.975528E-1
3.392500E+2	9.970190E-1
3.395000E+2	9.967920E-1
3.397500E+2	9.972135E-1
3.400000E+2	9.975648E-1
3.402500E+2	9.973112E-1
3.405000E+2	9.969569E-1
3.407500E+2	9.971294E-1
3.410000E+2	9.975585E-1
3.412500E+2	9.976340E-1
3.415000E+2	9.973902E-1
3.417500E+2	9.972861E-1
3.420000E+2	9.974317E-1
3.422500E+2	9.975808E-1
3.425000E+2	9.976040E-1
3.427500E+2	9.975320E-1
3.430000E+2	9.973509E-1
3.432500E+2	9.971199E-1
3.435000E+2	9.970727E-1
3.437500E+2	9.973038E-1
3.440000E+2	9.975961E-1
3.442500E+2	9.977283E-1
3.445000E+2	9.977437E-1
3.447500E+2	9.977606E-1
3.450000E+2	9.977458E-1
3.452500E+2	9.976419E-1
3.455000E+2	9.975096E-1
3.457500E+2	9.974090E-1
3.460000E+2	9.973475E-1
3.462500E+2	9.974073E-1
3.465000E+2	9.976601E-1
3.467500E+2	9.979319E-1
3.470000E+2	9.979780E-1
3.472500E+2	9.978121E-1
3.475000E+2	9.976477E-1
3.477500E+2	9.975904E-1
3.480000E+2	9.975907E-1
3.482500E+2	9.976515E-1
3.485000E+2	9.977712E-1
3.487500E+2	9.977886E-1
3.490000E+2	9.976165E-1
3.492500E+2	9.974603E-1
3.495000E+2	9.974766E-1
3.497500E+2	9.974634E-1
3.500000E+2	9.972756E-1
3.502500E+2	9.972565E-1
3.505000E+2	9.976932E-1
3.507500E+2	9.981383E-1
3.510000E+2	9.979642E-1
3.512500E+2	9.973875E-1
3.515000E+2	9.972185E-1
3.517500E+2	9.976286E-1
3.520000E+2	9.979471E-1
3.522500E+2	9.977563E-1
3.525000E+2	9.974065E-1
3.527500E+2	9.972868E-1
3.530000E+2	9.973443E-1
3.532500E+2	9.974754E-1
3.535000E+2	9.977121E-1
3.537500E+2	9.978463E-1
3.540000E+2	9.975138E-1
3.542500E+2	9.968826E-1
3.545000E+2	9.966400E-1
3.547500E+2	9.970015E-1
3.550000E+2	9.974213E-1
3.552500E+2	9.974793E-1
3.555000E+2	9.973822E-1
3.557500E+2	9.973773E-1
3.560000E+2	9.973178E-1
3.562500E+2	9.971266E-1
3.565000E+2	9.970805E-1
3.567500E+2	9.972534E-1
3.570000E+2	9.973124E-1
3.572500E+2	9.971832E-1
3.575000E+2	9.972604E-1
3.577500E+2	9.975878E-1
3.580000E+2	9.974859E-1
3.582500E+2	9.966726E-1
3.585000E+2	9.960492E-1
3.587500E+2	9.965021E-1
3.590000E+2	9.977387E-1
3.592500E+2	9.983891E-1
3.595000E+2	9.974633E-1
3.597500E+2	9.959672E-1
3.600000E+2	9.953898E-1
3.602500E+2	9.960888E-1
3.605000E+2	9.973758E-1
3.607500E+2	9.980619E-1
3.610000E+2	9.976789E-1
3.612500E+2	9.970031E-1
3.615000E+2	9.969459E-1
3.617500E+2	9.973415E-1
3.620000E+2	9.973215E-1
3.622500E+2	9.967291E-1
3.625000E+2	9.963146E-1
3.627500E+2	9.965195E-1
3.630000E+2	9.968668E-1
3.632500E+2	9.968333E-1
3.635000E+2	9.966169E-1
3.637500E+2	9.966118E-1
3.640000E+2	9.967281E-1
3.642500E+2	9.967220E-1
3.645000E+2	9.967112E-1
3.647500E+2	9.968560E-1
3.650000E+2	9.969474E-1
3.652500E+2	9.967864E-1
3.655000E+2	9.966116E-1
3.657500E+2	9.967047E-1
3.660000E+2	9.969069E-1
3.662500E+2	9.969657E-1
3.665000E+2	9.969762E-1
3.667500E+2	9.970842E-1
3.670000E+2	9.971063E-1
3.672500E+2	9.968977E-1
3.675000E+2	9.967431E-1
3.677500E+2	9.969305E-1
3.680000E+2	9.972153E-1
3.682500E+2	9.972133E-1
3.685000E+2	9.970579E-1
3.687500E+2	9.971450E-1
3.690000E+2	9.974394E-1
3.692500E+2	9.975709E-1
3.695000E+2	9.974603E-1
3.697500E+2	9.973697E-1
3.700000E+2	9.974107E-1
3.702500E+2	9.974440E-1
3.705000E+2	9.974297E-1
3.707500E+2	9.974845E-1
3.710000E+2	9.975981E-1
3.712500E+2	9.976297E-1
3.715000E+2	9.975816E-1
3.717500E+2	9.975987E-1
3.720000E+2	9.976978E-1
3.722500E+2	9.977268E-1
3.725000E+2	9.976132E-1
3.727500E+2	9.974808E-1
3.730000E+2	9.974832E-1
3.732500E+2	9.976182E-1
3.735000E+2	9.977098E-1
3.737500E+2	9.976174E-1
3.740000E+2	9.974714E-1
3.742500E+2	9.975773E-1
3.745000E+2	9.979516E-1
3.747500E+2	9.981500E-1
3.750000E+2	9.978634E-1
3.752500E+2	9.974527E-1
3.755000E+2	9.975093E-1
3.757500E+2	9.979427E-1
3.760000E+2	9.981433E-1
3.762500E+2	9.979433E-1
3.765000E+2	9.978108E-1
3.767500E+2	9.980095E-1
3.770000E+2	9.981826E-1
3.772500E+2	9.980429E-1
3.775000E+2	9.978590E-1
3.777500E+2	9.979353E-1
3.780000E+2	9.981340E-1
3.782500E+2	9.982325E-1
3.785000E+2	9.983087E-1
3.787500E+2	9.984522E-1
3.790000E+2	9.985041E-1
3.792500E+2	9.983960E-1
3.795000E+2	9.983524E-1
3.797500E+2	9.984653E-1
3.800000E+2	9.985026E-1
3.802500E+2	9.984047E-1
3.805000E+2	9.984518E-1
3.807500E+2	9.986920E-1
3.810000E+2	9.987468E-1
3.812500E+2	9.984872E-1
3.815000E+2	9.983465E-1
3.817500E+2	9.985855E-1
3.820000E+2	9.988155E-1
3.822500E+2	9.986759E-1
3.825000E+2	9.984600E-1
3.827500E+2	9.985726E-1
3.830000E+2	9.988141E-1
3.832500E+2	9.987937E-1
3.835000E+2	9.986248E-1
3.837500E+2	9.986748E-1
3.840000E+2	9.988811E-1
3.842500E+2	9.989319E-1
3.845000E+2	9.988323E-1
3.847500E+2	9.987984E-1
3.850000E+2	9.987754E-1
3.852500E+2	9.986067E-1
3.855000E+2	9.984757E-1
3.857500E+2	9.986493E-1
3.860000E+2	9.989338E-1
3.862500E+2	9.989415E-1
3.865000E+2	9.987106E-1
3.867500E+2	9.986258E-1
3.870000E+2	9.987769E-1
3.872500E+2	9.989109E-1
3.875000E+2	9.989213E-1
3.877500E+2	9.989517E-1
3.880000E+2	9.990421E-1
3.882500E+2	9.990623E-1
3.885000E+2	9.989905E-1
3.887500E+2	9.989410E-1
3.890000E+2	9.989234E-1
3.892500E+2	9.988579E-1
3.895000E+2	9.987816E-1
3.897500E+2	9.987814E-1
3.900000E+2	9.988004E-1
3.902500E+2	9.987530E-1
3.905000E+2	9.987170E-1
3.907500E+2	9.987805E-1
3.910000E+2	9.988533E-1
3.912500E+2	9.988594E-1
3.915000E+2	9.989184E-1
3.917500E+2	9.990893E-1
3.920000E+2	9.991575E-1
3.922500E+2	9.989788E-1
3.925000E+2	9.987871E-1
3.927500E+2	9.988542E-1
3.930000E+2	9.990438E-1
3.932500E+2	9.990752E-1
3.935000E+2	9.989995E-1
3.937500E+2	9.990278E-1
3.940000E+2	9.990897E-1
3.942500E+2	9.989928E-1
3.945000E+2	9.988475E-1
3.947500E+2	9.988982E-1
3.950000E+2	9.990581E-1
3.952500E+2	9.990528E-1
3.955000E+2	9.989205E-1
3.957500E+2	9.989189E-1
3.960000E+2	9.990348E-1
3.962500E+2	9.990309E-1
3.965000E+2	9.989206E-1
3.967500E+2	9.989362E-1
3.970000E+2	9.990670E-1
3.972500E+2	9.990715E-1
3.975000E+2	9.989456E-1
3.977500E+2	9.989385E-1
3.980000E+2	9.990758E-1
3.982500E+2	9.991051E-1
3.985000E+2	9.989819E-1
3.987500E+2	9.989523E-1
3.990000E+2	9.990710E-1
3.992500E+2	9.990877E-1
3.995000E+2	9.989270E-1
3.997500E+2	9.988633E-1
4.000000E+2	9.990307E-1
4.002500E+2	9.991609E-1
4.005000E+2	9.990260E-1
4.007500E+2	9.988235E-1
4.010000E+2	9.988326E-1
4.012500E+2	9.989741E-1
4.015000E+2	9.989745E-1
4.017500E+2	9.988052E-1
4.020000E+2	9.986809E-1
4.022500E+2	9.987248E-1
4.025000E+2	9.988521E-1
4.027500E+2	9.989303E-1
4.030000E+2	9.989210E-1
4.032500E+2	9.988654E-1
4.035000E+2	9.988338E-1
4.037500E+2	9.988679E-1
4.040000E+2	9.989290E-1
4.042500E+2	9.989465E-1
4.045000E+2	9.989096E-1
4.047500E+2	9.988573E-1
4.050000E+2	9.987948E-1
4.052500E+2	9.987200E-1
4.055000E+2	9.987061E-1
4.057500E+2	9.988197E-1
4.060000E+2	9.989705E-1
4.062500E+2	9.989871E-1
4.065000E+2	9.988482E-1
4.067500E+2	9.987235E-1
4.070000E+2	9.987460E-1
4.072500E+2	9.988617E-1
4.075000E+2	9.989297E-1
4.077500E+2	9.988694E-1
4.080000E+2	9.987096E-1
4.082500E+2	9.985779E-1
4.085000E+2	9.986166E-1
4.087500E+2	9.988014E-1
4.090000E+2	9.989028E-1
4.092500E+2	9.987713E-1
4.095000E+2	9.985814E-1
4.097500E+2	9.985868E-1
4.100000E+2	9.987181E-1
4.102500E+2	9.986734E-1
4.105000E+2	9.984060E-1
4.107500E+2	9.982510E-1
4.110000E+2	9.984553E-1
4.112500E+2	9.988247E-1
4.115000E+2	9.989262E-1
4.117500E+2	9.986430E-1
4.120000E+2	9.983027E-1
4.122500E+2	9.982383E-1
4.125000E+2	9.984638E-1
4.127500E+2	9.987089E-1
4.130000E+2	9.987423E-1
4.132500E+2	9.986197E-1
4.135000E+2	9.985572E-1
4.137500E+2	9.986197E-1
4.140000E+2	9.986538E-1
4.142500E+2	9.985493E-1
4.145000E+2	9.984200E-1
4.147500E+2	9.984134E-1
4.150000E+2	9.984728E-1
4.152500E+2	9.984633E-1
4.155000E+2	9.984115E-1
4.157500E+2	9.984465E-1
4.160000E+2	9.985483E-1
4.162500E+2	9.985671E-1
4.165000E+2	9.984774E-1
4.167500E+2	9.984267E-1
4.170000E+2	9.984946E-1
4.172500E+2	9.985715E-1
4.175000E+2	9.985325E-1
4.177500E+2	9.984166E-1
4.180000E+2	9.983514E-1
4.182500E+2	9.983871E-1
4.185000E+2	9.984679E-1
4.187500E+2	9.985069E-1
4.190000E+2	9.984789E-1
4.192500E+2	9.984477E-1
4.195000E+2	9.984826E-1
4.197500E+2	9.985472E-1
4.200000E+2	9.985313E-1
4.202500E+2	9.984208E-1
4.205000E+2	9.983481E-1
4.207500E+2	9.984051E-1
4.210000E+2	9.985191E-1
4.212500E+2	9.985873E-1
4.215000E+2	9.986143E-1
4.217500E+2	9.986345E-1
4.220000E+2	9.986146E-1
4.222500E+2	9.985489E-1
4.225000E+2	9.985297E-1
4.227500E+2	9.985838E-1
4.230000E+2	9.985786E-1
4.232500E+2	9.984493E-1
4.235000E+2	9.983729E-1
4.237500E+2	9.985080E-1
4.240000E+2	9.987004E-1
4.242500E+2	9.987055E-1
4.245000E+2	9.985600E-1
4.247500E+2	9.985039E-1
4.250000E+2	9.985769E-1
4.252500E+2	9.986170E-1
4.255000E+2	9.985940E-1
4.257500E+2	9.986344E-1
4.260000E+2	9.987244E-1
4.262500E+2	9.987074E-1
4.265000E+2	9.986072E-1
4.267500E+2	9.986388E-1
4.270000E+2	9.988163E-1
4.272500E+2	9.988816E-1
4.275000E+2	9.987259E-1
4.277500E+2	9.985960E-1
4.280000E+2	9.986897E-1
4.282500E+2	9.988343E-1
4.285000E+2	9.987848E-1
4.287500E+2	9.986173E-1
4.290000E+2	9.985835E-1
4.292500E+2	9.987181E-1
4.295000E+2	9.988445E-1
4.297500E+2	9.988718E-1
4.300000E+2	9.988696E-1
4.302500E+2	9.988879E-1
4.305000E+2	9.988981E-1
4.307500E+2	9.988946E-1
4.310000E+2	9.989064E-1
4.312500E+2	9.989188E-1
4.315000E+2	9.988961E-1
4.317500E+2	9.988600E-1
4.320000E+2	9.988524E-1
4.322500E+2	9.988629E-1
4.325000E+2	9.988736E-1
4.327500E+2	9.989120E-1
4.330000E+2	9.989729E-1
4.332500E+2	9.989646E-1
4.335000E+2	9.988468E-1
4.337500E+2	9.987550E-1
4.340000E+2	9.988350E-1
4.342500E+2	9.990118E-1
4.345000E+2	9.990716E-1
4.347500E+2	9.989662E-1
4.350000E+2	9.988878E-1
4.352500E+2	9.989742E-1
4.355000E+2	9.991150E-1
4.357500E+2	9.991327E-1
4.360000E+2	9.990419E-1
4.362500E+2	9.990038E-1
4.365000E+2	9.990730E-1
4.367500E+2	9.991270E-1
4.370000E+2	9.990810E-1
4.372500E+2	9.990263E-1
4.375000E+2	9.990842E-1
4.377500E+2	9.992076E-1
4.380000E+2	9.992455E-1
4.382500E+2	9.991730E-1
4.385000E+2	9.991162E-1
4.387500E+2	9.991385E-1
4.390000E+2	9.991592E-1
4.392500E+2	9.991364E-1
4.395000E+2	9.991713E-1
4.397500E+2	9.993208E-1
4.400000E+2	9.994416E-1
4.402500E+2	9.993920E-1
4.405000E+2	9.992650E-1
4.407500E+2	9.992504E-1
4.410000E+2	9.993344E-1
4.412500E+2	9.993413E-1
4.415000E+2	9.992292E-1
4.417500E+2	9.991407E-1
4.420000E+2	9.991462E-1
4.422500E+2	9.991604E-1
4.425000E+2	9.991316E-1
4.427500E+2	9.991145E-1
4.430000E+2	9.991185E-1
4.432500E+2	9.990768E-1
4.435000E+2	9.990178E-1
4.437500E+2	9.990749E-1
4.440000E+2	9.992394E-1
4.442500E+2	9.993102E-1
4.445000E+2	9.991838E-1
4.447500E+2	9.990248E-1
4.450000E+2	9.990227E-1
4.452500E+2	9.991333E-1
4.455000E+2	9.991947E-1
4.457500E+2	9.991795E-1
4.460000E+2	9.991730E-1
4.462500E+2	9.991865E-1
4.465000E+2	9.991574E-1
4.467500E+2	9.990937E-1
4.470000E+2	9.990776E-1
4.472500E+2	9.991333E-1
4.475000E+2	9.991930E-1
4.477500E+2	9.991894E-1
4.480000E+2	9.991320E-1
4.482500E+2	9.990836E-1
4.485000E+2	9.990925E-1
4.487500E+2	9.991386E-1
4.490000E+2	9.991588E-1
4.492500E+2	9.991433E-1
4.495000E+2	9.991621E-1
4.497500E+2	9.992404E-1
4.500000E+2	9.992737E-1
4.502500E+2	9.991799E-1
4.505000E+2	9.990681E-1
4.507500E+2	9.991017E-1
4.510000E+2	9.992278E-1
4.512500E+2	9.992484E-1
4.515000E+2	9.991398E-1
4.517500E+2	9.990981E-1
4.520000E+2	9.992052E-1
4.522500E+2	9.992982E-1
4.525000E+2	9.992482E-1
4.527500E+2	9.991674E-1
4.530000E+2	9.991992E-1
4.532500E+2	9.992824E-1
4.535000E+2	9.992824E-1
4.537500E+2	9.992143E-1
4.540000E+2	9.991873E-1
4.542500E+2	9.992178E-1
4.545000E+2	9.992496E-1
4.547500E+2	9.992780E-1
4.550000E+2	9.993290E-1
4.552500E+2	9.993719E-1
4.555000E+2	9.993597E-1
4.557500E+2	9.993148E-1
4.560000E+2	9.992892E-1
4.562500E+2	9.992868E-1
4.565000E+2	9.992948E-1
4.567500E+2	9.993279E-1
4.570000E+2	9.993841E-1
4.572500E+2	9.994146E-1
4.575000E+2	9.993845E-1
4.577500E+2	9.993220E-1
4.580000E+2	9.992730E-1
4.582500E+2	9.992578E-1
4.585000E+2	9.992911E-1
4.587500E+2	9.993620E-1
4.590000E+2	9.993998E-1
4.592500E+2	9.993528E-1
4.595000E+2	9.992861E-1
4.597500E+2	9.993091E-1
4.600000E+2	9.994025E-1
4.602500E+2	9.994505E-1
4.605000E+2	9.994234E-1
4.607500E+2	9.993915E-1
4.610000E+2	9.993690E-1
4.612500E+2	9.992999E-1
4.615000E+2	9.992123E-1
4.617500E+2	9.992126E-1
4.620000E+2	9.992965E-1
4.622500E+2	9.993400E-1
4.625000E+2	9.993063E-1
4.627500E+2	9.992951E-1
4.630000E+2	9.993430E-1
4.632500E+2	9.993562E-1
4.635000E+2	9.992936E-1
4.637500E+2	9.992504E-1
4.640000E+2	9.992806E-1
4.642500E+2	9.993031E-1
4.645000E+2	9.992628E-1
4.647500E+2	9.992333E-1
4.650000E+2	9.992746E-1
4.652500E+2	9.993263E-1
4.655000E+2	9.993253E-1
4.657500E+2	9.993108E-1
4.660000E+2	9.993325E-1
4.662500E+2	9.993577E-1
4.665000E+2	9.993391E-1
4.667500E+2	9.992891E-1
4.670000E+2	9.992371E-1
4.672500E+2	9.991947E-1
4.675000E+2	9.991922E-1
4.677500E+2	9.992515E-1
4.680000E+2	9.993148E-1
4.682500E+2	9.993071E-1
4.685000E+2	9.992557E-1
4.687500E+2	9.992436E-1
4.690000E+2	9.992590E-1
4.692500E+2	9.992297E-1
4.695000E+2	9.991814E-1
4.697500E+2	9.992015E-1
4.700000E+2	9.992634E-1
4.702500E+2	9.992629E-1
4.705000E+2	9.992125E-1
4.707500E+2	9.992163E-1
4.710000E+2	9.992582E-1
4.712500E+2	9.992212E-1
4.715000E+2	9.991261E-1
4.717500E+2	9.991268E-1
4.720000E+2	9.992319E-1
4.722500E+2	9.992666E-1
4.725000E+2	9.991675E-1
4.727500E+2	9.990977E-1
4.730000E+2	9.991660E-1
4.732500E+2	9.992574E-1
4.735000E+2	9.992469E-1
4.737500E+2	9.991970E-1
4.740000E+2	9.992075E-1
4.742500E+2	9.992355E-1
4.745000E+2	9.992076E-1
4.747500E+2	9.991730E-1
4.750000E+2	9.992055E-1
4.752500E+2	9.992636E-1
4.755000E+2	9.992706E-1
4.757500E+2	9.992402E-1
4.760000E+2	9.992225E-1
4.762500E+2	9.992135E-1
4.765000E+2	9.992047E-1
4.767500E+2	9.992285E-1
4.770000E+2	9.992761E-1
4.772500E+2	9.992716E-1
4.775000E+2	9.991975E-1
4.777500E+2	9.991483E-1
4.780000E+2	9.991788E-1
4.782500E+2	9.992115E-1
4.785000E+2	9.991759E-1
4.787500E+2	9.991318E-1
4.790000E+2	9.991590E-1
4.792500E+2	9.992187E-1
4.795000E+2	9.992231E-1
4.797500E+2	9.991719E-1
4.800000E+2	9.991292E-1
4.802500E+2	9.991197E-1
4.805000E+2	9.991292E-1
4.807500E+2	9.991527E-1
4.810000E+2	9.991820E-1
4.812500E+2	9.991886E-1
4.815000E+2	9.991668E-1
4.817500E+2	9.991490E-1
4.820000E+2	9.991468E-1
4.822500E+2	9.991343E-1
4.825000E+2	9.991101E-1
4.827500E+2	9.991070E-1
4.830000E+2	9.991237E-1
4.832500E+2	9.991229E-1
4.835000E+2	9.991087E-1
4.837500E+2	9.991249E-1
4.840000E+2	9.991620E-1
4.842500E+2	9.991605E-1
4.845000E+2	9.991189E-1
4.847500E+2	9.991034E-1
4.850000E+2	9.991286E-1
4.852500E+2	9.991336E-1
4.855000E+2	9.990949E-1
4.857500E+2	9.990607E-1
4.860000E+2	9.990491E-1
4.862500E+2	9.990242E-1
4.865000E+2	9.989951E-1
4.867500E+2	9.990228E-1
4.870000E+2	9.990955E-1
4.872500E+2	9.991217E-1
4.875000E+2	9.990745E-1
4.877500E+2	9.990354E-1
4.880000E+2	9.990550E-1
4.882500E+2	9.990826E-1
4.885000E+2	9.990735E-1
4.887500E+2	9.990512E-1
4.890000E+2	9.990305E-1
4.892500E+2	9.989934E-1
4.895000E+2	9.989681E-1
4.897500E+2	9.990066E-1
4.900000E+2	9.990595E-1
4.902500E+2	9.990212E-1
4.905000E+2	9.989204E-1
4.907500E+2	9.989112E-1
4.910000E+2	9.990179E-1
4.912500E+2	9.990751E-1
4.915000E+2	9.989927E-1
4.917500E+2	9.989019E-1
4.920000E+2	9.989329E-1
4.922500E+2	9.990121E-1
4.925000E+2	9.990121E-1
4.927500E+2	9.989579E-1
4.930000E+2	9.989479E-1
4.932500E+2	9.989793E-1
4.935000E+2	9.989900E-1
4.937500E+2	9.989813E-1
4.940000E+2	9.989767E-1
4.942500E+2	9.989451E-1
4.945000E+2	9.988776E-1
4.947500E+2	9.988521E-1
4.950000E+2	9.989080E-1
4.952500E+2	9.989540E-1
4.955000E+2	9.989035E-1
4.957500E+2	9.988223E-1
4.960000E+2	9.988196E-1
4.962500E+2	9.988753E-1
4.965000E+2	9.989006E-1
4.967500E+2	9.988901E-1
4.970000E+2	9.988993E-1
4.972500E+2	9.989233E-1
4.975000E+2	9.989160E-1
4.977500E+2	9.988849E-1
4.980000E+2	9.988686E-1
4.982500E+2	9.988620E-1
4.985000E+2	9.988502E-1
4.987500E+2	9.988590E-1
4.990000E+2	9.988946E-1
4.992500E+2	9.989003E-1
4.995000E+2	9.988491E-1
4.997500E+2	9.988141E-1
5.000000E+2	9.988559E-1
5.002500E+2	9.989134E-1
5.005000E+2	9.988995E-1
5.007500E+2	9.988360E-1
5.010000E+2	9.988025E-1
5.012500E+2	9.988056E-1
5.015000E+2	9.988028E-1
5.017500E+2	9.987970E-1
5.020000E+2	9.988117E-1
5.022500E+2	9.988178E-1
5.025000E+2	9.987780E-1
5.027500E+2	9.987289E-1
5.030000E+2	9.987300E-1
5.032500E+2	9.987661E-1
5.035000E+2	9.987778E-1
5.037500E+2	9.987530E-1
5.040000E+2	9.987258E-1
5.042500E+2	9.987095E-1
5.045000E+2	9.986988E-1
5.047500E+2	9.987057E-1
5.050000E+2	9.987369E-1
5.052500E+2	9.987632E-1
5.055000E+2	9.987538E-1
5.057500E+2	9.987177E-1
5.060000E+2	9.986827E-1
5.062500E+2	9.986613E-1
5.065000E+2	9.986603E-1
5.067500E+2	9.986810E-1
5.070000E+2	9.986941E-1
5.072500E+2	9.986656E-1
5.075000E+2	9.986164E-1
5.077500E+2	9.986022E-1
5.080000E+2	9.986244E-1
5.082500E+2	9.986286E-1
5.085000E+2	9.985979E-1
5.087500E+2	9.985760E-1
5.090000E+2	9.985876E-1
5.092500E+2	9.986046E-1
5.095000E+2	9.986045E-1
5.097500E+2	9.985949E-1
5.100000E+2	9.985774E-1
5.102500E+2	9.985507E-1
5.105000E+2	9.985410E-1
5.107500E+2	9.985636E-1
5.110000E+2	9.985744E-1
5.112500E+2	9.985375E-1
5.115000E+2	9.985060E-1
5.117500E+2	9.985422E-1
5.120000E+2	9.985921E-1
5.122500E+2	9.985589E-1
5.125000E+2	9.984660E-1
5.127500E+2	9.984255E-1
5.130000E+2	9.984572E-1
5.132500E+2	9.984783E-1
5.135000E+2	9.984594E-1
5.137500E+2	9.984512E-1
5.140000E+2	9.984562E-1
5.142500E+2	9.984183E-1
5.145000E+2	9.983500E-1
5.147500E+2	9.983322E-1
5.150000E+2	9.983680E-1
5.152500E+2	9.983724E-1
5.155000E+2	9.983223E-1
5.157500E+2	9.982884E-1
5.160000E+2	9.982968E-1
5.162500E+2	9.982904E-1
5.165000E+2	9.982510E-1
5.167500E+2	9.982328E-1
5.170000E+2	9.982479E-1
5.172500E+2	9.982388E-1
5.175000E+2	9.981888E-1
5.177500E+2	9.981488E-1
5.180000E+2	9.981308E-1
5.182500E+2	9.980896E-1
5.185000E+2	9.980281E-1
5.187500E+2	9.980054E-1
5.190000E+2	9.980192E-1
5.192500E+2	9.979996E-1
5.195000E+2	9.979355E-1
5.197500E+2	9.978917E-1
5.200000E+2	9.978818E-1
5.202500E+2	9.978441E-1
5.205000E+2	9.977650E-1
5.207500E+2	9.977049E-1
5.210000E+2	9.976753E-1
5.212500E+2	9.976123E-1
5.215000E+2	9.975033E-1
5.217500E+2	9.974191E-1
5.220000E+2	9.973795E-1
5.222500E+2	9.973081E-1
5.225000E+2	9.971675E-1
5.227500E+2	9.970276E-1
5.230000E+2	9.969405E-1
5.232500E+2	9.968541E-1
5.235000E+2	9.967086E-1
5.237500E+2	9.965277E-1
5.240000E+2	9.963472E-1
5.242500E+2	9.961371E-1
5.245000E+2	9.958630E-1
5.247500E+2	9.955547E-1
5.250000E+2	9.952440E-1
5.252500E+2	9.948904E-1
5.255000E+2	9.944315E-1
5.257500E+2	9.938542E-1
5.260000E+2	9.931607E-1
5.262500E+2	9.923092E-1
5.265000E+2	9.912483E-1
5.267500E+2	9.899737E-1
5.270000E+2	9.885155E-1
5.272500E+2	9.869586E-1
5.275000E+2	9.856355E-1
5.277500E+2	9.853452E-1
5.280000E+2	9.868652E-1
5.282500E+2	9.897158E-1
5.285000E+2	9.926126E-1
5.287500E+2	9.949166E-1
5.290000E+2	9.965569E-1
5.292500E+2	9.976187E-1
5.295000E+2	9.982702E-1
5.297500E+2	9.986845E-1
5.300000E+2	9.989592E-1
5.302500E+2	9.991280E-1
5.305000E+2	9.992149E-1
5.307500E+2	9.992526E-1
5.310000E+2	9.992675E-1
5.312500E+2	9.992706E-1
5.315000E+2	9.992654E-1
5.317500E+2	9.992516E-1
5.320000E+2	9.992257E-1
5.322500E+2	9.991869E-1
5.325000E+2	9.991431E-1
5.327500E+2	9.991051E-1
5.330000E+2	9.990759E-1
5.332500E+2	9.990486E-1
5.335000E+2	9.990146E-1
5.337500E+2	9.989677E-1
5.340000E+2	9.989026E-1
5.342500E+2	9.988128E-1
5.345000E+2	9.986867E-1
5.347500E+2	9.985019E-1
5.350000E+2	9.982162E-1
5.352500E+2	9.977578E-1
5.355000E+2	9.970293E-1
5.357500E+2	9.959338E-1
5.360000E+2	9.944177E-1
5.362500E+2	9.925743E-1
5.365000E+2	9.908592E-1
5.367500E+2	9.900232E-1
5.370000E+2	9.902687E-1
5.372500E+2	9.909861E-1
5.375000E+2	9.917357E-1
5.377500E+2	9.925293E-1
5.380000E+2	9.933114E-1
5.382500E+2	9.938725E-1
5.385000E+2	9.941913E-1
5.387500E+2	9.944733E-1
5.390000E+2	9.948185E-1
5.392500E+2	9.951084E-1
5.395000E+2	9.952711E-1
5.397500E+2	9.954137E-1
5.400000E+2	9.956051E-1
5.402500E+2	9.957409E-1
5.405000E+2	9.957520E-1
5.407500E+2	9.957659E-1
5.410000E+2	9.959050E-1
5.412500E+2	9.960780E-1
5.415000E+2	9.961401E-1
5.417500E+2	9.961256E-1
5.420000E+2	9.961584E-1
5.422500E+2	9.962322E-1
5.425000E+2	9.962647E-1
5.427500E+2	9.962786E-1
5.430000E+2	9.963480E-1
5.432500E+2	9.964327E-1
5.435000E+2	9.964408E-1
5.437500E+2	9.964046E-1
5.440000E+2	9.964304E-1
5.442500E+2	9.965113E-1
5.445000E+2	9.965528E-1
5.447500E+2	9.965439E-1
5.450000E+2	9.965584E-1
5.452500E+2	9.966115E-1
5.455000E+2	9.966542E-1
5.457500E+2	9.966784E-1
5.460000E+2	9.967086E-1
5.462500E+2	9.967243E-1
5.465000E+2	9.967037E-1
5.467500E+2	9.966952E-1
5.470000E+2	9.967394E-1
5.472500E+2	9.967826E-1
5.475000E+2	9.967716E-1
5.477500E+2	9.967551E-1
5.480000E+2	9.967854E-1
5.482500E+2	9.968132E-1
5.485000E+2	9.967940E-1
5.487500E+2	9.967920E-1
5.490000E+2	9.968564E-1
5.492500E+2	9.969090E-1
5.495000E+2	9.968842E-1
5.497500E+2	9.968586E-1
5.500000E+2	9.969055E-1
5.502500E+2	9.969539E-1
5.505000E+2	9.969395E-1
5.507500E+2	9.969482E-1
5.510000E+2	9.970443E-1
5.512500E+2	9.971098E-1
5.515000E+2	9.970397E-1
5.517500E+2	9.969524E-1
5.520000E+2	9.970005E-1
5.522500E+2	9.971119E-1
5.525000E+2	9.971357E-1
5.527500E+2	9.971066E-1
5.530000E+2	9.971412E-1
5.532500E+2	9.971923E-1
5.535000E+2	9.971500E-1
5.537500E+2	9.970806E-1
5.540000E+2	9.971229E-1
5.542500E+2	9.972298E-1
5.545000E+2	9.972506E-1
5.547500E+2	9.971918E-1
5.550000E+2	9.971775E-1
5.552500E+2	9.972128E-1
5.555000E+2	9.972107E-1
5.557500E+2	9.971849E-1
5.560000E+2	9.972118E-1
5.562500E+2	9.972598E-1
5.565000E+2	9.972499E-1
5.567500E+2	9.972224E-1
5.570000E+2	9.972599E-1
5.572500E+2	9.973163E-1
5.575000E+2	9.973043E-1
5.577500E+2	9.972767E-1
5.580000E+2	9.973368E-1
5.582500E+2	9.974355E-1
5.585000E+2	9.974440E-1
5.587500E+2	9.973667E-1
5.590000E+2	9.973162E-1
5.592500E+2	9.973228E-1
5.595000E+2	9.973372E-1
5.597500E+2	9.973609E-1
5.600000E+2	9.974210E-1
5.602500E+2	9.974642E-1
5.605000E+2	9.974176E-1
5.607500E+2	9.973220E-1
5.610000E+2	9.972937E-1
5.612500E+2	9.973763E-1
5.615000E+2	9.975191E-1
5.617500E+2	9.976345E-1
5.620000E+2	9.976315E-1
5.622500E+2	9.974787E-1
5.625000E+2	9.972902E-1
5.627500E+2	9.972579E-1
5.630000E+2	9.974209E-1
5.632500E+2	9.976204E-1
5.635000E+2	9.977128E-1
5.637500E+2	9.976945E-1
5.640000E+2	9.976033E-1
5.642500E+2	9.974503E-1
5.645000E+2	9.973185E-1
5.647500E+2	9.973483E-1
5.650000E+2	9.975208E-1
5.652500E+2	9.976329E-1
5.655000E+2	9.975684E-1
5.657500E+2	9.974464E-1
5.660000E+2	9.974237E-1
5.662500E+2	9.974901E-1
5.665000E+2	9.975603E-1
5.667500E+2	9.976168E-1
5.670000E+2	9.976637E-1
5.672500E+2	9.976599E-1
5.675000E+2	9.975939E-1
5.677500E+2	9.975417E-1
5.680000E+2	9.975720E-1
5.682500E+2	9.976636E-1
5.685000E+2	9.977552E-1
5.687500E+2	9.977959E-1
5.690000E+2	9.977499E-1
5.692500E+2	9.976302E-1
5.695000E+2	9.975241E-1
5.697500E+2	9.975136E-1
5.700000E+2	9.975853E-1
5.702500E+2	9.976820E-1
5.705000E+2	9.977260E-1
5.707500E+2	9.975436E-1
5.710000E+2	9.970705E-1
5.712500E+2	9.965813E-1
5.715000E+2	9.963914E-1
5.717500E+2	9.965224E-1
5.720000E+2	9.966967E-1
5.722500E+2	9.966426E-1
5.725000E+2	9.964520E-1
5.727500E+2	9.964375E-1
5.730000E+2	9.966191E-1
5.732500E+2	9.966975E-1
5.735000E+2	9.965422E-1
5.737500E+2	9.963729E-1
5.740000E+2	9.963863E-1
5.742500E+2	9.965010E-1
5.745000E+2	9.965597E-1
5.747500E+2	9.965386E-1
5.750000E+2	9.964716E-1
5.752500E+2	9.963684E-1
5.755000E+2	9.962706E-1
5.757500E+2	9.962250E-1
5.760000E+2	9.961942E-1
5.762500E+2	9.961442E-1
5.765000E+2	9.961566E-1
5.767500E+2	9.962668E-1
5.770000E+2	9.963006E-1
5.772500E+2	9.961149E-1
5.775000E+2	9.958930E-1
5.777500E+2	9.959033E-1
5.780000E+2	9.960496E-1
5.782500E+2	9.960312E-1
5.785000E+2	9.958496E-1
5.787500E+2	9.957781E-1
5.790000E+2	9.958547E-1
5.792500E+2	9.958441E-1
5.795000E+2	9.956941E-1
5.797500E+2	9.956156E-1
5.800000E+2	9.956494E-1
5.802500E+2	9.956028E-1
5.805000E+2	9.954721E-1
5.807500E+2	9.954869E-1
5.810000E+2	9.956198E-1
5.812500E+2	9.955331E-1
5.815000E+2	9.951622E-1
5.817500E+2	9.949229E-1
5.820000E+2	9.950850E-1
5.822500E+2	9.953609E-1
5.825000E+2	9.953833E-1
5.827500E+2	9.951958E-1
5.830000E+2	9.950263E-1
5.832500E+2	9.948959E-1
5.835000E+2	9.947721E-1
5.837500E+2	9.947942E-1
5.840000E+2	9.950198E-1
5.842500E+2	9.952037E-1
5.845000E+2	9.951249E-1
5.847500E+2	9.949258E-1
5.850000E+2	9.948559E-1
5.852500E+2	9.948830E-1
5.855000E+2	9.948449E-1
5.857500E+2	9.947800E-1
5.860000E+2	9.948212E-1
5.862500E+2	9.949114E-1
5.865000E+2	9.949009E-1
5.867500E+2	9.947977E-1
5.870000E+2	9.947003E-1
5.872500E+2	9.946058E-1
5.875000E+2	9.944962E-1
5.877500E+2	9.944705E-1
5.880000E+2	9.945873E-1
5.882500E+2	9.947148E-1
5.885000E+2	9.947175E-1
5.887500E+2	9.946550E-1
5.890000E+2	9.946264E-1
5.892500E+2	9.945812E-1
5.895000E+2	9.944681E-1
5.897500E+2	9.943975E-1
5.900000E+2	9.944541E-1
5.902500E+2	9.945123E-1
5.905000E+2	9.944350E-1
5.907500E+2	9.943154E-1
5.910000E+2	9.943162E-1
5.912500E+2	9.944117E-1
5.915000E+2	9.944659E-1
5.917500E+2	9.944310E-1
5.920000E+2	9.943243E-1
5.922500E+2	9.941499E-1
5.925000E+2	9.939939E-1
5.927500E+2	9.940172E-1
5.930000E+2	9.942035E-1
5.932500E+2	9.943250E-1
5.935000E+2	9.942868E-1
5.937500E+2	9.942814E-1
5.940000E+2	9.944158E-1
5.942500E+2	9.944616E-1
5.945000E+2	9.942254E-1
5.947500E+2	9.939261E-1
5.950000E+2	9.938984E-1
5.952500E+2	9.941018E-1
5.955000E+2	9.942412E-1
5.957500E+2	9.942226E-1
5.960000E+2	9.941875E-1
5.962500E+2	9.941851E-1
5.965000E+2	9.941312E-1
5.967500E+2	9.940445E-1
5.970000E+2	9.940458E-1
5.972500E+2	9.941315E-1
5.975000E+2	9.941703E-1
5.977500E+2	9.941261E-1
5.980000E+2	9.941051E-1
5.982500E+2	9.941778E-1
5.985000E+2	9.942925E-1
5.987500E+2	9.943448E-1
5.990000E+2	9.942553E-1
5.992500E+2	9.940271E-1
5.995000E+2	9.938115E-1
5.997500E+2	9.938188E-1
6.000000E+2	9.940515E-1
6.002500E+2	9.942568E-1
6.005000E+2	9.942357E-1
6.007500E+2	9.940837E-1
6.010000E+2	9.940151E-1
6.012500E+2	9.940698E-1
6.015000E+2	9.941382E-1
6.017500E+2	9.941637E-1
6.020000E+2	9.941805E-1
6.022500E+2	9.942072E-1
6.025000E+2	9.942183E-1
6.027500E+2	9.941927E-1
6.030000E+2	9.941383E-1
6.032500E+2	9.941047E-1
6.035000E+2	9.941747E-1
6.037500E+2	9.943561E-1
6.040000E+2	9.945034E-1
6.042500E+2	9.944730E-1
6.045000E+2	9.943423E-1
6.047500E+2	9.943247E-1
6.050000E+2	9.944605E-1
6.052500E+2	9.945704E-1
6.055000E+2	9.945217E-1
6.057500E+2	9.943857E-1
6.060000E+2	9.943049E-1
6.062500E+2	9.943497E-1
6.065000E+2	9.945193E-1
6.067500E+2	9.947322E-1
6.070000E+2	9.948379E-1
6.072500E+2	9.947641E-1
6.075000E+2	9.946239E-1
6.077500E+2	9.945800E-1
6.080000E+2	9.946629E-1
6.082500E+2	9.948343E-1
6.085000E+2	9.950775E-1
6.087500E+2	9.952720E-1
6.090000E+2	9.951906E-1
6.092500E+2	9.948313E-1
6.095000E+2	9.945590E-1
6.097500E+2	9.946431E-1
6.100000E+2	9.948561E-1
6.102500E+2	9.948816E-1
6.105000E+2	9.948385E-1
6.107500E+2	9.949950E-1
6.110000E+2	9.952104E-1
6.112500E+2	9.951662E-1
6.115000E+2	9.949676E-1
6.117500E+2	9.949935E-1
6.120000E+2	9.952403E-1
6.122500E+2	9.953807E-1
6.125000E+2	9.953682E-1
6.127500E+2	9.954279E-1
6.130000E+2	9.955083E-1
6.132500E+2	9.953523E-1
6.135000E+2	9.950998E-1
6.137500E+2	9.951848E-1
6.140000E+2	9.955524E-1
6.142500E+2	9.956594E-1
6.145000E+2	9.953486E-1
6.147500E+2	9.951198E-1
6.150000E+2	9.952973E-1
6.152500E+2	9.955596E-1
6.155000E+2	9.955541E-1
6.157500E+2	9.954394E-1
6.160000E+2	9.954969E-1
6.162500E+2	9.956484E-1
6.165000E+2	9.957118E-1
6.167500E+2	9.957395E-1
6.170000E+2	9.958072E-1
6.172500E+2	9.957858E-1
6.175000E+2	9.956082E-1
6.177500E+2	9.954735E-1
6.180000E+2	9.955294E-1
6.182500E+2	9.956047E-1
6.185000E+2	9.955069E-1
6.187500E+2	9.953452E-1
6.190000E+2	9.953245E-1
6.192500E+2	9.954242E-1
6.195000E+2	9.954812E-1
6.197500E+2	9.954606E-1
6.200000E+2	9.954764E-1
6.202500E+2	9.956254E-1
6.205000E+2	9.958608E-1
6.207500E+2	9.959615E-1
6.210000E+2	9.957146E-1
6.212500E+2	9.952238E-1
6.215000E+2	9.949119E-1
6.217500E+2	9.950196E-1
6.220000E+2	9.952654E-1
6.222500E+2	9.952835E-1
6.225000E+2	9.951500E-1
6.227500E+2	9.951236E-1
6.230000E+2	9.951200E-1
6.232500E+2	9.949450E-1
6.235000E+2	9.948073E-1
6.237500E+2	9.950137E-1
6.240000E+2	9.953204E-1
6.242500E+2	9.952481E-1
6.245000E+2	9.949108E-1
6.247500E+2	9.948477E-1
6.250000E+2	9.950400E-1
6.252500E+2	9.949512E-1
6.255000E+2	9.945337E-1
6.257500E+2	9.943930E-1
6.260000E+2	9.946995E-1
6.262500E+2	9.948291E-1
6.265000E+2	9.944472E-1
6.267500E+2	9.941214E-1
6.270000E+2	9.943622E-1
6.272500E+2	9.947650E-1
6.275000E+2	9.947134E-1
6.277500E+2	9.943351E-1
6.280000E+2	9.941596E-1
6.282500E+2	9.942411E-1
6.285000E+2	9.942687E-1
6.287500E+2	9.942128E-1
6.290000E+2	9.942532E-1
6.292500E+2	9.943064E-1
6.295000E+2	9.941763E-1
6.297500E+2	9.939921E-1
6.300000E+2	9.940020E-1
6.302500E+2	9.940971E-1
6.305000E+2	9.939996E-1
6.307500E+2	9.937745E-1
6.310000E+2	9.937090E-1
6.312500E+2	9.938247E-1
6.315000E+2	9.938957E-1
6.317500E+2	9.938541E-1
6.320000E+2	9.938090E-1
6.322500E+2	9.937554E-1
6.325000E+2	9.936314E-1
6.327500E+2	9.935511E-1
6.330000E+2	9.936368E-1
6.332500E+2	9.937400E-1
6.335000E+2	9.936681E-1
6.337500E+2	9.935641E-1
6.340000E+2	9.936735E-1
6.342500E+2	9.938590E-1
6.345000E+2	9.937553E-1
6.347500E+2	9.933900E-1
6.350000E+2	9.932114E-1
6.352500E+2	9.934230E-1
6.355000E+2	9.937016E-1
6.357500E+2	9.936696E-1
6.360000E+2	9.933960E-1
6.362500E+2	9.932288E-1
6.365000E+2	9.933179E-1
6.367500E+2	9.934845E-1
6.370000E+2	9.934854E-1
6.372500E+2	9.933098E-1
6.375000E+2	9.932055E-1
6.377500E+2	9.933785E-1
6.380000E+2	9.936748E-1
6.382500E+2	9.936931E-1
6.385000E+2	9.932704E-1
6.387500E+2	9.927756E-1
6.390000E+2	9.927056E-1
6.392500E+2	9.930767E-1
6.395000E+2	9.934196E-1
6.397500E+2	9.933573E-1
6.400000E+2	9.930505E-1
6.402500E+2	9.929503E-1
6.405000E+2	9.932211E-1
6.407500E+2	9.935325E-1
6.410000E+2	9.934903E-1
6.412500E+2	9.931605E-1
6.415000E+2	9.929728E-1
6.417500E+2	9.931344E-1
6.420000E+2	9.933832E-1
6.422500E+2	9.934270E-1
6.425000E+2	9.933490E-1
6.427500E+2	9.933673E-1
6.430000E+2	9.934221E-1
6.432500E+2	9.933334E-1
6.435000E+2	9.932071E-1
6.437500E+2	9.933021E-1
6.440000E+2	9.935612E-1
6.442500E+2	9.936632E-1
6.445000E+2	9.935177E-1
6.447500E+2	9.933698E-1
6.450000E+2	9.933911E-1
6.452500E+2	9.935005E-1
6.455000E+2	9.935963E-1
6.457500E+2	9.936565E-1
6.460000E+2	9.936205E-1
6.462500E+2	9.934778E-1
6.465000E+2	9.934417E-1
6.467500E+2	9.936868E-1
6.470000E+2	9.939698E-1
6.472500E+2	9.939163E-1
6.475000E+2	9.936415E-1
6.477500E+2	9.936429E-1
6.480000E+2	9.940300E-1
6.482500E+2	9.943610E-1
6.485000E+2	9.943187E-1
6.487500E+2	9.941064E-1
6.490000E+2	9.940174E-1
6.492500E+2	9.940511E-1
6.495000E+2	9.941387E-1
6.497500E+2	9.943258E-1
6.500000E+2	9.945403E-1
6.502500E+2	9.945549E-1
6.505000E+2	9.943749E-1
6.507500E+2	9.943144E-1
6.510000E+2	9.944991E-1
6.512500E+2	9.946624E-1
6.515000E+2	9.946153E-1
6.517500E+2	9.945679E-1
6.520000E+2	9.947316E-1
6.522500E+2	9.949574E-1
6.525000E+2	9.950300E-1
6.527500E+2	9.950311E-1
6.530000E+2	9.951252E-1
6.532500E+2	9.952315E-1
6.535000E+2	9.952006E-1
6.537500E+2	9.951284E-1
6.540000E+2	9.952062E-1
6.542500E+2	9.954055E-1
6.545000E+2	9.955496E-1
6.547500E+2	9.955929E-1
6.550000E+2	9.956357E-1
6.552500E+2	9.957299E-1
6.555000E+2	9.958416E-1
6.557500E+2	9.959427E-1
6.560000E+2	9.960208E-1
6.562500E+2	9.960574E-1
6.565000E+2	9.960764E-1
6.567500E+2	9.961416E-1
6.570000E+2	9.962532E-1
6.572500E+2	9.963410E-1
6.575000E+2	9.963849E-1
6.577500E+2	9.964340E-1
6.580000E+2	9.964987E-1
6.582500E+2	9.965462E-1
6.585000E+2	9.966107E-1
6.587500E+2	9.967565E-1
6.590000E+2	9.969213E-1
6.592500E+2	9.969662E-1
6.595000E+2	9.969035E-1
6.597500E+2	9.969104E-1
6.600000E+2	9.970685E-1
6.602500E+2	9.972519E-1
6.605000E+2	9.973322E-1
6.607500E+2	9.973412E-1
6.610000E+2	9.973625E-1
6.612500E+2	9.973972E-1
6.615000E+2	9.974204E-1
6.617500E+2	9.974571E-1
6.620000E+2	9.975228E-1
6.622500E+2	9.975799E-1
6.625000E+2	9.976133E-1
6.627500E+2	9.976727E-1
6.630000E+2	9.977803E-1
6.632500E+2	9.978723E-1
6.635000E+2	9.978876E-1
6.637500E+2	9.978599E-1
6.640000E+2	9.978690E-1
6.642500E+2	9.979372E-1
6.645000E+2	9.980174E-1
6.647500E+2	9.980597E-1
6.650000E+2	9.980634E-1
6.652500E+2	9.980698E-1
6.655000E+2	9.981119E-1
6.657500E+2	9.981703E-1
6.660000E+2	9.981965E-1
6.662500E+2	9.981859E-1
6.665000E+2	9.981925E-1
6.667500E+2	9.982479E-1
6.670000E+2	9.983081E-1
6.672500E+2	9.983188E-1
6.675000E+2	9.982972E-1
6.677500E+2	9.983004E-1
6.680000E+2	9.983399E-1
6.682500E+2	9.983776E-1
6.685000E+2	9.983909E-1
6.687500E+2	9.983941E-1
6.690000E+2	9.984017E-1
6.692500E+2	9.984095E-1
6.695000E+2	9.984147E-1
6.697500E+2	9.984256E-1
6.700000E+2	9.984442E-1
6.702500E+2	9.984602E-1
6.705000E+2	9.984656E-1
6.707500E+2	9.984658E-1
6.710000E+2	9.984706E-1
6.712500E+2	9.984836E-1
6.715000E+2	9.985018E-1
6.717500E+2	9.985208E-1
6.720000E+2	9.985377E-1
6.722500E+2	9.985475E-1
6.725000E+2	9.985474E-1
6.727500E+2	9.985447E-1
6.730000E+2	9.985510E-1
6.732500E+2	9.985614E-1
6.735000E+2	9.985581E-1
6.737500E+2	9.985440E-1
6.740000E+2	9.985468E-1
6.742500E+2	9.985693E-1
6.745000E+2	9.985702E-1
6.747500E+2	9.985282E-1
6.750000E+2	9.984921E-1
6.752500E+2	9.985125E-1
6.755000E+2	9.985547E-1
6.757500E+2	9.985482E-1
6.760000E+2	9.984999E-1
6.762500E+2	9.984835E-1
6.765000E+2	9.985200E-1
6.767500E+2	9.985520E-1
6.770000E+2	9.985401E-1
6.772500E+2	9.985140E-1
6.775000E+2	9.985098E-1
6.777500E+2	9.985198E-1
6.780000E+2	9.985233E-1
6.782500E+2	9.985156E-1
6.785000E+2	9.984938E-1
6.787500E+2	9.984589E-1
6.790000E+2	9.984346E-1
6.792500E+2	9.984434E-1
6.795000E+2	9.984675E-1
6.797500E+2	9.984774E-1
6.800000E+2	9.984796E-1
6.802500E+2	9.984901E-1
6.805000E+2	9.984885E-1
6.807500E+2	9.984565E-1
6.810000E+2	9.984287E-1
6.812500E+2	9.984386E-1
6.815000E+2	9.984449E-1
6.817500E+2	9.983968E-1
6.820000E+2	9.983387E-1
6.822500E+2	9.983561E-1
6.825000E+2	9.984337E-1
6.827500E+2	9.984757E-1
6.830000E+2	9.984507E-1
6.832500E+2	9.984157E-1
6.835000E+2	9.983922E-1
6.837500E+2	9.983360E-1
6.840000E+2	9.982593E-1
6.842500E+2	9.982562E-1
6.845000E+2	9.983420E-1
6.847500E+2	9.983823E-1
6.850000E+2	9.982826E-1
6.852500E+2	9.981680E-1
6.855000E+2	9.982214E-1
6.857500E+2	9.983884E-1
6.860000E+2	9.984123E-1
6.862500E+2	9.982052E-1
6.865000E+2	9.980079E-1
6.867500E+2	9.980522E-1
6.870000E+2	9.982395E-1
6.872500E+2	9.983211E-1
6.875000E+2	9.982937E-1
6.877500E+2	9.983279E-1
6.880000E+2	9.983920E-1
6.882500E+2	9.982854E-1
6.885000E+2	9.980603E-1
6.887500E+2	9.980114E-1
6.890000E+2	9.981811E-1
6.892500E+2	9.982311E-1
6.895000E+2	9.980118E-1
6.897500E+2	9.978498E-1
6.900000E+2	9.980101E-1
6.902500E+2	9.982089E-1
6.905000E+2	9.980569E-1
6.907500E+2	9.976870E-1
6.910000E+2	9.975100E-1
6.912500E+2	9.975797E-1
6.915000E+2	9.975908E-1
6.917500E+2	9.974502E-1
6.920000E+2	9.973578E-1
6.922500E+2	9.973834E-1
6.925000E+2	9.973667E-1
6.927500E+2	9.972474E-1
6.930000E+2	9.971538E-1
6.932500E+2	9.971487E-1
6.935000E+2	9.971589E-1
6.937500E+2	9.971227E-1
6.940000E+2	9.969930E-1
6.942500E+2	9.967251E-1
6.945000E+2	9.964408E-1
6.947500E+2	9.963918E-1
6.950000E+2	9.965757E-1
6.952500E+2	9.966161E-1
6.955000E+2	9.963342E-1
6.957500E+2	9.960752E-1
6.960000E+2	9.961140E-1
6.962500E+2	9.961379E-1
6.965000E+2	9.958009E-1
6.967500E+2	9.954073E-1
6.970000E+2	9.954596E-1
6.972500E+2	9.958206E-1
6.975000E+2	9.959443E-1
6.977500E+2	9.957344E-1
6.980000E+2	9.955079E-1
6.982500E+2	9.953535E-1
6.985000E+2	9.950946E-1
6.987500E+2	9.947734E-1
6.990000E+2	9.946117E-1
6.992500E+2	9.945659E-1
6.995000E+2	9.943718E-1
6.997500E+2	9.939672E-1
7.000000E+2	9.935250E-1
7.002500E+2	9.932293E-1
7.005000E+2	9.932221E-1
7.007500E+2	9.935208E-1
7.010000E+2	9.937702E-1
7.012500E+2	9.935035E-1
7.015000E+2	9.928787E-1
7.017500E+2	9.925544E-1
7.020000E+2	9.926748E-1
7.022500E+2	9.926385E-1
7.025000E+2	9.922103E-1
7.027500E+2	9.919014E-1
7.030000E+2	9.919783E-1
7.032500E+2	9.919086E-1
7.035000E+2	9.913596E-1
7.037500E+2	9.907799E-1
7.040000E+2	9.905731E-1
7.042500E+2	9.905822E-1
7.045000E+2	9.907029E-1
7.047500E+2	9.909877E-1
7.050000E+2	9.908053E-1
7.052500E+2	9.893734E-1
7.055000E+2	9.876528E-1
7.057500E+2	9.876797E-1
7.060000E+2	9.896217E-1
7.062500E+2	9.910024E-1
7.065000E+2	9.899594E-1
7.067500E+2	9.875586E-1
7.070000E+2	9.859133E-1
7.072500E+2	9.857072E-1
7.075000E+2	9.863948E-1
7.077500E+2	9.874916E-1
7.080000E+2	9.882098E-1
7.082500E+2	9.876402E-1
7.085000E+2	9.863802E-1
7.087500E+2	9.860045E-1
7.090000E+2	9.866497E-1
7.092500E+2	9.864850E-1
7.095000E+2	9.849575E-1
7.097500E+2	9.840152E-1
7.100000E+2	9.847993E-1
7.102500E+2	9.855137E-1
7.105000E+2	9.844681E-1
7.107500E+2	9.827697E-1
7.110000E+2	9.822384E-1
7.112500E+2	9.827258E-1
7.115000E+2	9.829295E-1
7.117500E+2	9.825642E-1
7.120000E+2	9.819062E-1
7.122500E+2	9.810487E-1
7.125000E+2	9.805962E-1
7.127500E+2	9.811417E-1
7.130000E+2	9.813678E-1
7.132500E+2	9.795952E-1
7.135000E+2	9.773259E-1
7.137500E+2	9.776697E-1
7.140000E+2	9.801577E-1
7.142500E+2	9.802864E-1
7.145000E+2	9.772058E-1
7.147500E+2	9.753099E-1
7.150000E+2	9.773609E-1
7.152500E+2	9.794410E-1
7.155000E+2	9.775285E-1
7.157500E+2	9.737544E-1
7.160000E+2	9.724724E-1
7.162500E+2	9.738615E-1
7.165000E+2	9.747723E-1
7.167500E+2	9.740062E-1
7.170000E+2	9.721201E-1
7.172500E+2	9.698472E-1
7.175000E+2	9.686177E-1
7.177500E+2	9.702646E-1
7.180000E+2	9.736769E-1
7.182500E+2	9.736732E-1
7.185000E+2	9.695028E-1
7.187500E+2	9.667969E-1
7.190000E+2	9.690616E-1
7.192500E+2	9.721516E-1
7.195000E+2	9.709189E-1
7.197500E+2	9.668925E-1
7.200000E+2	9.648863E-1
7.202500E+2	9.658335E-1
7.205000E+2	9.658809E-1
7.207500E+2	9.638644E-1
7.210000E+2	9.620906E-1
7.212500E+2	9.621899E-1
7.215000E+2	9.633831E-1
7.217500E+2	9.642709E-1
7.220000E+2	9.635483E-1
7.222500E+2	9.610347E-1
7.225000E+2	9.593700E-1
7.227500E+2	9.609730E-1
7.230000E+2	9.633252E-1
7.232500E+2	9.613727E-1
7.235000E+2	9.567984E-1
7.237500E+2	9.561257E-1
7.240000E+2	9.605902E-1
7.242500E+2	9.622709E-1
7.245000E+2	9.576680E-1
7.247500E+2	9.529878E-1
7.250000E+2	9.526352E-1
7.252500E+2	9.527365E-1
7.255000E+2	9.498594E-1
7.257500E+2	9.487186E-1
7.260000E+2	9.519025E-1
7.262500E+2	9.524321E-1
7.265000E+2	9.460989E-1
7.267500E+2	9.424351E-1
7.270000E+2	9.492655E-1
7.272500E+2	9.577202E-1
7.275000E+2	9.546012E-1
7.277500E+2	9.438651E-1
7.280000E+2	9.402990E-1
7.282500E+2	9.458771E-1
7.285000E+2	9.485560E-1
7.287500E+2	9.443290E-1
7.290000E+2	9.414010E-1
7.292500E+2	9.436876E-1
7.295000E+2	9.439873E-1
7.297500E+2	9.386445E-1
7.300000E+2	9.349092E-1
7.302500E+2	9.386211E-1
7.305000E+2	9.437171E-1
7.307500E+2	9.436540E-1
7.310000E+2	9.398841E-1
7.312500E+2	9.375265E-1
7.315000E+2	9.370279E-1
7.317500E+2	9.367601E-1
7.320000E+2	9.373463E-1
7.322500E+2	9.387456E-1
7.325000E+2	9.385775E-1
7.327500E+2	9.359974E-1
7.330000E+2	9.323769E-1
7.332500E+2	9.294696E-1
7.335000E+2	9.279588E-1
7.337500E+2	9.286390E-1
7.340000E+2	9.316432E-1
7.342500E+2	9.331684E-1
7.345000E+2	9.300360E-1
7.347500E+2	9.254090E-1
7.350000E+2	9.243785E-1
7.352500E+2	9.269487E-1
7.355000E+2	9.285818E-1
7.357500E+2	9.284470E-1
7.360000E+2	9.281943E-1
7.362500E+2	9.266549E-1
7.365000E+2	9.226704E-1
7.367500E+2	9.198450E-1
7.370000E+2	9.217525E-1
7.372500E+2	9.248671E-1
7.375000E+2	9.241778E-1
7.377500E+2	9.219841E-1
7.380000E+2	9.223675E-1
7.382500E+2	9.223697E-1
7.385000E+2	9.172269E-1
7.387500E+2	9.115646E-1
7.390000E+2	9.141184E-1
7.392500E+2	9.227160E-1
7.395000E+2	9.264173E-1
7.397500E+2	9.224005E-1
7.400000E+2	9.169828E-1
7.402500E+2	9.151650E-1
7.405000E+2	9.156824E-1
7.407500E+2	9.172617E-1
7.410000E+2	9.190584E-1
7.412500E+2	9.173859E-1
7.415000E+2	9.120033E-1
7.417500E+2	9.091664E-1
7.420000E+2	9.123376E-1
7.422500E+2	9.148773E-1
7.425000E+2	9.109371E-1
7.427500E+2	9.064103E-1
7.430000E+2	9.093578E-1
7.432500E+2	9.144283E-1
7.435000E+2	9.130137E-1
7.437500E+2	9.090983E-1
7.440000E+2	9.110674E-1
7.442500E+2	9.145993E-1
7.445000E+2	9.105505E-1
7.447500E+2	9.025034E-1
7.450000E+2	9.021108E-1
7.452500E+2	9.094071E-1
7.455000E+2	9.114808E-1
7.457500E+2	9.066064E-1
7.460000E+2	9.033659E-1
7.462500E+2	9.056850E-1
7.465000E+2	9.066902E-1
7.467500E+2	9.043758E-1
7.470000E+2	9.038503E-1
7.472500E+2	9.066820E-1
7.475000E+2	9.081687E-1
7.477500E+2	9.070490E-1
7.480000E+2	9.053554E-1
7.482500E+2	9.023211E-1
7.485000E+2	8.978847E-1
7.487500E+2	8.971983E-1
7.490000E+2	9.029681E-1
7.492500E+2	9.067036E-1
7.495000E+2	9.024467E-1
7.497500E+2	8.983459E-1
7.500000E+2	9.024741E-1
7.502500E+2	9.067649E-1
7.505000E+2	9.016147E-1
7.507500E+2	8.944741E-1
7.510000E+2	8.984852E-1
7.512500E+2	9.098377E-1
7.515000E+2	9.129370E-1
7.517500E+2	9.092933E-1
7.520000E+2	9.083166E-1
7.522500E+2	9.082477E-1
7.525000E+2	9.023393E-1
7.527500E+2	8.966811E-1
7.530000E+2	9.009320E-1
7.532500E+2	9.072210E-1
7.535000E+2	9.022075E-1
7.537500E+2	8.924376E-1
7.540000E+2	8.942811E-1
7.542500E+2	9.048733E-1
7.545000E+2	9.054546E-1
7.547500E+2	8.962757E-1
7.550000E+2	8.933664E-1
7.552500E+2	9.010179E-1
7.555000E+2	9.040922E-1
7.557500E+2	8.997633E-1
7.560000E+2	8.988178E-1
7.562500E+2	9.035115E-1
7.565000E+2	9.032923E-1
7.567500E+2	8.988037E-1
7.570000E+2	9.005006E-1
7.572500E+2	9.069931E-1
7.575000E+2	9.045343E-1
7.577500E+2	8.945426E-1
7.580000E+2	8.941147E-1
7.582500E+2	9.055796E-1
7.585000E+2	9.100201E-1
7.587500E+2	9.009686E-1
7.590000E+2	8.945357E-1
7.592500E+2	9.020824E-1
7.595000E+2	9.100712E-1
7.597500E+2	9.067076E-1
7.600000E+2	8.981186E-1
7.602500E+2	8.969384E-1
7.605000E+2	9.012205E-1
7.607500E+2	9.034551E-1
7.610000E+2	9.032480E-1
7.612500E+2	9.028101E-1
7.615000E+2	9.015591E-1
7.617500E+2	9.002242E-1
7.620000E+2	9.019065E-1
7.622500E+2	9.045554E-1
7.625000E+2	9.029784E-1
7.627500E+2	8.999944E-1
7.630000E+2	9.030447E-1
7.632500E+2	9.102386E-1
7.635000E+2	9.118330E-1
7.637500E+2	9.077367E-1
7.640000E+2	9.051866E-1
7.642500E+2	9.057686E-1
7.645000E+2	9.033409E-1
7.647500E+2	8.988677E-1
7.650000E+2	9.003716E-1
7.652500E+2	9.069050E-1
7.655000E+2	9.073155E-1
7.657500E+2	9.008745E-1
7.660000E+2	8.978283E-1
7.662500E+2	9.019442E-1
7.665000E+2	9.033491E-1
7.667500E+2	8.996170E-1
7.670000E+2	9.002983E-1
7.672500E+2	9.073498E-1
7.675000E+2	9.084870E-1
7.677500E+2	9.003316E-1
7.680000E+2	8.959209E-1
7.682500E+2	9.042149E-1
7.685000E+2	9.107744E-1
7.687500E+2	9.043077E-1
7.690000E+2	8.925528E-1
7.692500E+2	8.910629E-1
7.695000E+2	8.990297E-1
7.697500E+2	9.039450E-1
7.700000E+2	9.039781E-1
7.702500E+2	9.055388E-1
7.705000E+2	9.082147E-1
7.707500E+2	9.067495E-1
7.710000E+2	8.991991E-1
7.712500E+2	8.943530E-1
7.715000E+2	8.974665E-1
7.717500E+2	9.024796E-1
7.720000E+2	9.056123E-1
7.722500E+2	9.046637E-1
7.725000E+2	8.996289E-1
7.727500E+2	8.950624E-1
7.730000E+2	8.964257E-1
7.732500E+2	9.025103E-1
7.735000E+2	9.054712E-1
7.737500E+2	9.027392E-1
7.740000E+2	8.993386E-1
7.742500E+2	8.998116E-1
7.745000E+2	9.017341E-1
7.747500E+2	9.029492E-1
7.750000E+2	9.048291E-1
7.752500E+2	9.055874E-1
7.755000E+2	9.012938E-1
7.757500E+2	8.949997E-1
7.760000E+2	8.960887E-1
7.762500E+2	9.043550E-1
7.765000E+2	9.072775E-1
7.767500E+2	9.016171E-1
7.770000E+2	8.968134E-1
7.772500E+2	9.003689E-1
7.775000E+2	9.034317E-1
7.777500E+2	8.993609E-1
7.780000E+2	8.957560E-1
7.782500E+2	9.011843E-1
7.785000E+2	9.068522E-1
7.787500E+2	9.027339E-1
7.790000E+2	8.944610E-1
7.792500E+2	8.960562E-1
7.795000E+2	9.040867E-1
7.797500E+2	9.054005E-1
7.800000E+2	8.981661E-1
7.802500E+2	8.943756E-1
7.805000E+2	8.998821E-1
7.807500E+2	9.057365E-1
7.810000E+2	9.049773E-1
7.812500E+2	9.005233E-1
7.815000E+2	8.987845E-1
7.817500E+2	8.991686E-1
7.820000E+2	8.993603E-1
7.822500E+2	9.004302E-1
7.825000E+2	9.029969E-1
7.827500E+2	9.043206E-1
7.830000E+2	9.019614E-1
7.832500E+2	8.986405E-1
7.835000E+2	8.990387E-1
7.837500E+2	9.021884E-1
7.840000E+2	9.030588E-1
7.842500E+2	8.990887E-1
7.845000E+2	8.955567E-1
7.847500E+2	8.979626E-1
7.850000E+2	9.051009E-1
7.852500E+2	9.086620E-1
7.855000E+2	9.053862E-1
7.857500E+2	9.013597E-1
7.860000E+2	9.011577E-1
7.862500E+2	9.023047E-1
7.865000E+2	9.013868E-1
7.867500E+2	9.014746E-1
7.870000E+2	9.051605E-1
7.872500E+2	9.070888E-1
7.875000E+2	9.027392E-1
7.877500E+2	8.981538E-1
7.880000E+2	9.003121E-1
7.882500E+2	9.057985E-1
7.885000E+2	9.055050E-1
7.887500E+2	9.017198E-1
7.890000E+2	9.026749E-1
7.892500E+2	9.079410E-1
7.895000E+2	9.090897E-1
7.897500E+2	9.060848E-1
7.900000E+2	9.052241E-1
7.902500E+2	9.072676E-1
7.905000E+2	9.072435E-1
7.907500E+2	9.057702E-1
7.910000E+2	9.062370E-1
7.912500E+2	9.056615E-1
7.915000E+2	8.999839E-1
7.917500E+2	8.963213E-1
7.920000E+2	9.039680E-1
7.922500E+2	9.147008E-1
7.925000E+2	9.141324E-1
7.927500E+2	9.066859E-1
7.930000E+2	9.050242E-1
7.932500E+2	9.107594E-1
7.935000E+2	9.116277E-1
7.937500E+2	9.055748E-1
7.940000E+2	9.037674E-1
7.942500E+2	9.091611E-1
7.945000E+2	9.103490E-1
7.947500E+2	9.045360E-1
7.950000E+2	9.020696E-1
7.952500E+2	9.070281E-1
7.955000E+2	9.092414E-1
7.957500E+2	9.054794E-1
7.960000E+2	9.049858E-1
7.962500E+2	9.113789E-1
7.965000E+2	9.144041E-1
7.967500E+2	9.103842E-1
7.970000E+2	9.081645E-1
7.972500E+2	9.118730E-1
7.975000E+2	9.127824E-1
7.977500E+2	9.084977E-1
7.980000E+2	9.085872E-1
7.982500E+2	9.161925E-1
7.985000E+2	9.191599E-1
7.987500E+2	9.126647E-1
7.990000E+2	9.072177E-1
7.992500E+2	9.120704E-1
7.995000E+2	9.175475E-1
7.997500E+2	9.154375E-1
8.000000E+2	9.113408E-1
8.002500E+2	9.136831E-1
8.005000E+2	9.182199E-1
8.007500E+2	9.191199E-1
8.010000E+2	9.188369E-1
8.012500E+2	9.198238E-1
8.015000E+2	9.183582E-1
8.017500E+2	9.141170E-1
8.020000E+2	9.129671E-1
8.022500E+2	9.173325E-1
8.025000E+2	9.195966E-1
8.027500E+2	9.176931E-1
8.030000E+2	9.187496E-1
8.032500E+2	9.238639E-1
8.035000E+2	9.232144E-1
8.037500E+2	9.162488E-1
8.040000E+2	9.138210E-1
8.042500E+2	9.214679E-1
8.045000E+2	9.261854E-1
8.047500E+2	9.198678E-1
8.050000E+2	9.126348E-1
8.052500E+2	9.162065E-1
8.055000E+2	9.239836E-1
8.057500E+2	9.247829E-1
8.060000E+2	9.214155E-1
8.062500E+2	9.219543E-1
8.065000E+2	9.239652E-1
8.067500E+2	9.213339E-1
8.070000E+2	9.179110E-1
8.072500E+2	9.206890E-1
8.075000E+2	9.251035E-1
8.077500E+2	9.232409E-1
8.080000E+2	9.181781E-1
8.082500E+2	9.190486E-1
8.085000E+2	9.250596E-1
8.087500E+2	9.281732E-1
8.090000E+2	9.260688E-1
8.092500E+2	9.230486E-1
8.095000E+2	9.221388E-1
8.097500E+2	9.222340E-1
8.100000E+2	9.233540E-1
8.102500E+2	9.251740E-1
8.105000E+2	9.245275E-1
8.107500E+2	9.211527E-1
8.110000E+2	9.198791E-1
8.112500E+2	9.235801E-1
8.115000E+2	9.259887E-1
8.117500E+2	9.228312E-1
8.120000E+2	9.189472E-1
8.122500E+2	9.212777E-1
8.125000E+2	9.260994E-1
8.127500E+2	9.265319E-1
8.130000E+2	9.237901E-1
8.132500E+2	9.235614E-1
8.135000E+2	9.253810E-1
8.137500E+2	9.245656E-1
8.140000E+2	9.217527E-1
8.142500E+2	9.217769E-1
8.145000E+2	9.241115E-1
8.147500E+2	9.242454E-1
8.150000E+2	9.224731E-1
8.152500E+2	9.227309E-1
8.155000E+2	9.244481E-1
8.157500E+2	9.237539E-1
8.160000E+2	9.217256E-1
8.162500E+2	9.230571E-1
8.165000E+2	9.266038E-1
8.167500E+2	9.267479E-1
8.170000E+2	9.230177E-1
8.172500E+2	9.208013E-1
8.175000E+2	9.220494E-1
8.177500E+2	9.221086E-1
8.180000E+2	9.195208E-1
8.182500E+2	9.192787E-1
8.185000E+2	9.233230E-1
8.187500E+2	9.263632E-1
8.190000E+2	9.251079E-1
8.192500E+2	9.225750E-1
8.195000E+2	9.228591E-1
8.197500E+2	9.234738E-1
8.200000E+2	9.209811E-1
8.202500E+2	9.177896E-1
8.205000E+2	9.186814E-1
8.207500E+2	9.225506E-1
8.210000E+2	9.253337E-1
8.212500E+2	9.249439E-1
8.215000E+2	9.232685E-1
8.217500E+2	9.220892E-1
8.220000E+2	9.215500E-1
8.222500E+2	9.222098E-1
8.225000E+2	9.237545E-1
8.227500E+2	9.241829E-1
8.230000E+2	9.223453E-1
8.232500E+2	9.202573E-1
8.235000E+2	9.206665E-1
8.237500E+2	9.225330E-1
8.240000E+2	9.236920E-1
8.242500E+2	9.238860E-1
8.245000E+2	9.244645E-1
8.247500E+2	9.252525E-1
8.250000E+2	9.247836E-1
8.252500E+2	9.230719E-1
8.255000E+2	9.222303E-1
8.257500E+2	9.228099E-1
8.260000E+2	9.235123E-1
8.262500E+2	9.234831E-1
8.265000E+2	9.233783E-1
8.267500E+2	9.236400E-1
8.270000E+2	9.235282E-1
8.272500E+2	9.225256E-1
8.275000E+2	9.216815E-1
8.277500E+2	9.221028E-1
8.280000E+2	9.235037E-1
8.282500E+2	9.241837E-1
8.285000E+2	9.227827E-1
8.287500E+2	9.203725E-1
8.290000E+2	9.193077E-1
8.292500E+2	9.211864E-1
8.295000E+2	9.239083E-1
8.297500E+2	9.242681E-1
8.300000E+2	9.216265E-1
8.302500E+2	9.184161E-1
8.305000E+2	9.178672E-1
8.307500E+2	9.199058E-1
8.310000E+2	9.227065E-1
8.312500E+2	9.238761E-1
8.315000E+2	9.225043E-1
8.317500E+2	9.208443E-1
8.320000E+2	9.214407E-1
8.322500E+2	9.239808E-1
8.325000E+2	9.248225E-1
8.327500E+2	9.230943E-1
8.330000E+2	9.215284E-1
8.332500E+2	9.219739E-1
8.335000E+2	9.222446E-1
8.337500E+2	9.207073E-1
8.340000E+2	9.199138E-1
8.342500E+2	9.224512E-1
8.345000E+2	9.251185E-1
8.347500E+2	9.241080E-1
8.350000E+2	9.212297E-1
8.352500E+2	9.208432E-1
8.355000E+2	9.226288E-1
8.357500E+2	9.225611E-1
8.360000E+2	9.204281E-1
8.362500E+2	9.197539E-1
8.365000E+2	9.216852E-1
8.367500E+2	9.236297E-1
8.370000E+2	9.246121E-1
8.372500E+2	9.252400E-1
8.375000E+2	9.250468E-1
8.377500E+2	9.237113E-1
8.380000E+2	9.229528E-1
8.382500E+2	9.241106E-1
8.385000E+2	9.244255E-1
8.387500E+2	9.216709E-1
8.390000E+2	9.189864E-1
8.392500E+2	9.212025E-1
8.395000E+2	9.258724E-1
8.397500E+2	9.267172E-1
8.400000E+2	9.238049E-1
8.402500E+2	9.223899E-1
8.405000E+2	9.243666E-1
8.407500E+2	9.257570E-1
8.410000E+2	9.249201E-1
8.412500E+2	9.243788E-1
8.415000E+2	9.253620E-1
8.417500E+2	9.256735E-1
8.420000E+2	9.248663E-1
8.422500E+2	9.254579E-1
8.425000E+2	9.278815E-1
8.427500E+2	9.289592E-1
8.430000E+2	9.272920E-1
8.432500E+2	9.252320E-1
8.435000E+2	9.251882E-1
8.437500E+2	9.262248E-1
8.440000E+2	9.270547E-1
8.442500E+2	9.278056E-1
8.445000E+2	9.285230E-1
8.447500E+2	9.285718E-1
8.450000E+2	9.278526E-1
8.452500E+2	9.271980E-1
8.455000E+2	9.271682E-1
8.457500E+2	9.274566E-1
8.460000E+2	9.279671E-1
8.462500E+2	9.284394E-1
8.465000E+2	9.281261E-1
8.467500E+2	9.273435E-1
8.470000E+2	9.274172E-1
8.472500E+2	9.286544E-1
8.475000E+2	9.292857E-1
8.477500E+2	9.288869E-1
8.480000E+2	9.293389E-1
8.482500E+2	9.313945E-1
8.485000E+2	9.325620E-1
8.487500E+2	9.315310E-1
8.490000E+2	9.299229E-1
8.492500E+2	9.292204E-1
8.495000E+2	9.286944E-1
8.497500E+2	9.280523E-1
8.500000E+2	9.292957E-1
8.502500E+2	9.328680E-1
8.505000E+2	9.345791E-1
8.507500E+2	9.325198E-1
8.510000E+2	9.299764E-1
8.512500E+2	9.305684E-1
8.515000E+2	9.324270E-1
8.517500E+2	9.318609E-1
8.520000E+2	9.301395E-1
8.522500E+2	9.309474E-1
8.525000E+2	9.335590E-1
8.527500E+2	9.338243E-1
8.530000E+2	9.314151E-1
8.532500E+2	9.303653E-1
8.535000E+2	9.325642E-1
8.537500E+2	9.347385E-1
8.540000E+2	9.340830E-1
8.542500E+2	9.318897E-1
8.545000E+2	9.316159E-1
8.547500E+2	9.333288E-1
8.550000E+2	9.349012E-1
8.552500E+2	9.349009E-1
8.555000E+2	9.340997E-1
8.557500E+2	9.336522E-1
8.560000E+2	9.334212E-1
8.562500E+2	9.331581E-1
8.565000E+2	9.333545E-1
8.567500E+2	9.342257E-1
8.570000E+2	9.350830E-1
8.572500E+2	9.349969E-1
8.575000E+2	9.343919E-1
8.577500E+2	9.343950E-1
8.580000E+2	9.348720E-1
8.582500E+2	9.348197E-1
8.585000E+2	9.343635E-1
8.587500E+2	9.348020E-1
8.590000E+2	9.363600E-1
8.592500E+2	9.375787E-1
8.595000E+2	9.373453E-1
8.597500E+2	9.366314E-1
8.600000E+2	9.362510E-1
8.602500E+2	9.359639E-1
8.605000E+2	9.358241E-1
8.607500E+2	9.365360E-1
8.610000E+2	9.379538E-1
8.612500E+2	9.384964E-1
8.615000E+2	9.375177E-1
8.617500E+2	9.367571E-1
8.620000E+2	9.374831E-1
8.622500E+2	9.387107E-1
8.625000E+2	9.386214E-1
8.627500E+2	9.376057E-1
8.630000E+2	9.371286E-1
8.632500E+2	9.378171E-1
8.635000E+2	9.387794E-1
8.637500E+2	9.391345E-1
8.640000E+2	9.389010E-1
8.642500E+2	9.384954E-1
8.645000E+2	9.384205E-1
8.647500E+2	9.387065E-1
8.650000E+2	9.390210E-1
8.652500E+2	9.391220E-1
8.655000E+2	9.391871E-1
8.657500E+2	9.394774E-1
8.660000E+2	9.399750E-1
8.662500E+2	9.404936E-1
8.665000E+2	9.407934E-1
8.667500E+2	9.406596E-1
8.670000E+2	9.400614E-1
8.672500E+2	9.396988E-1
8.675000E+2	9.403177E-1
8.677500E+2	9.411931E-1
8.680000E+2	9.411322E-1
8.682500E+2	9.402839E-1
8.685000E+2	9.403231E-1
8.687500E+2	9.415395E-1
8.690000E+2	9.425223E-1
8.692500E+2	9.421979E-1
8.695000E+2	9.415066E-1
8.697500E+2	9.416645E-1
8.700000E+2	9.424083E-1
8.702500E+2	9.428737E-1
8.705000E+2	9.427900E-1
8.707500E+2	9.424907E-1
8.710000E+2	9.422172E-1
8.712500E+2	9.423586E-1
8.715000E+2	9.430180E-1
8.717500E+2	9.434686E-1
8.720000E+2	9.431620E-1
8.722500E+2	9.427271E-1
8.725000E+2	9.431493E-1
8.727500E+2	9.439063E-1
8.730000E+2	9.440818E-1
8.732500E+2	9.439741E-1
8.735000E+2	9.445124E-1
8.737500E+2	9.452485E-1
8.740000E+2	9.451373E-1
8.742500E+2	9.444012E-1
8.745000E+2	9.443917E-1
8.747500E+2	9.450976E-1
8.750000E+2	9.454788E-1
8.752500E+2	9.452901E-1
8.755000E+2	9.452568E-1
8.757500E+2	9.454664E-1
8.760000E+2	9.454640E-1
8.762500E+2	9.454380E-1
8.765000E+2	9.458246E-1
8.767500E+2	9.461920E-1
8.770000E+2	9.460914E-1
8.772500E+2	9.460185E-1
8.775000E+2	9.464771E-1
8.777500E+2	9.468114E-1
8.780000E+2	9.465502E-1
8.782500E+2	9.464584E-1
8.785000E+2	9.471517E-1
8.787500E+2	9.476907E-1
8.790000E+2	9.473568E-1
8.792500E+2	9.469739E-1
8.795000E+2	9.474915E-1
8.797500E+2	9.480789E-1
8.800000E+2	9.478463E-1
8.802500E+2	9.474121E-1
8.805000E+2	9.477576E-1
8.807500E+2	9.482834E-1
8.810000E+2	9.481931E-1
8.812500E+2	9.479195E-1
8.815000E+2	9.481641E-1
8.817500E+2	9.484518E-1
8.820000E+2	9.483395E-1
8.822500E+2	9.483553E-1
8.825000E+2	9.487735E-1
8.827500E+2	9.488277E-1
8.830000E+2	9.483428E-1
8.832500E+2	9.483486E-1
8.835000E+2	9.491834E-1
8.837500E+2	9.495926E-1
8.840000E+2	9.490679E-1
8.842500E+2	9.486899E-1
8.845000E+2	9.492048E-1
8.847500E+2	9.496293E-1
8.850000E+2	9.493784E-1
8.852500E+2	9.492502E-1
8.855000E+2	9.497322E-1
8.857500E+2	9.499566E-1
8.860000E+2	9.495914E-1
8.862500E+2	9.495154E-1
8.865000E+2	9.500400E-1
8.867500E+2	9.501636E-1
8.870000E+2	9.496459E-1
8.872500E+2	9.495174E-1
8.875000E+2	9.501038E-1
8.877500E+2	9.502758E-1
8.880000E+2	9.497252E-1
8.882500E+2	9.494947E-1
8.885000E+2	9.499809E-1
8.887500E+2	9.501320E-1
8.890000E+2	9.496707E-1
8.892500E+2	9.495816E-1
8.895000E+2	9.501292E-1
8.897500E+2	9.502267E-1
8.900000E+2	9.496395E-1
8.902500E+2	9.493883E-1
8.905000E+2	9.498315E-1
8.907500E+2	9.499558E-1
8.910000E+2	9.494605E-1
8.912500E+2	9.491902E-1
8.915000E+2	9.494808E-1
8.917500E+2	9.495331E-1
8.920000E+2	9.490976E-1
8.922500E+2	9.487864E-1
8.925000E+2	9.488889E-1
8.927500E+2	9.489967E-1
8.930000E+2	9.491156E-1
8.932500E+2	9.499238E-1
8.935000E+2	9.524452E-1
8.937500E+2	9.573011E-1
8.940000E+2	9.632848E-1
8.942500E+2	9.675635E-1
8.945000E+2	9.685413E-1
8.947500E+2	9.668722E-1
8.950000E+2	9.643267E-1
8.952500E+2	9.627599E-1
8.955000E+2	9.620104E-1
8.957500E+2	9.606757E-1
8.960000E+2	9.590934E-1
8.962500E+2	9.586008E-1
8.965000E+2	9.587990E-1
8.967500E+2	9.582442E-1
8.970000E+2	9.572869E-1
8.972500E+2	9.571949E-1
8.975000E+2	9.575728E-1
8.977500E+2	9.571286E-1
8.980000E+2	9.562979E-1
8.982500E+2	9.563534E-1
8.985000E+2	9.569195E-1
8.987500E+2	9.567003E-1
8.990000E+2	9.560459E-1
8.992500E+2	9.560956E-1
8.995000E+2	9.565420E-1
8.997500E+2	9.563152E-1
9.000000E+2	9.557883E-1
9.002500E+2	9.559278E-1
9.005000E+2	9.563524E-1
9.007500E+2	9.561608E-1
9.010000E+2	9.558091E-1
9.012500E+2	9.560846E-1
9.015000E+2	9.564156E-1
9.017500E+2	9.560316E-1
9.020000E+2	9.555878E-1
9.022500E+2	9.559162E-1
9.025000E+2	9.563250E-1
9.027500E+2	9.559195E-1
9.030000E+2	9.553292E-1
9.032500E+2	9.555089E-1
9.035000E+2	9.560202E-1
9.037500E+2	9.559782E-1
9.040000E+2	9.557158E-1
9.042500E+2	9.558082E-1
9.045000E+2	9.558782E-1
9.047500E+2	9.555211E-1
9.050000E+2	9.552230E-1
9.052500E+2	9.553840E-1
9.055000E+2	9.554973E-1
9.057500E+2	9.552838E-1
9.060000E+2	9.553141E-1
9.062500E+2	9.557386E-1
9.065000E+2	9.557154E-1
9.067500E+2	9.551391E-1
9.070000E+2	9.549552E-1
9.072500E+2	9.554951E-1
9.075000E+2	9.557045E-1
9.077500E+2	9.551463E-1
9.080000E+2	9.547518E-1
9.082500E+2	9.551337E-1
9.085000E+2	9.555273E-1
9.087500E+2	9.553092E-1
9.090000E+2	9.550109E-1
9.092500E+2	9.550469E-1
9.095000E+2	9.550124E-1
9.097500E+2	9.547296E-1
9.100000E+2	9.546692E-1
9.102500E+2	9.549129E-1
9.105000E+2	9.548208E-1
9.107500E+2	9.543860E-1
9.110000E+2	9.543764E-1
9.112500E+2	9.550368E-1
9.115000E+2	9.554888E-1
9.117500E+2	9.552804E-1
9.120000E+2	9.549206E-1
9.122500E+2	9.546775E-1
9.125000E+2	9.543389E-1
9.127500E+2	9.540504E-1
9.130000E+2	9.542884E-1
9.132500E+2	9.548748E-1
9.135000E+2	9.548062E-1
9.137500E+2	9.540757E-1
9.140000E+2	9.537576E-1
9.142500E+2	9.544080E-1
9.145000E+2	9.550269E-1
9.147500E+2	9.547698E-1
9.150000E+2	9.543262E-1
9.152500E+2	9.545310E-1
9.155000E+2	9.548474E-1
9.157500E+2	9.543205E-1
9.160000E+2	9.534680E-1
9.162500E+2	9.536715E-1
9.165000E+2	9.548497E-1
9.167500E+2	9.551880E-1
9.170000E+2	9.541558E-1
9.172500E+2	9.532318E-1
9.175000E+2	9.538425E-1
9.177500E+2	9.548320E-1
9.180000E+2	9.547343E-1
9.182500E+2	9.538741E-1
9.185000E+2	9.536595E-1
9.187500E+2	9.539504E-1
9.190000E+2	9.537502E-1
9.192500E+2	9.533330E-1
9.195000E+2	9.537402E-1
9.197500E+2	9.544451E-1
9.200000E+2	9.543662E-1
9.202500E+2	9.538961E-1
9.205000E+2	9.543532E-1
9.207500E+2	9.552652E-1
9.210000E+2	9.552173E-1
9.212500E+2	9.543153E-1
9.215000E+2	9.541702E-1
9.217500E+2	9.547832E-1
9.220000E+2	9.546842E-1
9.222500E+2	9.536928E-1
9.225000E+2	9.534108E-1
9.227500E+2	9.540361E-1
9.230000E+2	9.541574E-1
9.232500E+2	9.535228E-1
9.235000E+2	9.535746E-1
9.237500E+2	9.545534E-1
9.240000E+2	9.551536E-1
9.242500E+2	9.548470E-1
9.245000E+2	9.546154E-1
9.247500E+2	9.547666E-1
9.250000E+2	9.543025E-1
9.252500E+2	9.530593E-1
9.255000E+2	9.525184E-1
9.257500E+2	9.531528E-1
9.260000E+2	9.539002E-1
9.262500E+2	9.541596E-1
9.265000E+2	9.542763E-1
9.267500E+2	9.543694E-1
9.270000E+2	9.540188E-1
9.272500E+2	9.532813E-1
9.275000E+2	9.527942E-1
9.277500E+2	9.525087E-1
9.280000E+2	9.521630E-1
9.282500E+2	9.523695E-1
9.285000E+2	9.533228E-1
9.287500E+2	9.537274E-1
9.290000E+2	9.530512E-1
9.292500E+2	9.526600E-1
9.295000E+2	9.537535E-1
9.297500E+2	9.547532E-1
9.300000E+2	9.539674E-1
9.302500E+2	9.521557E-1
9.305000E+2	9.518684E-1
9.307500E+2	9.532425E-1
9.310000E+2	9.543871E-1
9.312500E+2	9.540801E-1
9.315000E+2	9.528176E-1
9.317500E+2	9.519755E-1
9.320000E+2	9.521310E-1
9.322500E+2	9.529778E-1
9.325000E+2	9.529983E-1
9.327500E+2	9.516786E-1
9.330000E+2	9.508471E-1
9.332500E+2	9.523346E-1
9.335000E+2	9.543976E-1
9.337500E+2	9.536074E-1
9.340000E+2	9.509875E-1
9.342500E+2	9.507225E-1
9.345000E+2	9.537148E-1
9.347500E+2	9.555760E-1
9.350000E+2	9.542509E-1
9.352500E+2	9.523695E-1
9.355000E+2	9.527217E-1
9.357500E+2	9.537136E-1
9.360000E+2	9.533101E-1
9.362500E+2	9.522690E-1
9.365000E+2	9.521826E-1
9.367500E+2	9.526206E-1
9.370000E+2	9.530316E-1
9.372500E+2	9.538564E-1
9.375000E+2	9.543702E-1
9.377500E+2	9.533058E-1
9.380000E+2	9.517125E-1
9.382500E+2	9.520359E-1
9.385000E+2	9.538422E-1
9.387500E+2	9.539630E-1
9.390000E+2	9.524238E-1
9.392500E+2	9.523666E-1
9.395000E+2	9.544415E-1
9.397500E+2	9.550851E-1
9.400000E+2	9.530185E-1
9.402500E+2	9.509121E-1
9.405000E+2	9.515622E-1
9.407500E+2	9.534646E-1
9.410000E+2	9.546433E-1
9.412500E+2	9.545680E-1
9.415000E+2	9.529065E-1
9.417500E+2	9.503757E-1
9.420000E+2	9.491088E-1
9.422500E+2	9.510568E-1
9.425000E+2	9.538830E-1
9.427500E+2	9.536175E-1
9.430000E+2	9.516597E-1
9.432500E+2	9.518358E-1
9.435000E+2	9.540537E-1
9.437500E+2	9.544361E-1
9.440000E+2	9.526303E-1
9.442500E+2	9.514265E-1
9.445000E+2	9.517394E-1
9.447500E+2	9.514575E-1
9.450000E+2	9.505581E-1
9.452500E+2	9.510788E-1
9.455000E+2	9.524393E-1
9.457500E+2	9.522061E-1
9.460000E+2	9.513621E-1
9.462500E+2	9.524203E-1
9.465000E+2	9.540688E-1
9.467500E+2	9.532003E-1
9.470000E+2	9.509192E-1
9.472500E+2	9.503688E-1
9.475000E+2	9.512468E-1
9.477500E+2	9.508135E-1
9.480000E+2	9.500890E-1
9.482500E+2	9.518222E-1
9.485000E+2	9.540075E-1
9.487500E+2	9.528455E-1
9.490000E+2	9.499016E-1
9.492500E+2	9.491356E-1
9.495000E+2	9.503447E-1
9.497500E+2	9.499079E-1
9.500000E+2	9.485678E-1
9.502500E+2	9.495607E-1
9.505000E+2	9.517663E-1
9.507500E+2	9.515197E-1
9.510000E+2	9.504134E-1
9.512500E+2	9.519409E-1
9.515000E+2	9.538837E-1
9.517500E+2	9.519635E-1
9.520000E+2	9.485154E-1
9.522500E+2	9.489842E-1
9.525000E+2	9.522744E-1
9.527500E+2	9.518211E-1
9.530000E+2	9.480676E-1
9.532500E+2	9.473965E-1
9.535000E+2	9.517016E-1
9.537500E+2	9.543444E-1
9.540000E+2	9.523646E-1
9.542500E+2	9.493663E-1
9.545000E+2	9.494975E-1
9.547500E+2	9.509556E-1
9.550000E+2	9.511797E-1
9.552500E+2	9.506951E-1
9.555000E+2	9.507989E-1
9.557500E+2	9.512779E-1
9.560000E+2	9.520061E-1
9.562500E+2	9.531288E-1
9.565000E+2	9.533639E-1
9.567500E+2	9.521252E-1
9.570000E+2	9.510705E-1
9.572500E+2	9.516791E-1
9.575000E+2	9.524321E-1
9.577500E+2	9.514544E-1
9.580000E+2	9.503183E-1
9.582500E+2	9.511970E-1
9.585000E+2	9.527662E-1
9.587500E+2	9.522765E-1
9.590000E+2	9.506494E-1
9.592500E+2	9.501790E-1
9.595000E+2	9.507369E-1
9.597500E+2	9.506923E-1
9.600000E+2	9.508258E-1
9.602500E+2	9.522230E-1
9.605000E+2	9.525572E-1
9.607500E+2	9.499624E-1
9.610000E+2	9.470562E-1
9.612500E+2	9.474265E-1
9.615000E+2	9.499839E-1
9.617500E+2	9.502613E-1
9.620000E+2	9.486050E-1
9.622500E+2	9.485981E-1
9.625000E+2	9.507798E-1
9.627500E+2	9.515619E-1
9.630000E+2	9.499801E-1
9.632500E+2	9.482295E-1
9.635000E+2	9.483877E-1
9.637500E+2	9.497370E-1
9.640000E+2	9.512385E-1
9.642500E+2	9.521390E-1
9.645000E+2	9.511279E-1
9.647500E+2	9.490850E-1
9.650000E+2	9.486758E-1
9.652500E+2	9.503690E-1
9.655000E+2	9.504049E-1
9.657500E+2	9.477065E-1
9.660000E+2	9.465488E-1
9.662500E+2	9.496436E-1
9.665000E+2	9.514946E-1
9.667500E+2	9.474403E-1
9.670000E+2	9.427666E-1
9.672500E+2	9.447178E-1
9.675000E+2	9.503634E-1
9.677500E+2	9.505558E-1
9.680000E+2	9.464376E-1
9.682500E+2	9.455903E-1
9.685000E+2	9.489649E-1
9.687500E+2	9.492393E-1
9.690000E+2	9.460527E-1
9.692500E+2	9.461560E-1
9.695000E+2	9.503922E-1
9.697500E+2	9.506396E-1
9.700000E+2	9.454385E-1
9.702500E+2	9.425122E-1
9.705000E+2	9.462131E-1
9.707500E+2	9.488043E-1
9.710000E+2	9.456941E-1
9.712500E+2	9.417817E-1
9.715000E+2	9.426754E-1
9.717500E+2	9.445409E-1
9.720000E+2	9.441988E-1
9.722500E+2	9.447651E-1
9.725000E+2	9.471438E-1
9.727500E+2	9.460986E-1
9.730000E+2	9.413800E-1
9.732500E+2	9.402664E-1
9.735000E+2	9.457703E-1
9.737500E+2	9.485115E-1
9.740000E+2	9.444730E-1
9.742500E+2	9.408840E-1
9.745000E+2	9.444761E-1
9.747500E+2	9.479357E-1
9.750000E+2	9.447633E-1
9.752500E+2	9.394524E-1
9.755000E+2	9.401218E-1
9.757500E+2	9.434145E-1
9.760000E+2	9.435262E-1
9.762500E+2	9.426532E-1
9.765000E+2	9.446146E-1
9.767500E+2	9.455459E-1
9.770000E+2	9.421989E-1
9.772500E+2	9.386881E-1
9.775000E+2	9.398853E-1
9.777500E+2	9.410108E-1
9.780000E+2	9.378907E-1
9.782500E+2	9.353191E-1
9.785000E+2	9.384040E-1
9.787500E+2	9.406837E-1
9.790000E+2	9.372753E-1
9.792500E+2	9.339973E-1
9.795000E+2	9.379590E-1
9.797500E+2	9.427536E-1
9.800000E+2	9.411781E-1
9.802500E+2	9.366518E-1
9.805000E+2	9.361556E-1
9.807500E+2	9.367794E-1
9.810000E+2	9.333818E-1
9.812500E+2	9.299730E-1
9.815000E+2	9.325890E-1
9.817500E+2	9.353934E-1
9.820000E+2	9.325150E-1
9.822500E+2	9.288157E-1
9.825000E+2	9.320693E-1
9.827500E+2	9.364997E-1
9.830000E+2	9.348129E-1
9.832500E+2	9.294701E-1
9.835000E+2	9.280890E-1
9.837500E+2	9.287415E-1
9.840000E+2	9.266969E-1
9.842500E+2	9.253629E-1
9.845000E+2	9.291553E-1
9.847500E+2	9.316034E-1
9.850000E+2	9.286297E-1
9.852500E+2	9.257749E-1
9.855000E+2	9.290714E-1
9.857500E+2	9.319978E-1
9.860000E+2	9.294841E-1
9.862500E+2	9.266328E-1
9.865000E+2	9.286039E-1
9.867500E+2	9.292353E-1
9.870000E+2	9.247794E-1
9.872500E+2	9.227733E-1
9.875000E+2	9.289432E-1
9.877500E+2	9.328698E-1
9.880000E+2	9.276159E-1
9.882500E+2	9.210878E-1
9.885000E+2	9.243197E-1
9.887500E+2	9.297112E-1
9.890000E+2	9.268758E-1
9.892500E+2	9.207285E-1
9.895000E+2	9.226059E-1
9.897500E+2	9.279942E-1
9.900000E+2	9.257359E-1
9.902500E+2	9.180289E-1
9.905000E+2	9.173516E-1
9.907500E+2	9.236321E-1
9.910000E+2	9.263891E-1
9.912500E+2	9.225729E-1
9.915000E+2	9.196289E-1
9.917500E+2	9.218165E-1
9.920000E+2	9.245540E-1
9.922500E+2	9.241995E-1
9.925000E+2	9.213555E-1
9.927500E+2	9.186788E-1
9.930000E+2	9.169749E-1
9.932500E+2	9.170143E-1
9.935000E+2	9.185694E-1
9.937500E+2	9.194082E-1
9.940000E+2	9.197502E-1
9.942500E+2	9.207965E-1
9.945000E+2	9.204386E-1
9.947500E+2	9.169076E-1
9.950000E+2	9.136978E-1
9.952500E+2	9.143029E-1
9.955000E+2	9.149438E-1
9.957500E+2	9.107650E-1
9.960000E+2	9.071182E-1
9.962500E+2	9.116667E-1
9.965000E+2	9.185093E-1
9.967500E+2	9.148055E-1
9.970000E+2	9.057245E-1
9.972500E+2	9.052909E-1
9.975000E+2	9.152505E-1
9.977500E+2	9.183296E-1
9.980000E+2	9.120361E-1
9.982500E+2	9.095666E-1
9.985000E+2	9.180499E-1
9.987500E+2	9.240673E-1
9.990000E+2	9.206129E-1
9.992500E+2	9.149605E-1
9.995000E+2	9.150157E-1
9.997500E+2	9.174331E-1
1.000000E+3	9.186214E-1
1.000250E+3	9.218366E-1
1.000500E+3	9.270948E-1
1.000750E+3	9.288871E-1
1.001000E+3	9.279619E-1
1.001250E+3	9.287657E-1
1.001500E+3	9.314851E-1
1.001750E+3	9.328481E-1
1.002000E+3	9.346958E-1
1.002250E+3	9.396281E-1
1.002500E+3	9.437014E-1
1.002750E+3	9.436568E-1
1.003000E+3	9.449629E-1
1.003250E+3	9.517361E-1
1.003500E+3	9.587215E-1
1.003750E+3	9.606399E-1
1.004000E+3	9.619588E-1
1.004250E+3	9.669517E-1
1.004500E+3	9.726583E-1
1.004750E+3	9.749486E-1
1.005000E+3	9.752282E-1
1.005250E+3	9.753808E-1
1.005500E+3	9.741593E-1
1.005750E+3	9.686554E-1
1.006000E+3	9.582022E-1
1.006250E+3	9.441783E-1
1.006500E+3	9.240641E-1
1.006750E+3	8.936122E-1
1.007000E+3	8.582843E-1
1.007250E+3	8.149399E-1
1.007500E+3	7.414991E-1
1.007750E+3	6.531381E-1
1.008000E+3	5.921540E-1
1.008250E+3	5.123486E-1
1.008500E+3	3.865059E-1
1.008750E+3	3.293894E-1
1.009000E+3	3.308585E-1
1.009250E+3	2.624401E-1
1.009500E+3	1.711497E-1
1.009750E+3	1.880551E-1
1.010000E+3	2.154810E-1
1.010250E+3	1.517367E-1
1.010500E+3	1.050162E-1
1.010750E+3	1.559237E-1
1.011000E+3	1.667411E-1
1.011250E+3	1.068039E-1
1.011500E+3	8.767276E-2
1.011750E+3	1.360408E-1
1.012000E+3	1.244322E-1
1.012250E+3	6.165397E-2
1.012500E+3	8.417822E-2
1.012750E+3	1.500506E-1
1.013000E+3	1.378305E-1
1.013250E+3	6.922354E-2
1.013500E+3	6.874634E-2
1.013750E+3	1.169206E-1
1.014000E+3	1.025471E-1
1.014250E+3	5.362911E-2
1.014500E+3	7.063193E-2
1.014750E+3	9.507761E-2
1.015000E+3	7.346662E-2
1.015250E+3	6.473739E-2
1.015500E+3	1.089101E-1
1.015750E+3	1.095133E-1
1.016000E+3	4.554144E-2
1.016250E+3	2.270286E-2
1.016500E+3	8.418281E-2
1.016750E+3	9.465498E-2
1.017000E+3	3.741252E-2
1.017250E+3	2.382077E-2
1.017500E+3	8.125488E-2
1.017750E+3	9.827843E-2
1.018000E+3	7.320246E-2
1.018250E+3	1.039639E-1
1.018500E+3	1.571402E-1
1.018750E+3	1.387074E-1
1.019000E+3	9.063462E-2
1.019250E+3	1.370074E-1
1.019500E+3	2.028147E-1
1.019750E+3	1.835859E-1
1.020000E+3	1.433507E-1
1.020250E+3	1.863852E-1
1.020500E+3	2.427681E-1
1.020750E+3	2.198739E-1
1.021000E+3	1.982657E-1
1.021250E+3	2.689981E-1
1.021500E+3	3.180765E-1
1.021750E+3	2.712972E-1
1.022000E+3	2.314069E-1
1.022250E+3	3.133132E-1
1.022500E+3	3.912083E-1
1.022750E+3	3.602101E-1
1.023000E+3	3.244597E-1
1.023250E+3	3.847687E-1
1.023500E+3	4.494484E-1
1.023750E+3	4.376351E-1
1.024000E+3	4.157568E-1
1.024250E+3	4.617461E-1
1.024500E+3	4.963262E-1
1.024750E+3	4.587256E-1
1.025000E+3	4.351959E-1
1.025250E+3	4.968891E-1
1.025500E+3	5.555976E-1
1.025750E+3	5.383923E-1
1.026000E+3	5.058148E-1
1.026250E+3	5.434803E-1
1.026500E+3	5.811620E-1
1.026750E+3	5.598361E-1
1.027000E+3	5.300458E-1
1.027250E+3	5.607571E-1
1.027500E+3	6.081108E-1
1.027750E+3	6.129546E-1
1.028000E+3	5.948839E-1
1.028250E+3	6.042890E-1
1.028500E+3	6.223703E-1
1.028750E+3	6.257696E-1
1.029000E+3	6.388897E-1
1.029250E+3	6.763941E-1
1.029500E+3	7.111478E-1
1.029750E+3	7.323298E-1
1.030000E+3	7.467008E-1
1.030250E+3	7.551404E-1
1.030500E+3	7.548325E-1
1.030750E+3	7.580368E-1
1.031000E+3	7.809727E-1
1.031250E+3	8.058156E-1
1.031500E+3	8.110930E-1
1.031750E+3	8.031758E-1
1.032000E+3	8.076973E-1
1.032250E+3	8.259195E-1
1.032500E+3	8.338094E-1
1.032750E+3	8.303963E-1
1.033000E+3	8.356574E-1
1.033250E+3	8.538450E-1
1.033500E+3	8.663494E-1
1.033750E+3	8.682855E-1
1.034000E+3	8.695632E-1
1.034250E+3	8.740897E-1
1.034500E+3	8.748274E-1
1.034750E+3	8.730002E-1
1.035000E+3	8.793247E-1
1.035250E+3	8.911089E-1
1.035500E+3	8.940562E-1
1.035750E+3	8.893765E-1
1.036000E+3	8.905747E-1
1.036250E+3	9.015008E-1
1.036500E+3	9.103303E-1
1.036750E+3	9.118975E-1
1.037000E+3	9.116180E-1
1.037250E+3	9.134770E-1
1.037500E+3	9.147615E-1
1.037750E+3	9.161925E-1
1.038000E+3	9.220085E-1
1.038250E+3	9.284263E-1
1.038500E+3	9.283908E-1
1.038750E+3	9.252040E-1
1.039000E+3	9.285549E-1
1.039250E+3	9.372184E-1
1.039500E+3	9.400613E-1
1.039750E+3	9.354149E-1
1.040000E+3	9.337003E-1
1.040250E+3	9.405537E-1
1.040500E+3	9.473607E-1
1.040750E+3	9.480873E-1
1.041000E+3	9.468165E-1
1.041250E+3	9.489225E-1
1.041500E+3	9.518558E-1
1.041750E+3	9.524128E-1
1.042000E+3	9.527373E-1
1.042250E+3	9.549491E-1
1.042500E+3	9.565671E-1
1.042750E+3	9.563547E-1
1.043000E+3	9.574232E-1
1.043250E+3	9.610887E-1
1.043500E+3	9.635690E-1
1.043750E+3	9.632578E-1
1.044000E+3	9.637894E-1
1.044250E+3	9.671017E-1
1.044500E+3	9.691544E-1
1.044750E+3	9.672082E-1
1.045000E+3	9.650635E-1
1.045250E+3	9.668138E-1
1.045500E+3	9.693954E-1
1.045750E+3	9.689008E-1
1.046000E+3	9.676958E-1
1.046250E+3	9.702120E-1
1.046500E+3	9.744287E-1
1.046750E+3	9.752518E-1
1.047000E+3	9.724466E-1
1.047250E+3	9.708876E-1
1.047500E+3	9.723719E-1
1.047750E+3	9.739902E-1
1.048000E+3	9.741786E-1
1.048250E+3	9.747090E-1
1.048500E+3	9.764843E-1
1.048750E+3	9.778480E-1
1.049000E+3	9.777596E-1
1.049250E+3	9.776038E-1
1.049500E+3	9.786016E-1
1.049750E+3	9.799833E-1
1.050000E+3	9.805984E-1
1.050250E+3	9.805339E-1
1.050500E+3	9.804578E-1
1.050750E+3	9.805382E-1
1.051000E+3	9.807963E-1
1.051250E+3	9.814054E-1
1.051500E+3	9.822911E-1
1.051750E+3	9.831723E-1
1.052000E+3	9.839492E-1
1.052250E+3	9.845950E-1
1.052500E+3	9.849078E-1
1.052750E+3	9.848170E-1
1.053000E+3	9.846966E-1
1.053250E+3	9.849017E-1
1.053500E+3	9.852579E-1
1.053750E+3	9.855744E-1
1.054000E+3	9.860818E-1
1.054250E+3	9.867940E-1
1.054500E+3	9.871319E-1
1.054750E+3	9.868575E-1
1.055000E+3	9.867355E-1
1.055250E+3	9.874384E-1
1.055500E+3	9.883553E-1
1.055750E+3	9.885414E-1
1.056000E+3	9.882140E-1
1.056250E+3	9.883616E-1
1.056500E+3	9.890441E-1
1.056750E+3	9.893820E-1
1.057000E+3	9.890636E-1
1.057250E+3	9.888533E-1
1.057500E+3	9.893086E-1
1.057750E+3	9.899551E-1
1.058000E+3	9.901477E-1
1.058250E+3	9.900175E-1
1.058500E+3	9.901340E-1
1.058750E+3	9.906338E-1
1.059000E+3	9.911109E-1
1.059250E+3	9.911728E-1
1.059500E+3	9.908777E-1
1.059750E+3	9.906242E-1
1.060000E+3	9.907713E-1
1.060250E+3	9.912538E-1
1.060500E+3	9.916234E-1
1.060750E+3	9.916231E-1
1.061000E+3	9.915079E-1
1.061250E+3	9.916202E-1
1.061500E+3	9.918523E-1
1.061750E+3	9.918770E-1
1.062000E+3	9.917129E-1
1.062250E+3	9.916737E-1
1.062500E+3	9.918133E-1
1.062750E+3	9.918752E-1
1.063000E+3	9.917873E-1
1.063250E+3	9.917868E-1
1.063500E+3	9.919727E-1
1.063750E+3	9.921170E-1
1.064000E+3	9.920518E-1
1.064250E+3	9.919337E-1
1.064500E+3	9.919584E-1
1.064750E+3	9.920739E-1
1.065000E+3	9.921468E-1
1.065250E+3	9.921901E-1
1.065500E+3	9.922635E-1
1.065750E+3	9.923160E-1
1.066000E+3	9.923026E-1
1.066250E+3	9.923141E-1
1.066500E+3	9.924258E-1
1.066750E+3	9.925336E-1
1.067000E+3	9.925093E-1
1.067250E+3	9.924346E-1
1.067500E+3	9.924860E-1
1.067750E+3	9.926484E-1
1.068000E+3	9.927466E-1
1.068250E+3	9.927201E-1
1.068500E+3	9.927020E-1
1.068750E+3	9.927952E-1
1.069000E+3	9.929364E-1
1.069250E+3	9.930357E-1
1.069500E+3	9.930974E-1
1.069750E+3	9.931312E-1
1.070000E+3	9.930790E-1
1.070250E+3	9.929356E-1
1.070500E+3	9.928324E-1
1.070750E+3	9.928591E-1
1.071000E+3	9.928985E-1
1.071250E+3	9.927969E-1
1.071500E+3	9.926272E-1
1.071750E+3	9.925935E-1
1.072000E+3	9.926982E-1
1.072250E+3	9.927277E-1
1.072500E+3	9.925893E-1
1.072750E+3	9.924518E-1
1.073000E+3	9.924774E-1
1.073250E+3	9.926159E-1
1.073500E+3	9.927407E-1
1.073750E+3	9.928096E-1
1.074000E+3	9.928028E-1
1.074250E+3	9.926864E-1
1.074500E+3	9.925469E-1
1.074750E+3	9.925708E-1
1.075000E+3	9.927662E-1
1.075250E+3	9.929032E-1
1.075500E+3	9.928540E-1
1.075750E+3	9.927932E-1
1.076000E+3	9.928919E-1
1.076250E+3	9.930269E-1
1.076500E+3	9.929974E-1
1.076750E+3	9.928593E-1
1.077000E+3	9.928038E-1
1.077250E+3	9.928545E-1
1.077500E+3	9.929012E-1
1.077750E+3	9.929110E-1
1.078000E+3	9.929089E-1
1.078250E+3	9.928643E-1
1.078500E+3	9.927892E-1
1.078750E+3	9.928070E-1
1.079000E+3	9.929432E-1
1.079250E+3	9.930161E-1
1.079500E+3	9.929183E-1
1.079750E+3	9.928247E-1
1.080000E+3	9.928957E-1
1.080250E+3	9.929953E-1
1.080500E+3	9.929494E-1
1.080750E+3	9.928794E-1
1.081000E+3	9.929681E-1
1.081250E+3	9.931033E-1
1.081500E+3	9.930677E-1
1.081750E+3	9.929256E-1
1.082000E+3	9.928697E-1
1.082250E+3	9.928574E-1
1.082500E+3	9.927455E-1
1.082750E+3	9.926206E-1
1.083000E+3	9.926404E-1
1.083250E+3	9.927143E-1
1.083500E+3	9.926778E-1
1.083750E+3	9.926228E-1
1.084000E+3	9.926951E-1
1.084250E+3	9.927555E-1
1.084500E+3	9.926397E-1
1.084750E+3	9.925595E-1
1.085000E+3	9.927778E-1
1.085250E+3	9.930537E-1
1.085500E+3	9.929342E-1
1.085750E+3	9.925056E-1
1.086000E+3	9.923012E-1
1.086250E+3	9.924966E-1
1.086500E+3	9.927117E-1
1.086750E+3	9.926385E-1
1.087000E+3	9.924264E-1
1.087250E+3	9.923340E-1
1.087500E+3	9.924108E-1
1.087750E+3	9.925470E-1
1.088000E+3	9.925863E-1
1.088250E+3	9.924074E-1
1.088500E+3	9.921178E-1
1.088750E+3	9.920319E-1
1.089000E+3	9.921730E-1
1.089250E+3	9.921179E-1
1.089500E+3	9.916507E-1
1.089750E+3	9.912531E-1
1.090000E+3	9.914125E-1
1.090250E+3	9.918184E-1
1.090500E+3	9.918496E-1
1.090750E+3	9.915210E-1
1.091000E+3	9.913404E-1
1.091250E+3	9.914432E-1
1.091500E+3	9.915522E-1
1.091750E+3	9.915971E-1
1.092000E+3	9.916845E-1
1.092250E+3	9.916400E-1
1.092500E+3	9.912971E-1
1.092750E+3	9.910373E-1
1.093000E+3	9.912593E-1
1.093250E+3	9.915803E-1
1.093500E+3	9.913776E-1
1.093750E+3	9.909301E-1
1.094000E+3	9.909882E-1
1.094250E+3	9.914209E-1
1.094500E+3	9.913866E-1
1.094750E+3	9.907880E-1
1.095000E+3	9.903998E-1
1.095250E+3	9.904799E-1
1.095500E+3	9.904665E-1
1.095750E+3	9.902014E-1
1.096000E+3	9.902645E-1
1.096250E+3	9.907691E-1
1.096500E+3	9.909579E-1
1.096750E+3	9.905159E-1
1.097000E+3	9.901379E-1
1.097250E+3	9.902760E-1
1.097500E+3	9.904337E-1
1.097750E+3	9.901610E-1
1.098000E+3	9.898767E-1
1.098250E+3	9.900050E-1
1.098500E+3	9.902565E-1
1.098750E+3	9.902589E-1
1.099000E+3	9.902297E-1
1.099250E+3	9.903766E-1
1.099500E+3	9.904398E-1
1.099750E+3	9.902786E-1
1.100000E+3	9.901445E-1
1.100250E+3	9.899737E-1
1.100500E+3	9.893826E-1
1.100750E+3	9.886691E-1
1.101000E+3	9.886488E-1
1.101250E+3	9.891867E-1
1.101500E+3	9.891611E-1
1.101750E+3	9.883558E-1
1.102000E+3	9.880027E-1
1.102250E+3	9.886207E-1
1.102500E+3	9.889915E-1
1.102750E+3	9.881839E-1
1.103000E+3	9.872287E-1
1.103250E+3	9.872694E-1
1.103500E+3	9.876392E-1
1.103750E+3	9.871557E-1
1.104000E+3	9.863216E-1
1.104250E+3	9.863130E-1
1.104500E+3	9.867981E-1
1.104750E+3	9.864602E-1
1.105000E+3	9.853793E-1
1.105250E+3	9.848647E-1
1.105500E+3	9.852459E-1
1.105750E+3	9.854260E-1
1.106000E+3	9.848874E-1
1.106250E+3	9.844737E-1
1.106500E+3	9.848144E-1
1.106750E+3	9.852992E-1
1.107000E+3	9.851588E-1
1.107250E+3	9.845431E-1
1.107500E+3	9.840022E-1
1.107750E+3	9.838332E-1
1.108000E+3	9.840048E-1
1.108250E+3	9.842031E-1
1.108500E+3	9.839615E-1
1.108750E+3	9.833012E-1
1.109000E+3	9.829140E-1
1.109250E+3	9.830068E-1
1.109500E+3	9.827090E-1
1.109750E+3	9.816351E-1
1.110000E+3	9.810698E-1
1.110250E+3	9.819980E-1
1.110500E+3	9.830101E-1
1.110750E+3	9.819262E-1
1.111000E+3	9.793838E-1
1.111250E+3	9.780874E-1
1.111500E+3	9.788425E-1
1.111750E+3	9.795333E-1
1.112000E+3	9.786752E-1
1.112250E+3	9.773562E-1
1.112500E+3	9.768497E-1
1.112750E+3	9.765806E-1
1.113000E+3	9.757133E-1
1.113250E+3	9.747749E-1
1.113500E+3	9.743247E-1
1.113750E+3	9.736356E-1
1.114000E+3	9.722207E-1
1.114250E+3	9.710581E-1
1.114500E+3	9.708125E-1
1.114750E+3	9.702861E-1
1.115000E+3	9.684598E-1
1.115250E+3	9.665565E-1
1.115500E+3	9.659729E-1
1.115750E+3	9.656644E-1
1.116000E+3	9.637614E-1
1.116250E+3	9.608325E-1
1.116500E+3	9.587095E-1
1.116750E+3	9.571777E-1
1.117000E+3	9.543843E-1
1.117250E+3	9.504613E-1
1.117500E+3	9.473495E-1
1.117750E+3	9.451245E-1
1.118000E+3	9.418719E-1
1.118250E+3	9.375667E-1
1.118500E+3	9.339853E-1
1.118750E+3	9.299423E-1
1.119000E+3	9.218061E-1
1.119250E+3	9.105716E-1
1.119500E+3	9.030943E-1
1.119750E+3	9.010714E-1
1.120000E+3	8.950487E-1
1.120250E+3	8.789329E-1
1.120500E+3	8.601891E-1
1.120750E+3	8.491291E-1
1.121000E+3	8.410308E-1
1.121250E+3	8.252058E-1
1.121500E+3	8.053765E-1
1.121750E+3	7.936206E-1
1.122000E+3	7.900441E-1
1.122250E+3	7.881395E-1
1.122500E+3	7.860469E-1
1.122750E+3	7.855350E-1
1.123000E+3	7.907374E-1
1.123250E+3	8.066460E-1
1.123500E+3	8.284667E-1
1.123750E+3	8.454238E-1
1.124000E+3	8.579865E-1
1.124250E+3	8.734503E-1
1.124500E+3	8.911017E-1
1.124750E+3	9.044303E-1
1.125000E+3	9.128073E-1
1.125250E+3	9.203847E-1
1.125500E+3	9.288713E-1
1.125750E+3	9.361759E-1
1.126000E+3	9.411279E-1
1.126250E+3	9.449929E-1
1.126500E+3	9.487636E-1
1.126750E+3	9.518425E-1
1.127000E+3	9.535996E-1
1.127250E+3	9.545810E-1
1.127500E+3	9.555757E-1
1.127750E+3	9.563612E-1
1.128000E+3	9.562500E-1
1.128250E+3	9.553004E-1
1.128500E+3	9.541987E-1
1.128750E+3	9.531010E-1
1.129000E+3	9.514049E-1
1.129250E+3	9.489090E-1
1.129500E+3	9.464236E-1
1.129750E+3	9.446734E-1
1.130000E+3	9.431992E-1
1.130250E+3	9.410548E-1
1.130500E+3	9.381868E-1
1.130750E+3	9.355397E-1
1.131000E+3	9.338378E-1
1.131250E+3	9.328894E-1
1.131500E+3	9.321053E-1
1.131750E+3	9.312438E-1
1.132000E+3	9.306040E-1
1.132250E+3	9.306940E-1
1.132500E+3	9.316649E-1
1.132750E+3	9.329886E-1
1.133000E+3	9.340436E-1
1.133250E+3	9.349294E-1
1.133500E+3	9.362414E-1
1.133750E+3	9.381317E-1
1.134000E+3	9.401518E-1
1.134250E+3	9.420727E-1
1.134500E+3	9.441554E-1
1.134750E+3	9.464771E-1
1.135000E+3	9.486296E-1
1.135250E+3	9.503610E-1
1.135500E+3	9.520017E-1
1.135750E+3	9.539564E-1
1.136000E+3	9.560499E-1
1.136250E+3	9.577969E-1
1.136500E+3	9.591446E-1
1.136750E+3	9.605682E-1
1.137000E+3	9.622988E-1
1.137250E+3	9.638659E-1
1.137500E+3	9.647884E-1
1.137750E+3	9.654526E-1
1.138000E+3	9.665913E-1
1.138250E+3	9.680578E-1
1.138500E+3	9.690360E-1
1.138750E+3	9.695325E-1
1.139000E+3	9.705068E-1
1.139250E+3	9.720809E-1
1.139500E+3	9.730034E-1
1.139750E+3	9.726812E-1
1.140000E+3	9.725210E-1
1.140250E+3	9.738127E-1
1.140500E+3	9.756574E-1
1.140750E+3	9.763063E-1
1.141000E+3	9.759204E-1
1.141250E+3	9.760649E-1
1.141500E+3	9.771352E-1
1.141750E+3	9.780873E-1
1.142000E+3	9.784627E-1
1.142250E+3	9.789271E-1
1.142500E+3	9.797653E-1
1.142750E+3	9.804360E-1
1.143000E+3	9.807246E-1
1.143250E+3	9.809498E-1
1.143500E+3	9.810733E-1
1.143750E+3	9.809389E-1
1.144000E+3	9.811468E-1
1.144250E+3	9.822718E-1
1.144500E+3	9.835215E-1
1.144750E+3	9.836225E-1
1.145000E+3	9.829630E-1
1.145250E+3	9.830230E-1
1.145500E+3	9.839584E-1
1.145750E+3	9.845123E-1
1.146000E+3	9.843026E-1
1.146250E+3	9.842974E-1
1.146500E+3	9.848771E-1
1.146750E+3	9.852940E-1
1.147000E+3	9.853367E-1
1.147250E+3	9.857179E-1
1.147500E+3	9.864123E-1
1.147750E+3	9.864484E-1
1.148000E+3	9.858183E-1
1.148250E+3	9.858387E-1
1.148500E+3	9.869531E-1
1.148750E+3	9.878563E-1
1.149000E+3	9.876954E-1
1.149250E+3	9.873686E-1
1.149500E+3	9.877775E-1
1.149750E+3	9.882470E-1
1.150000E+3	9.878671E-1
1.150250E+3	9.871498E-1
1.150500E+3	9.871853E-1
1.150750E+3	9.879575E-1
1.151000E+3	9.885479E-1
1.151250E+3	9.886335E-1
1.151500E+3	9.886189E-1
1.151750E+3	9.887128E-1
1.152000E+3	9.886523E-1
1.152250E+3	9.883185E-1
1.152500E+3	9.880504E-1
1.152750E+3	9.882527E-1
1.153000E+3	9.888702E-1
1.153250E+3	9.893608E-1
1.153500E+3	9.892974E-1
1.153750E+3	9.890843E-1
1.154000E+3	9.894998E-1
1.154250E+3	9.903738E-1
1.154500E+3	9.904727E-1
1.154750E+3	9.893136E-1
1.155000E+3	9.883241E-1
1.155250E+3	9.889261E-1
1.155500E+3	9.904925E-1
1.155750E+3	9.911478E-1
1.156000E+3	9.904834E-1
1.156250E+3	9.898503E-1
1.156500E+3	9.901492E-1
1.156750E+3	9.907354E-1
1.157000E+3	9.907161E-1
1.157250E+3	9.902360E-1
1.157500E+3	9.898407E-1
1.157750E+3	9.896639E-1
1.158000E+3	9.896312E-1
1.158250E+3	9.898336E-1
1.158500E+3	9.902839E-1
1.158750E+3	9.907226E-1
1.159000E+3	9.909813E-1
1.159250E+3	9.911593E-1
1.159500E+3	9.913200E-1
1.159750E+3	9.914031E-1
1.160000E+3	9.914352E-1
1.160250E+3	9.914758E-1
1.160500E+3	9.914611E-1
1.160750E+3	9.914351E-1
1.161000E+3	9.916771E-1
1.161250E+3	9.921658E-1
1.161500E+3	9.922996E-1
1.161750E+3	9.917005E-1
1.162000E+3	9.910368E-1
1.162250E+3	9.912180E-1
1.162500E+3	9.920884E-1
1.162750E+3	9.926346E-1
1.163000E+3	9.924956E-1
1.163250E+3	9.922781E-1
1.163500E+3	9.923930E-1
1.163750E+3	9.924985E-1
1.164000E+3	9.922899E-1
1.164250E+3	9.920973E-1
1.164500E+3	9.922987E-1
1.164750E+3	9.926477E-1
1.165000E+3	9.926512E-1
1.165250E+3	9.923558E-1
1.165500E+3	9.922689E-1
1.165750E+3	9.926634E-1
1.166000E+3	9.931512E-1
1.166250E+3	9.931817E-1
1.166500E+3	9.927172E-1
1.166750E+3	9.923049E-1
1.167000E+3	9.924140E-1
1.167250E+3	9.928395E-1
1.167500E+3	9.931020E-1
1.167750E+3	9.930974E-1
1.168000E+3	9.930604E-1
1.168250E+3	9.930265E-1
1.168500E+3	9.928359E-1
1.168750E+3	9.926405E-1
1.169000E+3	9.928189E-1
1.169250E+3	9.932933E-1
1.169500E+3	9.935146E-1
1.169750E+3	9.932820E-1
1.170000E+3	9.930301E-1
1.170250E+3	9.930727E-1
1.170500E+3	9.931276E-1
1.170750E+3	9.928821E-1
1.171000E+3	9.925582E-1
1.171250E+3	9.925569E-1
1.171500E+3	9.929141E-1
1.171750E+3	9.932849E-1
1.172000E+3	9.933542E-1
1.172250E+3	9.931133E-1
1.172500E+3	9.929114E-1
1.172750E+3	9.932402E-1
1.173000E+3	9.940336E-1
1.173250E+3	9.944839E-1
1.173500E+3	9.939654E-1
1.173750E+3	9.930515E-1
1.174000E+3	9.928868E-1
1.174250E+3	9.934922E-1
1.174500E+3	9.938010E-1
1.174750E+3	9.933058E-1
1.175000E+3	9.928108E-1
1.175250E+3	9.930232E-1
1.175500E+3	9.935158E-1
1.175750E+3	9.935493E-1
1.176000E+3	9.931930E-1
1.176250E+3	9.929619E-1
1.176500E+3	9.929414E-1
1.176750E+3	9.929380E-1
1.177000E+3	9.929815E-1
1.177250E+3	9.931337E-1
1.177500E+3	9.931854E-1
1.177750E+3	9.930231E-1
1.178000E+3	9.929374E-1
1.178250E+3	9.931345E-1
1.178500E+3	9.933553E-1
1.178750E+3	9.933404E-1
1.179000E+3	9.932762E-1
1.179250E+3	9.933551E-1
1.179500E+3	9.933841E-1
1.179750E+3	9.932435E-1
1.180000E+3	9.932536E-1
1.180250E+3	9.935725E-1
1.180500E+3	9.937421E-1
1.180750E+3	9.933318E-1
1.181000E+3	9.927318E-1
1.181250E+3	9.926207E-1
1.181500E+3	9.929840E-1
1.181750E+3	9.932540E-1
1.182000E+3	9.931965E-1
1.182250E+3	9.930955E-1
1.182500E+3	9.931547E-1
1.182750E+3	9.932447E-1
1.183000E+3	9.932139E-1
1.183250E+3	9.931052E-1
1.183500E+3	9.930252E-1
1.183750E+3	9.930394E-1
1.184000E+3	9.931410E-1
1.184250E+3	9.932205E-1
1.184500E+3	9.931815E-1
1.184750E+3	9.931220E-1
1.185000E+3	9.932009E-1
1.185250E+3	9.933217E-1
1.185500E+3	9.932612E-1
1.185750E+3	9.930980E-1
1.186000E+3	9.931042E-1
1.186250E+3	9.932036E-1
1.186500E+3	9.930854E-1
1.186750E+3	9.928820E-1
1.187000E+3	9.930744E-1
1.187250E+3	9.935713E-1
1.187500E+3	9.936127E-1
1.187750E+3	9.929114E-1
1.188000E+3	9.922591E-1
1.188250E+3	9.924261E-1
1.188500E+3	9.931056E-1
1.188750E+3	9.934530E-1
1.189000E+3	9.932286E-1
1.189250E+3	9.928302E-1
1.189500E+3	9.926267E-1
1.189750E+3	9.927450E-1
1.190000E+3	9.931651E-1
1.190250E+3	9.936632E-1
1.190500E+3	9.938574E-1
1.190750E+3	9.936392E-1
1.191000E+3	9.933376E-1
1.191250E+3	9.931552E-1
1.191500E+3	9.929274E-1
1.191750E+3	9.926299E-1
1.192000E+3	9.925497E-1
1.192250E+3	9.927356E-1
1.192500E+3	9.928608E-1
1.192750E+3	9.928425E-1
1.193000E+3	9.929712E-1
1.193250E+3	9.931678E-1
1.193500E+3	9.929379E-1
1.193750E+3	9.924263E-1
1.194000E+3	9.925345E-1
1.194250E+3	9.933837E-1
1.194500E+3	9.938326E-1
1.194750E+3	9.930543E-1
1.195000E+3	9.920129E-1
1.195250E+3	9.920590E-1
1.195500E+3	9.930136E-1
1.195750E+3	9.936192E-1
1.196000E+3	9.933610E-1
1.196250E+3	9.928577E-1
1.196500E+3	9.926164E-1
1.196750E+3	9.925972E-1
1.197000E+3	9.927190E-1
1.197250E+3	9.929641E-1
1.197500E+3	9.931073E-1
1.197750E+3	9.929818E-1
1.198000E+3	9.928571E-1
1.198250E+3	9.929604E-1
1.198500E+3	9.930030E-1
1.198750E+3	9.927545E-1
1.199000E+3	9.925971E-1
1.199250E+3	9.928080E-1
1.199500E+3	9.929496E-1
1.199750E+3	9.926467E-1
1.200000E+3	9.924271E-1
1.200250E+3	9.928229E-1
1.200500E+3	9.932844E-1
1.200750E+3	9.930491E-1
1.201000E+3	9.924462E-1
1.201250E+3	9.922632E-1
1.201500E+3	9.923882E-1
1.201750E+3	9.922139E-1
1.202000E+3	9.919905E-1
1.202250E+3	9.925195E-1
1.202500E+3	9.935355E-1
1.202750E+3	9.937298E-1
1.203000E+3	9.927093E-1
1.203250E+3	9.916130E-1
1.203500E+3	9.913916E-1
1.203750E+3	9.919380E-1
1.204000E+3	9.927250E-1
1.204250E+3	9.932816E-1
1.204500E+3	9.932081E-1
1.204750E+3	9.925516E-1
1.205000E+3	9.920187E-1
1.205250E+3	9.921155E-1
1.205500E+3	9.923764E-1
1.205750E+3	9.920659E-1
1.206000E+3	9.914669E-1
1.206250E+3	9.914492E-1
1.206500E+3	9.920579E-1
1.206750E+3	9.924665E-1
1.207000E+3	9.923726E-1
1.207250E+3	9.923551E-1
1.207500E+3	9.926836E-1
1.207750E+3	9.927947E-1
1.208000E+3	9.923235E-1
1.208250E+3	9.917102E-1
1.208500E+3	9.915253E-1
1.208750E+3	9.918700E-1
1.209000E+3	9.924603E-1
1.209250E+3	9.929658E-1
1.209500E+3	9.929766E-1
1.209750E+3	9.922884E-1
1.210000E+3	9.915681E-1
1.210250E+3	9.917197E-1
1.210500E+3	9.926533E-1
1.210750E+3	9.933167E-1
1.211000E+3	9.930393E-1
1.211250E+3	9.924094E-1
1.211500E+3	9.922597E-1
1.211750E+3	9.926548E-1
1.212000E+3	9.930513E-1
1.212250E+3	9.931056E-1
1.212500E+3	9.929043E-1
1.212750E+3	9.925891E-1
1.213000E+3	9.922045E-1
1.213250E+3	9.918223E-1
1.213500E+3	9.916479E-1
1.213750E+3	9.919388E-1
1.214000E+3	9.926603E-1
1.214250E+3	9.932771E-1
1.214500E+3	9.932579E-1
1.214750E+3	9.927970E-1
1.215000E+3	9.926270E-1
1.215250E+3	9.929484E-1
1.215500E+3	9.931383E-1
1.215750E+3	9.927705E-1
1.216000E+3	9.923107E-1
1.216250E+3	9.923687E-1
1.216500E+3	9.927311E-1
1.216750E+3	9.927636E-1
1.217000E+3	9.924271E-1
1.217250E+3	9.921875E-1
1.217500E+3	9.922203E-1
1.217750E+3	9.923076E-1
1.218000E+3	9.923461E-1
1.218250E+3	9.924258E-1
1.218500E+3	9.924645E-1
1.218750E+3	9.922520E-1
1.219000E+3	9.919095E-1
1.219250E+3	9.919098E-1
1.219500E+3	9.924891E-1
1.219750E+3	9.932043E-1
1.220000E+3	9.932993E-1
1.220250E+3	9.925888E-1
1.220500E+3	9.918463E-1
1.220750E+3	9.920265E-1
1.221000E+3	9.928865E-1
1.221250E+3	9.932033E-1
1.221500E+3	9.925323E-1
1.221750E+3	9.919886E-1
1.222000E+3	9.925885E-1
1.222250E+3	9.934803E-1
1.222500E+3	9.932913E-1
1.222750E+3	9.922898E-1
1.223000E+3	9.918404E-1
1.223250E+3	9.920829E-1
1.223500E+3	9.919496E-1
1.223750E+3	9.914058E-1
1.224000E+3	9.915617E-1
1.224250E+3	9.924196E-1
1.224500E+3	9.925946E-1
1.224750E+3	9.917206E-1
1.225000E+3	9.913219E-1
1.225250E+3	9.921680E-1
1.225500E+3	9.929867E-1
1.225750E+3	9.927173E-1
1.226000E+3	9.922433E-1
1.226250E+3	9.925506E-1
1.226500E+3	9.929326E-1
1.226750E+3	9.924656E-1
1.227000E+3	9.917732E-1
1.227250E+3	9.917038E-1
1.227500E+3	9.917334E-1
1.227750E+3	9.912097E-1
1.228000E+3	9.909045E-1
1.228250E+3	9.916150E-1
1.228500E+3	9.924748E-1
1.228750E+3	9.923412E-1
1.229000E+3	9.918044E-1
1.229250E+3	9.920383E-1
1.229500E+3	9.927117E-1
1.229750E+3	9.927251E-1
1.230000E+3	9.921985E-1
1.230250E+3	9.919321E-1
1.230500E+3	9.917273E-1
1.230750E+3	9.911359E-1
1.231000E+3	9.909112E-1
1.231250E+3	9.917701E-1
1.231500E+3	9.926468E-1
1.231750E+3	9.921586E-1
1.232000E+3	9.911005E-1
1.232250E+3	9.912770E-1
1.232500E+3	9.923713E-1
1.232750E+3	9.925060E-1
1.233000E+3	9.914794E-1
1.233250E+3	9.909877E-1
1.233500E+3	9.916118E-1
1.233750E+3	9.920536E-1
1.234000E+3	9.916168E-1
1.234250E+3	9.912628E-1
1.234500E+3	9.915330E-1
1.234750E+3	9.916325E-1
1.235000E+3	9.911384E-1
1.235250E+3	9.908663E-1
1.235500E+3	9.912884E-1
1.235750E+3	9.917098E-1
1.236000E+3	9.916426E-1
1.236250E+3	9.915557E-1
1.236500E+3	9.916837E-1
1.236750E+3	9.915267E-1
1.237000E+3	9.910348E-1
1.237250E+3	9.908797E-1
1.237500E+3	9.911578E-1
1.237750E+3	9.911725E-1
1.238000E+3	9.909410E-1
1.238250E+3	9.913087E-1
1.238500E+3	9.921835E-1
1.238750E+3	9.922710E-1
1.239000E+3	9.912681E-1
1.239250E+3	9.905624E-1
1.239500E+3	9.909435E-1
1.239750E+3	9.914144E-1
1.240000E+3	9.910976E-1
1.240250E+3	9.907659E-1
1.240500E+3	9.911962E-1
1.240750E+3	9.916504E-1
1.241000E+3	9.912466E-1
1.241250E+3	9.906869E-1
1.241500E+3	9.909656E-1
1.241750E+3	9.915799E-1
1.242000E+3	9.914642E-1
1.242250E+3	9.909463E-1
1.242500E+3	9.910260E-1
1.242750E+3	9.915395E-1
1.243000E+3	9.915269E-1
1.243250E+3	9.910621E-1
1.243500E+3	9.910510E-1
1.243750E+3	9.914795E-1
1.244000E+3	9.914106E-1
1.244250E+3	9.907577E-1
1.244500E+3	9.905705E-1
1.244750E+3	9.912615E-1
1.245000E+3	9.918585E-1
1.245250E+3	9.915044E-1
1.245500E+3	9.907111E-1
1.245750E+3	9.904377E-1
1.246000E+3	9.907918E-1
1.246250E+3	9.912350E-1
1.246500E+3	9.915192E-1
1.246750E+3	9.916853E-1
1.247000E+3	9.915786E-1
1.247250E+3	9.910863E-1
1.247500E+3	9.906249E-1
1.247750E+3	9.907570E-1
1.248000E+3	9.913686E-1
1.248250E+3	9.917833E-1
1.248500E+3	9.916551E-1
1.248750E+3	9.912226E-1
1.249000E+3	9.907585E-1
1.249250E+3	9.903225E-1
1.249500E+3	9.901907E-1
1.249750E+3	9.907961E-1
1.250000E+3	9.917909E-1
1.250250E+3	9.920030E-1
1.250500E+3	9.910946E-1
1.250750E+3	9.903551E-1
1.251000E+3	9.910240E-1
1.251250E+3	9.922716E-1
1.251500E+3	9.923892E-1
1.251750E+3	9.914793E-1
1.252000E+3	9.912996E-1
1.252250E+3	9.923411E-1
1.252500E+3	9.928239E-1
1.252750E+3	9.916231E-1
1.253000E+3	9.902280E-1
1.253250E+3	9.905239E-1
1.253500E+3	9.917875E-1
1.253750E+3	9.920414E-1
1.254000E+3	9.911636E-1
1.254250E+3	9.907948E-1
1.254500E+3	9.916032E-1
1.254750E+3	9.924333E-1
1.255000E+3	9.923599E-1
1.255250E+3	9.918925E-1
1.255500E+3	9.917805E-1
1.255750E+3	9.917715E-1
1.256000E+3	9.913590E-1
1.256250E+3	9.908491E-1
1.256500E+3	9.909238E-1
1.256750E+3	9.916327E-1
1.257000E+3	9.923451E-1
1.257250E+3	9.924280E-1
1.257500E+3	9.918253E-1
1.257750E+3	9.911511E-1
1.258000E+3	9.911281E-1
1.258250E+3	9.917429E-1
1.258500E+3	9.921361E-1
1.258750E+3	9.917645E-1
1.259000E+3	9.912977E-1
1.259250E+3	9.916277E-1
1.259500E+3	9.924103E-1
1.259750E+3	9.925317E-1
1.260000E+3	9.918264E-1
1.260250E+3	9.913559E-1
1.260500E+3	9.918105E-1
1.260750E+3	9.925650E-1
1.261000E+3	9.927026E-1
1.261250E+3	9.921543E-1
1.261500E+3	9.915501E-1
1.261750E+3	9.914134E-1
1.262000E+3	9.918076E-1
1.262250E+3	9.924037E-1
1.262500E+3	9.926435E-1
1.262750E+3	9.922857E-1
1.263000E+3	9.918326E-1
1.263250E+3	9.919190E-1
1.263500E+3	9.923916E-1
1.263750E+3	9.925299E-1
1.264000E+3	9.921887E-1
1.264250E+3	9.920148E-1
1.264500E+3	9.923584E-1
1.264750E+3	9.927385E-1
1.265000E+3	9.926778E-1
1.265250E+3	9.923682E-1
1.265500E+3	9.921987E-1
1.265750E+3	9.921871E-1
1.266000E+3	9.922442E-1
1.266250E+3	9.924608E-1
1.266500E+3	9.927457E-1
1.266750E+3	9.927105E-1
1.267000E+3	9.923326E-1
1.267250E+3	9.922103E-1
1.267500E+3	9.927017E-1
1.267750E+3	9.932587E-1
1.268000E+3	9.931692E-1
1.268250E+3	9.925793E-1
1.268500E+3	9.922203E-1
1.268750E+3	9.923575E-1
1.269000E+3	9.925940E-1
1.269250E+3	9.926321E-1
1.269500E+3	9.926345E-1
1.269750E+3	9.927824E-1
1.270000E+3	9.929587E-1
1.270250E+3	9.929858E-1
1.270500E+3	9.928872E-1
1.270750E+3	9.928134E-1
1.271000E+3	9.928698E-1
1.271250E+3	9.930518E-1
1.271500E+3	9.932007E-1
1.271750E+3	9.930990E-1
1.272000E+3	9.927866E-1
1.272250E+3	9.926425E-1
1.272500E+3	9.929116E-1
1.272750E+3	9.932641E-1
1.273000E+3	9.931879E-1
1.273250E+3	9.927625E-1
1.273500E+3	9.926139E-1
1.273750E+3	9.930060E-1
1.274000E+3	9.934545E-1
1.274250E+3	9.934526E-1
1.274500E+3	9.931788E-1
1.274750E+3	9.931321E-1
1.275000E+3	9.933298E-1
1.275250E+3	9.933764E-1
1.275500E+3	9.932071E-1
1.275750E+3	9.932210E-1
1.276000E+3	9.935547E-1
1.276250E+3	9.937849E-1
1.276500E+3	9.936015E-1
1.276750E+3	9.933548E-1
1.277000E+3	9.935065E-1
1.277250E+3	9.938574E-1
1.277500E+3	9.938623E-1
1.277750E+3	9.935130E-1
1.278000E+3	9.933292E-1
1.278250E+3	9.935175E-1
1.278500E+3	9.937165E-1
1.278750E+3	9.936741E-1
1.279000E+3	9.936197E-1
1.279250E+3	9.937451E-1
1.279500E+3	9.938472E-1
1.279750E+3	9.937592E-1
1.280000E+3	9.936851E-1
1.280250E+3	9.937712E-1
1.280500E+3	9.937830E-1
1.280750E+3	9.935959E-1
1.281000E+3	9.935791E-1
1.281250E+3	9.940078E-1
1.281500E+3	9.944571E-1
1.281750E+3	9.943725E-1
1.282000E+3	9.939426E-1
1.282250E+3	9.937951E-1
1.282500E+3	9.940045E-1
1.282750E+3	9.940776E-1
1.283000E+3	9.938836E-1
1.283250E+3	9.938703E-1
1.283500E+3	9.942325E-1
1.283750E+3	9.945192E-1
1.284000E+3	9.943465E-1
1.284250E+3	9.939865E-1
1.284500E+3	9.939143E-1
1.284750E+3	9.941297E-1
1.285000E+3	9.943049E-1
1.285250E+3	9.943224E-1
1.285500E+3	9.943207E-1
1.285750E+3	9.943527E-1
1.286000E+3	9.943181E-1
1.286250E+3	9.941959E-1
1.286500E+3	9.941143E-1
1.286750E+3	9.941606E-1
1.287000E+3	9.942701E-1
1.287250E+3	9.943297E-1
1.287500E+3	9.943169E-1
1.287750E+3	9.943024E-1
1.288000E+3	9.943255E-1
1.288250E+3	9.943247E-1
1.288500E+3	9.942447E-1
1.288750E+3	9.941714E-1
1.289000E+3	9.942274E-1
1.289250E+3	9.943470E-1
1.289500E+3	9.943332E-1
1.289750E+3	9.941807E-1
1.290000E+3	9.941076E-1
1.290250E+3	9.941840E-1
1.290500E+3	9.941871E-1
1.290750E+3	9.939903E-1
1.291000E+3	9.938155E-1
1.291250E+3	9.938817E-1
1.291500E+3	9.940360E-1
1.291750E+3	9.940223E-1
1.292000E+3	9.938835E-1
1.292250E+3	9.938075E-1
1.292500E+3	9.937834E-1
1.292750E+3	9.937131E-1
1.293000E+3	9.936871E-1
1.293250E+3	9.938058E-1
1.293500E+3	9.938926E-1
1.293750E+3	9.937507E-1
1.294000E+3	9.935401E-1
1.294250E+3	9.935317E-1
1.294500E+3	9.936356E-1
1.294750E+3	9.935624E-1
1.295000E+3	9.933443E-1
1.295250E+3	9.932557E-1
1.295500E+3	9.933105E-1
1.295750E+3	9.932634E-1
1.296000E+3	9.930975E-1
1.296250E+3	9.930538E-1
1.296500E+3	9.931660E-1
1.296750E+3	9.931821E-1
1.297000E+3	9.930243E-1
1.297250E+3	9.929107E-1
1.297500E+3	9.929449E-1
1.297750E+3	9.929409E-1
1.298000E+3	9.927884E-1
1.298250E+3	9.926495E-1
1.298500E+3	9.926631E-1
1.298750E+3	9.927175E-1
1.299000E+3	9.926801E-1
1.299250E+3	9.926014E-1
1.299500E+3	9.925659E-1
1.299750E+3	9.925408E-1
1.300000E+3	9.924954E-1
1.300250E+3	9.924889E-1
1.300500E+3	9.925348E-1
1.300750E+3	9.925354E-1
1.301000E+3	9.924456E-1
1.301250E+3	9.923581E-1
1.301500E+3	9.923547E-1
1.301750E+3	9.923841E-1
1.302000E+3	9.923664E-1
1.302250E+3	9.923054E-1
1.302500E+3	9.922429E-1
1.302750E+3	9.921828E-1
1.303000E+3	9.921131E-1
1.303250E+3	9.920451E-1
1.303500E+3	9.919893E-1
1.303750E+3	9.919315E-1
1.304000E+3	9.918566E-1
1.304250E+3	9.917693E-1
1.304500E+3	9.916876E-1
1.304750E+3	9.916293E-1
1.305000E+3	9.915943E-1
1.305250E+3	9.915579E-1
1.305500E+3	9.915021E-1
1.305750E+3	9.914562E-1
1.306000E+3	9.914537E-1
1.306250E+3	9.914596E-1
1.306500E+3	9.914065E-1
1.306750E+3	9.913083E-1
1.307000E+3	9.912447E-1
1.307250E+3	9.912380E-1
1.307500E+3	9.912307E-1
1.307750E+3	9.911900E-1
1.308000E+3	9.911417E-1
1.308250E+3	9.910980E-1
1.308500E+3	9.910496E-1
1.308750E+3	9.910250E-1
1.309000E+3	9.910572E-1
1.309250E+3	9.910994E-1
1.309500E+3	9.910729E-1
1.309750E+3	9.909937E-1
1.310000E+3	9.909347E-1
1.310250E+3	9.909010E-1
1.310500E+3	9.908609E-1
1.310750E+3	9.908496E-1
1.311000E+3	9.909047E-1
1.311250E+3	9.909462E-1
1.311500E+3	9.908805E-1
1.311750E+3	9.907919E-1
1.312000E+3	9.908266E-1
1.312250E+3	9.909337E-1
1.312500E+3	9.909177E-1
1.312750E+3	9.907700E-1
1.313000E+3	9.907015E-1
1.313250E+3	9.908185E-1
1.313500E+3	9.909554E-1
1.313750E+3	9.909238E-1
1.314000E+3	9.907710E-1
1.314250E+3	9.906808E-1
1.314500E+3	9.907423E-1
1.314750E+3	9.908708E-1
1.315000E+3	9.909405E-1
1.315250E+3	9.909100E-1
1.315500E+3	9.908433E-1
1.315750E+3	9.908078E-1
1.316000E+3	9.907608E-1
1.316250E+3	9.906283E-1
1.316500E+3	9.904991E-1
1.316750E+3	9.905694E-1
1.317000E+3	9.908323E-1
1.317250E+3	9.910062E-1
1.317500E+3	9.908849E-1
1.317750E+3	9.906579E-1
1.318000E+3	9.906362E-1
1.318250E+3	9.908238E-1
1.318500E+3	9.909488E-1
1.318750E+3	9.908951E-1
1.319000E+3	9.908449E-1
1.319250E+3	9.909664E-1
1.319500E+3	9.911548E-1
1.319750E+3	9.911775E-1
1.320000E+3	9.909979E-1
1.320250E+3	9.908410E-1
1.320500E+3	9.909678E-1
1.320750E+3	9.913206E-1
1.321000E+3	9.915363E-1
1.321250E+3	9.913743E-1
1.321500E+3	9.910820E-1
1.321750E+3	9.911280E-1
1.322000E+3	9.915676E-1
1.322250E+3	9.919909E-1
1.322500E+3	9.920775E-1
1.322750E+3	9.919848E-1
1.323000E+3	9.919755E-1
1.323250E+3	9.920347E-1
1.323500E+3	9.920684E-1
1.323750E+3	9.921571E-1
1.324000E+3	9.923452E-1
1.324250E+3	9.924446E-1
1.324500E+3	9.923433E-1
1.324750E+3	9.922764E-1
1.325000E+3	9.924390E-1
1.325250E+3	9.926167E-1
1.325500E+3	9.925202E-1
1.325750E+3	9.923023E-1
1.326000E+3	9.923037E-1
1.326250E+3	9.925066E-1
1.326500E+3	9.926011E-1
1.326750E+3	9.925203E-1
1.327000E+3	9.924564E-1
1.327250E+3	9.924543E-1
1.327500E+3	9.923898E-1
1.327750E+3	9.922849E-1
1.328000E+3	9.922778E-1
1.328250E+3	9.923550E-1
1.328500E+3	9.924141E-1
1.328750E+3	9.925354E-1
1.329000E+3	9.928470E-1
1.329250E+3	9.931838E-1
1.329500E+3	9.932277E-1
1.329750E+3	9.930116E-1
1.330000E+3	9.928430E-1
1.330250E+3	9.928431E-1
1.330500E+3	9.929119E-1
1.330750E+3	9.930253E-1
1.331000E+3	9.932201E-1
1.331250E+3	9.933419E-1
1.331500E+3	9.932076E-1
1.331750E+3	9.929787E-1
1.332000E+3	9.929530E-1
1.332250E+3	9.931190E-1
1.332500E+3	9.932378E-1
1.332750E+3	9.932826E-1
1.333000E+3	9.933845E-1
1.333250E+3	9.934617E-1
1.333500E+3	9.933533E-1
1.333750E+3	9.931912E-1
1.334000E+3	9.931678E-1
1.334250E+3	9.931510E-1
1.334500E+3	9.929743E-1
1.334750E+3	9.929039E-1
1.335000E+3	9.932490E-1
1.335250E+3	9.937423E-1
1.335500E+3	9.937813E-1
1.335750E+3	9.933889E-1
1.336000E+3	9.931158E-1
1.336250E+3	9.931655E-1
1.336500E+3	9.932664E-1
1.336750E+3	9.932592E-1
1.337000E+3	9.932978E-1
1.337250E+3	9.934427E-1
1.337500E+3	9.935721E-1
1.337750E+3	9.936340E-1
1.338000E+3	9.935826E-1
1.338250E+3	9.932897E-1
1.338500E+3	9.929732E-1
1.338750E+3	9.932009E-1
1.339000E+3	9.939699E-1
1.339250E+3	9.943808E-1
1.339500E+3	9.938801E-1
1.339750E+3	9.933319E-1
1.340000E+3	9.935961E-1
1.340250E+3	9.940555E-1
1.340500E+3	9.936087E-1
1.340750E+3	9.926887E-1
1.341000E+3	9.925830E-1
1.341250E+3	9.933427E-1
1.341500E+3	9.937792E-1
1.341750E+3	9.935504E-1
1.342000E+3	9.935160E-1
1.342250E+3	9.939478E-1
1.342500E+3	9.940890E-1
1.342750E+3	9.937462E-1
1.343000E+3	9.936809E-1
1.343250E+3	9.940922E-1
1.343500E+3	9.941579E-1
1.343750E+3	9.935961E-1
1.344000E+3	9.932025E-1
1.344250E+3	9.934247E-1
1.344500E+3	9.936574E-1
1.344750E+3	9.934144E-1
1.345000E+3	9.931096E-1
1.345250E+3	9.931076E-1
1.345500E+3	9.931699E-1
1.345750E+3	9.931754E-1
1.346000E+3	9.934005E-1
1.346250E+3	9.937378E-1
1.346500E+3	9.936383E-1
1.346750E+3	9.932529E-1
1.347000E+3	9.933306E-1
1.347250E+3	9.939026E-1
1.347500E+3	9.941104E-1
1.347750E+3	9.936536E-1
1.348000E+3	9.932150E-1
1.348250E+3	9.931106E-1
1.348500E+3	9.929011E-1
1.348750E+3	9.925307E-1
1.349000E+3	9.925987E-1
1.349250E+3	9.931769E-1
1.349500E+3	9.934520E-1
1.349750E+3	9.930782E-1
1.350000E+3	9.927846E-1
1.350250E+3	9.931032E-1
1.350500E+3	9.936409E-1
1.350750E+3	9.938757E-1
1.351000E+3	9.938104E-1
1.351250E+3	9.934350E-1
1.351500E+3	9.926803E-1
1.351750E+3	9.920763E-1
1.352000E+3	9.923303E-1
1.352250E+3	9.932566E-1
1.352500E+3	9.938203E-1
1.352750E+3	9.936222E-1
1.353000E+3	9.932558E-1
1.353250E+3	9.930098E-1
1.353500E+3	9.926232E-1
1.353750E+3	9.922775E-1
1.354000E+3	9.925356E-1
1.354250E+3	9.931920E-1
1.354500E+3	9.933390E-1
1.354750E+3	9.929586E-1
1.355000E+3	9.930612E-1
1.355250E+3	9.937833E-1
1.355500E+3	9.939431E-1
1.355750E+3	9.930897E-1
1.356000E+3	9.923945E-1
1.356250E+3	9.927875E-1
1.356500E+3	9.935504E-1
1.356750E+3	9.935991E-1
1.357000E+3	9.931833E-1
1.357250E+3	9.931067E-1
1.357500E+3	9.933627E-1
1.357750E+3	9.934928E-1
1.358000E+3	9.935988E-1
1.358250E+3	9.938843E-1
1.358500E+3	9.939293E-1
1.358750E+3	9.933963E-1
1.359000E+3	9.928592E-1
1.359250E+3	9.929735E-1
1.359500E+3	9.934072E-1
1.359750E+3	9.933910E-1
1.360000E+3	9.930234E-1
1.360250E+3	9.930567E-1
1.360500E+3	9.937170E-1
1.360750E+3	9.944108E-1
1.361000E+3	9.946545E-1
1.361250E+3	9.944966E-1
1.361500E+3	9.941819E-1
1.361750E+3	9.939641E-1
1.362000E+3	9.940351E-1
1.362250E+3	9.942835E-1
1.362500E+3	9.942799E-1
1.362750E+3	9.939044E-1
1.363000E+3	9.937110E-1
1.363250E+3	9.942032E-1
1.363500E+3	9.949280E-1
1.363750E+3	9.949921E-1
1.364000E+3	9.943991E-1
1.364250E+3	9.940532E-1
1.364500E+3	9.945421E-1
1.364750E+3	9.953019E-1
1.365000E+3	9.954635E-1
1.365250E+3	9.950155E-1
1.365500E+3	9.946740E-1
1.365750E+3	9.948517E-1
1.366000E+3	9.952289E-1
1.366250E+3	9.953652E-1
1.366500E+3	9.952984E-1
1.366750E+3	9.953108E-1
1.367000E+3	9.953631E-1
1.367250E+3	9.952131E-1
1.367500E+3	9.949572E-1
1.367750E+3	9.950041E-1
1.368000E+3	9.954309E-1
1.368250E+3	9.958027E-1
1.368500E+3	9.957340E-1
1.368750E+3	9.954088E-1
1.369000E+3	9.952621E-1
1.369250E+3	9.954293E-1
1.369500E+3	9.956961E-1
1.369750E+3	9.958057E-1
1.370000E+3	9.956858E-1
1.370250E+3	9.954976E-1
1.370500E+3	9.955721E-1
1.370750E+3	9.960210E-1
1.371000E+3	9.964368E-1
1.371250E+3	9.963295E-1
1.371500E+3	9.959196E-1
1.371750E+3	9.959644E-1
1.372000E+3	9.965960E-1
1.372250E+3	9.970094E-1
1.372500E+3	9.966157E-1
1.372750E+3	9.959953E-1
1.373000E+3	9.959561E-1
1.373250E+3	9.963807E-1
1.373500E+3	9.965675E-1
1.373750E+3	9.963439E-1
1.374000E+3	9.961792E-1
1.374250E+3	9.963526E-1
1.374500E+3	9.966540E-1
1.374750E+3	9.967739E-1
1.375000E+3	9.966544E-1
1.375250E+3	9.964586E-1
1.375500E+3	9.963365E-1
1.375750E+3	9.962713E-1
1.376000E+3	9.962170E-1
1.376250E+3	9.961360E-1
1.376500E+3	9.959186E-1
1.376750E+3	9.957534E-1
1.377000E+3	9.959788E-1
1.377250E+3	9.963432E-1
1.377500E+3	9.962486E-1
1.377750E+3	9.958373E-1
1.378000E+3	9.957611E-1
1.378250E+3	9.959073E-1
1.378500E+3	9.956562E-1
1.378750E+3	9.952770E-1
1.379000E+3	9.956884E-1
1.379250E+3	9.967714E-1
1.379500E+3	9.972054E-1
1.379750E+3	9.964732E-1
1.380000E+3	9.957188E-1
1.380250E+3	9.958531E-1
1.380500E+3	9.962896E-1
1.380750E+3	9.961902E-1
1.381000E+3	9.959002E-1
1.381250E+3	9.961809E-1
1.381500E+3	9.967758E-1
1.381750E+3	9.968499E-1
1.382000E+3	9.964282E-1
1.382250E+3	9.962710E-1
1.382500E+3	9.967241E-1
1.382750E+3	9.972113E-1
1.383000E+3	9.971040E-1
1.383250E+3	9.964114E-1
1.383500E+3	9.957493E-1
1.383750E+3	9.957740E-1
1.384000E+3	9.964576E-1
1.384250E+3	9.971404E-1
1.384500E+3	9.972247E-1
1.384750E+3	9.968657E-1
1.385000E+3	9.965785E-1
1.385250E+3	9.964780E-1
1.385500E+3	9.964505E-1
1.385750E+3	9.966251E-1
1.386000E+3	9.970589E-1
1.386250E+3	9.972995E-1
1.386500E+3	9.969578E-1
1.386750E+3	9.965526E-1
1.387000E+3	9.967669E-1
1.387250E+3	9.971771E-1
1.387500E+3	9.968985E-1
1.387750E+3	9.961634E-1
1.388000E+3	9.960663E-1
1.388250E+3	9.966931E-1
1.388500E+3	9.969939E-1
1.388750E+3	9.966258E-1
1.389000E+3	9.964680E-1
1.389250E+3	9.969512E-1
1.389500E+3	9.972651E-1
1.389750E+3	9.969016E-1
1.390000E+3	9.965447E-1
1.390250E+3	9.967706E-1
1.390500E+3	9.970268E-1
1.390750E+3	9.967748E-1
1.391000E+3	9.965150E-1
1.391250E+3	9.967849E-1
1.391500E+3	9.971255E-1
1.391750E+3	9.970077E-1
1.392000E+3	9.968099E-1
1.392250E+3	9.969453E-1
1.392500E+3	9.969899E-1
1.392750E+3	9.965422E-1
1.393000E+3	9.961895E-1
1.393250E+3	9.965786E-1
1.393500E+3	9.972138E-1
1.393750E+3	9.971978E-1
1.394000E+3	9.966905E-1
1.394250E+3	9.965135E-1
1.394500E+3	9.968300E-1
1.394750E+3	9.970724E-1
1.395000E+3	9.970096E-1
1.395250E+3	9.969311E-1
1.395500E+3	9.970122E-1
1.395750E+3	9.971365E-1
1.396000E+3	9.972416E-1
1.396250E+3	9.972923E-1
1.396500E+3	9.971501E-1
1.396750E+3	9.968990E-1
1.397000E+3	9.969044E-1
1.397250E+3	9.972404E-1
1.397500E+3	9.974483E-1
1.397750E+3	9.972555E-1
1.398000E+3	9.970235E-1
1.398250E+3	9.970430E-1
1.398500E+3	9.970560E-1
1.398750E+3	9.968418E-1
1.399000E+3	9.967421E-1
1.399250E+3	9.970270E-1
1.399500E+3	9.972958E-1
1.399750E+3	9.970820E-1
1.400000E+3	9.966557E-1
1.400250E+3	9.965702E-1
1.400500E+3	9.968161E-1
1.400750E+3	9.969428E-1
1.401000E+3	9.968347E-1
1.401250E+3	9.967752E-1
1.401500E+3	9.969243E-1
1.401750E+3	9.971275E-1
1.402000E+3	9.971923E-1
1.402250E+3	9.970347E-1
1.402500E+3	9.967083E-1
1.402750E+3	9.964790E-1
1.403000E+3	9.965836E-1
1.403250E+3	9.968762E-1
1.403500E+3	9.969596E-1
1.403750E+3	9.967665E-1
1.404000E+3	9.966613E-1
1.404250E+3	9.968093E-1
1.404500E+3	9.969098E-1
1.404750E+3	9.967385E-1
1.405000E+3	9.965417E-1
1.405250E+3	9.966067E-1
1.405500E+3	9.968532E-1
1.405750E+3	9.970404E-1
1.406000E+3	9.970859E-1
1.406250E+3	9.969855E-1
1.406500E+3	9.967620E-1
1.406750E+3	9.966274E-1
1.407000E+3	9.968119E-1
1.407250E+3	9.971622E-1
1.407500E+3	9.972433E-1
1.407750E+3	9.970096E-1
1.408000E+3	9.968890E-1
1.408250E+3	9.970609E-1
1.408500E+3	9.971811E-1
1.408750E+3	9.969989E-1
1.409000E+3	9.967952E-1
1.409250E+3	9.968683E-1
1.409500E+3	9.970623E-1
1.409750E+3	9.970870E-1
1.410000E+3	9.969715E-1
1.410250E+3	9.968764E-1
1.410500E+3	9.967834E-1
1.410750E+3	9.966487E-1
1.411000E+3	9.966156E-1
1.411250E+3	9.968049E-1
1.411500E+3	9.970762E-1
1.411750E+3	9.971964E-1
1.412000E+3	9.971352E-1
1.412250E+3	9.970108E-1
1.412500E+3	9.969267E-1
1.412750E+3	9.969510E-1
1.413000E+3	9.970837E-1
1.413250E+3	9.971965E-1
1.413500E+3	9.971508E-1
1.413750E+3	9.970273E-1
1.414000E+3	9.970380E-1
1.414250E+3	9.972091E-1
1.414500E+3	9.973719E-1
1.414750E+3	9.974284E-1
1.415000E+3	9.974285E-1
1.415250E+3	9.974030E-1
1.415500E+3	9.973670E-1
1.415750E+3	9.974119E-1
1.416000E+3	9.975329E-1
1.416250E+3	9.974996E-1
1.416500E+3	9.972078E-1
1.416750E+3	9.969986E-1
1.417000E+3	9.972225E-1
1.417250E+3	9.976435E-1
1.417500E+3	9.977459E-1
1.417750E+3	9.975387E-1
1.418000E+3	9.974790E-1
1.418250E+3	9.976491E-1
1.418500E+3	9.976687E-1
1.418750E+3	9.974550E-1
1.419000E+3	9.974294E-1
1.419250E+3	9.977524E-1
1.419500E+3	9.979862E-1
1.419750E+3	9.978238E-1
1.420000E+3	9.976044E-1
1.420250E+3	9.977355E-1
1.420500E+3	9.980271E-1
1.420750E+3	9.980483E-1
1.421000E+3	9.978096E-1
1.421250E+3	9.976418E-1
1.421500E+3	9.976590E-1
1.421750E+3	9.977074E-1
1.422000E+3	9.977302E-1
1.422250E+3	9.978190E-1
1.422500E+3	9.979628E-1
1.422750E+3	9.980443E-1
1.423000E+3	9.980536E-1
1.423250E+3	9.980729E-1
1.423500E+3	9.980887E-1
1.423750E+3	9.980025E-1
1.424000E+3	9.978216E-1
1.424250E+3	9.976931E-1
1.424500E+3	9.977436E-1
1.424750E+3	9.979496E-1
1.425000E+3	9.981359E-1
1.425250E+3	9.981217E-1
1.425500E+3	9.979557E-1
1.425750E+3	9.979009E-1
1.426000E+3	9.981038E-1
1.426250E+3	9.983570E-1
1.426500E+3	9.983133E-1
1.426750E+3	9.980405E-1
1.427000E+3	9.979543E-1
1.427250E+3	9.981940E-1
1.427500E+3	9.984487E-1
1.427750E+3	9.983893E-1
1.428000E+3	9.981311E-1
1.428250E+3	9.980250E-1
1.428500E+3	9.981625E-1
1.428750E+3	9.983385E-1
1.429000E+3	9.983768E-1
1.429250E+3	9.983003E-1
1.429500E+3	9.982239E-1
1.429750E+3	9.982189E-1
1.430000E+3	9.982756E-1
1.430250E+3	9.983276E-1
1.430500E+3	9.983186E-1
1.430750E+3	9.982679E-1
1.431000E+3	9.982386E-1
1.431250E+3	9.982538E-1
1.431500E+3	9.982955E-1
1.431750E+3	9.983557E-1
1.432000E+3	9.984109E-1
1.432250E+3	9.983876E-1
1.432500E+3	9.982630E-1
1.432750E+3	9.981602E-1
1.433000E+3	9.982107E-1
1.433250E+3	9.983592E-1
1.433500E+3	9.984368E-1
1.433750E+3	9.984091E-1
1.434000E+3	9.983928E-1
1.434250E+3	9.984359E-1
1.434500E+3	9.984576E-1
1.434750E+3	9.984189E-1
1.435000E+3	9.983872E-1
1.435250E+3	9.983951E-1
1.435500E+3	9.983882E-1
1.435750E+3	9.983512E-1
1.436000E+3	9.983486E-1
1.436250E+3	9.983929E-1
1.436500E+3	9.984038E-1
1.436750E+3	9.983527E-1
1.437000E+3	9.983267E-1
1.437250E+3	9.983889E-1
1.437500E+3	9.984685E-1
1.437750E+3	9.984613E-1
1.438000E+3	9.983694E-1
1.438250E+3	9.982829E-1
1.438500E+3	9.982798E-1
1.438750E+3	9.983607E-1
1.439000E+3	9.984544E-1
1.439250E+3	9.984769E-1
1.439500E+3	9.984162E-1
1.439750E+3	9.983520E-1
1.440000E+3	9.983472E-1
1.440250E+3	9.983659E-1
1.440500E+3	9.983493E-1
1.440750E+3	9.983171E-1
1.441000E+3	9.983200E-1
1.441250E+3	9.983415E-1
1.441500E+3	9.983376E-1
1.441750E+3	9.983305E-1
1.442000E+3	9.983666E-1
1.442250E+3	9.984175E-1
1.442500E+3	9.984185E-1
1.442750E+3	9.983774E-1
1.443000E+3	9.983481E-1
1.443250E+3	9.983296E-1
1.443500E+3	9.982905E-1
1.443750E+3	9.982606E-1
1.444000E+3	9.982930E-1
1.444250E+3	9.983581E-1
1.444500E+3	9.983789E-1
1.444750E+3	9.983538E-1
1.445000E+3	9.983450E-1
1.445250E+3	9.983578E-1
1.445500E+3	9.983415E-1
1.445750E+3	9.983026E-1
1.446000E+3	9.983090E-1
1.446250E+3	9.983716E-1
1.446500E+3	9.984204E-1
1.446750E+3	9.984148E-1
1.447000E+3	9.983946E-1
1.447250E+3	9.983995E-1
1.447500E+3	9.984148E-1
1.447750E+3	9.984193E-1
1.448000E+3	9.984219E-1
1.448250E+3	9.984285E-1
1.448500E+3	9.984279E-1
1.448750E+3	9.984261E-1
1.449000E+3	9.984449E-1
1.449250E+3	9.984775E-1
1.449500E+3	9.984921E-1
1.449750E+3	9.984877E-1
1.450000E+3	9.984961E-1
1.450250E+3	9.985224E-1
1.450500E+3	9.985340E-1
1.450750E+3	9.985214E-1
1.451000E+3	9.985195E-1
1.451250E+3	9.985500E-1
1.451500E+3	9.985860E-1
1.451750E+3	9.985973E-1
1.452000E+3	9.985951E-1
1.452250E+3	9.986075E-1
1.452500E+3	9.986354E-1
1.452750E+3	9.986588E-1
1.453000E+3	9.986700E-1
1.453250E+3	9.986785E-1
1.453500E+3	9.986920E-1
1.453750E+3	9.987087E-1
1.454000E+3	9.987256E-1
1.454250E+3	9.987407E-1
1.454500E+3	9.987514E-1
1.454750E+3	9.987576E-1
1.455000E+3	9.987651E-1
1.455250E+3	9.987798E-1
1.455500E+3	9.987994E-1
1.455750E+3	9.988142E-1
1.456000E+3	9.988198E-1
1.456250E+3	9.988236E-1
1.456500E+3	9.988371E-1
1.456750E+3	9.988604E-1
1.457000E+3	9.988812E-1
1.457250E+3	9.988909E-1
1.457500E+3	9.988961E-1
1.457750E+3	9.989086E-1
1.458000E+3	9.989293E-1
1.458250E+3	9.989475E-1
1.458500E+3	9.989549E-1
1.458750E+3	9.989552E-1
1.459000E+3	9.989594E-1
1.459250E+3	9.989746E-1
1.459500E+3	9.989964E-1
1.459750E+3	9.990121E-1
1.460000E+3	9.990138E-1
1.460250E+3	9.990093E-1
1.460500E+3	9.990139E-1
1.460750E+3	9.990309E-1
1.461000E+3	9.990474E-1
1.461250E+3	9.990516E-1
1.461500E+3	9.990489E-1
1.461750E+3	9.990540E-1
1.462000E+3	9.990718E-1
1.462250E+3	9.990893E-1
1.462500E+3	9.990909E-1
1.462750E+3	9.990802E-1
1.463000E+3	9.990786E-1
1.463250E+3	9.990967E-1
1.463500E+3	9.991175E-1
1.463750E+3	9.991220E-1
1.464000E+3	9.991227E-1
1.464250E+3	9.991440E-1
1.464500E+3	9.991761E-1
1.464750E+3	9.991840E-1
1.465000E+3	9.991670E-1
1.465250E+3	9.991654E-1
1.465500E+3	9.991922E-1
1.465750E+3	9.992094E-1
1.466000E+3	9.991979E-1
1.466250E+3	9.991977E-1
1.466500E+3	9.992350E-1
1.466750E+3	9.992624E-1
1.467000E+3	9.992353E-1
1.467250E+3	9.991989E-1
1.467500E+3	9.992244E-1
1.467750E+3	9.992895E-1
1.468000E+3	9.993112E-1
1.468250E+3	9.992800E-1
1.468500E+3	9.992648E-1
1.468750E+3	9.992891E-1
1.469000E+3	9.993014E-1
1.469250E+3	9.992821E-1
1.469500E+3	9.992825E-1
1.469750E+3	9.993239E-1
1.470000E+3	9.993488E-1
1.470250E+3	9.993187E-1
1.470500E+3	9.992825E-1
1.470750E+3	9.992902E-1
1.471000E+3	9.993105E-1
1.471250E+3	9.992966E-1
1.471500E+3	9.992762E-1
1.471750E+3	9.993023E-1
1.472000E+3	9.993540E-1
1.472250E+3	9.993641E-1
1.472500E+3	9.993244E-1
1.472750E+3	9.992923E-1
1.473000E+3	9.993031E-1
1.473250E+3	9.993328E-1
1.473500E+3	9.993506E-1
1.473750E+3	9.993569E-1
1.474000E+3	9.993588E-1
1.474250E+3	9.993529E-1
1.474500E+3	9.993444E-1
1.474750E+3	9.993509E-1
1.475000E+3	9.993702E-1
1.475250E+3	9.993717E-1
1.475500E+3	9.993404E-1
1.475750E+3	9.993114E-1
1.476000E+3	9.993331E-1
1.476250E+3	9.993984E-1
1.476500E+3	9.994399E-1
1.476750E+3	9.994082E-1
1.477000E+3	9.993368E-1
1.477250E+3	9.993023E-1
1.477500E+3	9.993329E-1
1.477750E+3	9.993877E-1
1.478000E+3	9.994198E-1
1.478250E+3	9.994189E-1
1.478500E+3	9.993905E-1
1.478750E+3	9.993420E-1
1.479000E+3	9.993063E-1
1.479250E+3	9.993245E-1
1.479500E+3	9.993808E-1
1.479750E+3	9.994091E-1
1.480000E+3	9.993907E-1
1.480250E+3	9.993865E-1
1.480500E+3	9.994241E-1
1.480750E+3	9.994354E-1
1.481000E+3	9.993729E-1
1.481250E+3	9.993143E-1
1.481500E+3	9.993515E-1
1.481750E+3	9.994361E-1
1.482000E+3	9.994509E-1
1.482250E+3	9.993969E-1
1.482500E+3	9.993765E-1
1.482750E+3	9.994092E-1
1.483000E+3	9.994071E-1
1.483250E+3	9.993460E-1
1.483500E+3	9.993228E-1
1.483750E+3	9.993888E-1
1.484000E+3	9.994557E-1
1.484250E+3	9.994335E-1
1.484500E+3	9.993678E-1
1.484750E+3	9.993536E-1
1.485000E+3	9.993946E-1
1.485250E+3	9.994216E-1
1.485500E+3	9.994058E-1
1.485750E+3	9.993742E-1
1.486000E+3	9.993461E-1
1.486250E+3	9.993268E-1
1.486500E+3	9.993365E-1
1.486750E+3	9.993857E-1
1.487000E+3	9.994348E-1
1.487250E+3	9.994281E-1
1.487500E+3	9.993712E-1
1.487750E+3	9.993277E-1
1.488000E+3	9.993387E-1
1.488250E+3	9.993790E-1
1.488500E+3	9.994010E-1
1.488750E+3	9.993984E-1
1.489000E+3	9.994009E-1
1.489250E+3	9.994175E-1
1.489500E+3	9.994154E-1
1.489750E+3	9.993734E-1
1.490000E+3	9.993292E-1
1.490250E+3	9.993351E-1
1.490500E+3	9.993720E-1
1.490750E+3	9.993690E-1
1.491000E+3	9.993132E-1
1.491250E+3	9.992749E-1
1.491500E+3	9.992957E-1
1.491750E+3	9.993181E-1
1.492000E+3	9.992809E-1
1.492250E+3	9.992272E-1
1.492500E+3	9.992430E-1
1.492750E+3	9.993281E-1
1.493000E+3	9.993997E-1
1.493250E+3	9.993999E-1
1.493500E+3	9.993435E-1
1.493750E+3	9.992751E-1
1.494000E+3	9.992390E-1
1.494250E+3	9.992628E-1
1.494500E+3	9.993191E-1
1.494750E+3	9.993362E-1
1.495000E+3	9.992875E-1
1.495250E+3	9.992337E-1
1.495500E+3	9.992270E-1
1.495750E+3	9.992322E-1
1.496000E+3	9.992079E-1
1.496250E+3	9.991952E-1
1.496500E+3	9.992383E-1
1.496750E+3	9.992823E-1
1.497000E+3	9.992559E-1
1.497250E+3	9.992029E-1
1.497500E+3	9.992095E-1
1.497750E+3	9.992404E-1
1.498000E+3	9.991922E-1
1.498250E+3	9.990853E-1
1.498500E+3	9.990469E-1
1.498750E+3	9.991064E-1
1.499000E+3	9.991564E-1
1.499250E+3	9.991341E-1
1.499500E+3	9.991022E-1
1.499750E+3	9.990958E-1
1.500000E+3	9.990466E-1
1.500250E+3	9.989344E-1
1.500500E+3	9.988742E-1
1.500750E+3	9.989473E-1
1.501000E+3	9.990598E-1
1.501250E+3	9.990703E-1
1.501500E+3	9.989938E-1
1.501750E+3	9.989519E-1
1.502000E+3	9.989779E-1
1.502250E+3	9.989939E-1
1.502500E+3	9.989578E-1
1.502750E+3	9.989139E-1
1.503000E+3	9.989004E-1
1.503250E+3	9.988988E-1
1.503500E+3	9.988890E-1
1.503750E+3	9.988849E-1
1.504000E+3	9.988948E-1
1.504250E+3	9.989052E-1
1.504500E+3	9.989130E-1
1.504750E+3	9.989184E-1
1.505000E+3	9.988840E-1
1.505250E+3	9.987754E-1
1.505500E+3	9.986547E-1
1.505750E+3	9.986365E-1
1.506000E+3	9.987357E-1
1.506250E+3	9.988221E-1
1.506500E+3	9.987902E-1
1.506750E+3	9.987120E-1
1.507000E+3	9.987164E-1
1.507250E+3	9.987861E-1
1.507500E+3	9.987929E-1
1.507750E+3	9.987179E-1
1.508000E+3	9.986810E-1
1.508250E+3	9.987303E-1
1.508500E+3	9.987439E-1
1.508750E+3	9.986358E-1
1.509000E+3	9.985208E-1
1.509250E+3	9.985483E-1
1.509500E+3	9.986454E-1
1.509750E+3	9.986169E-1
1.510000E+3	9.984586E-1
1.510250E+3	9.983790E-1
1.510500E+3	9.984798E-1
1.510750E+3	9.985977E-1
1.511000E+3	9.985634E-1
1.511250E+3	9.984459E-1
1.511500E+3	9.984210E-1
1.511750E+3	9.985084E-1
1.512000E+3	9.985786E-1
1.512250E+3	9.985515E-1
1.512500E+3	9.984704E-1
1.512750E+3	9.984017E-1
1.513000E+3	9.983645E-1
1.513250E+3	9.983608E-1
1.513500E+3	9.983932E-1
1.513750E+3	9.984396E-1
1.514000E+3	9.984517E-1
1.514250E+3	9.983937E-1
1.514500E+3	9.982780E-1
1.514750E+3	9.981678E-1
1.515000E+3	9.981460E-1
1.515250E+3	9.982180E-1
1.515500E+3	9.982612E-1
1.515750E+3	9.981859E-1
1.516000E+3	9.981018E-1
1.516250E+3	9.981879E-1
1.516500E+3	9.983772E-1
1.516750E+3	9.984024E-1
1.517000E+3	9.982076E-1
1.517250E+3	9.980815E-1
1.517500E+3	9.982278E-1
1.517750E+3	9.984298E-1
1.518000E+3	9.983843E-1
1.518250E+3	9.981605E-1
1.518500E+3	9.980643E-1
1.518750E+3	9.981444E-1
1.519000E+3	9.981990E-1
1.519250E+3	9.981716E-1
1.519500E+3	9.982110E-1
1.519750E+3	9.983304E-1
1.520000E+3	9.983523E-1
1.520250E+3	9.982520E-1
1.520500E+3	9.982471E-1
1.520750E+3	9.984244E-1
1.521000E+3	9.985672E-1
1.521250E+3	9.984794E-1
1.521500E+3	9.982684E-1
1.521750E+3	9.981427E-1
1.522000E+3	9.981246E-1
1.522250E+3	9.981179E-1
1.522500E+3	9.981000E-1
1.522750E+3	9.981034E-1
1.523000E+3	9.981281E-1
1.523250E+3	9.981812E-1
1.523500E+3	9.982897E-1
1.523750E+3	9.984022E-1
1.524000E+3	9.984017E-1
1.524250E+3	9.982851E-1
1.524500E+3	9.981780E-1
1.524750E+3	9.981248E-1
1.525000E+3	9.980545E-1
1.525250E+3	9.979870E-1
1.525500E+3	9.980463E-1
1.525750E+3	9.982022E-1
1.526000E+3	9.982387E-1
1.526250E+3	9.980995E-1
1.526500E+3	9.980154E-1
1.526750E+3	9.981080E-1
1.527000E+3	9.981657E-1
1.527250E+3	9.980072E-1
1.527500E+3	9.978422E-1
1.527750E+3	9.979437E-1
1.528000E+3	9.981808E-1
1.528250E+3	9.981875E-1
1.528500E+3	9.979430E-1
1.528750E+3	9.978120E-1
1.529000E+3	9.980098E-1
1.529250E+3	9.983172E-1
1.529500E+3	9.984108E-1
1.529750E+3	9.982846E-1
1.530000E+3	9.981615E-1
1.530250E+3	9.981845E-1
1.530500E+3	9.983083E-1
1.530750E+3	9.984260E-1
1.531000E+3	9.984791E-1
1.531250E+3	9.984674E-1
1.531500E+3	9.984429E-1
1.531750E+3	9.984612E-1
1.532000E+3	9.984986E-1
1.532250E+3	9.984587E-1
1.532500E+3	9.983179E-1
1.532750E+3	9.982089E-1
1.533000E+3	9.982688E-1
1.533250E+3	9.984337E-1
1.533500E+3	9.984938E-1
1.533750E+3	9.984039E-1
1.534000E+3	9.983723E-1
1.534250E+3	9.985504E-1
1.534500E+3	9.987525E-1
1.534750E+3	9.987081E-1
1.535000E+3	9.984885E-1
1.535250E+3	9.984173E-1
1.535500E+3	9.985666E-1
1.535750E+3	9.986452E-1
1.536000E+3	9.984981E-1
1.536250E+3	9.983794E-1
1.536500E+3	9.985271E-1
1.536750E+3	9.987401E-1
1.537000E+3	9.986873E-1
1.537250E+3	9.984378E-1
1.537500E+3	9.983508E-1
1.537750E+3	9.985341E-1
1.538000E+3	9.987528E-1
1.538250E+3	9.988117E-1
1.538500E+3	9.987526E-1
1.538750E+3	9.986695E-1
1.539000E+3	9.986034E-1
1.539250E+3	9.986311E-1
1.539500E+3	9.987994E-1
1.539750E+3	9.989672E-1
1.540000E+3	9.989419E-1
1.540250E+3	9.987763E-1
1.540500E+3	9.987081E-1
1.540750E+3	9.987954E-1
1.541000E+3	9.988538E-1
1.541250E+3	9.987744E-1
1.541500E+3	9.986870E-1
1.541750E+3	9.987217E-1
1.542000E+3	9.988300E-1
1.542250E+3	9.989013E-1
1.542500E+3	9.989029E-1
1.542750E+3	9.988439E-1
1.543000E+3	9.987490E-1
1.543250E+3	9.987107E-1
1.543500E+3	9.987940E-1
1.543750E+3	9.988849E-1
1.544000E+3	9.988253E-1
1.544250E+3	9.986998E-1
1.544500E+3	9.987602E-1
1.544750E+3	9.989972E-1
1.545000E+3	9.990793E-1
1.545250E+3	9.988253E-1
1.545500E+3	9.985115E-1
1.545750E+3	9.984813E-1
1.546000E+3	9.986899E-1
1.546250E+3	9.988449E-1
1.546500E+3	9.988580E-1
1.546750E+3	9.988862E-1
1.547000E+3	9.989708E-1
1.547250E+3	9.989630E-1
1.547500E+3	9.988316E-1
1.547750E+3	9.987458E-1
1.548000E+3	9.987794E-1
1.548250E+3	9.987752E-1
1.548500E+3	9.986433E-1
1.548750E+3	9.985610E-1
1.549000E+3	9.986862E-1
1.549250E+3	9.988630E-1
1.549500E+3	9.988418E-1
1.549750E+3	9.986953E-1
1.550000E+3	9.986775E-1
1.550250E+3	9.987850E-1
1.550500E+3	9.987638E-1
1.550750E+3	9.985660E-1
1.551000E+3	9.984626E-1
1.551250E+3	9.986170E-1
1.551500E+3	9.988148E-1
1.551750E+3	9.987810E-1
1.552000E+3	9.985566E-1
1.552250E+3	9.983906E-1
1.552500E+3	9.984052E-1
1.552750E+3	9.985164E-1
1.553000E+3	9.985786E-1
1.553250E+3	9.985033E-1
1.553500E+3	9.983512E-1
1.553750E+3	9.983167E-1
1.554000E+3	9.984973E-1
1.554250E+3	9.986922E-1
1.554500E+3	9.986320E-1
1.554750E+3	9.983902E-1
1.555000E+3	9.982781E-1
1.555250E+3	9.983425E-1
1.555500E+3	9.983076E-1
1.555750E+3	9.980966E-1
1.556000E+3	9.980103E-1
1.556250E+3	9.982219E-1
1.556500E+3	9.984381E-1
1.556750E+3	9.983394E-1
1.557000E+3	9.980256E-1
1.557250E+3	9.978224E-1
1.557500E+3	9.978478E-1
1.557750E+3	9.980071E-1
1.558000E+3	9.981771E-1
1.558250E+3	9.981796E-1
1.558500E+3	9.979124E-1
1.558750E+3	9.976328E-1
1.559000E+3	9.977337E-1
1.559250E+3	9.981069E-1
1.559500E+3	9.981312E-1
1.559750E+3	9.975991E-1
1.560000E+3	9.970940E-1
1.560250E+3	9.971564E-1
1.560500E+3	9.975016E-1
1.560750E+3	9.975498E-1
1.561000E+3	9.973332E-1
1.561250E+3	9.972578E-1
1.561500E+3	9.973425E-1
1.561750E+3	9.973441E-1
1.562000E+3	9.973478E-1
1.562250E+3	9.976162E-1
1.562500E+3	9.979089E-1
1.562750E+3	9.977270E-1
1.563000E+3	9.972301E-1
1.563250E+3	9.970059E-1
1.563500E+3	9.971556E-1
1.563750E+3	9.972676E-1
1.564000E+3	9.970953E-1
1.564250E+3	9.968954E-1
1.564500E+3	9.969108E-1
1.564750E+3	9.969582E-1
1.565000E+3	9.968701E-1
1.565250E+3	9.968089E-1
1.565500E+3	9.969379E-1
1.565750E+3	9.971105E-1
1.566000E+3	9.971359E-1
1.566250E+3	9.970356E-1
1.566500E+3	9.969195E-1
1.566750E+3	9.968535E-1
1.567000E+3	9.969055E-1
1.567250E+3	9.970790E-1
1.567500E+3	9.971874E-1
1.567750E+3	9.970660E-1
1.568000E+3	9.968828E-1
1.568250E+3	9.969336E-1
1.568500E+3	9.971219E-1
1.568750E+3	9.970357E-1
1.569000E+3	9.965841E-1
1.569250E+3	9.961997E-1
1.569500E+3	9.962430E-1
1.569750E+3	9.966063E-1
1.570000E+3	9.969978E-1
1.570250E+3	9.972007E-1
1.570500E+3	9.970907E-1
1.570750E+3	9.966959E-1
1.571000E+3	9.962839E-1
1.571250E+3	9.961620E-1
1.571500E+3	9.963116E-1
1.571750E+3	9.964658E-1
1.572000E+3	9.965277E-1
1.572250E+3	9.965831E-1
1.572500E+3	9.965576E-1
1.572750E+3	9.963102E-1
1.573000E+3	9.960697E-1
1.573250E+3	9.962798E-1
1.573500E+3	9.968495E-1
1.573750E+3	9.971614E-1
1.574000E+3	9.969024E-1
1.574250E+3	9.964311E-1
1.574500E+3	9.961932E-1
1.574750E+3	9.961849E-1
1.575000E+3	9.962931E-1
1.575250E+3	9.965654E-1
1.575500E+3	9.968461E-1
1.575750E+3	9.967358E-1
1.576000E+3	9.962368E-1
1.576250E+3	9.959780E-1
1.576500E+3	9.963387E-1
1.576750E+3	9.968114E-1
1.577000E+3	9.967952E-1
1.577250E+3	9.964769E-1
1.577500E+3	9.963896E-1
1.577750E+3	9.964949E-1
1.578000E+3	9.963967E-1
1.578250E+3	9.961748E-1
1.578500E+3	9.962722E-1
1.578750E+3	9.966630E-1
1.579000E+3	9.968486E-1
1.579250E+3	9.966255E-1
1.579500E+3	9.963500E-1
1.579750E+3	9.962776E-1
1.580000E+3	9.962574E-1
1.580250E+3	9.961815E-1
1.580500E+3	9.962362E-1
1.580750E+3	9.965248E-1
1.581000E+3	9.968016E-1
1.581250E+3	9.967868E-1
1.581500E+3	9.965333E-1
1.581750E+3	9.962733E-1
1.582000E+3	9.961414E-1
1.582250E+3	9.961756E-1
1.582500E+3	9.963635E-1
1.582750E+3	9.965962E-1
1.583000E+3	9.966761E-1
1.583250E+3	9.964870E-1
1.583500E+3	9.961816E-1
1.583750E+3	9.960335E-1
1.584000E+3	9.961488E-1
1.584250E+3	9.963775E-1
1.584500E+3	9.964669E-1
1.584750E+3	9.963666E-1
1.585000E+3	9.962768E-1
1.585250E+3	9.963517E-1
1.585500E+3	9.965001E-1
1.585750E+3	9.966243E-1
1.586000E+3	9.968359E-1
1.586250E+3	9.971568E-1
1.586500E+3	9.972312E-1
1.586750E+3	9.967852E-1
1.587000E+3	9.961971E-1
1.587250E+3	9.962015E-1
1.587500E+3	9.968144E-1
1.587750E+3	9.972383E-1
1.588000E+3	9.970277E-1
1.588250E+3	9.966669E-1
1.588500E+3	9.967819E-1
1.588750E+3	9.971623E-1
1.589000E+3	9.971859E-1
1.589250E+3	9.967304E-1
1.589500E+3	9.962909E-1
1.589750E+3	9.962449E-1
1.590000E+3	9.964863E-1
1.590250E+3	9.967118E-1
1.590500E+3	9.967156E-1
1.590750E+3	9.965417E-1
1.591000E+3	9.964367E-1
1.591250E+3	9.965982E-1
1.591500E+3	9.968982E-1
1.591750E+3	9.970555E-1
1.592000E+3	9.970346E-1
1.592250E+3	9.969312E-1
1.592500E+3	9.966412E-1
1.592750E+3	9.960868E-1
1.593000E+3	9.956755E-1
1.593250E+3	9.959612E-1
1.593500E+3	9.967310E-1
1.593750E+3	9.971188E-1
1.594000E+3	9.968662E-1
1.594250E+3	9.966162E-1
1.594500E+3	9.967706E-1
1.594750E+3	9.968544E-1
1.595000E+3	9.964691E-1
1.595250E+3	9.960946E-1
1.595500E+3	9.962872E-1
1.595750E+3	9.966921E-1
1.596000E+3	9.966968E-1
1.596250E+3	9.964883E-1
1.596500E+3	9.966840E-1
1.596750E+3	9.971776E-1
1.597000E+3	9.972203E-1
1.597250E+3	9.965852E-1
1.597500E+3	9.959632E-1
1.597750E+3	9.959795E-1
1.598000E+3	9.964734E-1
1.598250E+3	9.968722E-1
1.598500E+3	9.968780E-1
1.598750E+3	9.966648E-1
1.599000E+3	9.964848E-1
1.599250E+3	9.963717E-1
1.599500E+3	9.962490E-1
1.599750E+3	9.961776E-1
1.600000E+3	9.962981E-1
1.600250E+3	9.964914E-1
1.600500E+3	9.963961E-1
1.600750E+3	9.959606E-1
1.601000E+3	9.956909E-1
1.601250E+3	9.959975E-1
1.601500E+3	9.964962E-1
1.601750E+3	9.964975E-1
1.602000E+3	9.959726E-1
1.602250E+3	9.955411E-1
1.602500E+3	9.955670E-1
1.602750E+3	9.958312E-1
1.603000E+3	9.960513E-1
1.603250E+3	9.960915E-1
1.603500E+3	9.958016E-1
1.603750E+3	9.952133E-1
1.604000E+3	9.948087E-1
1.604250E+3	9.950075E-1
1.604500E+3	9.953654E-1
1.604750E+3	9.951566E-1
1.605000E+3	9.945914E-1
1.605250E+3	9.945576E-1
1.605500E+3	9.951112E-1
1.605750E+3	9.952750E-1
1.606000E+3	9.946238E-1
1.606250E+3	9.939945E-1
1.606500E+3	9.941838E-1
1.606750E+3	9.947319E-1
1.607000E+3	9.947616E-1
1.607250E+3	9.942786E-1
1.607500E+3	9.940080E-1
1.607750E+3	9.942289E-1
1.608000E+3	9.944899E-1
1.608250E+3	9.942979E-1
1.608500E+3	9.937393E-1
1.608750E+3	9.933232E-1
1.609000E+3	9.933971E-1
1.609250E+3	9.936956E-1
1.609500E+3	9.935335E-1
1.609750E+3	9.928083E-1
1.610000E+3	9.922959E-1
1.610250E+3	9.926452E-1
1.610500E+3	9.932608E-1
1.610750E+3	9.930771E-1
1.611000E+3	9.922370E-1
1.611250E+3	9.919284E-1
1.611500E+3	9.925984E-1
1.611750E+3	9.933269E-1
1.612000E+3	9.933230E-1
1.612250E+3	9.928777E-1
1.612500E+3	9.925519E-1
1.612750E+3	9.922132E-1
1.613000E+3	9.915703E-1
1.613250E+3	9.909647E-1
1.613500E+3	9.908728E-1
1.613750E+3	9.910302E-1
1.614000E+3	9.909899E-1
1.614250E+3	9.909567E-1
1.614500E+3	9.913679E-1
1.614750E+3	9.919043E-1
1.615000E+3	9.917441E-1
1.615250E+3	9.906665E-1
1.615500E+3	9.894505E-1
1.615750E+3	9.889794E-1
1.616000E+3	9.892720E-1
1.616250E+3	9.896292E-1
1.616500E+3	9.894725E-1
1.616750E+3	9.890083E-1
1.617000E+3	9.889474E-1
1.617250E+3	9.895552E-1
1.617500E+3	9.901439E-1
1.617750E+3	9.899242E-1
1.618000E+3	9.890641E-1
1.618250E+3	9.885012E-1
1.618500E+3	9.887091E-1
1.618750E+3	9.891272E-1
1.619000E+3	9.890963E-1
1.619250E+3	9.886245E-1
1.619500E+3	9.881378E-1
1.619750E+3	9.878107E-1
1.620000E+3	9.875459E-1
1.620250E+3	9.873338E-1
1.620500E+3	9.872273E-1
1.620750E+3	9.871885E-1
1.621000E+3	9.872207E-1
1.621250E+3	9.874113E-1
1.621500E+3	9.876731E-1
1.621750E+3	9.877435E-1
1.622000E+3	9.875518E-1
1.622250E+3	9.872819E-1
1.622500E+3	9.869961E-1
1.622750E+3	9.865552E-1
1.623000E+3	9.860906E-1
1.623250E+3	9.860933E-1
1.623500E+3	9.866632E-1
1.623750E+3	9.871733E-1
1.624000E+3	9.870455E-1
1.624250E+3	9.864749E-1
1.624500E+3	9.861212E-1
1.624750E+3	9.860967E-1
1.625000E+3	9.859184E-1
1.625250E+3	9.853619E-1
1.625500E+3	9.849462E-1
1.625750E+3	9.852130E-1
1.626000E+3	9.858974E-1
1.626250E+3	9.861415E-1
1.626500E+3	9.854287E-1
1.626750E+3	9.843242E-1
1.627000E+3	9.838005E-1
1.627250E+3	9.840583E-1
1.627500E+3	9.843042E-1
1.627750E+3	9.840482E-1
1.628000E+3	9.839733E-1
1.628250E+3	9.847560E-1
1.628500E+3	9.856872E-1
1.628750E+3	9.855060E-1
1.629000E+3	9.844719E-1
1.629250E+3	9.839985E-1
1.629500E+3	9.845390E-1
1.629750E+3	9.851146E-1
1.630000E+3	9.850351E-1
1.630250E+3	9.847557E-1
1.630500E+3	9.846079E-1
1.630750E+3	9.840981E-1
1.631000E+3	9.831691E-1
1.631250E+3	9.828032E-1
1.631500E+3	9.834800E-1
1.631750E+3	9.842344E-1
1.632000E+3	9.842074E-1
1.632250E+3	9.838703E-1
1.632500E+3	9.838220E-1
1.632750E+3	9.836375E-1
1.633000E+3	9.829942E-1
1.633250E+3	9.826530E-1
1.633500E+3	9.830530E-1
1.633750E+3	9.832184E-1
1.634000E+3	9.824929E-1
1.634250E+3	9.820276E-1
1.634500E+3	9.828790E-1
1.634750E+3	9.838490E-1
1.635000E+3	9.833704E-1
1.635250E+3	9.821610E-1
1.635500E+3	9.822083E-1
1.635750E+3	9.834969E-1
1.636000E+3	9.843642E-1
1.636250E+3	9.842738E-1
1.636500E+3	9.840747E-1
1.636750E+3	9.839679E-1
1.637000E+3	9.833497E-1
1.637250E+3	9.824943E-1
1.637500E+3	9.822901E-1
1.637750E+3	9.824543E-1
1.638000E+3	9.821090E-1
1.638250E+3	9.816540E-1
1.638500E+3	9.820715E-1
1.638750E+3	9.826984E-1
1.639000E+3	9.821981E-1
1.639250E+3	9.810234E-1
1.639500E+3	9.809492E-1
1.639750E+3	9.817740E-1
1.640000E+3	9.815854E-1
1.640250E+3	9.802288E-1
1.640500E+3	9.798368E-1
1.640750E+3	9.813483E-1
1.641000E+3	9.832240E-1
1.641250E+3	9.838419E-1
1.641500E+3	9.833570E-1
1.641750E+3	9.825481E-1
1.642000E+3	9.814832E-1
1.642250E+3	9.805290E-1
1.642500E+3	9.806030E-1
1.642750E+3	9.814251E-1
1.643000E+3	9.816863E-1
1.643250E+3	9.810745E-1
1.643500E+3	9.806160E-1
1.643750E+3	9.808320E-1
1.644000E+3	9.812197E-1
1.644250E+3	9.816659E-1
1.644500E+3	9.823744E-1
1.644750E+3	9.825404E-1
1.645000E+3	9.812252E-1
1.645250E+3	9.794883E-1
1.645500E+3	9.797823E-1
1.645750E+3	9.820220E-1
1.646000E+3	9.833135E-1
1.646250E+3	9.821804E-1
1.646500E+3	9.804765E-1
1.646750E+3	9.803497E-1
1.647000E+3	9.812704E-1
1.647250E+3	9.815113E-1
1.647500E+3	9.805870E-1
1.647750E+3	9.791803E-1
1.648000E+3	9.779462E-1
1.648250E+3	9.776436E-1
1.648500E+3	9.788332E-1
1.648750E+3	9.805513E-1
1.649000E+3	9.809182E-1
1.649250E+3	9.793640E-1
1.649500E+3	9.775895E-1
1.649750E+3	9.773483E-1
1.650000E+3	9.782993E-1
1.650250E+3	9.788987E-1
1.650500E+3	9.782744E-1
1.650750E+3	9.769535E-1
1.651000E+3	9.759970E-1
1.651250E+3	9.761412E-1
1.651500E+3	9.769947E-1
1.651750E+3	9.769909E-1
1.652000E+3	9.754009E-1
1.652250E+3	9.738674E-1
1.652500E+3	9.745603E-1
1.652750E+3	9.766201E-1
1.653000E+3	9.768631E-1
1.653250E+3	9.743691E-1
1.653500E+3	9.721862E-1
1.653750E+3	9.733838E-1
1.654000E+3	9.764732E-1
1.654250E+3	9.767845E-1
1.654500E+3	9.730182E-1
1.654750E+3	9.692223E-1
1.655000E+3	9.697832E-1
1.655250E+3	9.738743E-1
1.655500E+3	9.757928E-1
1.655750E+3	9.731126E-1
1.656000E+3	9.697113E-1
1.656250E+3	9.700979E-1
1.656500E+3	9.727842E-1
1.656750E+3	9.727029E-1
1.657000E+3	9.694613E-1
1.657250E+3	9.677292E-1
1.657500E+3	9.694164E-1
1.657750E+3	9.702730E-1
1.658000E+3	9.671679E-1
1.658250E+3	9.636017E-1
1.658500E+3	9.646243E-1
1.658750E+3	9.682771E-1
1.659000E+3	9.686484E-1
1.659250E+3	9.643234E-1
1.659500E+3	9.603100E-1
1.659750E+3	9.607415E-1
1.660000E+3	9.636763E-1
1.660250E+3	9.645721E-1
1.660500E+3	9.627139E-1
1.660750E+3	9.613563E-1
1.661000E+3	9.621254E-1
1.661250E+3	9.628718E-1
1.661500E+3	9.607465E-1
1.661750E+3	9.568174E-1
1.662000E+3	9.548686E-1
1.662250E+3	9.567266E-1
1.662500E+3	9.593861E-1
1.662750E+3	9.593786E-1
1.663000E+3	9.575815E-1
1.663250E+3	9.564978E-1
1.663500E+3	9.559611E-1
1.663750E+3	9.540078E-1
1.664000E+3	9.512123E-1
1.664250E+3	9.506061E-1
1.664500E+3	9.525551E-1
1.664750E+3	9.531629E-1
1.665000E+3	9.506416E-1
1.665250E+3	9.478580E-1
1.665500E+3	9.477073E-1
1.665750E+3	9.485487E-1
1.666000E+3	9.477265E-1
1.666250E+3	9.455859E-1
1.666500E+3	9.441197E-1
1.666750E+3	9.436115E-1
1.667000E+3	9.429463E-1
1.667250E+3	9.417645E-1
1.667500E+3	9.398011E-1
1.667750E+3	9.365138E-1
1.668000E+3	9.331292E-1
1.668250E+3	9.325574E-1
1.668500E+3	9.352139E-1
1.668750E+3	9.366020E-1
1.669000E+3	9.333291E-1
1.669250E+3	9.283433E-1
1.669500E+3	9.264508E-1
1.669750E+3	9.275763E-1
1.670000E+3	9.281908E-1
1.670250E+3	9.273101E-1
1.670500E+3	9.264621E-1
1.670750E+3	9.257217E-1
1.671000E+3	9.239204E-1
1.671250E+3	9.215715E-1
1.671500E+3	9.200493E-1
1.671750E+3	9.188007E-1
1.672000E+3	9.167756E-1
1.672250E+3	9.148260E-1
1.672500E+3	9.137955E-1
1.672750E+3	9.122303E-1
1.673000E+3	9.093046E-1
1.673250E+3	9.070082E-1
1.673500E+3	9.063591E-1
1.673750E+3	9.042691E-1
1.674000E+3	8.989313E-1
1.674250E+3	8.939548E-1
1.674500E+3	8.929954E-1
1.674750E+3	8.937126E-1
1.675000E+3	8.918007E-1
1.675250E+3	8.879806E-1
1.675500E+3	8.849772E-1
1.675750E+3	8.818902E-1
1.676000E+3	8.780817E-1
1.676250E+3	8.773172E-1
1.676500E+3	8.804478E-1
1.676750E+3	8.807044E-1
1.677000E+3	8.745912E-1
1.677250E+3	8.694428E-1
1.677500E+3	8.720915E-1
1.677750E+3	8.759620E-1
1.678000E+3	8.706113E-1
1.678250E+3	8.587912E-1
1.678500E+3	8.525498E-1
1.678750E+3	8.527152E-1
1.679000E+3	8.515881E-1
1.679250E+3	8.484964E-1
1.679500E+3	8.491842E-1
1.679750E+3	8.508495E-1
1.680000E+3	8.441113E-1
1.680250E+3	8.291266E-1
1.680500E+3	8.188003E-1
1.680750E+3	8.174212E-1
1.681000E+3	8.167625E-1
1.681250E+3	8.117335E-1
1.681500E+3	8.061759E-1
1.681750E+3	8.015953E-1
1.682000E+3	7.937077E-1
1.682250E+3	7.834950E-1
1.682500E+3	7.783686E-1
1.682750E+3	7.772408E-1
1.683000E+3	7.717886E-1
1.683250E+3	7.601563E-1
1.683500E+3	7.508742E-1
1.683750E+3	7.470892E-1
1.684000E+3	7.423227E-1
1.684250E+3	7.325558E-1
1.684500E+3	7.201747E-1
1.684750E+3	7.089979E-1
1.685000E+3	7.013399E-1
1.685250E+3	6.992329E-1
1.685500E+3	6.972589E-1
1.685750E+3	6.832885E-1
1.686000E+3	6.571605E-1
1.686250E+3	6.362294E-1
1.686500E+3	6.324334E-1
1.686750E+3	6.346119E-1
1.687000E+3	6.300764E-1
1.687250E+3	6.216321E-1
1.687500E+3	6.142523E-1
1.687750E+3	6.046152E-1
1.688000E+3	5.957655E-1
1.688250E+3	5.960503E-1
1.688500E+3	5.957250E-1
1.688750E+3	5.768920E-1
1.689000E+3	5.489152E-1
1.689250E+3	5.450007E-1
1.689500E+3	5.662806E-1
1.689750E+3	5.747439E-1
1.690000E+3	5.577906E-1
1.690250E+3	5.417824E-1
1.690500E+3	5.445444E-1
1.690750E+3	5.539001E-1
1.691000E+3	5.585164E-1
1.691250E+3	5.601726E-1
1.691500E+3	5.603149E-1
1.691750E+3	5.624798E-1
1.692000E+3	5.775112E-1
1.692250E+3	5.970209E-1
1.692500E+3	5.975614E-1
1.692750E+3	5.852879E-1
1.693000E+3	5.931633E-1
1.693250E+3	6.283917E-1
1.693500E+3	6.475699E-1
1.693750E+3	6.366282E-1
1.694000E+3	6.324807E-1
1.694250E+3	6.619392E-1
1.694500E+3	6.960478E-1
1.694750E+3	7.067616E-1
1.695000E+3	7.111587E-1
1.695250E+3	7.353715E-1
1.695500E+3	7.693691E-1
1.695750E+3	7.959062E-1
1.696000E+3	8.167268E-1
1.696250E+3	8.390021E-1
1.696500E+3	8.600381E-1
1.696750E+3	8.750973E-1
1.697000E+3	8.839640E-1
1.697250E+3	8.891819E-1
1.697500E+3	8.924929E-1
1.697750E+3	8.949938E-1
1.698000E+3	8.991132E-1
1.698250E+3	9.057699E-1
1.698500E+3	9.115454E-1
1.698750E+3	9.135346E-1
1.699000E+3	9.139716E-1
1.699250E+3	9.174717E-1
1.699500E+3	9.239158E-1
1.699750E+3	9.293929E-1
1.700000E+3	9.322147E-1
1.700250E+3	9.341091E-1
1.700500E+3	9.368489E-1
1.700750E+3	9.399895E-1
1.701000E+3	9.427753E-1
1.701250E+3	9.456413E-1
1.701500E+3	9.490387E-1
1.701750E+3	9.522517E-1
1.702000E+3	9.544365E-1
1.702250E+3	9.559194E-1
1.702500E+3	9.576410E-1
1.702750E+3	9.597707E-1
1.703000E+3	9.616595E-1
1.703250E+3	9.630750E-1
1.703500E+3	9.647277E-1
1.703750E+3	9.671934E-1
1.704000E+3	9.698524E-1
1.704250E+3	9.715232E-1
1.704500E+3	9.720585E-1
1.704750E+3	9.725852E-1
1.705000E+3	9.740980E-1
1.705250E+3	9.762803E-1
1.705500E+3	9.781037E-1
1.705750E+3	9.792056E-1
1.706000E+3	9.800827E-1
1.706250E+3	9.811599E-1
1.706500E+3	9.822591E-1
1.706750E+3	9.830792E-1
1.707000E+3	9.837134E-1
1.707250E+3	9.844426E-1
1.707500E+3	9.852738E-1
1.707750E+3	9.860076E-1
1.708000E+3	9.865930E-1
1.708250E+3	9.871706E-1
1.708500E+3	9.878123E-1
1.708750E+3	9.884361E-1
1.709000E+3	9.889712E-1
1.709250E+3	9.894490E-1
1.709500E+3	9.899130E-1
1.709750E+3	9.903422E-1
1.710000E+3	9.906985E-1
1.710250E+3	9.909820E-1
1.710500E+3	9.912214E-1
1.710750E+3	9.914518E-1
1.711000E+3	9.917066E-1
1.711250E+3	9.919819E-1
1.711500E+3	9.922100E-1
1.711750E+3	9.923234E-1
1.712000E+3	9.923454E-1
1.712250E+3	9.923696E-1
1.712500E+3	9.924439E-1
1.712750E+3	9.925224E-1
1.713000E+3	9.925446E-1
1.713250E+3	9.925073E-1
1.713500E+3	9.924382E-1
1.713750E+3	9.923359E-1
1.714000E+3	9.921746E-1
1.714250E+3	9.919479E-1
1.714500E+3	9.916813E-1
1.714750E+3	9.914079E-1
1.715000E+3	9.911473E-1
1.715250E+3	9.908940E-1
1.715500E+3	9.906088E-1
1.715750E+3	9.902395E-1
1.716000E+3	9.897750E-1
1.716250E+3	9.892658E-1
1.716500E+3	9.887658E-1
1.716750E+3	9.882609E-1
1.717000E+3	9.876918E-1
1.717250E+3	9.870459E-1
1.717500E+3	9.863796E-1
1.717750E+3	9.857269E-1
1.718000E+3	9.850286E-1
1.718250E+3	9.842027E-1
1.718500E+3	9.832709E-1
1.718750E+3	9.823565E-1
1.719000E+3	9.815330E-1
1.719250E+3	9.807193E-1
1.719500E+3	9.797627E-1
1.719750E+3	9.786128E-1
1.720000E+3	9.773809E-1
1.720250E+3	9.762146E-1
1.720500E+3	9.751295E-1
1.720750E+3	9.739900E-1
1.721000E+3	9.726780E-1
1.721250E+3	9.712613E-1
1.721500E+3	9.699318E-1
1.721750E+3	9.687553E-1
1.722000E+3	9.675740E-1
1.722250E+3	9.662386E-1
1.722500E+3	9.648297E-1
1.722750E+3	9.634983E-1
1.723000E+3	9.621807E-1
1.723250E+3	9.607287E-1
1.723500E+3	9.592809E-1
1.723750E+3	9.581403E-1
1.724000E+3	9.572072E-1
1.724250E+3	9.559799E-1
1.724500E+3	9.543516E-1
1.724750E+3	9.529580E-1
1.725000E+3	9.523019E-1
1.725250E+3	9.519041E-1
1.725500E+3	9.509536E-1
1.725750E+3	9.495444E-1
1.726000E+3	9.485519E-1
1.726250E+3	9.483352E-1
1.726500E+3	9.482973E-1
1.726750E+3	9.478840E-1
1.727000E+3	9.473526E-1
1.727250E+3	9.471249E-1
1.727500E+3	9.470103E-1
1.727750E+3	9.466734E-1
1.728000E+3	9.465031E-1
1.728250E+3	9.472118E-1
1.728500E+3	9.485905E-1
1.728750E+3	9.494183E-1
1.729000E+3	9.490333E-1
1.729250E+3	9.483764E-1
1.729500E+3	9.488318E-1
1.729750E+3	9.504857E-1
1.730000E+3	9.521288E-1
1.730250E+3	9.529550E-1
1.730500E+3	9.533815E-1
1.730750E+3	9.540872E-1
1.731000E+3	9.550219E-1
1.731250E+3	9.557311E-1
1.731500E+3	9.561854E-1
1.731750E+3	9.568364E-1
1.732000E+3	9.580347E-1
1.732250E+3	9.596419E-1
1.732500E+3	9.611507E-1
1.732750E+3	9.620621E-1
1.733000E+3	9.623674E-1
1.733250E+3	9.626533E-1
1.733500E+3	9.635088E-1
1.733750E+3	9.649012E-1
1.734000E+3	9.663049E-1
1.734250E+3	9.674074E-1
1.734500E+3	9.683210E-1
1.734750E+3	9.691657E-1
1.735000E+3	9.698901E-1
1.735250E+3	9.705181E-1
1.735500E+3	9.711994E-1
1.735750E+3	9.719660E-1
1.736000E+3	9.726992E-1
1.736250E+3	9.733713E-1
1.736500E+3	9.741087E-1
1.736750E+3	9.750032E-1
1.737000E+3	9.760333E-1
1.737250E+3	9.771264E-1
1.737500E+3	9.781526E-1
1.737750E+3	9.789507E-1
1.738000E+3	9.794997E-1
1.738250E+3	9.799224E-1
1.738500E+3	9.802543E-1
1.738750E+3	9.805046E-1
1.739000E+3	9.809958E-1
1.739250E+3	9.821596E-1
1.739500E+3	9.837422E-1
1.739750E+3	9.847818E-1
1.740000E+3	9.848636E-1
1.740250E+3	9.847649E-1
1.740500E+3	9.853788E-1
1.740750E+3	9.864711E-1
1.741000E+3	9.872114E-1
1.741250E+3	9.875189E-1
1.741500E+3	9.879748E-1
1.741750E+3	9.887193E-1
1.742000E+3	9.892954E-1
1.742250E+3	9.895876E-1
1.742500E+3	9.900054E-1
1.742750E+3	9.907072E-1
1.743000E+3	9.913486E-1
1.743250E+3	9.917747E-1
1.743500E+3	9.922372E-1
1.743750E+3	9.928125E-1
1.744000E+3	9.932160E-1
1.744250E+3	9.933587E-1
1.744500E+3	9.935026E-1
1.744750E+3	9.937631E-1
1.745000E+3	9.939213E-1
1.745250E+3	9.938639E-1
1.745500E+3	9.937226E-1
1.745750E+3	9.934914E-1
1.746000E+3	9.929131E-1
1.746250E+3	9.918203E-1
1.746500E+3	9.902319E-1
1.746750E+3	9.881314E-1
1.747000E+3	9.852775E-1
1.747250E+3	9.810573E-1
1.747500E+3	9.744393E-1
1.747750E+3	9.642907E-1
1.748000E+3	9.491347E-1
1.748250E+3	9.253450E-1
1.748500E+3	8.879759E-1
1.748750E+3	8.361101E-1
1.749000E+3	7.650146E-1
1.749250E+3	6.604948E-1
1.749500E+3	5.756895E-1
1.749750E+3	5.901900E-1
1.750000E+3	6.350446E-1
1.750250E+3	6.900277E-1
1.750500E+3	7.642603E-1
1.750750E+3	8.246503E-1
1.751000E+3	8.588456E-1
1.751250E+3	8.782713E-1
1.751500E+3	8.948446E-1
1.751750E+3	9.105967E-1
1.752000E+3	9.231743E-1
1.752250E+3	9.318973E-1
1.752500E+3	9.375479E-1
1.752750E+3	9.413572E-1
1.753000E+3	9.448597E-1
1.753250E+3	9.495669E-1
1.753500E+3	9.553370E-1
1.753750E+3	9.599471E-1
1.754000E+3	9.617200E-1
1.754250E+3	9.618230E-1
1.754500E+3	9.632826E-1
1.754750E+3	9.672105E-1
1.755000E+3	9.715602E-1
1.755250E+3	9.739583E-1
1.755500E+3	9.743770E-1
1.755750E+3	9.744678E-1
1.756000E+3	9.750609E-1
1.756250E+3	9.758653E-1
1.756500E+3	9.768738E-1
1.756750E+3	9.783154E-1
1.757000E+3	9.795863E-1
1.757250E+3	9.798591E-1
1.757500E+3	9.796878E-1
1.757750E+3	9.802893E-1
1.758000E+3	9.813997E-1
1.758250E+3	9.817156E-1
1.758500E+3	9.814120E-1
1.758750E+3	9.821528E-1
1.759000E+3	9.840505E-1
1.759250E+3	9.850245E-1
1.759500E+3	9.841177E-1
1.759750E+3	9.833471E-1
1.760000E+3	9.846810E-1
1.760250E+3	9.869423E-1
1.760500E+3	9.876165E-1
1.760750E+3	9.866881E-1
1.761000E+3	9.861525E-1
1.761250E+3	9.867554E-1
1.761500E+3	9.873499E-1
1.761750E+3	9.872961E-1
1.762000E+3	9.873785E-1
1.762250E+3	9.880553E-1
1.762500E+3	9.886151E-1
1.762750E+3	9.885834E-1
1.763000E+3	9.885339E-1
1.763250E+3	9.889117E-1
1.763500E+3	9.893081E-1
1.763750E+3	9.894117E-1
1.764000E+3	9.896408E-1
1.764250E+3	9.902002E-1
1.764500E+3	9.904970E-1
1.764750E+3	9.901777E-1
1.765000E+3	9.899177E-1
1.765250E+3	9.903956E-1
1.765500E+3	9.911353E-1
1.765750E+3	9.911786E-1
1.766000E+3	9.905499E-1
1.766250E+3	9.902064E-1
1.766500E+3	9.906913E-1
1.766750E+3	9.914797E-1
1.767000E+3	9.917699E-1
1.767250E+3	9.914513E-1
1.767500E+3	9.911058E-1
1.767750E+3	9.912768E-1
1.768000E+3	9.918835E-1
1.768250E+3	9.923789E-1
1.768500E+3	9.924680E-1
1.768750E+3	9.924610E-1
1.769000E+3	9.927021E-1
1.769250E+3	9.929643E-1
1.769500E+3	9.928291E-1
1.769750E+3	9.925081E-1
1.770000E+3	9.926165E-1
1.770250E+3	9.931421E-1
1.770500E+3	9.933305E-1
1.770750E+3	9.928632E-1
1.771000E+3	9.924692E-1
1.771250E+3	9.928228E-1
1.771500E+3	9.934535E-1
1.771750E+3	9.934292E-1
1.772000E+3	9.927925E-1
1.772250E+3	9.925251E-1
1.772500E+3	9.931188E-1
1.772750E+3	9.939162E-1
1.773000E+3	9.941078E-1
1.773250E+3	9.937447E-1
1.773500E+3	9.934636E-1
1.773750E+3	9.935728E-1
1.774000E+3	9.938120E-1
1.774250E+3	9.938892E-1
1.774500E+3	9.938399E-1
1.774750E+3	9.938492E-1
1.775000E+3	9.939805E-1
1.775250E+3	9.941629E-1
1.775500E+3	9.942988E-1
1.775750E+3	9.943295E-1
1.776000E+3	9.942908E-1
1.776250E+3	9.943072E-1
1.776500E+3	9.944414E-1
1.776750E+3	9.945821E-1
1.777000E+3	9.946122E-1
1.777250E+3	9.946451E-1
1.777500E+3	9.948636E-1
1.777750E+3	9.951360E-1
1.778000E+3	9.950938E-1
1.778250E+3	9.946869E-1
1.778500E+3	9.943694E-1
1.778750E+3	9.944551E-1
1.779000E+3	9.946634E-1
1.779250E+3	9.946518E-1
1.779500E+3	9.946293E-1
1.779750E+3	9.949692E-1
1.780000E+3	9.954432E-1
1.780250E+3	9.954769E-1
1.780500E+3	9.951245E-1
1.780750E+3	9.950405E-1
1.781000E+3	9.954236E-1
1.781250E+3	9.956743E-1
1.781500E+3	9.953318E-1
1.781750E+3	9.948350E-1
1.782000E+3	9.948442E-1
1.782250E+3	9.953580E-1
1.782500E+3	9.958421E-1
1.782750E+3	9.958989E-1
1.783000E+3	9.955318E-1
1.783250E+3	9.950379E-1
1.783500E+3	9.949260E-1
1.783750E+3	9.955001E-1
1.784000E+3	9.963092E-1
1.784250E+3	9.964190E-1
1.784500E+3	9.956543E-1
1.784750E+3	9.950808E-1
1.785000E+3	9.955092E-1
1.785250E+3	9.963501E-1
1.785500E+3	9.964389E-1
1.785750E+3	9.957925E-1
1.786000E+3	9.955452E-1
1.786250E+3	9.961121E-1
1.786500E+3	9.966245E-1
1.786750E+3	9.962462E-1
1.787000E+3	9.955439E-1
1.787250E+3	9.956020E-1
1.787500E+3	9.964671E-1
1.787750E+3	9.971648E-1
1.788000E+3	9.969425E-1
1.788250E+3	9.962608E-1
1.788500E+3	9.961118E-1
1.788750E+3	9.966670E-1
1.789000E+3	9.971513E-1
1.789250E+3	9.969561E-1
1.789500E+3	9.964197E-1
1.789750E+3	9.962155E-1
1.790000E+3	9.963905E-1
1.790250E+3	9.964961E-1
1.790500E+3	9.964597E-1
1.790750E+3	9.966505E-1
1.791000E+3	9.970634E-1
1.791250E+3	9.971885E-1
1.791500E+3	9.968978E-1
1.791750E+3	9.967452E-1
1.792000E+3	9.970077E-1
1.792250E+3	9.971743E-1
1.792500E+3	9.968303E-1
1.792750E+3	9.964454E-1
1.793000E+3	9.966139E-1
1.793250E+3	9.970707E-1
1.793500E+3	9.971914E-1
1.793750E+3	9.970138E-1
1.794000E+3	9.970082E-1
1.794250E+3	9.971681E-1
1.794500E+3	9.971170E-1
1.794750E+3	9.969135E-1
1.795000E+3	9.969464E-1
1.795250E+3	9.971610E-1
1.795500E+3	9.971494E-1
1.795750E+3	9.969547E-1
1.796000E+3	9.970276E-1
1.796250E+3	9.973562E-1
1.796500E+3	9.974210E-1
1.796750E+3	9.971146E-1
1.797000E+3	9.969829E-1
1.797250E+3	9.973088E-1
1.797500E+3	9.976357E-1
1.797750E+3	9.975165E-1
1.798000E+3	9.971746E-1
1.798250E+3	9.970568E-1
1.798500E+3	9.971750E-1
1.798750E+3	9.972941E-1
1.799000E+3	9.974239E-1
1.799250E+3	9.976972E-1
1.799500E+3	9.979857E-1
1.799750E+3	9.980206E-1
1.800000E+3	9.977875E-1
1.800250E+3	9.975229E-1
1.800500E+3	9.973998E-1
1.800750E+3	9.974077E-1
1.801000E+3	9.975057E-1
1.801250E+3	9.976834E-1
1.801500E+3	9.978522E-1
1.801750E+3	9.978518E-1
1.802000E+3	9.976411E-1
1.802250E+3	9.974007E-1
1.802500E+3	9.973776E-1
1.802750E+3	9.976003E-1
1.803000E+3	9.978066E-1
1.803250E+3	9.977485E-1
1.803500E+3	9.975057E-1
1.803750E+3	9.973670E-1
1.804000E+3	9.974487E-1
1.804250E+3	9.976017E-1
1.804500E+3	9.976877E-1
1.804750E+3	9.977411E-1
1.805000E+3	9.977879E-1
1.805250E+3	9.977313E-1
1.805500E+3	9.975517E-1
1.805750E+3	9.974282E-1
1.806000E+3	9.975101E-1
1.806250E+3	9.977150E-1
1.806500E+3	9.978707E-1
1.806750E+3	9.979215E-1
1.807000E+3	9.978902E-1
1.807250E+3	9.977958E-1
1.807500E+3	9.977167E-1
1.807750E+3	9.977538E-1
1.808000E+3	9.978404E-1
1.808250E+3	9.977892E-1
1.808500E+3	9.976180E-1
1.808750E+3	9.975881E-1
1.809000E+3	9.977871E-1
1.809250E+3	9.979476E-1
1.809500E+3	9.978350E-1
1.809750E+3	9.976017E-1
1.810000E+3	9.975116E-1
1.810250E+3	9.975651E-1
1.810500E+3	9.976132E-1
1.810750E+3	9.976388E-1
1.811000E+3	9.977067E-1
1.811250E+3	9.977719E-1
1.811500E+3	9.977550E-1
1.811750E+3	9.976956E-1
1.812000E+3	9.976647E-1
1.812250E+3	9.976451E-1
1.812500E+3	9.976180E-1
1.812750E+3	9.976178E-1
1.813000E+3	9.976179E-1
1.813250E+3	9.975567E-1
1.813500E+3	9.975310E-1
1.813750E+3	9.977029E-1
1.814000E+3	9.979448E-1
1.814250E+3	9.979125E-1
1.814500E+3	9.975789E-1
1.814750E+3	9.973386E-1
1.815000E+3	9.974080E-1
1.815250E+3	9.975409E-1
1.815500E+3	9.975506E-1
1.815750E+3	9.976373E-1
1.816000E+3	9.979108E-1
1.816250E+3	9.980327E-1
1.816500E+3	9.977557E-1
1.816750E+3	9.974249E-1
1.817000E+3	9.974714E-1
1.817250E+3	9.977342E-1
1.817500E+3	9.977750E-1
1.817750E+3	9.976162E-1
1.818000E+3	9.976094E-1
1.818250E+3	9.977628E-1
1.818500E+3	9.977563E-1
1.818750E+3	9.975334E-1
1.819000E+3	9.973753E-1
1.819250E+3	9.974129E-1
1.819500E+3	9.975075E-1
1.819750E+3	9.975867E-1
1.820000E+3	9.977071E-1
1.820250E+3	9.978005E-1
1.820500E+3	9.977263E-1
1.820750E+3	9.975695E-1
1.821000E+3	9.975533E-1
1.821250E+3	9.976811E-1
1.821500E+3	9.977615E-1
1.821750E+3	9.977394E-1
1.822000E+3	9.977204E-1
1.822250E+3	9.977267E-1
1.822500E+3	9.977074E-1
1.822750E+3	9.977062E-1
1.823000E+3	9.977582E-1
1.823250E+3	9.977409E-1
1.823500E+3	9.975855E-1
1.823750E+3	9.974839E-1
1.824000E+3	9.976080E-1
1.824250E+3	9.977902E-1
1.824500E+3	9.978031E-1
1.824750E+3	9.977356E-1
1.825000E+3	9.977672E-1
1.825250E+3	9.977986E-1
1.825500E+3	9.976933E-1
1.825750E+3	9.976476E-1
1.826000E+3	9.978605E-1
1.826250E+3	9.980812E-1
1.826500E+3	9.979661E-1
1.826750E+3	9.977181E-1
1.827000E+3	9.977714E-1
1.827250E+3	9.980243E-1
1.827500E+3	9.980020E-1
1.827750E+3	9.977056E-1
1.828000E+3	9.976360E-1
1.828250E+3	9.979243E-1
1.828500E+3	9.981240E-1
1.828750E+3	9.979722E-1
1.829000E+3	9.977766E-1
1.829250E+3	9.978124E-1
1.829500E+3	9.978958E-1
1.829750E+3	9.978172E-1
1.830000E+3	9.977209E-1
1.830250E+3	9.977665E-1
1.830500E+3	9.978174E-1
1.830750E+3	9.977524E-1
1.831000E+3	9.977465E-1
1.831250E+3	9.979512E-1
1.831500E+3	9.981852E-1
1.831750E+3	9.982061E-1
1.832000E+3	9.980693E-1
1.832250E+3	9.979633E-1
1.832500E+3	9.979220E-1
1.832750E+3	9.979090E-1
1.833000E+3	9.979854E-1
1.833250E+3	9.981811E-1
1.833500E+3	9.983511E-1
1.833750E+3	9.983351E-1
1.834000E+3	9.981704E-1
1.834250E+3	9.980337E-1
1.834500E+3	9.980617E-1
1.834750E+3	9.982577E-1
1.835000E+3	9.984593E-1
1.835250E+3	9.984383E-1
1.835500E+3	9.981845E-1
1.835750E+3	9.980242E-1
1.836000E+3	9.982117E-1
1.836250E+3	9.985116E-1
1.836500E+3	9.985211E-1
1.836750E+3	9.983056E-1
1.837000E+3	9.982897E-1
1.837250E+3	9.985539E-1
1.837500E+3	9.986918E-1
1.837750E+3	9.984901E-1
1.838000E+3	9.982857E-1
1.838250E+3	9.983747E-1
1.838500E+3	9.985702E-1
1.838750E+3	9.985478E-1
1.839000E+3	9.983390E-1
1.839250E+3	9.982020E-1
1.839500E+3	9.982116E-1
1.839750E+3	9.982831E-1
1.840000E+3	9.983719E-1
1.840250E+3	9.984310E-1
1.840500E+3	9.983572E-1
1.840750E+3	9.981787E-1
1.841000E+3	9.981164E-1
1.841250E+3	9.982723E-1
1.841500E+3	9.984485E-1
1.841750E+3	9.984447E-1
1.842000E+3	9.983522E-1
1.842250E+3	9.983506E-1
1.842500E+3	9.983877E-1
1.842750E+3	9.982940E-1
1.843000E+3	9.980804E-1
1.843250E+3	9.978899E-1
1.843500E+3	9.977435E-1
1.843750E+3	9.975345E-1
1.844000E+3	9.971993E-1
1.844250E+3	9.967299E-1
1.844500E+3	9.960699E-1
1.844750E+3	9.951071E-1
1.845000E+3	9.936547E-1
1.845250E+3	9.913152E-1
1.845500E+3	9.875253E-1
1.845750E+3	9.820260E-1
1.846000E+3	9.754117E-1
1.846250E+3	9.695442E-1
1.846500E+3	9.679857E-1
1.846750E+3	9.722352E-1
1.847000E+3	9.786322E-1
1.847250E+3	9.839949E-1
1.847500E+3	9.877862E-1
1.847750E+3	9.904800E-1
1.848000E+3	9.925107E-1
1.848250E+3	9.940270E-1
1.848500E+3	9.950804E-1
1.848750E+3	9.958175E-1
1.849000E+3	9.964054E-1
1.849250E+3	9.968755E-1
1.849500E+3	9.971938E-1
1.849750E+3	9.973967E-1
1.850000E+3	9.975556E-1
1.850250E+3	9.976899E-1
1.850500E+3	9.977851E-1
1.850750E+3	9.978395E-1
1.851000E+3	9.978739E-1
1.851250E+3	9.979131E-1
1.851500E+3	9.979559E-1
1.851750E+3	9.979780E-1
1.852000E+3	9.979811E-1
1.852250E+3	9.980036E-1
1.852500E+3	9.980631E-1
1.852750E+3	9.981273E-1
1.853000E+3	9.981665E-1
1.853250E+3	9.981874E-1
1.853500E+3	9.981988E-1
1.853750E+3	9.981975E-1
1.854000E+3	9.982002E-1
1.854250E+3	9.982342E-1
1.854500E+3	9.982839E-1
1.854750E+3	9.983006E-1
1.855000E+3	9.982797E-1
1.855250E+3	9.982702E-1
1.855500E+3	9.982977E-1
1.855750E+3	9.983365E-1
1.856000E+3	9.983660E-1
1.856250E+3	9.983944E-1
1.856500E+3	9.984142E-1
1.856750E+3	9.984012E-1
1.857000E+3	9.983741E-1
1.857250E+3	9.983870E-1
1.857500E+3	9.984418E-1
1.857750E+3	9.984750E-1
1.858000E+3	9.984554E-1
1.858250E+3	9.984273E-1
1.858500E+3	9.984289E-1
1.858750E+3	9.984389E-1
1.859000E+3	9.984357E-1
1.859250E+3	9.984405E-1
1.859500E+3	9.984629E-1
1.859750E+3	9.984707E-1
1.860000E+3	9.984556E-1
1.860250E+3	9.984621E-1
1.860500E+3	9.985028E-1
1.860750E+3	9.985178E-1
1.861000E+3	9.984749E-1
1.861250E+3	9.984356E-1
1.861500E+3	9.984572E-1
1.861750E+3	9.984997E-1
1.862000E+3	9.985036E-1
1.862250E+3	9.984965E-1
1.862500E+3	9.985300E-1
1.862750E+3	9.985688E-1
1.863000E+3	9.985436E-1
1.863250E+3	9.984745E-1
1.863500E+3	9.984389E-1
1.863750E+3	9.984495E-1
1.864000E+3	9.984581E-1
1.864250E+3	9.984581E-1
1.864500E+3	9.984836E-1
1.864750E+3	9.985200E-1
1.865000E+3	9.985112E-1
1.865250E+3	9.984560E-1
1.865500E+3	9.984122E-1
1.865750E+3	9.984074E-1
1.866000E+3	9.984159E-1
1.866250E+3	9.984164E-1
1.866500E+3	9.984099E-1
1.866750E+3	9.983947E-1
1.867000E+3	9.983802E-1
1.867250E+3	9.983982E-1
1.867500E+3	9.984471E-1
1.867750E+3	9.984684E-1
1.868000E+3	9.984340E-1
1.868250E+3	9.983972E-1
1.868500E+3	9.983919E-1
1.868750E+3	9.983629E-1
1.869000E+3	9.982771E-1
1.869250E+3	9.982153E-1
1.869500E+3	9.982495E-1
1.869750E+3	9.983140E-1
1.870000E+3	9.983093E-1
1.870250E+3	9.982437E-1
1.870500E+3	9.981694E-1
1.870750E+3	9.980952E-1
1.871000E+3	9.980691E-1
1.871250E+3	9.981806E-1
1.871500E+3	9.983484E-1
1.871750E+3	9.983055E-1
1.872000E+3	9.979946E-1
1.872250E+3	9.977649E-1
1.872500E+3	9.978740E-1
1.872750E+3	9.980587E-1
1.873000E+3	9.979646E-1
1.873250E+3	9.977588E-1
1.873500E+3	9.978289E-1
1.873750E+3	9.980462E-1
1.874000E+3	9.979290E-1
1.874250E+3	9.974969E-1
1.874500E+3	9.973172E-1
1.874750E+3	9.975972E-1
1.875000E+3	9.978653E-1
1.875250E+3	9.977327E-1
1.875500E+3	9.974333E-1
1.875750E+3	9.973178E-1
1.876000E+3	9.973450E-1
1.876250E+3	9.973821E-1
1.876500E+3	9.975133E-1
1.876750E+3	9.977201E-1
1.877000E+3	9.977114E-1
1.877250E+3	9.974137E-1
1.877500E+3	9.972133E-1
1.877750E+3	9.973546E-1
1.878000E+3	9.975231E-1
1.878250E+3	9.974048E-1
1.878500E+3	9.972136E-1
1.878750E+3	9.972670E-1
1.879000E+3	9.973982E-1
1.879250E+3	9.973006E-1
1.879500E+3	9.970696E-1
1.879750E+3	9.969854E-1
1.880000E+3	9.970473E-1
1.880250E+3	9.970971E-1
1.880500E+3	9.971358E-1
1.880750E+3	9.971580E-1
1.881000E+3	9.970390E-1
1.881250E+3	9.968852E-1
1.881500E+3	9.970133E-1
1.881750E+3	9.972916E-1
1.882000E+3	9.970860E-1
1.882250E+3	9.962983E-1
1.882500E+3	9.957691E-1
1.882750E+3	9.960656E-1
1.883000E+3	9.965550E-1
1.883250E+3	9.964863E-1
1.883500E+3	9.961918E-1
1.883750E+3	9.963467E-1
1.884000E+3	9.966360E-1
1.884250E+3	9.963255E-1
1.884500E+3	9.957136E-1
1.884750E+3	9.957380E-1
1.885000E+3	9.964202E-1
1.885250E+3	9.967899E-1
1.885500E+3	9.964528E-1
1.885750E+3	9.959720E-1
1.886000E+3	9.958119E-1
1.886250E+3	9.958244E-1
1.886500E+3	9.958770E-1
1.886750E+3	9.960298E-1
1.887000E+3	9.959924E-1
1.887250E+3	9.954120E-1
1.887500E+3	9.947376E-1
1.887750E+3	9.948454E-1
1.888000E+3	9.957467E-1
1.888250E+3	9.964222E-1
1.888500E+3	9.962205E-1
1.888750E+3	9.955011E-1
1.889000E+3	9.947752E-1
1.889250E+3	9.941233E-1
1.889500E+3	9.936428E-1
1.889750E+3	9.936693E-1
1.890000E+3	9.942055E-1
1.890250E+3	9.947555E-1
1.890500E+3	9.949853E-1
1.890750E+3	9.948682E-1
1.891000E+3	9.943822E-1
1.891250E+3	9.937992E-1
1.891500E+3	9.938590E-1
1.891750E+3	9.947510E-1
1.892000E+3	9.953898E-1
1.892250E+3	9.947259E-1
1.892500E+3	9.934400E-1
1.892750E+3	9.931546E-1
1.893000E+3	9.939350E-1
1.893250E+3	9.943157E-1
1.893500E+3	9.937034E-1
1.893750E+3	9.932028E-1
1.894000E+3	9.937480E-1
1.894250E+3	9.945655E-1
1.894500E+3	9.944114E-1
1.894750E+3	9.930890E-1
1.895000E+3	9.916431E-1
1.895250E+3	9.911092E-1
1.895500E+3	9.915207E-1
1.895750E+3	9.922487E-1
1.896000E+3	9.927486E-1
1.896250E+3	9.931033E-1
1.896500E+3	9.934236E-1
1.896750E+3	9.931212E-1
1.897000E+3	9.919884E-1
1.897250E+3	9.915704E-1
1.897500E+3	9.931895E-1
1.897750E+3	9.952702E-1
1.898000E+3	9.949213E-1
1.898250E+3	9.923010E-1
1.898500E+3	9.911275E-1
1.898750E+3	9.929673E-1
1.899000E+3	9.946357E-1
1.899250E+3	9.936793E-1
1.899500E+3	9.917244E-1
1.899750E+3	9.912575E-1
1.900000E+3	9.919080E-1
1.900250E+3	9.920149E-1
1.900500E+3	9.916561E-1
1.900750E+3	9.915977E-1
1.901000E+3	9.913643E-1
1.901250E+3	9.906791E-1
1.901500E+3	9.907457E-1
1.901750E+3	9.919612E-1
1.902000E+3	9.923575E-1
1.902250E+3	9.905663E-1
1.902500E+3	9.884370E-1
1.902750E+3	9.884914E-1
1.903000E+3	9.901485E-1
1.903250E+3	9.914970E-1
1.903500E+3	9.920540E-1
1.903750E+3	9.917482E-1
1.904000E+3	9.896275E-1
1.904250E+3	9.860891E-1
1.904500E+3	9.845751E-1
1.904750E+3	9.875460E-1
1.905000E+3	9.917824E-1
1.905250E+3	9.927050E-1
1.905500E+3	9.902011E-1
1.905750E+3	9.882194E-1
1.906000E+3	9.886087E-1
1.906250E+3	9.891847E-1
1.906500E+3	9.885131E-1
1.906750E+3	9.880715E-1
1.907000E+3	9.888627E-1
1.907250E+3	9.893380E-1
1.907500E+3	9.881698E-1
1.907750E+3	9.864756E-1
1.908000E+3	9.864304E-1
1.908250E+3	9.881834E-1
1.908500E+3	9.905589E-1
1.908750E+3	9.923771E-1
1.909000E+3	9.926198E-1
1.909250E+3	9.913932E-1
1.909500E+3	9.903543E-1
1.909750E+3	9.909558E-1
1.910000E+3	9.923729E-1
1.910250E+3	9.926837E-1
1.910500E+3	9.918149E-1
1.910750E+3	9.915527E-1
1.911000E+3	9.926790E-1
1.911250E+3	9.937590E-1
1.911500E+3	9.934278E-1
1.911750E+3	9.923655E-1
1.912000E+3	9.921888E-1
1.912250E+3	9.931088E-1
1.912500E+3	9.941332E-1
1.912750E+3	9.947252E-1
1.913000E+3	9.947881E-1
1.913250E+3	9.940048E-1
1.913500E+3	9.926438E-1
1.913750E+3	9.922507E-1
1.914000E+3	9.937751E-1
1.914250E+3	9.959615E-1
1.914500E+3	9.963290E-1
1.914750E+3	9.943339E-1
1.915000E+3	9.925663E-1
1.915250E+3	9.932935E-1
1.915500E+3	9.955751E-1
1.915750E+3	9.967339E-1
1.916000E+3	9.960215E-1
1.916250E+3	9.950054E-1
1.916500E+3	9.948587E-1
1.916750E+3	9.950416E-1
1.917000E+3	9.949243E-1
1.917250E+3	9.950355E-1
1.917500E+3	9.958215E-1
1.917750E+3	9.964897E-1
1.918000E+3	9.961402E-1
1.918250E+3	9.953192E-1
1.918500E+3	9.952518E-1
1.918750E+3	9.959175E-1
1.919000E+3	9.963280E-1
1.919250E+3	9.960928E-1
1.919500E+3	9.957173E-1
1.919750E+3	9.956844E-1
1.920000E+3	9.959261E-1
1.920250E+3	9.963500E-1
1.920500E+3	9.968652E-1
1.920750E+3	9.969151E-1
1.921000E+3	9.960172E-1
1.921250E+3	9.948638E-1
1.921500E+3	9.949866E-1
1.921750E+3	9.964988E-1
1.922000E+3	9.976436E-1
1.922250E+3	9.972196E-1
1.922500E+3	9.959084E-1
1.922750E+3	9.952707E-1
1.923000E+3	9.956961E-1
1.923250E+3	9.962378E-1
1.923500E+3	9.962732E-1
1.923750E+3	9.962807E-1
1.924000E+3	9.967474E-1
1.924250E+3	9.972808E-1
1.924500E+3	9.972264E-1
1.924750E+3	9.966260E-1
1.925000E+3	9.961825E-1
1.925250E+3	9.963400E-1
1.925500E+3	9.968197E-1
1.925750E+3	9.970583E-1
1.926000E+3	9.969451E-1
1.926250E+3	9.968908E-1
1.926500E+3	9.972111E-1
1.926750E+3	9.976114E-1
1.927000E+3	9.975877E-1
1.927250E+3	9.971728E-1
1.927500E+3	9.969473E-1
1.927750E+3	9.972670E-1
1.928000E+3	9.976753E-1
1.928250E+3	9.975549E-1
1.928500E+3	9.970311E-1
1.928750E+3	9.968115E-1
1.929000E+3	9.971663E-1
1.929250E+3	9.975797E-1
1.929500E+3	9.975216E-1
1.929750E+3	9.972316E-1
1.930000E+3	9.972920E-1
1.930250E+3	9.976612E-1
1.930500E+3	9.977415E-1
1.930750E+3	9.973550E-1
1.931000E+3	9.971371E-1
1.931250E+3	9.975343E-1
1.931500E+3	9.980584E-1
1.931750E+3	9.979197E-1
1.932000E+3	9.972467E-1
1.932250E+3	9.969525E-1
1.932500E+3	9.973597E-1
1.932750E+3	9.977418E-1
1.933000E+3	9.974909E-1
1.933250E+3	9.970160E-1
1.933500E+3	9.969762E-1
1.933750E+3	9.972646E-1
1.934000E+3	9.973356E-1
1.934250E+3	9.972185E-1
1.934500E+3	9.974054E-1
1.934750E+3	9.978863E-1
1.935000E+3	9.980797E-1
1.935250E+3	9.977559E-1
1.935500E+3	9.973998E-1
1.935750E+3	9.974593E-1
1.936000E+3	9.977511E-1
1.936250E+3	9.978914E-1
1.936500E+3	9.978019E-1
1.936750E+3	9.976288E-1
1.937000E+3	9.974962E-1
1.937250E+3	9.975132E-1
1.937500E+3	9.977221E-1
1.937750E+3	9.978933E-1
1.938000E+3	9.977633E-1
1.938250E+3	9.975085E-1
1.938500E+3	9.975488E-1
1.938750E+3	9.978692E-1
1.939000E+3	9.979543E-1
1.939250E+3	9.976046E-1
1.939500E+3	9.972747E-1
1.939750E+3	9.972969E-1
1.940000E+3	9.973532E-1
1.940250E+3	9.970847E-1
1.940500E+3	9.967428E-1
1.940750E+3	9.967671E-1
1.941000E+3	9.970434E-1
1.941250E+3	9.971578E-1
1.941500E+3	9.970636E-1
1.941750E+3	9.970229E-1
1.942000E+3	9.970417E-1
1.942250E+3	9.969460E-1
1.942500E+3	9.968983E-1
1.942750E+3	9.972392E-1
1.943000E+3	9.978320E-1
1.943250E+3	9.980957E-1
1.943500E+3	9.977727E-1
1.943750E+3	9.973540E-1
1.944000E+3	9.973704E-1
1.944250E+3	9.977313E-1
1.944500E+3	9.979955E-1
1.944750E+3	9.980051E-1
1.945000E+3	9.979974E-1
1.945250E+3	9.980924E-1
1.945500E+3	9.980848E-1
1.945750E+3	9.978243E-1
1.946000E+3	9.975514E-1
1.946250E+3	9.976045E-1
1.946500E+3	9.979970E-1
1.946750E+3	9.983584E-1
1.947000E+3	9.983567E-1
1.947250E+3	9.980260E-1
1.947500E+3	9.976318E-1
1.947750E+3	9.974595E-1
1.948000E+3	9.976022E-1
1.948250E+3	9.978588E-1
1.948500E+3	9.979081E-1
1.948750E+3	9.976767E-1
1.949000E+3	9.974916E-1
1.949250E+3	9.976437E-1
1.949500E+3	9.979079E-1
1.949750E+3	9.978068E-1
1.950000E+3	9.973669E-1
1.950250E+3	9.971511E-1
1.950500E+3	9.974865E-1
1.950750E+3	9.979516E-1
1.951000E+3	9.979452E-1
1.951250E+3	9.974761E-1
1.951500E+3	9.970409E-1
1.951750E+3	9.970053E-1
1.952000E+3	9.972342E-1
1.952250E+3	9.974190E-1
1.952500E+3	9.974478E-1
1.952750E+3	9.973885E-1
1.953000E+3	9.973369E-1
1.953250E+3	9.972897E-1
1.953500E+3	9.971547E-1
1.953750E+3	9.969160E-1
1.954000E+3	9.967366E-1
1.954250E+3	9.967475E-1
1.954500E+3	9.968400E-1
1.954750E+3	9.968429E-1
1.955000E+3	9.968323E-1
1.955250E+3	9.969887E-1
1.955500E+3	9.971651E-1
1.955750E+3	9.970186E-1
1.956000E+3	9.966508E-1
1.956250E+3	9.965923E-1
1.956500E+3	9.969800E-1
1.956750E+3	9.972170E-1
1.957000E+3	9.968395E-1
1.957250E+3	9.963343E-1
1.957500E+3	9.964346E-1
1.957750E+3	9.969863E-1
1.958000E+3	9.971745E-1
1.958250E+3	9.967634E-1
1.958500E+3	9.964126E-1
1.958750E+3	9.966409E-1
1.959000E+3	9.970227E-1
1.959250E+3	9.968212E-1
1.959500E+3	9.960804E-1
1.959750E+3	9.956217E-1
1.960000E+3	9.959474E-1
1.960250E+3	9.966132E-1
1.960500E+3	9.968817E-1
1.960750E+3	9.966504E-1
1.961000E+3	9.964673E-1
1.961250E+3	9.966695E-1
1.961500E+3	9.969226E-1
1.961750E+3	9.967994E-1
1.962000E+3	9.964662E-1
1.962250E+3	9.963689E-1
1.962500E+3	9.964827E-1
1.962750E+3	9.964139E-1
1.963000E+3	9.961658E-1
1.963250E+3	9.961628E-1
1.963500E+3	9.964576E-1
1.963750E+3	9.965540E-1
1.964000E+3	9.962655E-1
1.964250E+3	9.960953E-1
1.964500E+3	9.964287E-1
1.964750E+3	9.968454E-1
1.965000E+3	9.967472E-1
1.965250E+3	9.962617E-1
1.965500E+3	9.959520E-1
1.965750E+3	9.960214E-1
1.966000E+3	9.962307E-1
1.966250E+3	9.964006E-1
1.966500E+3	9.964976E-1
1.966750E+3	9.964001E-1
1.967000E+3	9.960613E-1
1.967250E+3	9.957593E-1
1.967500E+3	9.957902E-1
1.967750E+3	9.960239E-1
1.968000E+3	9.961532E-1
1.968250E+3	9.962088E-1
1.968500E+3	9.963503E-1
1.968750E+3	9.963824E-1
1.969000E+3	9.960348E-1
1.969250E+3	9.955771E-1
1.969500E+3	9.955401E-1
1.969750E+3	9.959069E-1
1.970000E+3	9.961262E-1
1.970250E+3	9.960058E-1
1.970500E+3	9.959501E-1
1.970750E+3	9.962228E-1
1.971000E+3	9.965307E-1
1.971250E+3	9.965970E-1
1.971500E+3	9.965683E-1
1.971750E+3	9.966366E-1
1.972000E+3	9.966862E-1
1.972250E+3	9.965627E-1
1.972500E+3	9.963814E-1
1.972750E+3	9.963351E-1
1.973000E+3	9.964390E-1
1.973250E+3	9.966187E-1
1.973500E+3	9.968282E-1
1.973750E+3	9.969672E-1
1.974000E+3	9.969520E-1
1.974250E+3	9.969194E-1
1.974500E+3	9.970592E-1
1.974750E+3	9.972555E-1
1.975000E+3	9.972068E-1
1.975250E+3	9.969543E-1
1.975500E+3	9.968733E-1
1.975750E+3	9.970589E-1
1.976000E+3	9.971782E-1
1.976250E+3	9.970505E-1
1.976500E+3	9.969044E-1
1.976750E+3	9.969028E-1
1.977000E+3	9.968770E-1
1.977250E+3	9.967647E-1
1.977500E+3	9.968359E-1
1.977750E+3	9.971857E-1
1.978000E+3	9.974466E-1
1.978250E+3	9.973670E-1
1.978500E+3	9.972352E-1
1.978750E+3	9.973565E-1
1.979000E+3	9.975191E-1
1.979250E+3	9.974306E-1
1.979500E+3	9.972781E-1
1.979750E+3	9.973787E-1
1.980000E+3	9.975749E-1
1.980250E+3	9.975119E-1
1.980500E+3	9.972945E-1
1.980750E+3	9.973063E-1
1.981000E+3	9.975463E-1
1.981250E+3	9.976693E-1
1.981500E+3	9.975946E-1
1.981750E+3	9.975577E-1
1.982000E+3	9.976241E-1
1.982250E+3	9.976261E-1
1.982500E+3	9.975750E-1
1.982750E+3	9.976835E-1
1.983000E+3	9.979499E-1
1.983250E+3	9.981111E-1
1.983500E+3	9.980521E-1
1.983750E+3	9.979171E-1
1.984000E+3	9.978075E-1
1.984250E+3	9.977014E-1
1.984500E+3	9.976703E-1
1.984750E+3	9.978399E-1
1.985000E+3	9.981163E-1
1.985250E+3	9.982530E-1
1.985500E+3	9.981912E-1
1.985750E+3	9.980739E-1
1.986000E+3	9.979717E-1
1.986250E+3	9.978742E-1
1.986500E+3	9.978848E-1
1.986750E+3	9.980927E-1
1.987000E+3	9.983095E-1
1.987250E+3	9.982781E-1
1.987500E+3	9.980961E-1
1.987750E+3	9.980780E-1
1.988000E+3	9.982326E-1
1.988250E+3	9.982802E-1
1.988500E+3	9.981492E-1
1.988750E+3	9.980632E-1
1.989000E+3	9.981057E-1
1.989250E+3	9.981021E-1
1.989500E+3	9.980096E-1
1.989750E+3	9.980166E-1
1.990000E+3	9.981585E-1
1.990250E+3	9.982058E-1
1.990500E+3	9.980729E-1
1.990750E+3	9.979786E-1
1.991000E+3	9.980690E-1
1.991250E+3	9.981720E-1
1.991500E+3	9.981211E-1
1.991750E+3	9.980249E-1
1.992000E+3	9.980387E-1
1.992250E+3	9.981040E-1
1.992500E+3	9.980915E-1
1.992750E+3	9.980064E-1
1.993000E+3	9.979142E-1
1.993250E+3	9.978341E-1
1.993500E+3	9.978077E-1
1.993750E+3	9.978927E-1
1.994000E+3	9.980051E-1
1.994250E+3	9.979706E-1
1.994500E+3	9.978112E-1
1.994750E+3	9.977362E-1
1.995000E+3	9.977734E-1
1.995250E+3	9.976783E-1
1.995500E+3	9.973631E-1
1.995750E+3	9.971478E-1
1.996000E+3	9.973239E-1
1.996250E+3	9.976721E-1
1.996500E+3	9.977192E-1
1.996750E+3	9.973883E-1
1.997000E+3	9.970845E-1
1.997250E+3	9.971227E-1
1.997500E+3	9.973401E-1
1.997750E+3	9.973732E-1
1.998000E+3	9.971493E-1
1.998250E+3	9.969244E-1
1.998500E+3	9.969015E-1
1.998750E+3	9.970023E-1
1.999000E+3	9.970441E-1
1.999250E+3	9.969782E-1
1.999500E+3	9.968527E-1
1.999750E+3	9.966754E-1
2.000000E+3	9.964747E-1
2.000250E+3	9.964029E-1
2.000500E+3	9.965655E-1
2.000750E+3	9.967720E-1
2.001000E+3	9.967047E-1
2.001250E+3	9.963629E-1
2.001500E+3	9.960825E-1
2.001750E+3	9.960665E-1
2.002000E+3	9.961329E-1
2.002250E+3	9.960707E-1
2.002500E+3	9.959541E-1
2.002750E+3	9.959206E-1
2.003000E+3	9.958910E-1
2.003250E+3	9.957385E-1
2.003500E+3	9.955552E-1
2.003750E+3	9.955077E-1
2.004000E+3	9.955585E-1
2.004250E+3	9.955554E-1
2.004500E+3	9.954760E-1
2.004750E+3	9.953808E-1
2.005000E+3	9.952694E-1
2.005250E+3	9.951677E-1
2.005500E+3	9.951980E-1
2.005750E+3	9.953520E-1
2.006000E+3	9.953744E-1
2.006250E+3	9.951178E-1
2.006500E+3	9.948424E-1
2.006750E+3	9.948686E-1
2.007000E+3	9.951117E-1
2.007250E+3	9.952695E-1
2.007500E+3	9.952912E-1
2.007750E+3	9.953227E-1
2.008000E+3	9.953142E-1
2.008250E+3	9.950956E-1
2.008500E+3	9.947890E-1
2.008750E+3	9.947185E-1
2.009000E+3	9.948863E-1
2.009250E+3	9.949495E-1
2.009500E+3	9.947577E-1
2.009750E+3	9.945668E-1
2.010000E+3	9.946002E-1
2.010250E+3	9.947350E-1
2.010500E+3	9.947672E-1
2.010750E+3	9.946722E-1
2.011000E+3	9.944985E-1
2.011250E+3	9.942678E-1
2.011500E+3	9.941074E-1
2.011750E+3	9.942038E-1
2.012000E+3	9.944705E-1
2.012250E+3	9.945595E-1
2.012500E+3	9.943673E-1
2.012750E+3	9.942152E-1
2.013000E+3	9.943355E-1
2.013250E+3	9.944659E-1
2.013500E+3	9.942509E-1
2.013750E+3	9.938189E-1
2.014000E+3	9.936037E-1
2.014250E+3	9.937358E-1
2.014500E+3	9.939603E-1
2.014750E+3	9.940769E-1
2.015000E+3	9.941443E-1
2.015250E+3	9.942204E-1
2.015500E+3	9.941947E-1
2.015750E+3	9.939839E-1
2.016000E+3	9.937082E-1
2.016250E+3	9.935493E-1
2.016500E+3	9.935483E-1
2.016750E+3	9.936212E-1
2.017000E+3	9.936911E-1
2.017250E+3	9.937530E-1
2.017500E+3	9.938360E-1
2.017750E+3	9.939185E-1
2.018000E+3	9.938984E-1
2.018250E+3	9.937155E-1
2.018500E+3	9.935044E-1
2.018750E+3	9.935022E-1
2.019000E+3	9.937267E-1
2.019250E+3	9.938974E-1
2.019500E+3	9.938097E-1
2.019750E+3	9.936285E-1
2.020000E+3	9.936312E-1
2.020250E+3	9.937791E-1
2.020500E+3	9.937938E-1
2.020750E+3	9.935934E-1
2.021000E+3	9.933996E-1
2.021250E+3	9.933921E-1
2.021500E+3	9.935109E-1
2.021750E+3	9.936413E-1
2.022000E+3	9.937567E-1
2.022250E+3	9.938133E-1
2.022500E+3	9.937204E-1
2.022750E+3	9.935342E-1
2.023000E+3	9.934878E-1
2.023250E+3	9.936637E-1
2.023500E+3	9.938141E-1
2.023750E+3	9.936867E-1
2.024000E+3	9.934169E-1
2.024250E+3	9.933666E-1
2.024500E+3	9.936178E-1
2.024750E+3	9.938637E-1
2.025000E+3	9.938211E-1
2.025250E+3	9.935997E-1
2.025500E+3	9.935217E-1
2.025750E+3	9.936923E-1
2.026000E+3	9.939059E-1
2.026250E+3	9.939588E-1
2.026500E+3	9.939039E-1
2.026750E+3	9.939019E-1
2.027000E+3	9.939403E-1
2.027250E+3	9.938695E-1
2.027500E+3	9.936904E-1
2.027750E+3	9.936083E-1
2.028000E+3	9.937333E-1
2.028250E+3	9.938960E-1
2.028500E+3	9.939102E-1
2.028750E+3	9.938630E-1
2.029000E+3	9.939426E-1
2.029250E+3	9.940861E-1
2.029500E+3	9.940658E-1
2.029750E+3	9.938897E-1
2.030000E+3	9.938317E-1
2.030250E+3	9.939945E-1
2.030500E+3	9.941283E-1
2.030750E+3	9.940288E-1
2.031000E+3	9.938628E-1
2.031250E+3	9.938859E-1
2.031500E+3	9.940225E-1
2.031750E+3	9.940173E-1
2.032000E+3	9.938797E-1
2.032250E+3	9.938642E-1
2.032500E+3	9.940250E-1
2.032750E+3	9.941192E-1
2.033000E+3	9.940247E-1
2.033250E+3	9.939539E-1
2.033500E+3	9.940820E-1
2.033750E+3	9.942220E-1
2.034000E+3	9.941196E-1
2.034250E+3	9.938751E-1
2.034500E+3	9.937956E-1
2.034750E+3	9.939175E-1
2.035000E+3	9.939917E-1
2.035250E+3	9.939218E-1
2.035500E+3	9.938867E-1
2.035750E+3	9.939720E-1
2.036000E+3	9.939923E-1
2.036250E+3	9.938281E-1
2.036500E+3	9.936701E-1
2.036750E+3	9.937306E-1
2.037000E+3	9.939071E-1
2.037250E+3	9.939609E-1
2.037500E+3	9.938683E-1
2.037750E+3	9.937869E-1
2.038000E+3	9.937912E-1
2.038250E+3	9.938371E-1
2.038500E+3	9.938912E-1
2.038750E+3	9.939048E-1
2.039000E+3	9.937829E-1
2.039250E+3	9.935726E-1
2.039500E+3	9.935405E-1
2.039750E+3	9.938204E-1
2.040000E+3	9.941185E-1
2.040250E+3	9.940774E-1
2.040500E+3	9.938031E-1
2.040750E+3	9.936968E-1
2.041000E+3	9.938195E-1
2.041250E+3	9.938314E-1
2.041500E+3	9.935921E-1
2.041750E+3	9.933904E-1
2.042000E+3	9.934566E-1
2.042250E+3	9.936137E-1
2.042500E+3	9.936235E-1
2.042750E+3	9.935466E-1
2.043000E+3	9.935294E-1
2.043250E+3	9.935023E-1
2.043500E+3	9.933487E-1
2.043750E+3	9.931730E-1
2.044000E+3	9.931329E-1
2.044250E+3	9.931681E-1
2.044500E+3	9.931491E-1
2.044750E+3	9.931374E-1
2.045000E+3	9.932307E-1
2.045250E+3	9.932794E-1
2.045500E+3	9.930744E-1
2.045750E+3	9.927486E-1
2.046000E+3	9.926621E-1
2.046250E+3	9.928678E-1
2.046500E+3	9.930083E-1
2.046750E+3	9.928420E-1
2.047000E+3	9.925914E-1
2.047250E+3	9.925911E-1
2.047500E+3	9.927862E-1
2.047750E+3	9.928298E-1
2.048000E+3	9.925951E-1
2.048250E+3	9.923378E-1
2.048500E+3	9.923130E-1
2.048750E+3	9.924353E-1
2.049000E+3	9.924448E-1
2.049250E+3	9.922908E-1
2.049500E+3	9.921757E-1
2.049750E+3	9.922313E-1
2.050000E+3	9.923325E-1
2.050250E+3	9.923130E-1
2.050500E+3	9.922152E-1
2.050750E+3	9.921817E-1
2.051000E+3	9.921963E-1
2.051250E+3	9.921228E-1
2.051500E+3	9.919642E-1
2.051750E+3	9.918804E-1
2.052000E+3	9.919219E-1
2.052250E+3	9.919479E-1
2.052500E+3	9.918786E-1
2.052750E+3	9.918283E-1
2.053000E+3	9.918704E-1
2.053250E+3	9.918651E-1
2.053500E+3	9.916979E-1
2.053750E+3	9.915333E-1
2.054000E+3	9.915948E-1
2.054250E+3	9.917908E-1
2.054500E+3	9.918189E-1
2.054750E+3	9.916160E-1
2.055000E+3	9.914498E-1
2.055250E+3	9.915035E-1
2.055500E+3	9.916240E-1
2.055750E+3	9.916017E-1
2.056000E+3	9.914889E-1
2.056250E+3	9.914622E-1
2.056500E+3	9.915060E-1
2.056750E+3	9.914527E-1
2.057000E+3	9.912859E-1
2.057250E+3	9.911919E-1
2.057500E+3	9.912747E-1
2.057750E+3	9.913929E-1
2.058000E+3	9.913700E-1
2.058250E+3	9.912522E-1
2.058500E+3	9.912245E-1
2.058750E+3	9.913169E-1
2.059000E+3	9.913411E-1
2.059250E+3	9.911659E-1
2.059500E+3	9.909359E-1
2.059750E+3	9.909025E-1
2.060000E+3	9.910810E-1
2.060250E+3	9.912196E-1
2.060500E+3	9.911422E-1
2.060750E+3	9.909797E-1
2.061000E+3	9.909587E-1
2.061250E+3	9.910735E-1
2.061500E+3	9.911274E-1
2.061750E+3	9.910474E-1
2.062000E+3	9.909787E-1
2.062250E+3	9.910338E-1
2.062500E+3	9.911175E-1
2.062750E+3	9.910904E-1
2.063000E+3	9.909747E-1
2.063250E+3	9.908877E-1
2.063500E+3	9.908613E-1
2.063750E+3	9.908482E-1
2.064000E+3	9.908473E-1
2.064250E+3	9.908937E-1
2.064500E+3	9.909501E-1
2.064750E+3	9.909297E-1
2.065000E+3	9.908331E-1
2.065250E+3	9.907617E-1
2.065500E+3	9.907785E-1
2.065750E+3	9.908400E-1
2.066000E+3	9.908887E-1
2.066250E+3	9.909229E-1
2.066500E+3	9.909446E-1
2.066750E+3	9.909187E-1
2.067000E+3	9.908379E-1
2.067250E+3	9.907654E-1
2.067500E+3	9.907557E-1
2.067750E+3	9.907778E-1
2.068000E+3	9.907732E-1
2.068250E+3	9.907516E-1
2.068500E+3	9.907611E-1
2.068750E+3	9.907880E-1
2.069000E+3	9.907647E-1
2.069250E+3	9.906817E-1
2.069500E+3	9.906193E-1
2.069750E+3	9.906400E-1
2.070000E+3	9.907031E-1
2.070250E+3	9.907329E-1
2.070500E+3	9.907261E-1
2.070750E+3	9.907375E-1
2.071000E+3	9.907796E-1
2.071250E+3	9.907970E-1
2.071500E+3	9.907525E-1
2.071750E+3	9.906888E-1
2.072000E+3	9.906739E-1
2.072250E+3	9.907103E-1
2.072500E+3	9.907386E-1
2.072750E+3	9.907225E-1
2.073000E+3	9.906931E-1
2.073250E+3	9.906967E-1
2.073500E+3	9.907279E-1
2.073750E+3	9.907423E-1
2.074000E+3	9.907215E-1
2.074250E+3	9.906943E-1
2.074500E+3	9.906864E-1
2.074750E+3	9.906880E-1
2.075000E+3	9.906886E-1
2.075250E+3	9.907104E-1
2.075500E+3	9.907693E-1
2.075750E+3	9.908260E-1
2.076000E+3	9.908296E-1
2.076250E+3	9.907997E-1
2.076500E+3	9.908045E-1
2.076750E+3	9.908547E-1
2.077000E+3	9.908873E-1
2.077250E+3	9.908723E-1
2.077500E+3	9.908612E-1
2.077750E+3	9.908922E-1
2.078000E+3	9.909221E-1
2.078250E+3	9.909118E-1
2.078500E+3	9.909060E-1
2.078750E+3	9.909522E-1
2.079000E+3	9.909973E-1
2.079250E+3	9.909654E-1
2.079500E+3	9.908947E-1
2.079750E+3	9.908861E-1
2.080000E+3	9.909359E-1
2.080250E+3	9.909400E-1
2.080500E+3	9.908689E-1
2.080750E+3	9.908210E-1
2.081000E+3	9.908648E-1
2.081250E+3	9.909333E-1
2.081500E+3	9.909300E-1
2.081750E+3	9.908619E-1
2.082000E+3	9.908052E-1
2.082250E+3	9.907928E-1
2.082500E+3	9.907943E-1
2.082750E+3	9.907755E-1
2.083000E+3	9.907322E-1
2.083250E+3	9.906827E-1
2.083500E+3	9.906476E-1
2.083750E+3	9.906245E-1
2.084000E+3	9.905823E-1
2.084250E+3	9.905104E-1
2.084500E+3	9.904534E-1
2.084750E+3	9.904473E-1
2.085000E+3	9.904400E-1
2.085250E+3	9.903485E-1
2.085500E+3	9.901841E-1
2.085750E+3	9.900390E-1
2.086000E+3	9.899472E-1
2.086250E+3	9.898516E-1
2.086500E+3	9.897234E-1
2.086750E+3	9.896080E-1
2.087000E+3	9.895166E-1
2.087250E+3	9.893766E-1
2.087500E+3	9.891498E-1
2.087750E+3	9.889075E-1
2.088000E+3	9.887152E-1
2.088250E+3	9.885219E-1
2.088500E+3	9.882498E-1
2.088750E+3	9.879298E-1
2.089000E+3	9.876557E-1
2.089250E+3	9.874478E-1
2.089500E+3	9.872593E-1
2.089750E+3	9.870978E-1
2.090000E+3	9.870542E-1
2.090250E+3	9.872130E-1
2.090500E+3	9.876024E-1
2.090750E+3	9.882256E-1
2.091000E+3	9.890663E-1
2.091250E+3	9.900509E-1
2.091500E+3	9.910538E-1
2.091750E+3	9.919575E-1
2.092000E+3	9.926934E-1
2.092250E+3	9.932394E-1
2.092500E+3	9.936082E-1
2.092750E+3	9.938401E-1
2.093000E+3	9.939801E-1
2.093250E+3	9.940530E-1
2.093500E+3	9.940646E-1
2.093750E+3	9.940245E-1
2.094000E+3	9.939534E-1
2.094250E+3	9.938680E-1
2.094500E+3	9.937724E-1
2.094750E+3	9.936672E-1
2.095000E+3	9.935568E-1
2.095250E+3	9.934472E-1
2.095500E+3	9.933408E-1
2.095750E+3	9.932384E-1
2.096000E+3	9.931403E-1
2.096250E+3	9.930459E-1
2.096500E+3	9.929527E-1
2.096750E+3	9.928582E-1
2.097000E+3	9.927628E-1
2.097250E+3	9.926679E-1
2.097500E+3	9.925722E-1
2.097750E+3	9.924712E-1
2.098000E+3	9.923638E-1
2.098250E+3	9.922575E-1
2.098500E+3	9.921578E-1
2.098750E+3	9.920585E-1
2.099000E+3	9.919528E-1
2.099250E+3	9.918499E-1
2.099500E+3	9.917625E-1
2.099750E+3	9.916812E-1
2.100000E+3	9.915845E-1
2.100250E+3	9.914756E-1
2.100500E+3	9.913814E-1
2.100750E+3	9.913066E-1
2.101000E+3	9.912211E-1
2.101250E+3	9.911091E-1
2.101500E+3	9.909972E-1
2.101750E+3	9.909120E-1
2.102000E+3	9.908398E-1
2.102250E+3	9.907555E-1
2.102500E+3	9.906631E-1
2.102750E+3	9.905765E-1
2.103000E+3	9.904885E-1
2.103250E+3	9.903923E-1
2.103500E+3	9.903076E-1
2.103750E+3	9.902482E-1
2.104000E+3	9.901862E-1
2.104250E+3	9.900900E-1
2.104500E+3	9.899774E-1
2.104750E+3	9.898903E-1
2.105000E+3	9.898337E-1
2.105250E+3	9.897810E-1
2.105500E+3	9.897196E-1
2.105750E+3	9.896520E-1
2.106000E+3	9.895700E-1
2.106250E+3	9.894710E-1
2.106500E+3	9.893766E-1
2.106750E+3	9.892965E-1
2.107000E+3	9.892062E-1
2.107250E+3	9.891045E-1
2.107500E+3	9.890444E-1
2.107750E+3	9.890416E-1
2.108000E+3	9.890076E-1
2.108250E+3	9.888662E-1
2.108500E+3	9.886930E-1
2.108750E+3	9.886246E-1
2.109000E+3	9.886521E-1
2.109250E+3	9.886367E-1
2.109500E+3	9.885260E-1
2.109750E+3	9.884178E-1
2.110000E+3	9.883833E-1
2.110250E+3	9.883636E-1
2.110500E+3	9.882925E-1
2.110750E+3	9.882032E-1
2.111000E+3	9.881462E-1
2.111250E+3	9.881012E-1
2.111500E+3	9.880356E-1
2.111750E+3	9.879686E-1
2.112000E+3	9.879193E-1
2.112250E+3	9.878676E-1
2.112500E+3	9.878122E-1
2.112750E+3	9.877841E-1
2.113000E+3	9.877656E-1
2.113250E+3	9.876934E-1
2.113500E+3	9.875814E-1
2.113750E+3	9.875310E-1
2.114000E+3	9.875643E-1
2.114250E+3	9.875704E-1
2.114500E+3	9.874872E-1
2.114750E+3	9.874084E-1
2.115000E+3	9.874142E-1
2.115250E+3	9.874240E-1
2.115500E+3	9.873417E-1
2.115750E+3	9.872370E-1
2.116000E+3	9.872344E-1
2.116250E+3	9.872984E-1
2.116500E+3	9.872865E-1
2.116750E+3	9.871731E-1
2.117000E+3	9.870737E-1
2.117250E+3	9.870582E-1
2.117500E+3	9.870710E-1
2.117750E+3	9.870464E-1
2.118000E+3	9.870003E-1
2.118250E+3	9.869812E-1
2.118500E+3	9.869960E-1
2.118750E+3	9.870092E-1
2.119000E+3	9.869890E-1
2.119250E+3	9.869504E-1
2.119500E+3	9.869528E-1
2.119750E+3	9.870242E-1
2.120000E+3	9.870948E-1
2.120250E+3	9.870746E-1
2.120500E+3	9.869918E-1
2.120750E+3	9.869630E-1
2.121000E+3	9.870112E-1
2.121250E+3	9.870325E-1
2.121500E+3	9.869846E-1
2.121750E+3	9.869790E-1
2.122000E+3	9.871037E-1
2.122250E+3	9.872668E-1
2.122500E+3	9.873208E-1
2.122750E+3	9.872607E-1
2.123000E+3	9.871988E-1
2.123250E+3	9.872099E-1
2.123500E+3	9.872876E-1
2.123750E+3	9.873964E-1
2.124000E+3	9.874879E-1
2.124250E+3	9.875138E-1
2.124500E+3	9.874901E-1
2.124750E+3	9.875000E-1
2.125000E+3	9.875801E-1
2.125250E+3	9.876683E-1
2.125500E+3	9.877101E-1
2.125750E+3	9.877379E-1
2.126000E+3	9.877866E-1
2.126250E+3	9.878162E-1
2.126500E+3	9.877906E-1
2.126750E+3	9.877631E-1
2.127000E+3	9.878084E-1
2.127250E+3	9.879236E-1
2.127500E+3	9.880465E-1
2.127750E+3	9.881265E-1
2.128000E+3	9.881448E-1
2.128250E+3	9.881241E-1
2.128500E+3	9.881370E-1
2.128750E+3	9.882343E-1
2.129000E+3	9.883621E-1
2.129250E+3	9.884398E-1
2.129500E+3	9.885012E-1
2.129750E+3	9.886271E-1
2.130000E+3	9.887533E-1
2.130250E+3	9.887356E-1
2.130500E+3	9.886287E-1
2.130750E+3	9.886737E-1
2.131000E+3	9.889176E-1
2.131250E+3	9.890889E-1
2.131500E+3	9.890055E-1
2.131750E+3	9.888854E-1
2.132000E+3	9.890201E-1
2.132250E+3	9.893129E-1
2.132500E+3	9.894260E-1
2.132750E+3	9.892951E-1
2.133000E+3	9.891943E-1
2.133250E+3	9.892938E-1
2.133500E+3	9.894492E-1
2.133750E+3	9.894987E-1
2.134000E+3	9.895121E-1
2.134250E+3	9.896054E-1
2.134500E+3	9.897053E-1
2.134750E+3	9.896746E-1
2.135000E+3	9.895559E-1
2.135250E+3	9.895159E-1
2.135500E+3	9.896162E-1
2.135750E+3	9.897804E-1
2.136000E+3	9.899427E-1
2.136250E+3	9.900776E-1
2.136500E+3	9.901155E-1
2.136750E+3	9.899982E-1
2.137000E+3	9.898253E-1
2.137250E+3	9.897917E-1
2.137500E+3	9.899421E-1
2.137750E+3	9.901149E-1
2.138000E+3	9.901796E-1
2.138250E+3	9.901800E-1
2.138500E+3	9.901807E-1
2.138750E+3	9.901312E-1
2.139000E+3	9.899992E-1
2.139250E+3	9.899086E-1
2.139500E+3	9.899869E-1
2.139750E+3	9.901515E-1
2.140000E+3	9.902038E-1
2.140250E+3	9.900882E-1
2.140500E+3	9.899354E-1
2.140750E+3	9.898799E-1
2.141000E+3	9.899361E-1
2.141250E+3	9.900323E-1
2.141500E+3	9.900672E-1
2.141750E+3	9.899799E-1
2.142000E+3	9.898320E-1
2.142250E+3	9.897514E-1
2.142500E+3	9.897488E-1
2.142750E+3	9.897069E-1
2.143000E+3	9.896187E-1
2.143250E+3	9.896466E-1
2.143500E+3	9.898125E-1
2.143750E+3	9.898503E-1
2.144000E+3	9.895971E-1
2.144250E+3	9.893174E-1
2.144500E+3	9.893441E-1
2.144750E+3	9.895565E-1
2.145000E+3	9.895799E-1
2.145250E+3	9.893977E-1
2.145500E+3	9.893475E-1
2.145750E+3	9.895207E-1
2.146000E+3	9.896031E-1
2.146250E+3	9.893931E-1
2.146500E+3	9.890993E-1
2.146750E+3	9.889788E-1
2.147000E+3	9.889904E-1
2.147250E+3	9.889713E-1
2.147500E+3	9.888859E-1
2.147750E+3	9.887586E-1
2.148000E+3	9.885994E-1
2.148250E+3	9.885182E-1
2.148500E+3	9.886606E-1
2.148750E+3	9.889012E-1
2.149000E+3	9.888771E-1
2.149250E+3	9.884708E-1
2.149500E+3	9.880214E-1
2.149750E+3	9.878906E-1
2.150000E+3	9.880306E-1
2.150250E+3	9.881844E-1
2.150500E+3	9.882525E-1
2.150750E+3	9.882480E-1
2.151000E+3	9.881172E-1
2.151250E+3	9.878542E-1
2.151500E+3	9.876427E-1
2.151750E+3	9.876493E-1
2.152000E+3	9.877776E-1
2.152250E+3	9.878206E-1
2.152500E+3	9.877303E-1
2.152750E+3	9.875791E-1
2.153000E+3	9.873978E-1
2.153250E+3	9.872232E-1
2.153500E+3	9.871609E-1
2.153750E+3	9.872205E-1
2.154000E+3	9.872278E-1
2.154250E+3	9.870684E-1
2.154500E+3	9.868748E-1
2.154750E+3	9.868046E-1
2.155000E+3	9.867935E-1
2.155250E+3	9.867155E-1
2.155500E+3	9.866136E-1
2.155750E+3	9.865666E-1
2.156000E+3	9.864897E-1
2.156250E+3	9.862992E-1
2.156500E+3	9.861283E-1
2.156750E+3	9.861358E-1
2.157000E+3	9.862311E-1
2.157250E+3	9.862278E-1
2.157500E+3	9.861420E-1
2.157750E+3	9.860984E-1
2.158000E+3	9.860622E-1
2.158250E+3	9.859276E-1
2.158500E+3	9.857645E-1
2.158750E+3	9.857167E-1
2.159000E+3	9.857477E-1
2.159250E+3	9.857360E-1
2.159500E+3	9.857133E-1
2.159750E+3	9.857493E-1
2.160000E+3	9.857233E-1
2.160250E+3	9.855042E-1
2.160500E+3	9.852543E-1
2.160750E+3	9.852234E-1
2.161000E+3	9.853253E-1
2.161250E+3	9.852691E-1
2.161500E+3	9.850532E-1
2.161750E+3	9.849566E-1
2.162000E+3	9.850332E-1
2.162250E+3	9.850054E-1
2.162500E+3	9.847356E-1
2.162750E+3	9.844769E-1
2.163000E+3	9.845139E-1
2.163250E+3	9.848042E-1
2.163500E+3	9.850818E-1
2.163750E+3	9.851576E-1
2.164000E+3	9.850515E-1
2.164250E+3	9.849351E-1
2.164500E+3	9.849701E-1
2.164750E+3	9.850973E-1
2.165000E+3	9.850696E-1
2.165250E+3	9.848218E-1
2.165500E+3	9.846501E-1
2.165750E+3	9.847942E-1
2.166000E+3	9.850114E-1
2.166250E+3	9.849021E-1
2.166500E+3	9.845251E-1
2.166750E+3	9.843148E-1
2.167000E+3	9.844475E-1
2.167250E+3	9.846774E-1
2.167500E+3	9.847760E-1
2.167750E+3	9.847741E-1
2.168000E+3	9.847351E-1
2.168250E+3	9.846407E-1
2.168500E+3	9.845553E-1
2.168750E+3	9.845915E-1
2.169000E+3	9.846810E-1
2.169250E+3	9.846816E-1
2.169500E+3	9.846773E-1
2.169750E+3	9.848421E-1
2.170000E+3	9.850456E-1
2.170250E+3	9.849861E-1
2.170500E+3	9.847241E-1
2.170750E+3	9.846599E-1
2.171000E+3	9.849124E-1
2.171250E+3	9.851482E-1
2.171500E+3	9.851226E-1
2.171750E+3	9.850097E-1
2.172000E+3	9.850399E-1
2.172250E+3	9.851527E-1
2.172500E+3	9.851834E-1
2.172750E+3	9.851233E-1
2.173000E+3	9.850525E-1
2.173250E+3	9.850323E-1
2.173500E+3	9.851299E-1
2.173750E+3	9.853316E-1
2.174000E+3	9.854351E-1
2.174250E+3	9.852987E-1
2.174500E+3	9.851462E-1
2.174750E+3	9.852878E-1
2.175000E+3	9.856012E-1
2.175250E+3	9.856926E-1
2.175500E+3	9.855437E-1
2.175750E+3	9.855251E-1
2.176000E+3	9.857324E-1
2.176250E+3	9.858126E-1
2.176500E+3	9.855847E-1
2.176750E+3	9.853707E-1
2.177000E+3	9.854966E-1
2.177250E+3	9.858579E-1
2.177500E+3	9.861498E-1
2.177750E+3	9.862230E-1
2.178000E+3	9.860743E-1
2.178250E+3	9.857919E-1
2.178500E+3	9.856287E-1
2.178750E+3	9.858017E-1
2.179000E+3	9.861364E-1
2.179250E+3	9.862600E-1
2.179500E+3	9.861754E-1
2.179750E+3	9.862336E-1
2.180000E+3	9.865016E-1
2.180250E+3	9.866193E-1
2.180500E+3	9.864098E-1
2.180750E+3	9.861705E-1
2.181000E+3	9.861729E-1
2.181250E+3	9.863210E-1
2.181500E+3	9.864698E-1
2.181750E+3	9.866685E-1
2.182000E+3	9.868851E-1
2.182250E+3	9.868929E-1
2.182500E+3	9.866622E-1
2.182750E+3	9.865124E-1
2.183000E+3	9.866582E-1
2.183250E+3	9.869247E-1
2.183500E+3	9.870744E-1
2.183750E+3	9.871399E-1
2.184000E+3	9.872488E-1
2.184250E+3	9.873901E-1
2.184500E+3	9.874769E-1
2.184750E+3	9.874292E-1
2.185000E+3	9.871951E-1
2.185250E+3	9.869541E-1
2.185500E+3	9.871458E-1
2.185750E+3	9.878387E-1
2.186000E+3	9.883250E-1
2.186250E+3	9.879463E-1
2.186500E+3	9.871948E-1
2.186750E+3	9.871603E-1
2.187000E+3	9.878787E-1
2.187250E+3	9.882983E-1
2.187500E+3	9.879303E-1
2.187750E+3	9.875565E-1
2.188000E+3	9.878009E-1
2.188250E+3	9.881143E-1
2.188500E+3	9.878371E-1
2.188750E+3	9.873663E-1
2.189000E+3	9.874008E-1
2.189250E+3	9.877720E-1
2.189500E+3	9.879268E-1
2.189750E+3	9.879433E-1
2.190000E+3	9.881670E-1
2.190250E+3	9.883373E-1
2.190500E+3	9.880463E-1
2.190750E+3	9.876613E-1
2.191000E+3	9.877705E-1
2.191250E+3	9.880711E-1
2.191500E+3	9.878579E-1
2.191750E+3	9.873363E-1
2.192000E+3	9.873430E-1
2.192250E+3	9.878650E-1
2.192500E+3	9.880148E-1
2.192750E+3	9.875818E-1
2.193000E+3	9.873637E-1
2.193250E+3	9.877464E-1
2.193500E+3	9.880493E-1
2.193750E+3	9.877391E-1
2.194000E+3	9.873288E-1
2.194250E+3	9.874113E-1
2.194500E+3	9.876814E-1
2.194750E+3	9.875541E-1
2.195000E+3	9.871347E-1
2.195250E+3	9.869053E-1
2.195500E+3	9.869310E-1
2.195750E+3	9.869634E-1
2.196000E+3	9.869864E-1
2.196250E+3	9.870786E-1
2.196500E+3	9.870711E-1
2.196750E+3	9.868460E-1
2.197000E+3	9.866692E-1
2.197250E+3	9.867582E-1
2.197500E+3	9.868693E-1
2.197750E+3	9.867113E-1
2.198000E+3	9.864561E-1
2.198250E+3	9.863535E-1
2.198500E+3	9.862644E-1
2.198750E+3	9.860333E-1
2.199000E+3	9.859382E-1
2.199250E+3	9.861914E-1
2.199500E+3	9.863532E-1
2.199750E+3	9.859389E-1
2.200000E+3	9.852766E-1
2.200250E+3	9.850984E-1
2.200500E+3	9.854342E-1
2.200750E+3	9.855972E-1
2.201000E+3	9.853152E-1
2.201250E+3	9.850702E-1
2.201500E+3	9.852305E-1
2.201750E+3	9.854854E-1
2.202000E+3	9.854025E-1
2.202250E+3	9.850465E-1
2.202500E+3	9.847548E-1
2.202750E+3	9.846420E-1
2.203000E+3	9.845725E-1
2.203250E+3	9.844194E-1
2.203500E+3	9.841729E-1
2.203750E+3	9.839547E-1
2.204000E+3	9.839518E-1
2.204250E+3	9.841707E-1
2.204500E+3	9.842938E-1
2.204750E+3	9.840204E-1
2.205000E+3	9.835428E-1
2.205250E+3	9.833443E-1
2.205500E+3	9.835261E-1
2.205750E+3	9.836622E-1
2.206000E+3	9.834243E-1
2.206250E+3	9.830431E-1
2.206500E+3	9.829556E-1
2.206750E+3	9.832101E-1
2.207000E+3	9.834485E-1
2.207250E+3	9.833973E-1
2.207500E+3	9.831880E-1
2.207750E+3	9.831114E-1
2.208000E+3	9.831414E-1
2.208250E+3	9.829285E-1
2.208500E+3	9.823413E-1
2.208750E+3	9.818250E-1
2.209000E+3	9.818963E-1
2.209250E+3	9.824297E-1
2.209500E+3	9.827755E-1
2.209750E+3	9.825976E-1
2.210000E+3	9.822299E-1
2.210250E+3	9.820650E-1
2.210500E+3	9.820888E-1
2.210750E+3	9.821709E-1
2.211000E+3	9.823413E-1
2.211250E+3	9.825046E-1
2.211500E+3	9.823260E-1
2.211750E+3	9.817802E-1
2.212000E+3	9.813725E-1
2.212250E+3	9.814551E-1
2.212500E+3	9.817309E-1
2.212750E+3	9.817576E-1
2.213000E+3	9.816335E-1
2.213250E+3	9.816866E-1
2.213500E+3	9.818690E-1
2.213750E+3	9.819365E-1
2.214000E+3	9.818982E-1
2.214250E+3	9.817926E-1
2.214500E+3	9.814177E-1
2.214750E+3	9.808372E-1
2.215000E+3	9.807047E-1
2.215250E+3	9.813919E-1
2.215500E+3	9.822265E-1
2.215750E+3	9.822838E-1
2.216000E+3	9.817048E-1
2.216250E+3	9.813582E-1
2.216500E+3	9.814691E-1
2.216750E+3	9.815317E-1
2.217000E+3	9.814285E-1
2.217250E+3	9.815750E-1
2.217500E+3	9.819169E-1
2.217750E+3	9.818473E-1
2.218000E+3	9.813412E-1
2.218250E+3	9.811279E-1
2.218500E+3	9.813995E-1
2.218750E+3	9.814559E-1
2.219000E+3	9.810483E-1
2.219250E+3	9.809943E-1
2.219500E+3	9.817488E-1
2.219750E+3	9.823942E-1
2.220000E+3	9.820182E-1
2.220250E+3	9.812335E-1
2.220500E+3	9.813107E-1
2.220750E+3	9.822075E-1
2.221000E+3	9.827273E-1
2.221250E+3	9.823979E-1
2.221500E+3	9.819185E-1
2.221750E+3	9.818034E-1
2.222000E+3	9.817228E-1
2.222250E+3	9.814636E-1
2.222500E+3	9.814934E-1
2.222750E+3	9.820850E-1
2.223000E+3	9.826876E-1
2.223250E+3	9.827276E-1
2.223500E+3	9.823714E-1
2.223750E+3	9.820985E-1
2.224000E+3	9.819659E-1
2.224250E+3	9.818480E-1
2.224500E+3	9.819573E-1
2.224750E+3	9.824670E-1
2.225000E+3	9.829294E-1
2.225250E+3	9.827984E-1
2.225500E+3	9.823472E-1
2.225750E+3	9.824552E-1
2.226000E+3	9.833016E-1
2.226250E+3	9.839327E-1
2.226500E+3	9.834623E-1
2.226750E+3	9.823053E-1
2.227000E+3	9.817003E-1
2.227250E+3	9.821333E-1
2.227500E+3	9.828835E-1
2.227750E+3	9.831099E-1
2.228000E+3	9.829533E-1
2.228250E+3	9.830574E-1
2.228500E+3	9.834133E-1
2.228750E+3	9.834120E-1
2.229000E+3	9.830029E-1
2.229250E+3	9.829404E-1
2.229500E+3	9.835728E-1
2.229750E+3	9.841734E-1
2.230000E+3	9.840401E-1
2.230250E+3	9.836054E-1
2.230500E+3	9.836848E-1
2.230750E+3	9.841351E-1
2.231000E+3	9.841896E-1
2.231250E+3	9.838711E-1
2.231500E+3	9.839566E-1
2.231750E+3	9.846082E-1
2.232000E+3	9.850821E-1
2.232250E+3	9.849945E-1
2.232500E+3	9.848017E-1
2.232750E+3	9.848154E-1
2.233000E+3	9.846978E-1
2.233250E+3	9.843391E-1
2.233500E+3	9.843210E-1
2.233750E+3	9.849528E-1
2.234000E+3	9.855855E-1
2.234250E+3	9.855610E-1
2.234500E+3	9.852109E-1
2.234750E+3	9.852233E-1
2.235000E+3	9.855385E-1
2.235250E+3	9.856365E-1
2.235500E+3	9.854814E-1
2.235750E+3	9.854347E-1
2.236000E+3	9.854967E-1
2.236250E+3	9.853637E-1
2.236500E+3	9.851001E-1
2.236750E+3	9.851351E-1
2.237000E+3	9.855511E-1
2.237250E+3	9.858829E-1
2.237500E+3	9.856730E-1
2.237750E+3	9.849960E-1
2.238000E+3	9.844323E-1
2.238250E+3	9.845457E-1
2.238500E+3	9.853559E-1
2.238750E+3	9.861932E-1
2.239000E+3	9.863333E-1
2.239250E+3	9.858564E-1
2.239500E+3	9.854261E-1
2.239750E+3	9.853387E-1
2.240000E+3	9.852965E-1
2.240250E+3	9.851821E-1
2.240500E+3	9.854201E-1
2.240750E+3	9.862310E-1
2.241000E+3	9.870444E-1
2.241250E+3	9.870696E-1
2.241500E+3	9.862123E-1
2.241750E+3	9.851562E-1
2.242000E+3	9.847048E-1
2.242250E+3	9.851919E-1
2.242500E+3	9.861906E-1
2.242750E+3	9.867888E-1
2.243000E+3	9.865850E-1
2.243250E+3	9.861298E-1
2.243500E+3	9.860470E-1
2.243750E+3	9.860605E-1
2.244000E+3	9.855733E-1
2.244250E+3	9.849342E-1
2.244500E+3	9.850772E-1
2.244750E+3	9.859674E-1
2.245000E+3	9.865006E-1
2.245250E+3	9.861755E-1
2.245500E+3	9.856895E-1
2.245750E+3	9.856429E-1
2.246000E+3	9.856796E-1
2.246250E+3	9.854103E-1
2.246500E+3	9.851447E-1
2.246750E+3	9.851814E-1
2.247000E+3	9.852536E-1
2.247250E+3	9.852136E-1
2.247500E+3	9.853769E-1
2.247750E+3	9.856912E-1
2.248000E+3	9.854837E-1
2.248250E+3	9.846291E-1
2.248500E+3	9.840275E-1
2.248750E+3	9.843137E-1
2.249000E+3	9.849389E-1
2.249250E+3	9.851752E-1
2.249500E+3	9.851424E-1
2.249750E+3	9.851769E-1
2.250000E+3	9.850720E-1
2.250250E+3	9.846967E-1
2.250500E+3	9.845398E-1
2.250750E+3	9.848750E-1
2.251000E+3	9.850986E-1
2.251250E+3	9.846794E-1
2.251500E+3	9.840276E-1
2.251750E+3	9.837404E-1
2.252000E+3	9.837003E-1
2.252250E+3	9.836442E-1
2.252500E+3	9.837759E-1
2.252750E+3	9.840522E-1
2.253000E+3	9.838203E-1
2.253250E+3	9.830161E-1
2.253500E+3	9.826667E-1
2.253750E+3	9.833029E-1
2.254000E+3	9.838521E-1
2.254250E+3	9.833740E-1
2.254500E+3	9.827136E-1
2.254750E+3	9.830612E-1
2.255000E+3	9.838620E-1
2.255250E+3	9.838330E-1
2.255500E+3	9.831778E-1
2.255750E+3	9.829355E-1
2.256000E+3	9.828271E-1
2.256250E+3	9.818512E-1
2.256500E+3	9.806173E-1
2.256750E+3	9.808069E-1
2.257000E+3	9.822288E-1
2.257250E+3	9.828314E-1
2.257500E+3	9.819976E-1
2.257750E+3	9.815071E-1
2.258000E+3	9.824997E-1
2.258250E+3	9.835364E-1
2.258500E+3	9.831228E-1
2.258750E+3	9.822073E-1
2.259000E+3	9.824686E-1
2.259250E+3	9.834468E-1
2.259500E+3	9.833330E-1
2.259750E+3	9.819450E-1
2.260000E+3	9.809835E-1
2.260250E+3	9.813675E-1
2.260500E+3	9.821496E-1
2.260750E+3	9.822758E-1
2.261000E+3	9.820838E-1
2.261250E+3	9.823984E-1
2.261500E+3	9.830376E-1
2.261750E+3	9.830790E-1
2.262000E+3	9.822516E-1
2.262250E+3	9.813658E-1
2.262500E+3	9.812291E-1
2.262750E+3	9.816870E-1
2.263000E+3	9.820072E-1
2.263250E+3	9.819552E-1
2.263500E+3	9.820378E-1
2.263750E+3	9.825683E-1
2.264000E+3	9.830506E-1
2.264250E+3	9.828934E-1
2.264500E+3	9.823432E-1
2.264750E+3	9.821185E-1
2.265000E+3	9.823006E-1
2.265250E+3	9.823514E-1
2.265500E+3	9.821335E-1
2.265750E+3	9.821252E-1
2.266000E+3	9.824833E-1
2.266250E+3	9.826951E-1
2.266500E+3	9.824544E-1
2.266750E+3	9.821889E-1
2.267000E+3	9.823266E-1
2.267250E+3	9.826233E-1
2.267500E+3	9.826799E-1
2.267750E+3	9.825697E-1
2.268000E+3	9.825210E-1
2.268250E+3	9.824597E-1
2.268500E+3	9.823199E-1
2.268750E+3	9.823531E-1
2.269000E+3	9.826334E-1
2.269250E+3	9.827003E-1
2.269500E+3	9.822178E-1
2.269750E+3	9.816570E-1
2.270000E+3	9.817276E-1
2.270250E+3	9.823978E-1
2.270500E+3	9.830022E-1
2.270750E+3	9.831181E-1
2.271000E+3	9.828459E-1
2.271250E+3	9.824406E-1
2.271500E+3	9.822051E-1
2.271750E+3	9.825222E-1
2.272000E+3	9.834652E-1
2.272250E+3	9.844837E-1
2.272500E+3	9.848008E-1
2.272750E+3	9.842677E-1
2.273000E+3	9.835686E-1
2.273250E+3	9.834234E-1
2.273500E+3	9.839040E-1
2.273750E+3	9.844622E-1
2.274000E+3	9.845305E-1
2.274250E+3	9.840956E-1
2.274500E+3	9.837600E-1
2.274750E+3	9.841629E-1
2.275000E+3	9.850825E-1
2.275250E+3	9.855557E-1
2.275500E+3	9.850656E-1
2.275750E+3	9.842762E-1
2.276000E+3	9.842694E-1
2.276250E+3	9.851068E-1
2.276500E+3	9.858002E-1
2.276750E+3	9.856439E-1
2.277000E+3	9.850287E-1
2.277250E+3	9.847878E-1
2.277500E+3	9.851862E-1
2.277750E+3	9.858295E-1
2.278000E+3	9.862662E-1
2.278250E+3	9.863379E-1
2.278500E+3	9.860596E-1
2.278750E+3	9.855216E-1
2.279000E+3	9.849623E-1
2.279250E+3	9.847308E-1
2.279500E+3	9.850333E-1
2.279750E+3	9.857014E-1
2.280000E+3	9.863316E-1
2.280250E+3	9.866145E-1
2.280500E+3	9.864669E-1
2.280750E+3	9.860415E-1
2.281000E+3	9.856782E-1
2.281250E+3	9.857631E-1
2.281500E+3	9.864586E-1
2.281750E+3	9.873865E-1
2.282000E+3	9.878645E-1
2.282250E+3	9.876002E-1
2.282500E+3	9.869278E-1
2.282750E+3	9.864570E-1
2.283000E+3	9.864748E-1
2.283250E+3	9.868213E-1
2.283500E+3	9.872394E-1
2.283750E+3	9.875365E-1
2.284000E+3	9.875940E-1
2.284250E+3	9.874178E-1
2.284500E+3	9.871458E-1
2.284750E+3	9.869946E-1
2.285000E+3	9.871410E-1
2.285250E+3	9.875883E-1
2.285500E+3	9.881087E-1
2.285750E+3	9.883364E-1
2.286000E+3	9.881484E-1
2.286250E+3	9.878783E-1
2.286500E+3	9.878796E-1
2.286750E+3	9.880197E-1
2.287000E+3	9.878892E-1
2.287250E+3	9.875015E-1
2.287500E+3	9.873027E-1
2.287750E+3	9.875067E-1
2.288000E+3	9.877931E-1
2.288250E+3	9.878109E-1
2.288500E+3	9.876003E-1
2.288750E+3	9.873669E-1
2.289000E+3	9.872676E-1
2.289250E+3	9.874506E-1
2.289500E+3	9.879081E-1
2.289750E+3	9.882385E-1
2.290000E+3	9.879783E-1
2.290250E+3	9.872793E-1
2.290500E+3	9.867494E-1
2.290750E+3	9.865930E-1
2.291000E+3	9.865232E-1
2.291250E+3	9.865396E-1
2.291500E+3	9.870101E-1
2.291750E+3	9.877667E-1
2.292000E+3	9.879693E-1
2.292250E+3	9.872511E-1
2.292500E+3	9.863056E-1
2.292750E+3	9.858972E-1
2.293000E+3	9.859098E-1
2.293250E+3	9.858840E-1
2.293500E+3	9.858399E-1
2.293750E+3	9.860069E-1
2.294000E+3	9.862804E-1
2.294250E+3	9.864515E-1
2.294500E+3	9.865162E-1
2.294750E+3	9.863906E-1
2.295000E+3	9.858616E-1
2.295250E+3	9.851385E-1
2.295500E+3	9.848097E-1
2.295750E+3	9.849460E-1
2.296000E+3	9.849165E-1
2.296250E+3	9.844481E-1
2.296500E+3	9.841176E-1
2.296750E+3	9.843143E-1
2.297000E+3	9.845064E-1
2.297250E+3	9.841732E-1
2.297500E+3	9.837209E-1
2.297750E+3	9.837437E-1
2.298000E+3	9.839995E-1
2.298250E+3	9.839037E-1
2.298500E+3	9.835171E-1
2.298750E+3	9.833547E-1
2.299000E+3	9.835726E-1
2.299250E+3	9.839129E-1
2.299500E+3	9.840804E-1
2.299750E+3	9.837663E-1
2.300000E+3	9.828281E-1
2.300250E+3	9.817516E-1
2.300500E+3	9.813080E-1
2.300750E+3	9.815351E-1
2.301000E+3	9.816762E-1
2.301250E+3	9.813680E-1
2.301500E+3	9.811339E-1
2.301750E+3	9.812929E-1
2.302000E+3	9.813971E-1
2.302250E+3	9.812324E-1
2.302500E+3	9.812984E-1
2.302750E+3	9.816619E-1
2.303000E+3	9.814398E-1
2.303250E+3	9.802776E-1
2.303500E+3	9.792874E-1
2.303750E+3	9.795441E-1
2.304000E+3	9.804265E-1
2.304250E+3	9.806256E-1
2.304500E+3	9.800394E-1
2.304750E+3	9.795602E-1
2.305000E+3	9.794679E-1
2.305250E+3	9.793006E-1
2.305500E+3	9.789771E-1
2.305750E+3	9.789223E-1
2.306000E+3	9.791970E-1
2.306250E+3	9.793394E-1
2.306500E+3	9.790742E-1
2.306750E+3	9.786182E-1
2.307000E+3	9.783792E-1
2.307250E+3	9.786577E-1
2.307500E+3	9.793696E-1
2.307750E+3	9.798665E-1
2.308000E+3	9.795749E-1
2.308250E+3	9.788498E-1
2.308500E+3	9.785210E-1
2.308750E+3	9.786209E-1
2.309000E+3	9.784555E-1
2.309250E+3	9.780175E-1
2.309500E+3	9.780253E-1
2.309750E+3	9.784250E-1
2.310000E+3	9.783128E-1
2.310250E+3	9.776978E-1
2.310500E+3	9.776180E-1
2.310750E+3	9.780784E-1
2.311000E+3	9.777568E-1
2.311250E+3	9.765500E-1
2.311500E+3	9.762427E-1
2.311750E+3	9.774740E-1
2.312000E+3	9.781726E-1
2.312250E+3	9.769774E-1
2.312500E+3	9.756644E-1
2.312750E+3	9.762834E-1
2.313000E+3	9.777638E-1
2.313250E+3	9.779011E-1
2.313500E+3	9.771413E-1
2.313750E+3	9.774777E-1
2.314000E+3	9.787289E-1
2.314250E+3	9.789424E-1
2.314500E+3	9.778614E-1
2.314750E+3	9.771942E-1
2.315000E+3	9.776465E-1
2.315250E+3	9.782522E-1
2.315500E+3	9.784205E-1
2.315750E+3	9.782209E-1
2.316000E+3	9.772476E-1
2.316250E+3	9.755463E-1
2.316500E+3	9.749833E-1
2.316750E+3	9.770099E-1
2.317000E+3	9.795398E-1
2.317250E+3	9.793488E-1
2.317500E+3	9.769534E-1
2.317750E+3	9.759260E-1
2.318000E+3	9.772555E-1
2.318250E+3	9.781436E-1
2.318500E+3	9.772001E-1
2.318750E+3	9.765656E-1
2.319000E+3	9.778365E-1
2.319250E+3	9.794347E-1
2.319500E+3	9.797985E-1
2.319750E+3	9.797915E-1
2.320000E+3	9.803039E-1
2.320250E+3	9.802997E-1
2.320500E+3	9.791239E-1
2.320750E+3	9.782458E-1
2.321000E+3	9.786022E-1
2.321250E+3	9.787136E-1
2.321500E+3	9.776540E-1
2.321750E+3	9.771627E-1
2.322000E+3	9.785301E-1
2.322250E+3	9.799010E-1
2.322500E+3	9.793896E-1
2.322750E+3	9.781672E-1
2.323000E+3	9.783606E-1
2.323250E+3	9.794637E-1
2.323500E+3	9.797645E-1
2.323750E+3	9.796045E-1
2.324000E+3	9.802556E-1
2.324250E+3	9.810774E-1
2.324500E+3	9.807147E-1
2.324750E+3	9.798164E-1
2.325000E+3	9.798821E-1
2.325250E+3	9.804307E-1
2.325500E+3	9.801334E-1
2.325750E+3	9.796812E-1
2.326000E+3	9.806184E-1
2.326250E+3	9.822366E-1
2.326500E+3	9.826489E-1
2.326750E+3	9.821299E-1
2.327000E+3	9.824796E-1
2.327250E+3	9.834914E-1
2.327500E+3	9.832987E-1
2.327750E+3	9.819444E-1
2.328000E+3	9.815212E-1
2.328250E+3	9.825508E-1
2.328500E+3	9.832767E-1
2.328750E+3	9.829572E-1
2.329000E+3	9.829849E-1
2.329250E+3	9.839824E-1
2.329500E+3	9.846047E-1
2.329750E+3	9.840841E-1
2.330000E+3	9.835712E-1
2.330250E+3	9.838790E-1
2.330500E+3	9.840726E-1
2.330750E+3	9.835285E-1
2.331000E+3	9.833528E-1
2.331250E+3	9.844273E-1
2.331500E+3	9.857888E-1
2.331750E+3	9.861863E-1
2.332000E+3	9.858650E-1
2.332250E+3	9.857761E-1
2.332500E+3	9.859576E-1
2.332750E+3	9.859175E-1
2.333000E+3	9.856183E-1
2.333250E+3	9.852599E-1
2.333500E+3	9.849013E-1
2.333750E+3	9.848514E-1
2.334000E+3	9.855665E-1
2.334250E+3	9.866647E-1
2.334500E+3	9.870330E-1
2.334750E+3	9.864809E-1
2.335000E+3	9.860765E-1
2.335250E+3	9.864395E-1
2.335500E+3	9.869123E-1
2.335750E+3	9.868567E-1
2.336000E+3	9.866699E-1
2.336250E+3	9.868105E-1
2.336500E+3	9.869796E-1
2.336750E+3	9.869356E-1
2.337000E+3	9.870916E-1
2.337250E+3	9.875666E-1
2.337500E+3	9.876880E-1
2.337750E+3	9.871224E-1
2.338000E+3	9.866309E-1
2.338250E+3	9.868389E-1
2.338500E+3	9.872323E-1
2.338750E+3	9.871425E-1
2.339000E+3	9.868184E-1
2.339250E+3	9.867173E-1
2.339500E+3	9.866063E-1
2.339750E+3	9.862733E-1
2.340000E+3	9.862688E-1
2.340250E+3	9.869217E-1
2.340500E+3	9.873585E-1
2.340750E+3	9.866466E-1
2.341000E+3	9.854156E-1
2.341250E+3	9.850596E-1
2.341500E+3	9.858341E-1
2.341750E+3	9.867667E-1
2.342000E+3	9.871776E-1
2.342250E+3	9.873312E-1
2.342500E+3	9.874831E-1
2.342750E+3	9.873932E-1
2.343000E+3	9.869930E-1
2.343250E+3	9.866937E-1
2.343500E+3	9.867228E-1
2.343750E+3	9.868045E-1
2.344000E+3	9.866438E-1
2.344250E+3	9.862473E-1
2.344500E+3	9.857130E-1
2.344750E+3	9.851978E-1
2.345000E+3	9.850488E-1
2.345250E+3	9.854412E-1
2.345500E+3	9.859811E-1
2.345750E+3	9.860857E-1
2.346000E+3	9.857306E-1
2.346250E+3	9.853681E-1
2.346500E+3	9.851815E-1
2.346750E+3	9.850872E-1
2.347000E+3	9.852217E-1
2.347250E+3	9.856767E-1
2.347500E+3	9.859345E-1
2.347750E+3	9.854225E-1
2.348000E+3	9.845523E-1
2.348250E+3	9.842667E-1
2.348500E+3	9.844633E-1
2.348750E+3	9.841905E-1
2.349000E+3	9.834698E-1
2.349250E+3	9.835064E-1
2.349500E+3	9.845575E-1
2.349750E+3	9.852105E-1
2.350000E+3	9.846077E-1
2.350250E+3	9.838981E-1
2.350500E+3	9.842268E-1
2.350750E+3	9.846347E-1
2.351000E+3	9.837044E-1
2.351250E+3	9.821982E-1
2.351500E+3	9.820375E-1
2.351750E+3	9.831821E-1
2.352000E+3	9.837486E-1
2.352250E+3	9.830442E-1
2.352500E+3	9.823517E-1
2.352750E+3	9.825505E-1
2.353000E+3	9.828942E-1
2.353250E+3	9.827449E-1
2.353500E+3	9.826505E-1
2.353750E+3	9.828820E-1
2.354000E+3	9.826884E-1
2.354250E+3	9.818782E-1
2.354500E+3	9.816538E-1
2.354750E+3	9.825826E-1
2.355000E+3	9.833215E-1
2.355250E+3	9.826852E-1
2.355500E+3	9.815205E-1
2.355750E+3	9.812653E-1
2.356000E+3	9.817234E-1
2.356250E+3	9.817850E-1
2.356500E+3	9.814656E-1
2.356750E+3	9.816373E-1
2.357000E+3	9.822398E-1
2.357250E+3	9.823741E-1
2.357500E+3	9.818471E-1
2.357750E+3	9.813479E-1
2.358000E+3	9.811325E-1
2.358250E+3	9.809337E-1
2.358500E+3	9.809202E-1
2.358750E+3	9.813602E-1
2.359000E+3	9.816030E-1
2.359250E+3	9.809343E-1
2.359500E+3	9.800985E-1
2.359750E+3	9.804400E-1
2.360000E+3	9.814783E-1
2.360250E+3	9.813032E-1
2.360500E+3	9.797051E-1
2.360750E+3	9.789043E-1
2.361000E+3	9.802644E-1
2.361250E+3	9.820262E-1
2.361500E+3	9.819874E-1
2.361750E+3	9.806088E-1
2.362000E+3	9.801043E-1
2.362250E+3	9.810683E-1
2.362500E+3	9.819474E-1
2.362750E+3	9.816402E-1
2.363000E+3	9.807719E-1
2.363250E+3	9.801674E-1
2.363500E+3	9.796455E-1
2.363750E+3	9.790461E-1
2.364000E+3	9.790625E-1
2.364250E+3	9.801103E-1
2.364500E+3	9.812770E-1
2.364750E+3	9.814751E-1
2.365000E+3	9.810235E-1
2.365250E+3	9.810597E-1
2.365500E+3	9.816776E-1
2.365750E+3	9.817774E-1
2.366000E+3	9.808935E-1
2.366250E+3	9.800063E-1
2.366500E+3	9.800275E-1
2.366750E+3	9.804943E-1
2.367000E+3	9.805185E-1
2.367250E+3	9.803175E-1
2.367500E+3	9.807449E-1
2.367750E+3	9.816717E-1
2.368000E+3	9.820177E-1
2.368250E+3	9.814152E-1
2.368500E+3	9.806988E-1
2.368750E+3	9.805713E-1
2.369000E+3	9.806767E-1
2.369250E+3	9.804829E-1
2.369500E+3	9.802384E-1
2.369750E+3	9.804437E-1
2.370000E+3	9.810157E-1
2.370250E+3	9.816090E-1
2.370500E+3	9.821772E-1
2.370750E+3	9.825646E-1
2.371000E+3	9.822321E-1
2.371250E+3	9.811609E-1
2.371500E+3	9.804168E-1
2.371750E+3	9.810281E-1
2.372000E+3	9.824761E-1
2.372250E+3	9.832862E-1
2.372500E+3	9.829770E-1
2.372750E+3	9.824824E-1
2.373000E+3	9.827320E-1
2.373250E+3	9.834669E-1
2.373500E+3	9.838004E-1
2.373750E+3	9.833506E-1
2.374000E+3	9.826867E-1
2.374250E+3	9.826974E-1
2.374500E+3	9.835298E-1
2.374750E+3	9.843175E-1
2.375000E+3	9.841742E-1
2.375250E+3	9.836224E-1
2.375500E+3	9.839897E-1
2.375750E+3	9.852189E-1
2.376000E+3	9.855777E-1
2.376250E+3	9.842664E-1
2.376500E+3	9.830053E-1
2.376750E+3	9.836662E-1
2.377000E+3	9.855237E-1
2.377250E+3	9.864324E-1
2.377500E+3	9.860819E-1
2.377750E+3	9.858601E-1
2.378000E+3	9.861538E-1
2.378250E+3	9.859755E-1
2.378500E+3	9.852679E-1
2.378750E+3	9.853007E-1
2.379000E+3	9.863613E-1
2.379250E+3	9.870926E-1
2.379500E+3	9.868308E-1
2.379750E+3	9.867139E-1
2.380000E+3	9.875835E-1
2.380250E+3	9.885044E-1
2.380500E+3	9.884227E-1
2.380750E+3	9.878980E-1
2.381000E+3	9.878562E-1
2.381250E+3	9.880193E-1
2.381500E+3	9.877934E-1
2.381750E+3	9.876175E-1
2.382000E+3	9.880602E-1
2.382250E+3	9.885499E-1
2.382500E+3	9.883217E-1
2.382750E+3	9.878573E-1
2.383000E+3	9.880577E-1
2.383250E+3	9.885892E-1
2.383500E+3	9.884794E-1
2.383750E+3	9.879018E-1
2.384000E+3	9.879149E-1
2.384250E+3	9.886478E-1
2.384500E+3	9.891409E-1
2.384750E+3	9.888291E-1
2.385000E+3	9.883168E-1
2.385250E+3	9.883893E-1
2.385500E+3	9.891067E-1
2.385750E+3	9.899887E-1
2.386000E+3	9.904308E-1
2.386250E+3	9.901601E-1
2.386500E+3	9.895621E-1
2.386750E+3	9.893094E-1
2.387000E+3	9.895149E-1
2.387250E+3	9.896391E-1
2.387500E+3	9.895113E-1
2.387750E+3	9.896822E-1
2.388000E+3	9.903452E-1
2.388250E+3	9.907602E-1
2.388500E+3	9.904571E-1
2.388750E+3	9.901447E-1
2.389000E+3	9.905278E-1
2.389250E+3	9.910972E-1
2.389500E+3	9.910604E-1
2.389750E+3	9.907623E-1
2.390000E+3	9.909852E-1
2.390250E+3	9.914212E-1
2.390500E+3	9.912339E-1
2.390750E+3	9.907321E-1
2.391000E+3	9.909813E-1
2.391250E+3	9.918520E-1
2.391500E+3	9.920635E-1
2.391750E+3	9.912890E-1
2.392000E+3	9.908285E-1
2.392250E+3	9.915726E-1
2.392500E+3	9.926353E-1
2.392750E+3	9.927847E-1
2.393000E+3	9.922280E-1
2.393250E+3	9.919955E-1
2.393500E+3	9.923054E-1
2.393750E+3	9.925217E-1
2.394000E+3	9.923550E-1
2.394250E+3	9.922120E-1
2.394500E+3	9.924269E-1
2.394750E+3	9.928657E-1
2.395000E+3	9.932720E-1
2.395250E+3	9.935741E-1
2.395500E+3	9.937713E-1
2.395750E+3	9.938852E-1
2.396000E+3	9.940517E-1
2.396250E+3	9.943195E-1
2.396500E+3	9.944292E-1
2.396750E+3	9.941680E-1
2.397000E+3	9.938786E-1
2.397250E+3	9.941359E-1
2.397500E+3	9.948633E-1
2.397750E+3	9.953184E-1
2.398000E+3	9.950914E-1
2.398250E+3	9.946654E-1
2.398500E+3	9.946698E-1
2.398750E+3	9.950438E-1
2.399000E+3	9.953209E-1
2.399250E+3	9.954308E-1
2.399500E+3	9.956623E-1
2.399750E+3	9.960073E-1
2.400000E+3	9.961110E-1
2.400250E+3	9.958990E-1
2.400500E+3	9.957744E-1
2.400750E+3	9.960065E-1
2.401000E+3	9.963920E-1
2.401250E+3	9.966608E-1
2.401500E+3	9.968528E-1
2.401750E+3	9.970744E-1
2.402000E+3	9.971873E-1
2.402250E+3	9.970558E-1
2.402500E+3	9.968880E-1
2.402750E+3	9.969970E-1
2.403000E+3	9.973441E-1
2.403250E+3	9.976388E-1
2.403500E+3	9.977684E-1
2.403750E+3	9.978424E-1
2.404000E+3	9.978840E-1
2.404250E+3	9.977928E-1
2.404500E+3	9.976369E-1
2.404750E+3	9.976598E-1
2.405000E+3	9.978968E-1
2.405250E+3	9.980731E-1
2.405500E+3	9.980242E-1
2.405750E+3	9.979476E-1
2.406000E+3	9.980383E-1
2.406250E+3	9.981213E-1
2.406500E+3	9.979405E-1
2.406750E+3	9.976115E-1
2.407000E+3	9.974679E-1
2.407250E+3	9.975176E-1
2.407500E+3	9.974504E-1
2.407750E+3	9.971770E-1
2.408000E+3	9.969395E-1
2.408250E+3	9.968270E-1
2.408500E+3	9.965728E-1
2.408750E+3	9.960258E-1
2.409000E+3	9.954630E-1
2.409250E+3	9.951528E-1
2.409500E+3	9.948867E-1
2.409750E+3	9.942980E-1
2.410000E+3	9.934371E-1
2.410250E+3	9.926359E-1
2.410500E+3	9.919242E-1
2.410750E+3	9.910203E-1
2.411000E+3	9.898917E-1
2.411250E+3	9.888481E-1
2.411500E+3	9.879449E-1
2.411750E+3	9.867253E-1
2.412000E+3	9.848888E-1
2.412250E+3	9.828786E-1
2.412500E+3	9.813089E-1
2.412750E+3	9.800170E-1
2.413000E+3	9.782066E-1
2.413250E+3	9.756302E-1
2.413500E+3	9.729775E-1
2.413750E+3	9.706941E-1
2.414000E+3	9.680907E-1
2.414250E+3	9.642508E-1
2.414500E+3	9.595654E-1
2.414750E+3	9.553694E-1
2.415000E+3	9.520965E-1
2.415250E+3	9.486655E-1
2.415500E+3	9.439853E-1
2.415750E+3	9.384294E-1
2.416000E+3	9.330000E-1
2.416250E+3	9.274270E-1
2.416500E+3	9.199760E-1
2.416750E+3	9.095650E-1
2.417000E+3	8.975939E-1
2.417250E+3	8.872929E-1
2.417500E+3	8.802781E-1
2.417750E+3	8.738936E-1
2.418000E+3	8.640161E-1
2.418250E+3	8.496360E-1
2.418500E+3	8.337228E-1
2.418750E+3	8.192492E-1
2.419000E+3	8.054776E-1
2.419250E+3	7.901375E-1
2.419500E+3	7.732283E-1
2.419750E+3	7.562994E-1
2.420000E+3	7.393007E-1
2.420250E+3	7.213199E-1
2.420500E+3	7.040476E-1
2.420750E+3	6.899635E-1
2.421000E+3	6.765406E-1
2.421250E+3	6.579866E-1
2.421500E+3	6.353171E-1
2.421750E+3	6.188976E-1
2.422000E+3	6.122558E-1
2.422250E+3	6.035596E-1
2.422500E+3	5.827925E-1
2.422750E+3	5.593569E-1
2.423000E+3	5.494613E-1
2.423250E+3	5.488517E-1
2.423500E+3	5.410875E-1
2.423750E+3	5.249560E-1
2.424000E+3	5.150266E-1
2.424250E+3	5.164437E-1
2.424500E+3	5.219444E-1
2.424750E+3	5.284622E-1
2.425000E+3	5.359581E-1
2.425250E+3	5.381169E-1
2.425500E+3	5.328944E-1
2.425750E+3	5.334047E-1
2.426000E+3	5.501943E-1
2.426250E+3	5.694252E-1
2.426500E+3	5.748884E-1
2.426750E+3	5.752505E-1
2.427000E+3	5.891740E-1
2.427250E+3	6.111721E-1
2.427500E+3	6.212018E-1
2.427750E+3	6.192740E-1
2.428000E+3	6.251223E-1
2.428250E+3	6.442024E-1
2.428500E+3	6.608028E-1
2.428750E+3	6.665630E-1
2.429000E+3	6.708956E-1
2.429250E+3	6.817232E-1
2.429500E+3	6.926896E-1
2.429750E+3	6.981830E-1
2.430000E+3	7.038827E-1
2.430250E+3	7.147883E-1
2.430500E+3	7.252257E-1
2.430750E+3	7.297001E-1
2.431000E+3	7.322037E-1
2.431250E+3	7.383005E-1
2.431500E+3	7.451195E-1
2.431750E+3	7.483508E-1
2.432000E+3	7.528493E-1
2.432250E+3	7.653299E-1
2.432500E+3	7.814524E-1
2.432750E+3	7.907164E-1
2.433000E+3	7.906617E-1
2.433250E+3	7.890422E-1
2.433500E+3	7.912903E-1
2.433750E+3	7.944478E-1
2.434000E+3	7.961136E-1
2.434250E+3	8.002315E-1
2.434500E+3	8.086710E-1
2.434750E+3	8.152374E-1
2.435000E+3	8.149860E-1
2.435250E+3	8.135951E-1
2.435500E+3	8.184840E-1
2.435750E+3	8.261668E-1
2.436000E+3	8.277294E-1
2.436250E+3	8.245413E-1
2.436500E+3	8.263850E-1
2.436750E+3	8.342287E-1
2.437000E+3	8.381604E-1
2.437250E+3	8.341161E-1
2.437500E+3	8.307206E-1
2.437750E+3	8.339460E-1
2.438000E+3	8.376793E-1
2.438250E+3	8.367845E-1
2.438500E+3	8.376482E-1
2.438750E+3	8.456925E-1
2.439000E+3	8.524140E-1
2.439250E+3	8.479550E-1
2.439500E+3	8.383741E-1
2.439750E+3	8.373461E-1
2.440000E+3	8.457126E-1
2.440250E+3	8.521075E-1
2.440500E+3	8.522116E-1
2.440750E+3	8.524749E-1
2.441000E+3	8.554928E-1
2.441250E+3	8.550021E-1
2.441500E+3	8.485657E-1
2.441750E+3	8.443891E-1
2.442000E+3	8.484808E-1
2.442250E+3	8.557530E-1
2.442500E+3	8.576411E-1
2.442750E+3	8.530111E-1
2.443000E+3	8.474036E-1
2.443250E+3	8.443386E-1
2.443500E+3	8.438350E-1
2.443750E+3	8.455554E-1
2.444000E+3	8.490627E-1
2.444250E+3	8.531713E-1
2.444500E+3	8.567821E-1
2.444750E+3	8.591615E-1
2.445000E+3	8.593721E-1
2.445250E+3	8.568038E-1
2.445500E+3	8.528319E-1
2.445750E+3	8.511494E-1
2.446000E+3	8.537256E-1
2.446250E+3	8.574658E-1
2.446500E+3	8.576286E-1
2.446750E+3	8.529198E-1
2.447000E+3	8.477399E-1
2.447250E+3	8.473506E-1
2.447500E+3	8.516507E-1
2.447750E+3	8.552886E-1
2.448000E+3	8.540873E-1
2.448250E+3	8.511578E-1
2.448500E+3	8.518911E-1
2.448750E+3	8.553843E-1
2.449000E+3	8.556515E-1
2.449250E+3	8.515558E-1
2.449500E+3	8.485556E-1
2.449750E+3	8.500032E-1
2.450000E+3	8.523788E-1
2.450250E+3	8.519889E-1
2.450500E+3	8.506663E-1
2.450750E+3	8.502110E-1
2.451000E+3	8.481957E-1
2.451250E+3	8.435267E-1
2.451500E+3	8.403434E-1
2.451750E+3	8.421011E-1
2.452000E+3	8.463111E-1
2.452250E+3	8.497953E-1
2.452500E+3	8.532731E-1
2.452750E+3	8.557226E-1
2.453000E+3	8.521576E-1
2.453250E+3	8.436775E-1
2.453500E+3	8.401507E-1
2.453750E+3	8.459906E-1
2.454000E+3	8.523462E-1
2.454250E+3	8.504824E-1
2.454500E+3	8.458972E-1
2.454750E+3	8.471773E-1
2.455000E+3	8.499586E-1
2.455250E+3	8.457045E-1
2.455500E+3	8.395132E-1
2.455750E+3	8.426478E-1
2.456000E+3	8.516461E-1
2.456250E+3	8.544215E-1
2.456500E+3	8.519443E-1
2.456750E+3	8.543930E-1
2.457000E+3	8.609361E-1
2.457250E+3	8.592568E-1
2.457500E+3	8.478123E-1
2.457750E+3	8.399875E-1
2.458000E+3	8.437364E-1
2.458250E+3	8.497844E-1
2.458500E+3	8.488764E-1
2.458750E+3	8.470725E-1
2.459000E+3	8.517582E-1
2.459250E+3	8.570361E-1
2.459500E+3	8.549745E-1
2.459750E+3	8.486386E-1
2.460000E+3	8.457045E-1
2.460250E+3	8.467378E-1
2.460500E+3	8.478219E-1
2.460750E+3	8.495939E-1
2.461000E+3	8.535821E-1
2.461250E+3	8.561804E-1
2.461500E+3	8.547212E-1
2.461750E+3	8.534799E-1
2.462000E+3	8.560946E-1
2.462250E+3	8.577644E-1
2.462500E+3	8.534886E-1
2.462750E+3	8.483191E-1
2.463000E+3	8.498115E-1
2.463250E+3	8.559672E-1
2.463500E+3	8.592581E-1
2.463750E+3	8.579052E-1
2.464000E+3	8.562226E-1
2.464250E+3	8.562829E-1
2.464500E+3	8.566000E-1
2.464750E+3	8.569689E-1
2.465000E+3	8.581197E-1
2.465250E+3	8.590067E-1
2.465500E+3	8.589782E-1
2.465750E+3	8.594936E-1
2.466000E+3	8.601166E-1
2.466250E+3	8.581352E-1
2.466500E+3	8.555862E-1
2.466750E+3	8.592532E-1
2.467000E+3	8.682225E-1
2.467250E+3	8.712041E-1
2.467500E+3	8.634126E-1
2.467750E+3	8.558880E-1
2.468000E+3	8.600183E-1
2.468250E+3	8.695771E-1
2.468500E+3	8.714341E-1
2.468750E+3	8.664845E-1
2.469000E+3	8.659451E-1
2.469250E+3	8.708667E-1
2.469500E+3	8.714119E-1
2.469750E+3	8.653573E-1
2.470000E+3	8.620365E-1
2.470250E+3	8.662220E-1
2.470500E+3	8.712081E-1
2.470750E+3	8.713727E-1
2.471000E+3	8.704391E-1
2.471250E+3	8.729421E-1
2.471500E+3	8.763602E-1
2.471750E+3	8.772110E-1
2.472000E+3	8.767197E-1
2.472250E+3	8.763607E-1
2.472500E+3	8.745621E-1
2.472750E+3	8.716124E-1
2.473000E+3	8.715856E-1
2.473250E+3	8.752639E-1
2.473500E+3	8.780825E-1
2.473750E+3	8.777995E-1
2.474000E+3	8.782639E-1
2.474250E+3	8.821795E-1
2.474500E+3	8.856686E-1
2.474750E+3	8.843385E-1
2.475000E+3	8.809630E-1
2.475250E+3	8.812608E-1
2.475500E+3	8.849080E-1
2.475750E+3	8.867215E-1
2.476000E+3	8.840742E-1
2.476250E+3	8.808481E-1
2.476500E+3	8.818261E-1
2.476750E+3	8.864585E-1
2.477000E+3	8.897944E-1
2.477250E+3	8.881037E-1
2.477500E+3	8.843061E-1
2.477750E+3	8.845864E-1
2.478000E+3	8.902025E-1
2.478250E+3	8.958009E-1
2.478500E+3	8.963007E-1
2.478750E+3	8.931776E-1
2.479000E+3	8.914181E-1
2.479250E+3	8.925111E-1
2.479500E+3	8.938768E-1
2.479750E+3	8.939452E-1
2.480000E+3	8.936381E-1
2.480250E+3	8.940033E-1
2.480500E+3	8.953085E-1
2.480750E+3	8.976696E-1
2.481000E+3	9.004494E-1
2.481250E+3	9.017147E-1
2.481500E+3	9.001882E-1
2.481750E+3	8.970515E-1
2.482000E+3	8.937055E-1
2.482250E+3	8.905988E-1
2.482500E+3	8.898292E-1
2.482750E+3	8.940802E-1
2.483000E+3	9.004634E-1
2.483250E+3	9.019337E-1
2.483500E+3	8.969872E-1
2.483750E+3	8.923395E-1
2.484000E+3	8.931240E-1
2.484250E+3	8.949311E-1
2.484500E+3	8.920405E-1
2.484750E+3	8.875643E-1
2.485000E+3	8.879073E-1
2.485250E+3	8.916490E-1
2.485500E+3	8.921194E-1
2.485750E+3	8.882591E-1
2.486000E+3	8.851385E-1
2.486250E+3	8.848341E-1
2.486500E+3	8.846060E-1
2.486750E+3	8.828757E-1
2.487000E+3	8.811538E-1
2.487250E+3	8.801418E-1
2.487500E+3	8.789532E-1
2.487750E+3	8.774323E-1
2.488000E+3	8.755845E-1
2.488250E+3	8.727943E-1
2.488500E+3	8.704951E-1
2.488750E+3	8.713651E-1
2.489000E+3	8.731125E-1
2.489250E+3	8.691828E-1
2.489500E+3	8.595658E-1
2.489750E+3	8.543937E-1
2.490000E+3	8.590160E-1
2.490250E+3	8.635326E-1
2.490500E+3	8.581893E-1
2.490750E+3	8.481243E-1
2.491000E+3	8.438260E-1
2.491250E+3	8.440713E-1
2.491500E+3	8.421180E-1
2.491750E+3	8.408975E-1
2.492000E+3	8.457017E-1
2.492250E+3	8.480678E-1
2.492500E+3	8.371235E-1
2.492750E+3	8.219295E-1
2.493000E+3	8.215661E-1
2.493250E+3	8.327621E-1
2.493500E+3	8.332239E-1
2.493750E+3	8.149037E-1
2.494000E+3	7.954349E-1
2.494250E+3	7.921304E-1
2.494500E+3	7.961258E-1
2.494750E+3	7.931671E-1
2.495000E+3	7.862717E-1
2.495250E+3	7.810873E-1
2.495500E+3	7.708676E-1
2.495750E+3	7.502268E-1
2.496000E+3	7.313102E-1
2.496250E+3	7.272993E-1
2.496500E+3	7.272867E-1
2.496750E+3	7.136107E-1
2.497000E+3	6.898423E-1
2.497250E+3	6.709592E-1
2.497500E+3	6.576020E-1
2.497750E+3	6.370136E-1
2.498000E+3	6.068269E-1
2.498250E+3	5.750915E-1
2.498500E+3	5.387504E-1
2.498750E+3	4.861727E-1
2.499000E+3	4.211072E-1
2.499250E+3	3.583568E-1
2.499500E+3	2.981468E-1
2.499750E+3	2.281309E-1
2.500000E+3	1.605901E-1
2.500250E+3	1.420114E-1
2.500500E+3	2.080939E-1
2.500750E+3	3.460069E-1
2.501000E+3	5.089266E-1
2.501250E+3	6.589109E-1
2.501500E+3	7.737024E-1
2.501750E+3	8.485513E-1
2.502000E+3	8.956484E-1
2.502250E+3	9.280461E-1
2.502500E+3	9.506122E-1
2.502750E+3	9.644946E-1
2.503000E+3	9.717754E-1
2.503250E+3	9.751085E-1
2.503500E+3	9.762851E-1
2.503750E+3	9.760106E-1
2.504000E+3	9.745749E-1
2.504250E+3	9.724848E-1
2.504500E+3	9.702968E-1
2.504750E+3	9.679615E-1
2.505000E+3	9.650038E-1
2.505250E+3	9.615987E-1
2.505500E+3	9.587597E-1
2.505750E+3	9.571108E-1
2.506000E+3	9.559451E-1
2.506250E+3	9.539463E-1
2.506500E+3	9.506401E-1
2.506750E+3	9.467784E-1
2.507000E+3	9.435295E-1
2.507250E+3	9.414631E-1
2.507500E+3	9.402170E-1
2.507750E+3	9.391106E-1
2.508000E+3	9.378793E-1
2.508250E+3	9.365641E-1
2.508500E+3	9.349430E-1
2.508750E+3	9.327452E-1
2.509000E+3	9.304474E-1
2.509250E+3	9.289449E-1
2.509500E+3	9.281240E-1
2.509750E+3	9.266765E-1
2.510000E+3	9.240441E-1
2.510250E+3	9.216513E-1
2.510500E+3	9.209573E-1
2.510750E+3	9.210848E-1
2.511000E+3	9.200290E-1
2.511250E+3	9.177695E-1
2.511500E+3	9.162393E-1
2.511750E+3	9.161360E-1
2.512000E+3	9.158943E-1
2.512250E+3	9.146258E-1
2.512500E+3	9.137347E-1
2.512750E+3	9.141223E-1
2.513000E+3	9.141733E-1
2.513250E+3	9.126068E-1
2.513500E+3	9.114110E-1
2.513750E+3	9.128581E-1
2.514000E+3	9.151305E-1
2.514250E+3	9.146035E-1
2.514500E+3	9.114843E-1
2.514750E+3	9.097461E-1
2.515000E+3	9.106843E-1
2.515250E+3	9.112270E-1
2.515500E+3	9.095192E-1
2.515750E+3	9.078993E-1
2.516000E+3	9.085503E-1
2.516250E+3	9.098940E-1
2.516500E+3	9.100153E-1
2.516750E+3	9.099100E-1
2.517000E+3	9.106303E-1
2.517250E+3	9.104144E-1
2.517500E+3	9.081573E-1
2.517750E+3	9.065711E-1
2.518000E+3	9.080444E-1
2.518250E+3	9.098062E-1
2.518500E+3	9.082505E-1
2.518750E+3	9.052424E-1
2.519000E+3	9.054194E-1
2.519250E+3	9.085002E-1
2.519500E+3	9.100559E-1
2.519750E+3	9.091626E-1
2.520000E+3	9.091152E-1
2.520250E+3	9.110637E-1
2.520500E+3	9.122559E-1
2.520750E+3	9.115161E-1
2.521000E+3	9.112281E-1
2.521250E+3	9.124737E-1
2.521500E+3	9.130360E-1
2.521750E+3	9.118538E-1
2.522000E+3	9.112744E-1
2.522250E+3	9.124533E-1
2.522500E+3	9.131747E-1
2.522750E+3	9.120534E-1
2.523000E+3	9.111756E-1
2.523250E+3	9.121042E-1
2.523500E+3	9.129367E-1
2.523750E+3	9.118263E-1
2.524000E+3	9.102169E-1
2.524250E+3	9.099367E-1
2.524500E+3	9.100999E-1
2.524750E+3	9.096356E-1
2.525000E+3	9.098180E-1
2.525250E+3	9.117025E-1
2.525500E+3	9.136292E-1
2.525750E+3	9.140056E-1
2.526000E+3	9.141752E-1
2.526250E+3	9.155953E-1
2.526500E+3	9.166856E-1
2.526750E+3	9.156668E-1
2.527000E+3	9.142814E-1
2.527250E+3	9.151733E-1
2.527500E+3	9.175011E-1
2.527750E+3	9.183519E-1
2.528000E+3	9.176750E-1
2.528250E+3	9.181444E-1
2.528500E+3	9.204266E-1
2.528750E+3	9.222459E-1
2.529000E+3	9.222009E-1
2.529250E+3	9.215143E-1
2.529500E+3	9.214447E-1
2.529750E+3	9.217596E-1
2.530000E+3	9.222270E-1
2.530250E+3	9.234004E-1
2.530500E+3	9.250840E-1
2.530750E+3	9.258773E-1
2.531000E+3	9.250788E-1
2.531250E+3	9.237954E-1
2.531500E+3	9.231636E-1
2.531750E+3	9.230175E-1
2.532000E+3	9.231447E-1
2.532250E+3	9.242995E-1
2.532500E+3	9.267783E-1
2.532750E+3	9.289488E-1
2.533000E+3	9.286820E-1
2.533250E+3	9.261903E-1
2.533500E+3	9.239223E-1
2.533750E+3	9.238337E-1
2.534000E+3	9.254136E-1
2.534250E+3	9.266172E-1
2.534500E+3	9.266257E-1
2.534750E+3	9.266186E-1
2.535000E+3	9.277766E-1
2.535250E+3	9.293558E-1
2.535500E+3	9.294879E-1
2.535750E+3	9.277627E-1
2.536000E+3	9.262171E-1
2.536250E+3	9.268856E-1
2.536500E+3	9.292200E-1
2.536750E+3	9.307397E-1
2.537000E+3	9.297881E-1
2.537250E+3	9.272317E-1
2.537500E+3	9.250989E-1
2.537750E+3	9.243035E-1
2.538000E+3	9.236283E-1
2.538250E+3	9.209540E-1
2.538500E+3	9.161003E-1
2.538750E+3	9.113608E-1
2.539000E+3	9.082076E-1
2.539250E+3	9.058909E-1
2.539500E+3	9.037795E-1
2.539750E+3	9.022738E-1
2.540000E+3	9.016146E-1
2.540250E+3	9.014564E-1
2.540500E+3	9.013152E-1
2.540750E+3	9.009491E-1
2.541000E+3	9.004763E-1
2.541250E+3	9.001831E-1
2.541500E+3	9.001211E-1
2.541750E+3	9.000226E-1
2.542000E+3	8.997223E-1
2.542250E+3	8.993876E-1
2.542500E+3	8.991257E-1
2.542750E+3	8.987273E-1
2.543000E+3	8.981613E-1
2.543250E+3	8.978960E-1
2.543500E+3	8.981638E-1
2.543750E+3	8.983220E-1
2.544000E+3	8.977162E-1
2.544250E+3	8.968418E-1
2.544500E+3	8.966242E-1
2.544750E+3	8.967053E-1
2.545000E+3	8.958484E-1
2.545250E+3	8.941326E-1
2.545500E+3	8.932534E-1
2.545750E+3	8.939451E-1
2.546000E+3	8.946812E-1
2.546250E+3	8.941041E-1
2.546500E+3	8.930281E-1
2.546750E+3	8.927525E-1
2.547000E+3	8.926344E-1
2.547250E+3	8.913290E-1
2.547500E+3	8.895012E-1
2.547750E+3	8.890475E-1
2.548000E+3	8.899345E-1
2.548250E+3	8.900259E-1
2.548500E+3	8.884221E-1
2.548750E+3	8.867167E-1
2.549000E+3	8.864497E-1
2.549250E+3	8.870361E-1
2.549500E+3	8.871211E-1
2.549750E+3	8.864700E-1
2.550000E+3	8.855490E-1
2.550250E+3	8.845411E-1
2.550500E+3	8.837047E-1
2.550750E+3	8.836498E-1
2.551000E+3	8.843298E-1
2.551250E+3	8.846437E-1
2.551500E+3	8.838371E-1
2.551750E+3	8.825030E-1
2.552000E+3	8.815629E-1
2.552250E+3	8.810858E-1
2.552500E+3	8.808144E-1
2.552750E+3	8.808777E-1
2.553000E+3	8.811469E-1
2.553250E+3	8.808444E-1
2.553500E+3	8.797390E-1
2.553750E+3	8.788925E-1
2.554000E+3	8.792597E-1
2.554250E+3	8.801739E-1
2.554500E+3	8.802888E-1
2.554750E+3	8.794789E-1
2.555000E+3	8.787465E-1
2.555250E+3	8.786443E-1
2.555500E+3	8.787537E-1
2.555750E+3	8.785847E-1
2.556000E+3	8.781500E-1
2.556250E+3	8.776322E-1
2.556500E+3	8.770881E-1
2.556750E+3	8.765268E-1
2.557000E+3	8.759772E-1
2.557250E+3	8.755658E-1
2.557500E+3	8.755991E-1
2.557750E+3	8.762188E-1
2.558000E+3	8.769435E-1
2.558250E+3	8.771274E-1
2.558500E+3	8.769326E-1
2.558750E+3	8.770859E-1
2.559000E+3	8.775789E-1
2.559250E+3	8.775905E-1
2.559500E+3	8.769324E-1
2.559750E+3	8.764884E-1
2.560000E+3	8.767425E-1
2.560250E+3	8.770030E-1
2.560500E+3	8.767626E-1
2.560750E+3	8.766084E-1
2.561000E+3	8.770015E-1
2.561250E+3	8.772774E-1
2.561500E+3	8.768875E-1
2.561750E+3	8.765562E-1
2.562000E+3	8.770244E-1
2.562250E+3	8.775727E-1
2.562500E+3	8.771722E-1
2.562750E+3	8.763525E-1
2.563000E+3	8.764720E-1
2.563250E+3	8.775858E-1
2.563500E+3	8.784924E-1
2.563750E+3	8.786319E-1
2.564000E+3	8.785765E-1
2.564250E+3	8.787485E-1
2.564500E+3	8.789008E-1
2.564750E+3	8.789268E-1
2.565000E+3	8.791105E-1
2.565250E+3	8.794726E-1
2.565500E+3	8.797338E-1
2.565750E+3	8.799301E-1
2.566000E+3	8.802903E-1
2.566250E+3	8.806341E-1
2.566500E+3	8.806947E-1
2.566750E+3	8.808345E-1
2.567000E+3	8.815406E-1
2.567250E+3	8.824077E-1
2.567500E+3	8.826373E-1
2.567750E+3	8.823918E-1
2.568000E+3	8.826100E-1
2.568250E+3	8.834729E-1
2.568500E+3	8.841367E-1
2.568750E+3	8.841588E-1
2.569000E+3	8.841267E-1
2.569250E+3	8.845695E-1
2.569500E+3	8.851629E-1
2.569750E+3	8.854380E-1
2.570000E+3	8.855484E-1
2.570250E+3	8.858744E-1
2.570500E+3	8.864117E-1
2.570750E+3	8.869618E-1
2.571000E+3	8.875016E-1
2.571250E+3	8.880377E-1
2.571500E+3	8.884311E-1
2.571750E+3	8.886320E-1
2.572000E+3	8.888261E-1
2.572250E+3	8.891685E-1
2.572500E+3	8.895941E-1
2.572750E+3	8.899961E-1
2.573000E+3	8.903585E-1
2.573250E+3	8.906666E-1
2.573500E+3	8.909116E-1
2.573750E+3	8.911984E-1
2.574000E+3	8.916295E-1
2.574250E+3	8.921071E-1
2.574500E+3	8.924636E-1
2.574750E+3	8.927215E-1
2.575000E+3	8.929982E-1
2.575250E+3	8.932544E-1
2.575500E+3	8.933995E-1
2.575750E+3	8.935409E-1
2.576000E+3	8.938455E-1
2.576250E+3	8.942338E-1
2.576500E+3	8.944935E-1
2.576750E+3	8.946234E-1
2.577000E+3	8.947877E-1
2.577250E+3	8.949888E-1
2.577500E+3	8.950688E-1
2.577750E+3	8.950111E-1
2.578000E+3	8.949803E-1
2.578250E+3	8.950517E-1
2.578500E+3	8.951207E-1
2.578750E+3	8.951093E-1
2.579000E+3	8.950817E-1
2.579250E+3	8.951039E-1
2.579500E+3	8.951202E-1
2.579750E+3	8.950386E-1
2.580000E+3	8.948738E-1
2.580250E+3	8.947282E-1
2.580500E+3	8.946218E-1
2.580750E+3	8.944138E-1
2.581000E+3	8.939882E-1
2.581250E+3	8.934817E-1
2.581500E+3	8.931524E-1
2.581750E+3	8.929924E-1
2.582000E+3	8.926986E-1
2.582250E+3	8.921183E-1
2.582500E+3	8.914634E-1
2.582750E+3	8.909400E-1
2.583000E+3	8.904423E-1
2.583250E+3	8.898060E-1
2.583500E+3	8.890808E-1
2.583750E+3	8.883416E-1
2.584000E+3	8.875355E-1
2.584250E+3	8.867207E-1
2.584500E+3	8.860739E-1
2.584750E+3	8.854379E-1
2.585000E+3	8.843632E-1
2.585250E+3	8.829062E-1
2.585500E+3	8.817754E-1
2.585750E+3	8.812285E-1
2.586000E+3	8.805004E-1
2.586250E+3	8.790109E-1
2.586500E+3	8.774290E-1
2.586750E+3	8.765846E-1
2.587000E+3	8.759039E-1
2.587250E+3	8.741783E-1
2.587500E+3	8.716084E-1
2.587750E+3	8.696890E-1
2.588000E+3	8.689616E-1
2.588250E+3	8.681909E-1
2.588500E+3	8.662939E-1
2.588750E+3	8.639198E-1
2.589000E+3	8.622621E-1
2.589250E+3	8.611549E-1
2.589500E+3	8.594295E-1
2.589750E+3	8.568531E-1
2.590000E+3	8.545494E-1
2.590250E+3	8.532705E-1
2.590500E+3	8.521612E-1
2.590750E+3	8.499531E-1
2.591000E+3	8.467951E-1
2.591250E+3	8.439653E-1
2.591500E+3	8.419313E-1
2.591750E+3	8.398410E-1
2.592000E+3	8.371443E-1
2.592250E+3	8.344198E-1
2.592500E+3	8.320215E-1
2.592750E+3	8.292094E-1
2.593000E+3	8.256864E-1
2.593250E+3	8.226604E-1
2.593500E+3	8.208155E-1
2.593750E+3	8.184920E-1
2.594000E+3	8.140010E-1
2.594250E+3	8.086280E-1
2.594500E+3	8.050564E-1
2.594750E+3	8.030925E-1
2.595000E+3	8.001004E-1
2.595250E+3	7.953910E-1
2.595500E+3	7.910573E-1
2.595750E+3	7.880542E-1
2.596000E+3	7.846135E-1
2.596250E+3	7.795612E-1
2.596500E+3	7.742135E-1
2.596750E+3	7.698026E-1
2.597000E+3	7.655298E-1
2.597250E+3	7.608027E-1
2.597500E+3	7.568103E-1
2.597750E+3	7.543333E-1
2.598000E+3	7.520637E-1
2.598250E+3	7.485696E-1
2.598500E+3	7.440252E-1
2.598750E+3	7.393775E-1
2.599000E+3	7.353888E-1
2.599250E+3	7.326779E-1
2.599500E+3	7.308841E-1
2.599750E+3	7.281568E-1
2.600000E+3	7.239001E-1
2.600250E+3	7.207718E-1
2.600500E+3	7.211543E-1
2.600750E+3	7.231627E-1
2.601000E+3	7.233152E-1
2.601250E+3	7.217871E-1
2.601500E+3	7.212581E-1
2.601750E+3	7.225359E-1
2.602000E+3	7.251524E-1
2.602250E+3	7.298622E-1
2.602500E+3	7.365259E-1
2.602750E+3	7.423443E-1
2.603000E+3	7.462651E-1
2.603250E+3	7.521870E-1
2.603500E+3	7.631961E-1
2.603750E+3	7.760296E-1
2.604000E+3	7.858861E-1
2.604250E+3	7.933791E-1
2.604500E+3	8.028274E-1
2.604750E+3	8.153122E-1
2.605000E+3	8.280497E-1
2.605250E+3	8.389710E-1
2.605500E+3	8.484946E-1
2.605750E+3	8.575671E-1
2.606000E+3	8.663179E-1
2.606250E+3	8.746241E-1
2.606500E+3	8.824132E-1
2.606750E+3	8.894423E-1
2.607000E+3	8.956809E-1
2.607250E+3	9.016550E-1
2.607500E+3	9.077108E-1
2.607750E+3	9.133178E-1
2.608000E+3	9.178004E-1
2.608250E+3	9.213956E-1
2.608500E+3	9.249261E-1
2.608750E+3	9.286456E-1
2.609000E+3	9.320995E-1
2.609250E+3	9.349185E-1
2.609500E+3	9.371609E-1
2.609750E+3	9.389740E-1
2.610000E+3	9.404224E-1
2.610250E+3	9.416367E-1
2.610500E+3	9.427159E-1
2.610750E+3	9.435260E-1
2.611000E+3	9.439711E-1
2.611250E+3	9.443629E-1
2.611500E+3	9.450736E-1
2.611750E+3	9.458805E-1
2.612000E+3	9.461995E-1
2.612250E+3	9.460077E-1
2.612500E+3	9.459483E-1
2.612750E+3	9.463173E-1
2.613000E+3	9.465200E-1
2.613250E+3	9.459657E-1
2.613500E+3	9.450463E-1
2.613750E+3	9.446547E-1
2.614000E+3	9.449731E-1
2.614250E+3	9.453295E-1
2.614500E+3	9.451866E-1
2.614750E+3	9.447027E-1
2.615000E+3	9.442458E-1
2.615250E+3	9.438946E-1
2.615500E+3	9.436293E-1
2.615750E+3	9.435872E-1
2.616000E+3	9.437934E-1
2.616250E+3	9.438826E-1
2.616500E+3	9.434490E-1
2.616750E+3	9.426158E-1
2.617000E+3	9.419631E-1
2.617250E+3	9.418756E-1
2.617500E+3	9.421140E-1
2.617750E+3	9.421562E-1
2.618000E+3	9.418704E-1
2.618250E+3	9.415733E-1
2.618500E+3	9.414524E-1
2.618750E+3	9.412697E-1
2.619000E+3	9.408512E-1
2.619250E+3	9.405138E-1
2.619500E+3	9.405957E-1
2.619750E+3	9.408499E-1
2.620000E+3	9.408612E-1
2.620250E+3	9.408169E-1
2.620500E+3	9.411374E-1
2.620750E+3	9.415031E-1
2.621000E+3	9.411703E-1
2.621250E+3	9.402199E-1
2.621500E+3	9.395467E-1
2.621750E+3	9.395315E-1
2.622000E+3	9.397002E-1
2.622250E+3	9.398733E-1
2.622500E+3	9.404434E-1
2.622750E+3	9.412162E-1
2.623000E+3	9.413142E-1
2.623250E+3	9.406913E-1
2.623500E+3	9.404281E-1
2.623750E+3	9.408779E-1
2.624000E+3	9.409814E-1
2.624250E+3	9.402292E-1
2.624500E+3	9.396996E-1
2.624750E+3	9.401144E-1
2.625000E+3	9.404600E-1
2.625250E+3	9.399920E-1
2.625500E+3	9.399309E-1
2.625750E+3	9.414123E-1
2.626000E+3	9.432420E-1
2.626250E+3	9.436007E-1
2.626500E+3	9.428718E-1
2.626750E+3	9.426842E-1
2.627000E+3	9.430986E-1
2.627250E+3	9.430715E-1
2.627500E+3	9.428500E-1
2.627750E+3	9.435359E-1
2.628000E+3	9.448156E-1
2.628250E+3	9.455285E-1
2.628500E+3	9.459773E-1
2.628750E+3	9.472763E-1
2.629000E+3	9.487774E-1
2.629250E+3	9.487326E-1
2.629500E+3	9.474605E-1
2.629750E+3	9.473591E-1
2.630000E+3	9.487649E-1
2.630250E+3	9.491244E-1
2.630500E+3	9.471113E-1
2.630750E+3	9.449435E-1
2.631000E+3	9.450137E-1
2.631250E+3	9.461744E-1
2.631500E+3	9.460971E-1
2.631750E+3	9.449311E-1
2.632000E+3	9.443642E-1
2.632250E+3	9.445945E-1
2.632500E+3	9.444743E-1
2.632750E+3	9.439488E-1
2.633000E+3	9.439278E-1
2.633250E+3	9.442141E-1
2.633500E+3	9.437892E-1
2.633750E+3	9.429783E-1
2.634000E+3	9.431961E-1
2.634250E+3	9.443155E-1
2.634500E+3	9.443779E-1
2.634750E+3	9.426911E-1
2.635000E+3	9.411612E-1
2.635250E+3	9.415185E-1
2.635500E+3	9.426631E-1
2.635750E+3	9.424288E-1
2.636000E+3	9.408617E-1
2.636250E+3	9.397650E-1
2.636500E+3	9.397930E-1
2.636750E+3	9.397420E-1
2.637000E+3	9.389351E-1
2.637250E+3	9.382701E-1
2.637500E+3	9.383119E-1
2.637750E+3	9.380809E-1
2.638000E+3	9.369721E-1
2.638250E+3	9.360555E-1
2.638500E+3	9.363353E-1
2.638750E+3	9.368597E-1
2.639000E+3	9.364298E-1
2.639250E+3	9.358936E-1
2.639500E+3	9.366377E-1
2.639750E+3	9.377477E-1
2.640000E+3	9.371528E-1
2.640250E+3	9.351131E-1
2.640500E+3	9.339761E-1
2.640750E+3	9.347028E-1
2.641000E+3	9.356418E-1
2.641250E+3	9.355211E-1
2.641500E+3	9.349407E-1
2.641750E+3	9.344314E-1
2.642000E+3	9.333796E-1
2.642250E+3	9.317992E-1
2.642500E+3	9.310759E-1
2.642750E+3	9.317420E-1
2.643000E+3	9.321676E-1
2.643250E+3	9.310116E-1
2.643500E+3	9.292920E-1
2.643750E+3	9.287876E-1
2.644000E+3	9.295596E-1
2.644250E+3	9.303753E-1
2.644500E+3	9.305792E-1
2.644750E+3	9.301139E-1
2.645000E+3	9.289267E-1
2.645250E+3	9.275085E-1
2.645500E+3	9.268460E-1
2.645750E+3	9.268986E-1
2.646000E+3	9.264324E-1
2.646250E+3	9.251315E-1
2.646500E+3	9.242799E-1
2.646750E+3	9.241408E-1
2.647000E+3	9.227458E-1
2.647250E+3	9.190071E-1
2.647500E+3	9.153238E-1
2.647750E+3	9.145143E-1
2.648000E+3	9.154736E-1
2.648250E+3	9.149132E-1
2.648500E+3	9.119830E-1
2.648750E+3	9.088560E-1
2.649000E+3	9.070348E-1
2.649250E+3	9.059151E-1
2.649500E+3	9.047303E-1
2.649750E+3	9.033047E-1
2.650000E+3	9.011154E-1
2.650250E+3	8.979723E-1
2.650500E+3	8.954998E-1
2.650750E+3	8.955524E-1
2.651000E+3	8.970553E-1
2.651250E+3	8.969005E-1
2.651500E+3	8.939131E-1
2.651750E+3	8.902718E-1
2.652000E+3	8.886435E-1
2.652250E+3	8.897158E-1
2.652500E+3	8.921925E-1
2.652750E+3	8.937665E-1
2.653000E+3	8.927690E-1
2.653250E+3	8.893327E-1
2.653500E+3	8.854476E-1
2.653750E+3	8.834001E-1
2.654000E+3	8.835131E-1
2.654250E+3	8.845697E-1
2.654500E+3	8.856870E-1
2.654750E+3	8.868772E-1
2.655000E+3	8.884052E-1
2.655250E+3	8.898850E-1
2.655500E+3	8.899426E-1
2.655750E+3	8.874975E-1
2.656000E+3	8.837129E-1
2.656250E+3	8.817812E-1
2.656500E+3	8.839247E-1
2.656750E+3	8.883065E-1
2.657000E+3	8.914121E-1
2.657250E+3	8.925769E-1
2.657500E+3	8.932532E-1
2.657750E+3	8.934599E-1
2.658000E+3	8.917818E-1
2.658250E+3	8.886460E-1
2.658500E+3	8.868839E-1
2.658750E+3	8.881275E-1
2.659000E+3	8.906560E-1
2.659250E+3	8.924961E-1
2.659500E+3	8.932644E-1
2.659750E+3	8.926802E-1
2.660000E+3	8.904919E-1
2.660250E+3	8.881811E-1
2.660500E+3	8.882306E-1
2.660750E+3	8.907162E-1
2.661000E+3	8.930816E-1
2.661250E+3	8.944828E-1
2.661500E+3	8.961134E-1
2.661750E+3	8.973049E-1
2.662000E+3	8.959664E-1
2.662250E+3	8.933190E-1
2.662500E+3	8.933999E-1
2.662750E+3	8.965844E-1
2.663000E+3	8.986219E-1
2.663250E+3	8.978293E-1
2.663500E+3	8.971639E-1
2.663750E+3	8.983115E-1
2.664000E+3	8.988148E-1
2.664250E+3	8.982140E-1
2.664500E+3	8.998684E-1
2.664750E+3	9.036666E-1
2.665000E+3	9.039891E-1
2.665250E+3	8.997452E-1
2.665500E+3	8.985008E-1
2.665750E+3	9.050524E-1
2.666000E+3	9.114700E-1
2.666250E+3	9.085936E-1
2.666500E+3	9.003722E-1
2.666750E+3	8.979888E-1
2.667000E+3	9.041378E-1
2.667250E+3	9.106947E-1
2.667500E+3	9.114133E-1
2.667750E+3	9.085035E-1
2.668000E+3	9.062738E-1
2.668250E+3	9.061204E-1
2.668500E+3	9.080523E-1
2.668750E+3	9.108814E-1
2.669000E+3	9.118225E-1
2.669250E+3	9.102320E-1
2.669500E+3	9.097954E-1
2.669750E+3	9.130681E-1
2.670000E+3	9.158355E-1
2.670250E+3	9.136647E-1
2.670500E+3	9.100266E-1
2.670750E+3	9.112729E-1
2.671000E+3	9.155822E-1
2.671250E+3	9.161805E-1
2.671500E+3	9.125884E-1
2.671750E+3	9.110531E-1
2.672000E+3	9.135895E-1
2.672250E+3	9.158732E-1
2.672500E+3	9.159838E-1
2.672750E+3	9.163893E-1
2.673000E+3	9.174143E-1
2.673250E+3	9.167152E-1
2.673500E+3	9.155030E-1
2.673750E+3	9.173431E-1
2.674000E+3	9.203275E-1
2.674250E+3	9.194098E-1
2.674500E+3	9.165628E-1
2.674750E+3	9.184885E-1
2.675000E+3	9.239485E-1
2.675250E+3	9.242131E-1
2.675500E+3	9.179936E-1
2.675750E+3	9.154762E-1
2.676000E+3	9.214618E-1
2.676250E+3	9.275632E-1
2.676500E+3	9.262049E-1
2.676750E+3	9.218683E-1
2.677000E+3	9.228364E-1
2.677250E+3	9.270766E-1
2.677500E+3	9.276315E-1
2.677750E+3	9.243389E-1
2.678000E+3	9.226029E-1
2.678250E+3	9.233748E-1
2.678500E+3	9.229860E-1
2.678750E+3	9.210674E-1
2.679000E+3	9.213341E-1
2.679250E+3	9.248199E-1
2.679500E+3	9.285696E-1
2.679750E+3	9.294006E-1
2.680000E+3	9.273804E-1
2.680250E+3	9.251594E-1
2.680500E+3	9.252696E-1
2.680750E+3	9.279603E-1
2.681000E+3	9.296755E-1
2.681250E+3	9.271870E-1
2.681500E+3	9.228090E-1
2.681750E+3	9.221705E-1
2.682000E+3	9.259456E-1
2.682250E+3	9.293606E-1
2.682500E+3	9.304778E-1
2.682750E+3	9.314179E-1
2.683000E+3	9.323306E-1
2.683250E+3	9.302170E-1
2.683500E+3	9.256975E-1
2.683750E+3	9.240583E-1
2.684000E+3	9.263194E-1
2.684250E+3	9.266371E-1
2.684500E+3	9.225047E-1
2.684750E+3	9.199546E-1
2.685000E+3	9.236942E-1
2.685250E+3	9.277757E-1
2.685500E+3	9.255412E-1
2.685750E+3	9.202102E-1
2.686000E+3	9.188146E-1
2.686250E+3	9.208530E-1
2.686500E+3	9.212233E-1
2.686750E+3	9.200429E-1
2.687000E+3	9.215120E-1
2.687250E+3	9.242409E-1
2.687500E+3	9.231247E-1
2.687750E+3	9.186664E-1
2.688000E+3	9.171141E-1
2.688250E+3	9.203555E-1
2.688500E+3	9.231690E-1
2.688750E+3	9.223341E-1
2.689000E+3	9.210736E-1
2.689250E+3	9.217447E-1
2.689500E+3	9.212225E-1
2.689750E+3	9.168810E-1
2.690000E+3	9.126664E-1
2.690250E+3	9.133995E-1
2.690500E+3	9.170402E-1
2.690750E+3	9.181982E-1
2.691000E+3	9.163071E-1
2.691250E+3	9.156414E-1
2.691500E+3	9.180085E-1
2.691750E+3	9.202404E-1
2.692000E+3	9.197656E-1
2.692250E+3	9.189901E-1
2.692500E+3	9.201893E-1
2.692750E+3	9.210415E-1
2.693000E+3	9.184181E-1
2.693250E+3	9.140824E-1
2.693500E+3	9.119511E-1
2.693750E+3	9.120879E-1
2.694000E+3	9.115023E-1
2.694250E+3	9.105785E-1
2.694500E+3	9.127853E-1
2.694750E+3	9.176114E-1
2.695000E+3	9.195939E-1
2.695250E+3	9.158907E-1
2.695500E+3	9.103864E-1
2.695750E+3	9.076097E-1
2.696000E+3	9.069454E-1
2.696250E+3	9.064727E-1
2.696500E+3	9.071801E-1
2.696750E+3	9.095966E-1
2.697000E+3	9.109396E-1
2.697250E+3	9.106994E-1
2.697500E+3	9.124983E-1
2.697750E+3	9.164320E-1
2.698000E+3	9.160296E-1
2.698250E+3	9.089627E-1
2.698500E+3	9.026675E-1
2.698750E+3	9.049796E-1
2.699000E+3	9.117273E-1
2.699250E+3	9.132200E-1
2.699500E+3	9.095451E-1
2.699750E+3	9.074372E-1
2.700000E+3	9.082972E-1
2.700250E+3	9.076849E-1
2.700500E+3	9.059907E-1
2.700750E+3	9.073454E-1
2.701000E+3	9.099137E-1
2.701250E+3	9.078380E-1
2.701500E+3	9.028755E-1
2.701750E+3	9.029536E-1
2.702000E+3	9.083467E-1
2.702250E+3	9.100944E-1
2.702500E+3	9.055314E-1
2.702750E+3	9.025745E-1
2.703000E+3	9.063238E-1
2.703250E+3	9.104144E-1
2.703500E+3	9.092999E-1
2.703750E+3	9.067189E-1
2.704000E+3	9.076292E-1
2.704250E+3	9.094594E-1
2.704500E+3	9.086045E-1
2.704750E+3	9.072223E-1
2.705000E+3	9.075737E-1
2.705250E+3	9.069943E-1
2.705500E+3	9.039786E-1
2.705750E+3	9.025924E-1
2.706000E+3	9.052331E-1
2.706250E+3	9.070815E-1
2.706500E+3	9.048248E-1
2.706750E+3	9.032246E-1
2.707000E+3	9.067081E-1
2.707250E+3	9.107003E-1
2.707500E+3	9.097049E-1
2.707750E+3	9.068109E-1
2.708000E+3	9.075835E-1
2.708250E+3	9.102002E-1
2.708500E+3	9.103013E-1
2.708750E+3	9.100290E-1
2.709000E+3	9.132287E-1
2.709250E+3	9.164680E-1
2.709500E+3	9.142252E-1
2.709750E+3	9.099165E-1
2.710000E+3	9.106813E-1
2.710250E+3	9.138432E-1
2.710500E+3	9.107798E-1
2.710750E+3	9.013706E-1
2.711000E+3	8.973237E-1
2.711250E+3	9.048815E-1
2.711500E+3	9.162133E-1
2.711750E+3	9.216818E-1
2.712000E+3	9.187091E-1
2.712250E+3	9.126264E-1
2.712500E+3	9.096727E-1
2.712750E+3	9.119732E-1
2.713000E+3	9.173448E-1
2.713250E+3	9.208029E-1
2.713500E+3	9.203416E-1
2.713750E+3	9.187759E-1
2.714000E+3	9.187663E-1
2.714250E+3	9.179493E-1
2.714500E+3	9.138947E-1
2.714750E+3	9.115545E-1
2.715000E+3	9.175160E-1
2.715250E+3	9.280911E-1
2.715500E+3	9.322753E-1
2.715750E+3	9.272095E-1
2.716000E+3	9.194440E-1
2.716250E+3	9.159757E-1
2.716500E+3	9.167637E-1
2.716750E+3	9.183595E-1
2.717000E+3	9.202992E-1
2.717250E+3	9.226786E-1
2.717500E+3	9.239558E-1
2.717750E+3	9.245519E-1
2.718000E+3	9.268916E-1
2.718250E+3	9.295383E-1
2.718500E+3	9.277327E-1
2.718750E+3	9.226072E-1
2.719000E+3	9.219019E-1
2.719250E+3	9.281077E-1
2.719500E+3	9.336375E-1
2.719750E+3	9.322423E-1
2.720000E+3	9.286864E-1
2.720250E+3	9.298250E-1
2.720500E+3	9.340398E-1
2.720750E+3	9.351244E-1
2.721000E+3	9.336300E-1
2.721250E+3	9.350186E-1
2.721500E+3	9.386431E-1
2.721750E+3	9.390785E-1
2.722000E+3	9.352323E-1
2.722250E+3	9.331303E-1
2.722500E+3	9.362537E-1
2.722750E+3	9.395598E-1
2.723000E+3	9.379018E-1
2.723250E+3	9.334900E-1
2.723500E+3	9.322499E-1
2.723750E+3	9.352471E-1
2.724000E+3	9.387797E-1
2.724250E+3	9.403932E-1
2.724500E+3	9.413105E-1
2.724750E+3	9.427053E-1
2.725000E+3	9.425246E-1
2.725250E+3	9.384866E-1
2.725500E+3	9.339730E-1
2.725750E+3	9.355158E-1
2.726000E+3	9.422969E-1
2.726250E+3	9.463042E-1
2.726500E+3	9.423596E-1
2.726750E+3	9.362179E-1
2.727000E+3	9.362748E-1
2.727250E+3	9.408449E-1
2.727500E+3	9.421447E-1
2.727750E+3	9.396458E-1
2.728000E+3	9.402882E-1
2.728250E+3	9.451719E-1
2.728500E+3	9.462902E-1
2.728750E+3	9.406684E-1
2.729000E+3	9.377609E-1
2.729250E+3	9.428720E-1
2.729500E+3	9.477781E-1
2.729750E+3	9.440784E-1
2.730000E+3	9.387414E-1
2.730250E+3	9.426388E-1
2.730500E+3	9.513372E-1
2.730750E+3	9.524155E-1
2.731000E+3	9.453297E-1
2.731250E+3	9.427165E-1
2.731500E+3	9.485835E-1
2.731750E+3	9.514411E-1
2.732000E+3	9.457571E-1
2.732250E+3	9.415155E-1
2.732500E+3	9.464278E-1
2.732750E+3	9.506081E-1
2.733000E+3	9.464924E-1
2.733250E+3	9.417084E-1
2.733500E+3	9.466525E-1
2.733750E+3	9.567822E-1
2.734000E+3	9.584514E-1
2.734250E+3	9.511199E-1
2.734500E+3	9.454763E-1
2.734750E+3	9.469290E-1
2.735000E+3	9.516725E-1
2.735250E+3	9.552329E-1
2.735500E+3	9.557516E-1
2.735750E+3	9.528331E-1
2.736000E+3	9.485882E-1
2.736250E+3	9.471582E-1
2.736500E+3	9.499659E-1
2.736750E+3	9.521227E-1
2.737000E+3	9.500853E-1
2.737250E+3	9.473055E-1
2.737500E+3	9.468238E-1
2.737750E+3	9.448991E-1
2.738000E+3	9.398374E-1
2.738250E+3	9.388824E-1
2.738500E+3	9.479615E-1
2.738750E+3	9.583209E-1
2.739000E+3	9.560037E-1
2.739250E+3	9.453516E-1
2.739500E+3	9.415637E-1
2.739750E+3	9.480510E-1
2.740000E+3	9.524150E-1
2.740250E+3	9.486955E-1
2.740500E+3	9.453479E-1
2.740750E+3	9.492803E-1
2.741000E+3	9.550120E-1
2.741250E+3	9.555438E-1
2.741500E+3	9.524551E-1
2.741750E+3	9.493866E-1
2.742000E+3	9.461489E-1
2.742250E+3	9.433251E-1
2.742500E+3	9.441969E-1
2.742750E+3	9.466024E-1
2.743000E+3	9.436058E-1
2.743250E+3	9.364732E-1
2.743500E+3	9.356101E-1
2.743750E+3	9.455176E-1
2.744000E+3	9.529260E-1
2.744250E+3	9.480642E-1
2.744500E+3	9.405055E-1
2.744750E+3	9.428863E-1
2.745000E+3	9.508661E-1
2.745250E+3	9.513503E-1
2.745500E+3	9.435592E-1
2.745750E+3	9.394156E-1
2.746000E+3	9.450152E-1
2.746250E+3	9.528755E-1
2.746500E+3	9.537159E-1
2.746750E+3	9.477232E-1
2.747000E+3	9.427099E-1
2.747250E+3	9.422194E-1
2.747500E+3	9.430885E-1
2.747750E+3	9.416654E-1
2.748000E+3	9.389577E-1
2.748250E+3	9.385419E-1
2.748500E+3	9.411847E-1
2.748750E+3	9.445611E-1
2.749000E+3	9.474036E-1
2.749250E+3	9.513661E-1
2.749500E+3	9.556534E-1
2.749750E+3	9.547157E-1
2.750000E+3	9.452207E-1
2.750250E+3	9.339825E-1
2.750500E+3	9.329624E-1
2.750750E+3	9.404439E-1
2.751000E+3	9.448645E-1
2.751250E+3	9.434230E-1
2.751500E+3	9.439344E-1
2.751750E+3	9.506231E-1
2.752000E+3	9.560848E-1
2.752250E+3	9.537769E-1
2.752500E+3	9.475671E-1
2.752750E+3	9.460144E-1
2.753000E+3	9.485587E-1
2.753250E+3	9.499216E-1
2.753500E+3	9.495204E-1
2.753750E+3	9.501931E-1
2.754000E+3	9.517071E-1
2.754250E+3	9.516465E-1
2.754500E+3	9.500632E-1
2.754750E+3	9.487160E-1
2.755000E+3	9.473931E-1
2.755250E+3	9.449000E-1
2.755500E+3	9.420799E-1
2.755750E+3	9.411252E-1
2.756000E+3	9.424435E-1
2.756250E+3	9.461242E-1
2.756500E+3	9.531616E-1
2.756750E+3	9.606476E-1
2.757000E+3	9.631539E-1
2.757250E+3	9.604776E-1
2.757500E+3	9.559996E-1
2.757750E+3	9.528390E-1
2.758000E+3	9.517973E-1
2.758250E+3	9.526873E-1
2.758500E+3	9.546887E-1
2.758750E+3	9.529566E-1
2.759000E+3	9.433593E-1
2.759250E+3	9.315878E-1
2.759500E+3	9.291437E-1
2.759750E+3	9.406571E-1
2.760000E+3	9.541247E-1
2.760250E+3	9.580555E-1
2.760500E+3	9.555467E-1
2.760750E+3	9.534880E-1
2.761000E+3	9.510511E-1
2.761250E+3	9.461462E-1
2.761500E+3	9.449160E-1
2.761750E+3	9.541550E-1
2.762000E+3	9.651575E-1
2.762250E+3	9.652012E-1
2.762500E+3	9.556174E-1
2.762750E+3	9.493745E-1
2.763000E+3	9.528166E-1
2.763250E+3	9.576403E-1
2.763500E+3	9.582296E-1
2.763750E+3	9.579157E-1
2.764000E+3	9.612847E-1
2.764250E+3	9.659326E-1
2.764500E+3	9.677097E-1
2.764750E+3	9.656367E-1
2.765000E+3	9.610980E-1
2.765250E+3	9.569524E-1
2.765500E+3	9.567779E-1
2.765750E+3	9.619025E-1
2.766000E+3	9.681041E-1
2.766250E+3	9.703286E-1
2.766500E+3	9.687129E-1
2.766750E+3	9.671134E-1
2.767000E+3	9.675872E-1
2.767250E+3	9.682283E-1
2.767500E+3	9.672212E-1
2.767750E+3	9.647694E-1
2.768000E+3	9.609449E-1
2.768250E+3	9.561307E-1
2.768500E+3	9.539491E-1
2.768750E+3	9.581360E-1
2.769000E+3	9.647379E-1
2.769250E+3	9.674904E-1
2.769500E+3	9.663458E-1
2.769750E+3	9.655046E-1
2.770000E+3	9.663482E-1
2.770250E+3	9.662836E-1
2.770500E+3	9.654207E-1
2.770750E+3	9.674351E-1
2.771000E+3	9.719402E-1
2.771250E+3	9.750063E-1
2.771500E+3	9.761675E-1
2.771750E+3	9.782113E-1
2.772000E+3	9.802152E-1
2.772250E+3	9.774420E-1
2.772500E+3	9.693077E-1
2.772750E+3	9.632647E-1
2.773000E+3	9.656378E-1
2.773250E+3	9.713026E-1
2.773500E+3	9.734084E-1
2.773750E+3	9.716725E-1
2.774000E+3	9.715312E-1
2.774250E+3	9.744570E-1
2.774500E+3	9.764149E-1
2.774750E+3	9.746243E-1
2.775000E+3	9.714997E-1
2.775250E+3	9.717343E-1
2.775500E+3	9.756974E-1
2.775750E+3	9.781755E-1
2.776000E+3	9.747308E-1
2.776250E+3	9.708424E-1
2.776500E+3	9.743086E-1
2.776750E+3	9.840022E-1
2.777000E+3	9.889811E-1
2.777250E+3	9.821269E-1
2.777500E+3	9.716431E-1
2.777750E+3	9.683387E-1
2.778000E+3	9.712429E-1
2.778250E+3	9.718314E-1
2.778500E+3	9.695660E-1
2.778750E+3	9.723859E-1
2.779000E+3	9.814352E-1
2.779250E+3	9.880331E-1
2.779500E+3	9.864449E-1
2.779750E+3	9.814163E-1
2.780000E+3	9.789793E-1
2.780250E+3	9.781495E-1
2.780500E+3	9.760627E-1
2.780750E+3	9.747168E-1
2.781000E+3	9.771030E-1
2.781250E+3	9.821164E-1
2.781500E+3	9.867402E-1
2.781750E+3	9.877632E-1
2.782000E+3	9.833158E-1
2.782250E+3	9.746159E-1
2.782500E+3	9.682315E-1
2.782750E+3	9.722081E-1
2.783000E+3	9.819416E-1
2.783250E+3	9.856445E-1
2.783500E+3	9.788971E-1
2.783750E+3	9.706848E-1
2.784000E+3	9.727996E-1
2.784250E+3	9.830294E-1
2.784500E+3	9.911291E-1
2.784750E+3	9.892770E-1
2.785000E+3	9.816445E-1
2.785250E+3	9.772358E-1
2.785500E+3	9.793784E-1
2.785750E+3	9.839370E-1
2.786000E+3	9.836861E-1
2.786250E+3	9.792516E-1
2.786500E+3	9.762946E-1
2.786750E+3	9.782623E-1
2.787000E+3	9.805492E-1
2.787250E+3	9.777873E-1
2.787500E+3	9.736240E-1
2.787750E+3	9.754375E-1
2.788000E+3	9.820261E-1
2.788250E+3	9.865742E-1
2.788500E+3	9.869545E-1
2.788750E+3	9.855794E-1
2.789000E+3	9.844032E-1
2.789250E+3	9.820594E-1
2.789500E+3	9.786466E-1
2.789750E+3	9.783557E-1
2.790000E+3	9.825108E-1
2.790250E+3	9.857769E-1
2.790500E+3	9.848090E-1
2.790750E+3	9.807553E-1
2.791000E+3	9.790175E-1
2.791250E+3	9.817120E-1
2.791500E+3	9.856563E-1
2.791750E+3	9.868571E-1
2.792000E+3	9.836771E-1
2.792250E+3	9.803387E-1
2.792500E+3	9.813102E-1
2.792750E+3	9.847181E-1
2.793000E+3	9.840543E-1
2.793250E+3	9.797513E-1
2.793500E+3	9.792625E-1
2.793750E+3	9.859330E-1
2.794000E+3	9.914365E-1
2.794250E+3	9.870259E-1
2.794500E+3	9.778879E-1
2.794750E+3	9.744588E-1
2.795000E+3	9.781197E-1
2.795250E+3	9.814852E-1
2.795500E+3	9.817293E-1
2.795750E+3	9.823763E-1
2.796000E+3	9.840180E-1
2.796250E+3	9.834858E-1
2.796500E+3	9.818997E-1
2.796750E+3	9.828809E-1
2.797000E+3	9.842201E-1
2.797250E+3	9.801285E-1
2.797500E+3	9.731802E-1
2.797750E+3	9.724374E-1
2.798000E+3	9.790172E-1
2.798250E+3	9.840866E-1
2.798500E+3	9.844933E-1
2.798750E+3	9.852329E-1
2.799000E+3	9.884577E-1
2.799250E+3	9.891022E-1
2.799500E+3	9.863608E-1
2.799750E+3	9.867032E-1
2.800000E+3	9.919686E-1
2.800250E+3	9.935246E-1
2.800500E+3	9.875669E-1
2.800750E+3	9.818772E-1
2.801000E+3	9.853477E-1
2.801250E+3	9.914479E-1
2.801500E+3	9.905211E-1
2.801750E+3	9.842735E-1
2.802000E+3	9.826305E-1
2.802250E+3	9.861790E-1
2.802500E+3	9.853136E-1
2.802750E+3	9.765593E-1
2.803000E+3	9.698624E-1
2.803250E+3	9.726991E-1
2.803500E+3	9.809267E-1
2.803750E+3	9.875360E-1
2.804000E+3	9.876660E-1
2.804250E+3	9.828027E-1
2.804500E+3	9.766493E-1
2.804750E+3	9.735589E-1
2.805000E+3	9.780653E-1
2.805250E+3	9.866112E-1
2.805500E+3	9.913265E-1
2.805750E+3	9.905708E-1
2.806000E+3	9.882138E-1
2.806250E+3	9.869036E-1
2.806500E+3	9.854758E-1
2.806750E+3	9.836734E-1
2.807000E+3	9.843149E-1
2.807250E+3	9.875045E-1
2.807500E+3	9.900015E-1
2.807750E+3	9.900704E-1
2.808000E+3	9.893528E-1
2.808250E+3	9.898671E-1
2.808500E+3	9.911452E-1
2.808750E+3	9.924475E-1
2.809000E+3	9.936359E-1
2.809250E+3	9.939451E-1
2.809500E+3	9.922252E-1
2.809750E+3	9.889299E-1
2.810000E+3	9.879004E-1
2.810250E+3	9.902088E-1
2.810500E+3	9.915669E-1
2.810750E+3	9.889530E-1
2.811000E+3	9.846932E-1
2.811250E+3	9.837763E-1
2.811500E+3	9.854104E-1
2.811750E+3	9.865741E-1
2.812000E+3	9.860756E-1
2.812250E+3	9.853674E-1
2.812500E+3	9.862044E-1
2.812750E+3	9.895452E-1
2.813000E+3	9.942643E-1
2.813250E+3	9.956205E-1
2.813500E+3	9.921624E-1
2.813750E+3	9.877116E-1
2.814000E+3	9.879098E-1
2.814250E+3	9.924340E-1
2.814500E+3	9.930416E-1
2.814750E+3	9.868446E-1
2.815000E+3	9.815699E-1
2.815250E+3	9.866012E-1
2.815500E+3	9.941149E-1
2.815750E+3	9.926488E-1
2.816000E+3	9.837522E-1
2.816250E+3	9.797991E-1
2.816500E+3	9.867262E-1
2.816750E+3	9.930574E-1
2.817000E+3	9.901983E-1
2.817250E+3	9.836520E-1
2.817500E+3	9.832145E-1
2.817750E+3	9.896991E-1
2.818000E+3	9.938991E-1
2.818250E+3	9.920073E-1
2.818500E+3	9.899610E-1
2.818750E+3	9.919591E-1
2.819000E+3	9.931339E-1
2.819250E+3	9.897900E-1
2.819500E+3	9.862491E-1
2.819750E+3	9.862320E-1
2.820000E+3	9.884446E-1
2.820250E+3	9.887532E-1
2.820500E+3	9.878370E-1
2.820750E+3	9.894885E-1
2.821000E+3	9.932485E-1
2.821250E+3	9.942800E-1
2.821500E+3	9.915831E-1
2.821750E+3	9.896865E-1
2.822000E+3	9.910427E-1
2.822250E+3	9.934629E-1
2.822500E+3	9.943029E-1
2.822750E+3	9.934363E-1
2.823000E+3	9.920095E-1
2.823250E+3	9.913774E-1
2.823500E+3	9.930553E-1
2.823750E+3	9.967104E-1
2.824000E+3	9.985292E-1
2.824250E+3	9.957460E-1
2.824500E+3	9.918363E-1
2.824750E+3	9.923286E-1
2.825000E+3	9.952601E-1
2.825250E+3	9.937186E-1
2.825500E+3	9.873021E-1
2.825750E+3	9.830731E-1
2.826000E+3	9.862805E-1
2.826250E+3	9.907217E-1
2.826500E+3	9.900817E-1
2.826750E+3	9.877690E-1
2.827000E+3	9.888131E-1
2.827250E+3	9.906106E-1
2.827500E+3	9.884953E-1
2.827750E+3	9.853851E-1
2.828000E+3	9.876293E-1
2.828250E+3	9.936194E-1
2.828500E+3	9.957859E-1
2.828750E+3	9.933045E-1
2.829000E+3	9.924534E-1
2.829250E+3	9.952186E-1
2.829500E+3	9.967079E-1
2.829750E+3	9.940927E-1
2.830000E+3	9.914061E-1
2.830250E+3	9.926744E-1
2.830500E+3	9.947774E-1
2.830750E+3	9.944512E-1
2.831000E+3	9.934407E-1
2.831250E+3	9.945139E-1
2.831500E+3	9.963849E-1
2.831750E+3	9.966692E-1
2.832000E+3	9.966482E-1
2.832250E+3	9.975380E-1
2.832500E+3	9.964475E-1
2.832750E+3	9.913192E-1
2.833000E+3	9.866116E-1
2.833250E+3	9.881286E-1
2.833500E+3	9.940821E-1
2.833750E+3	9.969339E-1
2.834000E+3	9.949540E-1
2.834250E+3	9.936545E-1
2.834500E+3	9.954083E-1
2.834750E+3	9.954614E-1
2.835000E+3	9.913244E-1
2.835250E+3	9.888213E-1
2.835500E+3	9.913035E-1
2.835750E+3	9.953785E-1
2.836000E+3	9.945029E-1
2.836250E+3	9.905083E-1
2.836500E+3	9.903776E-1
2.836750E+3	9.940919E-1
2.837000E+3	9.960884E-1
2.837250E+3	9.944552E-1
2.837500E+3	9.941999E-1
2.837750E+3	9.971279E-1
2.838000E+3	9.988387E-1
2.838250E+3	9.961975E-1
2.838500E+3	9.934039E-1
2.838750E+3	9.941197E-1
2.839000E+3	9.953707E-1
2.839250E+3	9.937390E-1
2.839500E+3	9.921128E-1
2.839750E+3	9.936759E-1
2.840000E+3	9.960183E-1
2.840250E+3	9.954634E-1
2.840500E+3	9.936354E-1
2.840750E+3	9.945040E-1
2.841000E+3	9.960416E-1
2.841250E+3	9.947433E-1
2.841500E+3	9.925522E-1
2.841750E+3	9.943950E-1
2.842000E+3	9.981134E-1
2.842250E+3	9.973355E-1
2.842500E+3	9.923637E-1
2.842750E+3	9.897951E-1
2.843000E+3	9.927420E-1
2.843250E+3	9.953778E-1
2.843500E+3	9.940640E-1
2.843750E+3	9.918628E-1
2.844000E+3	9.921539E-1
2.844250E+3	9.929037E-1
2.844500E+3	9.921912E-1
2.844750E+3	9.923144E-1
2.845000E+3	9.945028E-1
2.845250E+3	9.952417E-1
2.845500E+3	9.923955E-1
2.845750E+3	9.899387E-1
2.846000E+3	9.919987E-1
2.846250E+3	9.970588E-1
2.846500E+3	9.987470E-1
2.846750E+3	9.949737E-1
2.847000E+3	9.905100E-1
2.847250E+3	9.880764E-1
2.847500E+3	9.879629E-1
2.847750E+3	9.903533E-1
2.848000E+3	9.933720E-1
2.848250E+3	9.938098E-1
2.848500E+3	9.906470E-1
2.848750E+3	9.878027E-1
2.849000E+3	9.902170E-1
2.849250E+3	9.943889E-1
2.849500E+3	9.953692E-1
2.849750E+3	9.927206E-1
2.850000E+3	9.905190E-1
2.850250E+3	9.920351E-1
2.850500E+3	9.948928E-1
2.850750E+3	9.961953E-1
2.851000E+3	9.953451E-1
2.851250E+3	9.934631E-1
2.851500E+3	9.920970E-1
2.851750E+3	9.917910E-1
2.852000E+3	9.915141E-1
2.852250E+3	9.902102E-1
2.852500E+3	9.890644E-1
2.852750E+3	9.908766E-1
2.853000E+3	9.952859E-1
2.853250E+3	9.964700E-1
2.853500E+3	9.906336E-1
2.853750E+3	9.831601E-1
2.854000E+3	9.817427E-1
2.854250E+3	9.862853E-1
2.854500E+3	9.923687E-1
2.854750E+3	9.962571E-1
2.855000E+3	9.964038E-1
2.855250E+3	9.940129E-1
2.855500E+3	9.911963E-1
2.855750E+3	9.898695E-1
2.856000E+3	9.908285E-1
2.856250E+3	9.928365E-1
2.856500E+3	9.943988E-1
2.856750E+3	9.955251E-1
2.857000E+3	9.966737E-1
2.857250E+3	9.968136E-1
2.857500E+3	9.949961E-1
2.857750E+3	9.923430E-1
2.858000E+3	9.920180E-1
2.858250E+3	9.939475E-1
2.858500E+3	9.947830E-1
2.858750E+3	9.939395E-1
2.859000E+3	9.936579E-1
2.859250E+3	9.944851E-1
2.859500E+3	9.939272E-1
2.859750E+3	9.913776E-1
2.860000E+3	9.900302E-1
2.860250E+3	9.922511E-1
2.860500E+3	9.944704E-1
2.860750E+3	9.930632E-1
2.861000E+3	9.899218E-1
2.861250E+3	9.900516E-1
2.861500E+3	9.942561E-1
2.861750E+3	9.978328E-1
2.862000E+3	9.964106E-1
2.862250E+3	9.906342E-1
2.862500E+3	9.857125E-1
2.862750E+3	9.857528E-1
2.863000E+3	9.896430E-1
2.863250E+3	9.928234E-1
2.863500E+3	9.932904E-1
2.863750E+3	9.934029E-1
2.864000E+3	9.954903E-1
2.864250E+3	9.978335E-1
2.864500E+3	9.967216E-1
2.864750E+3	9.930364E-1
2.865000E+3	9.911694E-1
2.865250E+3	9.931150E-1
2.865500E+3	9.965582E-1
2.865750E+3	9.976481E-1
2.866000E+3	9.962444E-1
2.866250E+3	9.944926E-1
2.866500E+3	9.934392E-1
2.866750E+3	9.934379E-1
2.867000E+3	9.941274E-1
2.867250E+3	9.940322E-1
2.867500E+3	9.920209E-1
2.867750E+3	9.895215E-1
2.868000E+3	9.894338E-1
2.868250E+3	9.915387E-1
2.868500E+3	9.927925E-1
2.868750E+3	9.917272E-1
2.869000E+3	9.908502E-1
2.869250E+3	9.917373E-1
2.869500E+3	9.923159E-1
2.869750E+3	9.908879E-1
2.870000E+3	9.898843E-1
2.870250E+3	9.916042E-1
2.870500E+3	9.944830E-1
2.870750E+3	9.959502E-1
2.871000E+3	9.956861E-1
2.871250E+3	9.950112E-1
2.871500E+3	9.936058E-1
2.871750E+3	9.914738E-1
2.872000E+3	9.916008E-1
2.872250E+3	9.950141E-1
2.872500E+3	9.979537E-1
2.872750E+3	9.969918E-1
2.873000E+3	9.942162E-1
2.873250E+3	9.947904E-1
2.873500E+3	9.974010E-1
2.873750E+3	9.966177E-1
2.874000E+3	9.920933E-1
2.874250E+3	9.895200E-1
2.874500E+3	9.914736E-1
2.874750E+3	9.941833E-1
2.875000E+3	9.939022E-1
2.875250E+3	9.923364E-1
2.875500E+3	9.922787E-1
2.875750E+3	9.935256E-1
2.876000E+3	9.945952E-1
2.876250E+3	9.955444E-1
2.876500E+3	9.966078E-1
2.876750E+3	9.967318E-1
2.877000E+3	9.956711E-1
2.877250E+3	9.952945E-1
2.877500E+3	9.961834E-1
2.877750E+3	9.968922E-1
2.878000E+3	9.967324E-1
2.878250E+3	9.969774E-1
2.878500E+3	9.971700E-1
2.878750E+3	9.943185E-1
2.879000E+3	9.885973E-1
2.879250E+3	9.853956E-1
2.879500E+3	9.873691E-1
2.879750E+3	9.925987E-1
2.880000E+3	9.971926E-1
2.880250E+3	9.981589E-1
2.880500E+3	9.968715E-1
2.880750E+3	9.958030E-1
2.881000E+3	9.956320E-1
2.881250E+3	9.962089E-1
2.881500E+3	9.970035E-1
2.881750E+3	9.972904E-1
2.882000E+3	9.969526E-1
2.882250E+3	9.965192E-1
2.882500E+3	9.962580E-1
2.882750E+3	9.960245E-1
2.883000E+3	9.961116E-1
2.883250E+3	9.969442E-1
2.883500E+3	9.978725E-1
2.883750E+3	9.976584E-1
2.884000E+3	9.965807E-1
2.884250E+3	9.962273E-1
2.884500E+3	9.967629E-1
2.884750E+3	9.967438E-1
2.885000E+3	9.959355E-1
2.885250E+3	9.956867E-1
2.885500E+3	9.962889E-1
2.885750E+3	9.967464E-1
2.886000E+3	9.966828E-1
2.886250E+3	9.969958E-1
2.886500E+3	9.976442E-1
2.886750E+3	9.974301E-1
2.887000E+3	9.964600E-1
2.887250E+3	9.963425E-1
2.887500E+3	9.969855E-1
2.887750E+3	9.965289E-1
2.888000E+3	9.947610E-1
2.888250E+3	9.941636E-1
2.888500E+3	9.957968E-1
2.888750E+3	9.980879E-1
2.889000E+3	9.985329E-1
2.889250E+3	9.966872E-1
2.889500E+3	9.946039E-1
2.889750E+3	9.939457E-1
2.890000E+3	9.948078E-1
2.890250E+3	9.953562E-1
2.890500E+3	9.938507E-1
2.890750E+3	9.911273E-1
2.891000E+3	9.903234E-1
2.891250E+3	9.928519E-1
2.891500E+3	9.951697E-1
2.891750E+3	9.937423E-1
2.892000E+3	9.901988E-1
2.892250E+3	9.886818E-1
2.892500E+3	9.897033E-1
2.892750E+3	9.902665E-1
2.893000E+3	9.895775E-1
2.893250E+3	9.898910E-1
2.893500E+3	9.914648E-1
2.893750E+3	9.917007E-1
2.894000E+3	9.890260E-1
2.894250E+3	9.854982E-1
2.894500E+3	9.832621E-1
2.894750E+3	9.820128E-1
2.895000E+3	9.813377E-1
2.895250E+3	9.815444E-1
2.895500E+3	9.819238E-1
2.895750E+3	9.810638E-1
2.896000E+3	9.790879E-1
2.896250E+3	9.774541E-1
2.896500E+3	9.764695E-1
2.896750E+3	9.751299E-1
2.897000E+3	9.732345E-1
2.897250E+3	9.713196E-1
2.897500E+3	9.689991E-1
2.897750E+3	9.658590E-1
2.898000E+3	9.632228E-1
2.898250E+3	9.623466E-1
2.898500E+3	9.617938E-1
2.898750E+3	9.593373E-1
2.899000E+3	9.552072E-1
2.899250E+3	9.513450E-1
2.899500E+3	9.481220E-1
2.899750E+3	9.444542E-1
2.900000E+3	9.403483E-1
2.900250E+3	9.366555E-1
2.900500E+3	9.330541E-1
2.900750E+3	9.284652E-1
2.901000E+3	9.229747E-1
2.901250E+3	9.176551E-1
2.901500E+3	9.129774E-1
2.901750E+3	9.083947E-1
2.902000E+3	9.029681E-1
2.902250E+3	8.961195E-1
2.902500E+3	8.881407E-1
2.902750E+3	8.797740E-1
2.903000E+3	8.711111E-1
2.903250E+3	8.622249E-1
2.903500E+3	8.545801E-1
2.903750E+3	8.486186E-1
2.904000E+3	8.405126E-1
2.904250E+3	8.273985E-1
2.904500E+3	8.138044E-1
2.904750E+3	8.051141E-1
2.905000E+3	7.966992E-1
2.905250E+3	7.801127E-1
2.905500E+3	7.607690E-1
2.905750E+3	7.532519E-1
2.906000E+3	7.553112E-1
2.906250E+3	7.459799E-1
2.906500E+3	7.180567E-1
2.906750E+3	6.903178E-1
2.907000E+3	6.780049E-1
2.907250E+3	6.740334E-1
2.907500E+3	6.647728E-1
2.907750E+3	6.506375E-1
2.908000E+3	6.372372E-1
2.908250E+3	6.214165E-1
2.908500E+3	5.995286E-1
2.908750E+3	5.746974E-1
2.909000E+3	5.511344E-1
2.909250E+3	5.353792E-1
2.909500E+3	5.340539E-1
2.909750E+3	5.376150E-1
2.910000E+3	5.255920E-1
2.910250E+3	4.823826E-1
2.910500E+3	4.320626E-1
2.910750E+3	4.182525E-1
2.911000E+3	4.275727E-1
2.911250E+3	4.274138E-1
2.911500E+3	4.116834E-1
2.911750E+3	4.018932E-1
2.912000E+3	3.985238E-1
2.912250E+3	3.823598E-1
2.912500E+3	3.445364E-1
2.912750E+3	3.089432E-1
2.913000E+3	2.863932E-1
2.913250E+3	2.584739E-1
2.913500E+3	2.263813E-1
2.913750E+3	2.178204E-1
2.914000E+3	2.346147E-1
2.914250E+3	2.406709E-1
2.914500E+3	2.165829E-1
2.914750E+3	1.738274E-1
2.915000E+3	1.385689E-1
2.915250E+3	1.303396E-1
2.915500E+3	1.450033E-1
2.915750E+3	1.632156E-1
2.916000E+3	1.699521E-1
2.916250E+3	1.613698E-1
2.916500E+3	1.532554E-1
2.916750E+3	1.577207E-1
2.917000E+3	1.503879E-1
2.917250E+3	1.128220E-1
2.917500E+3	6.822777E-2
2.917750E+3	5.214422E-2
2.918000E+3	6.329840E-2
2.918250E+3	7.879036E-2
2.918500E+3	8.493198E-2
2.918750E+3	8.811122E-2
2.919000E+3	9.357116E-2
2.919250E+3	9.247478E-2
2.919500E+3	7.415734E-2
2.919750E+3	5.389680E-2
2.920000E+3	4.781732E-2
2.920250E+3	5.186143E-2
2.920500E+3	5.413672E-2
2.920750E+3	4.781100E-2
2.921000E+3	4.068336E-2
2.921250E+3	4.221380E-2
2.921500E+3	5.743970E-2
2.921750E+3	7.054049E-2
2.922000E+3	7.243169E-2
2.922250E+3	7.835535E-2
2.922500E+3	9.384351E-2
2.922750E+3	1.038502E-1
2.923000E+3	9.467812E-2
2.923250E+3	7.858044E-2
2.923500E+3	6.756158E-2
2.923750E+3	5.935827E-2
2.924000E+3	4.625045E-2
2.924250E+3	3.410754E-2
2.924500E+3	3.200045E-2
2.924750E+3	4.292980E-2
2.925000E+3	5.414142E-2
2.925250E+3	5.351487E-2
2.925500E+3	5.376383E-2
2.925750E+3	6.458990E-2
2.926000E+3	6.844197E-2
2.926250E+3	4.890398E-2
2.926500E+3	2.359601E-2
2.926750E+3	1.797732E-2
2.927000E+3	4.527694E-2
2.927250E+3	7.615637E-2
2.927500E+3	7.197529E-2
2.927750E+3	5.095463E-2
2.928000E+3	4.427043E-2
2.928250E+3	5.110847E-2
2.928500E+3	5.149456E-2
2.928750E+3	4.117314E-2
2.929000E+3	2.842518E-2
2.929250E+3	2.313682E-2
2.929500E+3	2.715810E-2
2.929750E+3	2.858597E-2
2.930000E+3	2.365698E-2
2.930250E+3	2.278399E-2
2.930500E+3	3.334051E-2
2.930750E+3	4.665976E-2
2.931000E+3	4.620476E-2
2.931250E+3	2.986897E-2
2.931500E+3	1.940281E-2
2.931750E+3	3.537145E-2
2.932000E+3	5.641463E-2
2.932250E+3	5.243204E-2
2.932500E+3	2.964544E-2
2.932750E+3	1.967347E-2
2.933000E+3	4.064723E-2
2.933250E+3	6.283972E-2
2.933500E+3	5.174571E-2
2.933750E+3	2.483382E-2
2.934000E+3	1.189439E-2
2.934250E+3	2.334181E-2
2.934500E+3	4.732623E-2
2.934750E+3	5.553176E-2
2.935000E+3	4.569123E-2
2.935250E+3	3.647695E-2
2.935500E+3	3.955573E-2
2.935750E+3	5.041358E-2
2.936000E+3	5.155184E-2
2.936250E+3	3.600822E-2
2.936500E+3	1.824169E-2
2.936750E+3	2.454067E-2
2.937000E+3	4.728025E-2
2.937250E+3	5.806041E-2
2.937500E+3	5.523148E-2
2.937750E+3	5.497431E-2
2.938000E+3	5.915627E-2
2.938250E+3	5.550308E-2
2.938500E+3	4.509115E-2
2.938750E+3	4.544039E-2
2.939000E+3	5.261983E-2
2.939250E+3	4.760312E-2
2.939500E+3	2.780359E-2
2.939750E+3	2.191152E-2
2.940000E+3	5.141476E-2
2.940250E+3	6.769125E-2
2.940500E+3	5.369537E-2
2.940750E+3	3.114062E-2
2.941000E+3	3.413272E-2
2.941250E+3	5.043233E-2
2.941500E+3	4.865688E-2
2.941750E+3	3.784955E-2
2.942000E+3	4.227541E-2
2.942250E+3	5.646154E-2
2.942500E+3	5.554307E-2
2.942750E+3	3.654432E-2
2.943000E+3	2.749569E-2
2.943250E+3	4.155439E-2
2.943500E+3	6.123731E-2
2.943750E+3	7.280527E-2
2.944000E+3	7.186714E-2
2.944250E+3	6.362251E-2
2.944500E+3	5.524911E-2
2.944750E+3	5.033043E-2
2.945000E+3	4.922823E-2
2.945250E+3	4.730717E-2
2.945500E+3	4.492629E-2
2.945750E+3	5.070761E-2
2.946000E+3	6.674543E-2
2.946250E+3	7.643171E-2
2.946500E+3	6.840781E-2
2.946750E+3	5.665789E-2
2.947000E+3	5.778623E-2
2.947250E+3	6.666589E-2
2.947500E+3	6.665631E-2
2.947750E+3	5.587929E-2
2.948000E+3	4.693219E-2
2.948250E+3	4.872603E-2
2.948500E+3	5.653931E-2
2.948750E+3	6.328958E-2
2.949000E+3	6.414268E-2
2.949250E+3	5.687246E-2
2.949500E+3	4.802596E-2
2.949750E+3	4.700520E-2
2.950000E+3	5.511071E-2
2.950250E+3	6.232693E-2
2.950500E+3	6.087126E-2
2.950750E+3	5.980097E-2
2.951000E+3	6.679656E-2
2.951250E+3	7.419108E-2
2.951500E+3	7.405195E-2
2.951750E+3	7.224840E-2
2.952000E+3	8.075266E-2
2.952250E+3	9.786768E-2
2.952500E+3	1.067405E-1
2.952750E+3	1.018983E-1
2.953000E+3	9.203592E-2
2.953250E+3	8.624330E-2
2.953500E+3	9.069873E-2
2.953750E+3	1.072662E-1
2.954000E+3	1.300388E-1
2.954250E+3	1.477220E-1
2.954500E+3	1.517916E-1
2.954750E+3	1.436555E-1
2.955000E+3	1.351472E-1
2.955250E+3	1.379175E-1
2.955500E+3	1.497091E-1
2.955750E+3	1.584365E-1
2.956000E+3	1.608241E-1
2.956250E+3	1.668870E-1
2.956500E+3	1.838168E-1
2.956750E+3	2.041656E-1
2.957000E+3	2.170553E-1
2.957250E+3	2.252144E-1
2.957500E+3	2.363148E-1
2.957750E+3	2.454167E-1
2.958000E+3	2.448330E-1
2.958250E+3	2.445611E-1
2.958500E+3	2.632957E-1
2.958750E+3	2.936466E-1
2.959000E+3	3.105672E-1
2.959250E+3	3.081896E-1
2.959500E+3	3.073882E-1
2.959750E+3	3.220324E-1
2.960000E+3	3.405549E-1
2.960250E+3	3.537305E-1
2.960500E+3	3.672272E-1
2.960750E+3	3.808710E-1
2.961000E+3	3.827936E-1
2.961250E+3	3.748773E-1
2.961500E+3	3.822293E-1
2.961750E+3	4.203243E-1
2.962000E+3	4.597087E-1
2.962250E+3	4.724938E-1
2.962500E+3	4.666072E-1
2.962750E+3	4.656285E-1
2.963000E+3	4.780243E-1
2.963250E+3	4.930629E-1
2.963500E+3	5.050948E-1
2.963750E+3	5.162537E-1
2.964000E+3	5.255781E-1
2.964250E+3	5.325373E-1
2.964500E+3	5.429186E-1
2.964750E+3	5.581206E-1
2.965000E+3	5.692005E-1
2.965250E+3	5.723057E-1
2.965500E+3	5.805879E-1
2.965750E+3	6.046143E-1
2.966000E+3	6.303998E-1
2.966250E+3	6.395991E-1
2.966500E+3	6.334655E-1
2.966750E+3	6.280685E-1
2.967000E+3	6.343041E-1
2.967250E+3	6.485036E-1
2.967500E+3	6.652883E-1
2.967750E+3	6.826900E-1
2.968000E+3	6.955464E-1
2.968250E+3	6.994317E-1
2.968500E+3	6.996181E-1
2.968750E+3	7.047485E-1
2.969000E+3	7.148771E-1
2.969250E+3	7.238384E-1
2.969500E+3	7.306113E-1
2.969750E+3	7.388059E-1
2.970000E+3	7.480643E-1
2.970250E+3	7.551558E-1
2.970500E+3	7.617789E-1
2.970750E+3	7.715041E-1
2.971000E+3	7.806707E-1
2.971250E+3	7.821274E-1
2.971500E+3	7.775410E-1
2.971750E+3	7.780998E-1
2.972000E+3	7.888564E-1
2.972250E+3	8.025374E-1
2.972500E+3	8.109235E-1
2.972750E+3	8.142793E-1
2.973000E+3	8.178780E-1
2.973250E+3	8.232834E-1
2.973500E+3	8.280966E-1
2.973750E+3	8.310058E-1
2.974000E+3	8.335239E-1
2.974250E+3	8.375840E-1
2.974500E+3	8.435371E-1
2.974750E+3	8.502354E-1
2.975000E+3	8.556625E-1
2.975250E+3	8.586456E-1
2.975500E+3	8.603492E-1
2.975750E+3	8.626878E-1
2.976000E+3	8.656251E-1
2.976250E+3	8.678658E-1
2.976500E+3	8.699144E-1
2.976750E+3	8.737923E-1
2.977000E+3	8.792921E-1
2.977250E+3	8.831759E-1
2.977500E+3	8.837752E-1
2.977750E+3	8.834906E-1
2.978000E+3	8.852075E-1
2.978250E+3	8.880502E-1
2.978500E+3	8.891388E-1
2.978750E+3	8.886114E-1
2.979000E+3	8.895193E-1
2.979250E+3	8.931975E-1
2.979500E+3	8.972357E-1
2.979750E+3	8.992420E-1
2.980000E+3	8.998306E-1
2.980250E+3	9.006934E-1
2.980500E+3	9.019472E-1
2.980750E+3	9.028007E-1
2.981000E+3	9.035247E-1
2.981250E+3	9.048855E-1
2.981500E+3	9.064813E-1
2.981750E+3	9.073678E-1
2.982000E+3	9.078708E-1
2.982250E+3	9.090722E-1
2.982500E+3	9.108184E-1
2.982750E+3	9.118957E-1
2.983000E+3	9.121801E-1
2.983250E+3	9.129555E-1
2.983500E+3	9.147838E-1
2.983750E+3	9.165516E-1
2.984000E+3	9.173255E-1
2.984250E+3	9.177884E-1
2.984500E+3	9.189680E-1
2.984750E+3	9.205181E-1
2.985000E+3	9.213811E-1
2.985250E+3	9.215632E-1
2.985500E+3	9.220787E-1
2.985750E+3	9.233617E-1
2.986000E+3	9.246753E-1
2.986250E+3	9.253116E-1
2.986500E+3	9.255897E-1
2.986750E+3	9.262370E-1
2.987000E+3	9.273186E-1
2.987250E+3	9.282744E-1
2.987500E+3	9.288095E-1
2.987750E+3	9.292843E-1
2.988000E+3	9.301860E-1
2.988250E+3	9.315360E-1
2.988500E+3	9.329157E-1
2.988750E+3	9.338636E-1
2.989000E+3	9.341651E-1
2.989250E+3	9.339457E-1
2.989500E+3	9.336033E-1
2.989750E+3	9.335270E-1
2.990000E+3	9.338386E-1
2.990250E+3	9.345538E-1
2.990500E+3	9.358597E-1
2.990750E+3	9.378086E-1
2.991000E+3	9.398334E-1
2.991250E+3	9.411378E-1
2.991500E+3	9.416029E-1
2.991750E+3	9.418386E-1
2.992000E+3	9.422328E-1
2.992250E+3	9.425299E-1
2.992500E+3	9.426267E-1
2.992750E+3	9.430215E-1
2.993000E+3	9.439797E-1
2.993250E+3	9.449861E-1
2.993500E+3	9.456738E-1
2.993750E+3	9.465152E-1
2.994000E+3	9.478445E-1
2.994250E+3	9.489673E-1
2.994500E+3	9.492099E-1
2.994750E+3	9.491499E-1
2.995000E+3	9.497996E-1
2.995250E+3	9.509775E-1
2.995500E+3	9.517460E-1
2.995750E+3	9.520735E-1
2.996000E+3	9.527289E-1
2.996250E+3	9.537531E-1
2.996500E+3	9.543578E-1
2.996750E+3	9.544218E-1
2.997000E+3	9.547415E-1
2.997250E+3	9.556287E-1
2.997500E+3	9.565037E-1
2.997750E+3	9.571793E-1
2.998000E+3	9.582757E-1
2.998250E+3	9.598665E-1
2.998500E+3	9.609449E-1
2.998750E+3	9.609591E-1
2.999000E+3	9.609154E-1
2.999250E+3	9.620083E-1
2.999500E+3	9.637726E-1
2.999750E+3	9.647539E-1
3.000000E+3	9.645389E-1
3.000250E+3	9.641941E-1
3.000500E+3	9.647223E-1
3.000750E+3	9.658285E-1
3.001000E+3	9.665650E-1
3.001250E+3	9.667159E-1
3.001500E+3	9.669972E-1
3.001750E+3	9.679527E-1
3.002000E+3	9.691199E-1
3.002250E+3	9.696938E-1
3.002500E+3	9.697659E-1
3.002750E+3	9.701611E-1
3.003000E+3	9.710142E-1
3.003250E+3	9.713926E-1
3.003500E+3	9.708886E-1
3.003750E+3	9.706499E-1
3.004000E+3	9.719643E-1
3.004250E+3	9.742683E-1
3.004500E+3	9.758281E-1
3.004750E+3	9.760575E-1
3.005000E+3	9.758955E-1
3.005250E+3	9.761620E-1
3.005500E+3	9.766365E-1
3.005750E+3	9.770131E-1
3.006000E+3	9.775580E-1
3.006250E+3	9.784034E-1
3.006500E+3	9.791321E-1
3.006750E+3	9.795195E-1
3.007000E+3	9.799000E-1
3.007250E+3	9.804452E-1
3.007500E+3	9.808574E-1
3.007750E+3	9.810778E-1
3.008000E+3	9.815054E-1
3.008250E+3	9.821810E-1
3.008500E+3	9.826569E-1
3.008750E+3	9.829857E-1
3.009000E+3	9.838416E-1
3.009250E+3	9.851483E-1
3.009500E+3	9.857924E-1
3.009750E+3	9.853661E-1
3.010000E+3	9.850901E-1
3.010250E+3	9.859865E-1
3.010500E+3	9.870257E-1
3.010750E+3	9.866719E-1
3.011000E+3	9.854414E-1
3.011250E+3	9.853299E-1
3.011500E+3	9.867420E-1
3.011750E+3	9.880488E-1
3.012000E+3	9.881786E-1
3.012250E+3	9.879643E-1
3.012500E+3	9.883684E-1
3.012750E+3	9.888737E-1
3.013000E+3	9.887295E-1
3.013250E+3	9.885854E-1
3.013500E+3	9.894070E-1
3.013750E+3	9.906645E-1
3.014000E+3	9.909418E-1
3.014250E+3	9.901117E-1
3.014500E+3	9.896868E-1
3.014750E+3	9.904467E-1
3.015000E+3	9.914514E-1
3.015250E+3	9.916661E-1
3.015500E+3	9.915190E-1
3.015750E+3	9.920221E-1
3.016000E+3	9.930295E-1
3.016250E+3	9.934715E-1
3.016500E+3	9.929910E-1
3.016750E+3	9.924305E-1
3.017000E+3	9.926120E-1
3.017250E+3	9.933968E-1
3.017500E+3	9.941229E-1
3.017750E+3	9.943740E-1
3.018000E+3	9.941301E-1
3.018250E+3	9.937038E-1
3.018500E+3	9.936265E-1
3.018750E+3	9.941688E-1
3.019000E+3	9.949226E-1
3.019250E+3	9.952006E-1
3.019500E+3	9.949530E-1
3.019750E+3	9.948045E-1
3.020000E+3	9.951113E-1
3.020250E+3	9.955334E-1
3.020500E+3	9.957030E-1
3.020750E+3	9.957161E-1
3.021000E+3	9.956980E-1
3.021250E+3	9.955299E-1
3.021500E+3	9.953017E-1
3.021750E+3	9.954233E-1
3.022000E+3	9.959558E-1
3.022250E+3	9.963770E-1
3.022500E+3	9.963731E-1
3.022750E+3	9.962917E-1
3.023000E+3	9.963851E-1
3.023250E+3	9.963204E-1
3.023500E+3	9.959388E-1
3.023750E+3	9.957832E-1
3.024000E+3	9.962378E-1
3.024250E+3	9.967774E-1
3.024500E+3	9.967840E-1
3.024750E+3	9.965509E-1
3.025000E+3	9.966252E-1
3.025250E+3	9.967530E-1
3.025500E+3	9.964390E-1
3.025750E+3	9.960493E-1
3.026000E+3	9.963179E-1
3.026250E+3	9.970155E-1
3.026500E+3	9.972566E-1
3.026750E+3	9.969798E-1
3.027000E+3	9.969740E-1
3.027250E+3	9.974202E-1
3.027500E+3	9.975377E-1
3.027750E+3	9.969418E-1
3.028000E+3	9.963618E-1
3.028250E+3	9.965529E-1
3.028500E+3	9.971793E-1
3.028750E+3	9.974163E-1
3.029000E+3	9.970843E-1
3.029250E+3	9.967065E-1
3.029500E+3	9.967573E-1
3.029750E+3	9.971692E-1
3.030000E+3	9.975085E-1
3.030250E+3	9.974701E-1
3.030500E+3	9.972045E-1
3.030750E+3	9.971219E-1
3.031000E+3	9.973140E-1
3.031250E+3	9.974041E-1
3.031500E+3	9.971766E-1
3.031750E+3	9.969950E-1
3.032000E+3	9.971994E-1
3.032250E+3	9.974211E-1
3.032500E+3	9.971172E-1
3.032750E+3	9.965036E-1
3.033000E+3	9.963131E-1
3.033250E+3	9.966940E-1
3.033500E+3	9.970473E-1
3.033750E+3	9.969885E-1
3.034000E+3	9.967776E-1
3.034250E+3	9.967306E-1
3.034500E+3	9.967846E-1
3.034750E+3	9.968253E-1
3.035000E+3	9.969194E-1
3.035250E+3	9.970346E-1
3.035500E+3	9.970001E-1
3.035750E+3	9.969072E-1
3.036000E+3	9.971005E-1
3.036250E+3	9.975454E-1
3.036500E+3	9.976798E-1
3.036750E+3	9.971677E-1
3.037000E+3	9.964798E-1
3.037250E+3	9.963758E-1
3.037500E+3	9.969285E-1
3.037750E+3	9.975343E-1
3.038000E+3	9.976323E-1
3.038250E+3	9.972140E-1
3.038500E+3	9.967022E-1
3.038750E+3	9.964840E-1
3.039000E+3	9.966452E-1
3.039250E+3	9.969816E-1
3.039500E+3	9.972518E-1
3.039750E+3	9.973809E-1
3.040000E+3	9.973909E-1
3.040250E+3	9.972762E-1
3.040500E+3	9.970357E-1
3.040750E+3	9.967627E-1
3.041000E+3	9.966184E-1
3.041250E+3	9.966968E-1
3.041500E+3	9.969508E-1
3.041750E+3	9.972319E-1
3.042000E+3	9.973187E-1
3.042250E+3	9.970961E-1
3.042500E+3	9.968116E-1
3.042750E+3	9.968613E-1
3.043000E+3	9.972557E-1
3.043250E+3	9.974996E-1
3.043500E+3	9.972584E-1
3.043750E+3	9.968927E-1
3.044000E+3	9.969309E-1
3.044250E+3	9.972704E-1
3.044500E+3	9.973844E-1
3.044750E+3	9.972029E-1
3.045000E+3	9.971723E-1
3.045250E+3	9.974659E-1
3.045500E+3	9.976924E-1
3.045750E+3	9.976129E-1
3.046000E+3	9.975464E-1
3.046250E+3	9.977657E-1
3.046500E+3	9.979875E-1
3.046750E+3	9.978707E-1
3.047000E+3	9.976255E-1
3.047250E+3	9.976653E-1
3.047500E+3	9.978726E-1
3.047750E+3	9.978230E-1
3.048000E+3	9.975235E-1
3.048250E+3	9.974222E-1
3.048500E+3	9.976708E-1
3.048750E+3	9.978887E-1
3.049000E+3	9.978386E-1
3.049250E+3	9.977828E-1
3.049500E+3	9.979619E-1
3.049750E+3	9.981287E-1
3.050000E+3	9.979394E-1
3.050250E+3	9.975509E-1
3.050500E+3	9.974609E-1
3.050750E+3	9.978253E-1
3.051000E+3	9.982935E-1
3.051250E+3	9.984483E-1
3.051500E+3	9.982423E-1
3.051750E+3	9.979599E-1
3.052000E+3	9.978735E-1
3.052250E+3	9.980085E-1
3.052500E+3	9.981437E-1
3.052750E+3	9.980877E-1
3.053000E+3	9.979560E-1
3.053250E+3	9.980387E-1
3.053500E+3	9.983671E-1
3.053750E+3	9.986174E-1
3.054000E+3	9.985474E-1
3.054250E+3	9.983250E-1
3.054500E+3	9.982558E-1
3.054750E+3	9.983610E-1
3.055000E+3	9.984600E-1
3.055250E+3	9.984943E-1
3.055500E+3	9.985182E-1
3.055750E+3	9.984931E-1
3.056000E+3	9.983802E-1
3.056250E+3	9.983360E-1
3.056500E+3	9.985105E-1
3.056750E+3	9.987327E-1
3.057000E+3	9.987352E-1
3.057250E+3	9.986163E-1
3.057500E+3	9.987027E-1
3.057750E+3	9.989730E-1
3.058000E+3	9.990428E-1
3.058250E+3	9.988006E-1
3.058500E+3	9.986161E-1
3.058750E+3	9.987498E-1
3.059000E+3	9.989717E-1
3.059250E+3	9.989808E-1
3.059500E+3	9.988738E-1
3.059750E+3	9.988737E-1
3.060000E+3	9.989165E-1
3.060250E+3	9.988243E-1
3.060500E+3	9.986934E-1
3.060750E+3	9.987449E-1
3.061000E+3	9.989231E-1
3.061250E+3	9.989653E-1
3.061500E+3	9.988086E-1
3.061750E+3	9.986738E-1
3.062000E+3	9.987341E-1
3.062250E+3	9.989208E-1
3.062500E+3	9.990692E-1
3.062750E+3	9.991029E-1
3.063000E+3	9.990581E-1
3.063250E+3	9.990393E-1
3.063500E+3	9.991222E-1
3.063750E+3	9.992362E-1
3.064000E+3	9.992264E-1
3.064250E+3	9.990835E-1
3.064500E+3	9.989927E-1
3.064750E+3	9.990619E-1
3.065000E+3	9.991676E-1
3.065250E+3	9.991696E-1
3.065500E+3	9.991287E-1
3.065750E+3	9.991612E-1
3.066000E+3	9.992214E-1
3.066250E+3	9.992088E-1
3.066500E+3	9.991608E-1
3.066750E+3	9.991637E-1
3.067000E+3	9.991853E-1
3.067250E+3	9.991659E-1
3.067500E+3	9.991572E-1
3.067750E+3	9.992110E-1
3.068000E+3	9.992485E-1
3.068250E+3	9.992115E-1
3.068500E+3	9.992026E-1
3.068750E+3	9.992863E-1
3.069000E+3	9.993100E-1
3.069250E+3	9.991497E-1
3.069500E+3	9.989841E-1
3.069750E+3	9.990459E-1
3.070000E+3	9.992414E-1
3.070250E+3	9.992913E-1
3.070500E+3	9.991842E-1
3.070750E+3	9.991534E-1
3.071000E+3	9.992649E-1
3.071250E+3	9.993300E-1
3.071500E+3	9.992489E-1
3.071750E+3	9.991520E-1
3.072000E+3	9.991321E-1
3.072250E+3	9.991261E-1
3.072500E+3	9.990974E-1
3.072750E+3	9.991091E-1
3.073000E+3	9.991643E-1
3.073250E+3	9.991784E-1
3.073500E+3	9.991606E-1
3.073750E+3	9.992126E-1
3.074000E+3	9.993103E-1
3.074250E+3	9.992980E-1
3.074500E+3	9.991523E-1
3.074750E+3	9.990402E-1
3.075000E+3	9.990419E-1
3.075250E+3	9.990361E-1
3.075500E+3	9.989313E-1
3.075750E+3	9.988289E-1
3.076000E+3	9.988510E-1
3.076250E+3	9.989619E-1
3.076500E+3	9.990475E-1
3.076750E+3	9.990647E-1
3.077000E+3	9.990379E-1
3.077250E+3	9.989958E-1
3.077500E+3	9.989618E-1
3.077750E+3	9.989360E-1
3.078000E+3	9.988847E-1
3.078250E+3	9.988182E-1
3.078500E+3	9.988237E-1
3.078750E+3	9.989130E-1
3.079000E+3	9.989384E-1
3.079250E+3	9.988064E-1
3.079500E+3	9.986871E-1
3.079750E+3	9.987763E-1
3.080000E+3	9.989487E-1
3.080250E+3	9.989198E-1
3.080500E+3	9.987173E-1
3.080750E+3	9.986468E-1
3.081000E+3	9.987811E-1
3.081250E+3	9.988479E-1
3.081500E+3	9.987049E-1
3.081750E+3	9.985908E-1
3.082000E+3	9.987072E-1
3.082250E+3	9.988889E-1
3.082500E+3	9.988957E-1
3.082750E+3	9.987979E-1
3.083000E+3	9.988025E-1
3.083250E+3	9.988846E-1
3.083500E+3	9.988663E-1
3.083750E+3	9.987522E-1
3.084000E+3	9.987208E-1
3.084250E+3	9.988326E-1
3.084500E+3	9.989596E-1
3.084750E+3	9.989912E-1
3.085000E+3	9.989400E-1
3.085250E+3	9.988495E-1
3.085500E+3	9.987426E-1
3.085750E+3	9.986612E-1
3.086000E+3	9.986515E-1
3.086250E+3	9.987048E-1
3.086500E+3	9.987735E-1
3.086750E+3	9.988321E-1
3.087000E+3	9.988701E-1
3.087250E+3	9.988616E-1
3.087500E+3	9.988056E-1
3.087750E+3	9.987644E-1
3.088000E+3	9.987980E-1
3.088250E+3	9.988835E-1
3.088500E+3	9.989415E-1
3.088750E+3	9.989293E-1
3.089000E+3	9.988707E-1
3.089250E+3	9.988130E-1
3.089500E+3	9.987782E-1
3.089750E+3	9.987455E-1
3.090000E+3	9.986871E-1
3.090250E+3	9.986361E-1
3.090500E+3	9.986746E-1
3.090750E+3	9.988088E-1
3.091000E+3	9.989108E-1
3.091250E+3	9.988721E-1
3.091500E+3	9.987722E-1
3.091750E+3	9.987729E-1
3.092000E+3	9.988740E-1
3.092250E+3	9.989125E-1
3.092500E+3	9.988141E-1
3.092750E+3	9.987004E-1
3.093000E+3	9.986979E-1
3.093250E+3	9.987745E-1
3.093500E+3	9.988169E-1
3.093750E+3	9.987881E-1
3.094000E+3	9.987448E-1
3.094250E+3	9.987510E-1
3.094500E+3	9.988154E-1
3.094750E+3	9.988736E-1
3.095000E+3	9.988319E-1
3.095250E+3	9.986821E-1
3.095500E+3	9.985565E-1
3.095750E+3	9.985801E-1
3.096000E+3	9.986978E-1
3.096250E+3	9.987597E-1
3.096500E+3	9.987432E-1
3.096750E+3	9.987650E-1
3.097000E+3	9.988649E-1
3.097250E+3	9.989308E-1
3.097500E+3	9.988749E-1
3.097750E+3	9.987581E-1
3.098000E+3	9.986811E-1
3.098250E+3	9.986607E-1
3.098500E+3	9.986697E-1
3.098750E+3	9.986943E-1
3.099000E+3	9.987056E-1
3.099250E+3	9.986683E-1
3.099500E+3	9.986130E-1
3.099750E+3	9.986089E-1
3.100000E+3	9.986439E-1
3.100250E+3	9.986413E-1
3.100500E+3	9.986098E-1
3.100750E+3	9.986424E-1
3.101000E+3	9.987329E-1
3.101250E+3	9.987486E-1
3.101500E+3	9.986448E-1
3.101750E+3	9.985582E-1
3.102000E+3	9.985955E-1
3.102250E+3	9.986771E-1
3.102500E+3	9.986907E-1
3.102750E+3	9.986664E-1
3.103000E+3	9.986755E-1
3.103250E+3	9.986750E-1
3.103500E+3	9.986052E-1
3.103750E+3	9.985405E-1
3.104000E+3	9.985832E-1
3.104250E+3	9.986768E-1
3.104500E+3	9.986885E-1
3.104750E+3	9.986281E-1
3.105000E+3	9.986211E-1
3.105250E+3	9.986925E-1
3.105500E+3	9.987362E-1
3.105750E+3	9.987025E-1
3.106000E+3	9.986605E-1
3.106250E+3	9.986498E-1
3.106500E+3	9.986169E-1
3.106750E+3	9.985394E-1
3.107000E+3	9.984927E-1
3.107250E+3	9.985315E-1
3.107500E+3	9.986006E-1
3.107750E+3	9.986242E-1
3.108000E+3	9.986061E-1
3.108250E+3	9.985876E-1
3.108500E+3	9.985668E-1
3.108750E+3	9.985237E-1
3.109000E+3	9.984765E-1
3.109250E+3	9.984579E-1
3.109500E+3	9.984687E-1
3.109750E+3	9.984983E-1
3.110000E+3	9.985513E-1
3.110250E+3	9.986092E-1
3.110500E+3	9.986108E-1
3.110750E+3	9.985296E-1
3.111000E+3	9.984353E-1
3.111250E+3	9.984122E-1
3.111500E+3	9.984398E-1
3.111750E+3	9.984299E-1
3.112000E+3	9.983700E-1
3.112250E+3	9.983457E-1
3.112500E+3	9.984018E-1
3.112750E+3	9.984681E-1
3.113000E+3	9.984688E-1
3.113250E+3	9.984309E-1
3.113500E+3	9.984218E-1
3.113750E+3	9.984321E-1
3.114000E+3	9.984019E-1
3.114250E+3	9.983339E-1
3.114500E+3	9.982967E-1
3.114750E+3	9.983170E-1
3.115000E+3	9.983486E-1
3.115250E+3	9.983570E-1
3.115500E+3	9.983636E-1
3.115750E+3	9.983833E-1
3.116000E+3	9.983856E-1
3.116250E+3	9.983495E-1
3.116500E+3	9.983070E-1
3.116750E+3	9.982962E-1
3.117000E+3	9.983162E-1
3.117250E+3	9.983527E-1
3.117500E+3	9.984002E-1
3.117750E+3	9.984313E-1
3.118000E+3	9.984022E-1
3.118250E+3	9.983267E-1
3.118500E+3	9.982902E-1
3.118750E+3	9.983411E-1
3.119000E+3	9.984169E-1
3.119250E+3	9.984335E-1
3.119500E+3	9.984023E-1
3.119750E+3	9.983938E-1
3.120000E+3	9.984220E-1
3.120250E+3	9.984385E-1
3.120500E+3	9.984222E-1
3.120750E+3	9.984031E-1
3.121000E+3	9.984026E-1
3.121250E+3	9.984112E-1
3.121500E+3	9.984234E-1
3.121750E+3	9.984426E-1
3.122000E+3	9.984555E-1
3.122250E+3	9.984472E-1
3.122500E+3	9.984385E-1
3.122750E+3	9.984597E-1
3.123000E+3	9.984975E-1
3.123250E+3	9.985151E-1
3.123500E+3	9.985151E-1
3.123750E+3	9.985310E-1
3.124000E+3	9.985609E-1
3.124250E+3	9.985687E-1
3.124500E+3	9.985534E-1
3.124750E+3	9.985554E-1
3.125000E+3	9.985853E-1
3.125250E+3	9.986046E-1
3.125500E+3	9.985958E-1
3.125750E+3	9.985961E-1
3.126000E+3	9.986337E-1
3.126250E+3	9.986787E-1
3.126500E+3	9.986926E-1
3.126750E+3	9.986877E-1
3.127000E+3	9.986979E-1
3.127250E+3	9.987224E-1
3.127500E+3	9.987362E-1
3.127750E+3	9.987390E-1
3.128000E+3	9.987527E-1
3.128250E+3	9.987797E-1
3.128500E+3	9.988003E-1
3.128750E+3	9.988093E-1
3.129000E+3	9.988239E-1
3.129250E+3	9.988506E-1
3.129500E+3	9.988726E-1
3.129750E+3	9.988791E-1
3.130000E+3	9.988843E-1
3.130250E+3	9.989032E-1
3.130500E+3	9.989262E-1
3.130750E+3	9.989367E-1
3.131000E+3	9.989404E-1
3.131250E+3	9.989545E-1
3.131500E+3	9.989745E-1
3.131750E+3	9.989778E-1
3.132000E+3	9.989622E-1
3.132250E+3	9.989541E-1
3.132500E+3	9.989686E-1
3.132750E+3	9.989836E-1
3.133000E+3	9.989733E-1
3.133250E+3	9.989484E-1
3.133500E+3	9.989391E-1
3.133750E+3	9.989487E-1
3.134000E+3	9.989523E-1
3.134250E+3	9.989386E-1
3.134500E+3	9.989250E-1
3.134750E+3	9.989248E-1
3.135000E+3	9.989264E-1
3.135250E+3	9.989169E-1
3.135500E+3	9.989054E-1
3.135750E+3	9.989090E-1
3.136000E+3	9.989276E-1
3.136250E+3	9.989469E-1
3.136500E+3	9.989570E-1
3.136750E+3	9.989601E-1
3.137000E+3	9.989639E-1
3.137250E+3	9.989705E-1
3.137500E+3	9.989722E-1
3.137750E+3	9.989619E-1
3.138000E+3	9.989502E-1
3.138250E+3	9.989588E-1
3.138500E+3	9.989874E-1
3.138750E+3	9.990055E-1
3.139000E+3	9.989946E-1
3.139250E+3	9.989781E-1
3.139500E+3	9.989857E-1
3.139750E+3	9.990059E-1
3.140000E+3	9.990085E-1
3.140250E+3	9.989989E-1
3.140500E+3	9.990067E-1
3.140750E+3	9.990280E-1
3.141000E+3	9.990279E-1
3.141250E+3	9.990042E-1
3.141500E+3	9.989988E-1
3.141750E+3	9.990304E-1
3.142000E+3	9.990590E-1
3.142250E+3	9.990460E-1
3.142500E+3	9.990117E-1
3.142750E+3	9.990023E-1
3.143000E+3	9.990238E-1
3.143250E+3	9.990400E-1
3.143500E+3	9.990248E-1
3.143750E+3	9.989897E-1
3.144000E+3	9.989677E-1
3.144250E+3	9.989830E-1
3.144500E+3	9.990298E-1
3.144750E+3	9.990715E-1
3.145000E+3	9.990731E-1
3.145250E+3	9.990404E-1
3.145500E+3	9.990115E-1
3.145750E+3	9.990054E-1
3.146000E+3	9.990049E-1
3.146250E+3	9.989953E-1
3.146500E+3	9.989882E-1
3.146750E+3	9.989904E-1
3.147000E+3	9.989832E-1
3.147250E+3	9.989597E-1
3.147500E+3	9.989530E-1
3.147750E+3	9.989903E-1
3.148000E+3	9.990412E-1
3.148250E+3	9.990517E-1
3.148500E+3	9.990186E-1
3.148750E+3	9.989859E-1
3.149000E+3	9.989749E-1
3.149250E+3	9.989628E-1
3.149500E+3	9.989356E-1
3.149750E+3	9.989163E-1
3.150000E+3	9.989225E-1
3.150250E+3	9.989330E-1
3.150500E+3	9.989246E-1
3.150750E+3	9.989126E-1
3.151000E+3	9.989263E-1
3.151250E+3	9.989591E-1
3.151500E+3	9.989748E-1
3.151750E+3	9.989522E-1
3.152000E+3	9.988998E-1
3.152250E+3	9.988384E-1
3.152500E+3	9.987932E-1
3.152750E+3	9.987906E-1
3.153000E+3	9.988289E-1
3.153250E+3	9.988653E-1
3.153500E+3	9.988653E-1
3.153750E+3	9.988541E-1
3.154000E+3	9.988767E-1
3.154250E+3	9.989145E-1
3.154500E+3	9.989038E-1
3.154750E+3	9.988424E-1
3.155000E+3	9.988068E-1
3.155250E+3	9.988337E-1
3.155500E+3	9.988635E-1
3.155750E+3	9.988446E-1
3.156000E+3	9.988228E-1
3.156250E+3	9.988522E-1
3.156500E+3	9.988812E-1
3.156750E+3	9.988267E-1
3.157000E+3	9.987255E-1
3.157250E+3	9.986972E-1
3.157500E+3	9.987629E-1
3.157750E+3	9.988183E-1
3.158000E+3	9.987992E-1
3.158250E+3	9.987697E-1
3.158500E+3	9.988014E-1
3.158750E+3	9.988604E-1
3.159000E+3	9.988779E-1
3.159250E+3	9.988607E-1
3.159500E+3	9.988567E-1
3.159750E+3	9.988592E-1
3.160000E+3	9.988208E-1
3.160250E+3	9.987400E-1
3.160500E+3	9.986707E-1
3.160750E+3	9.986501E-1
3.161000E+3	9.986577E-1
3.161250E+3	9.986498E-1
3.161500E+3	9.986186E-1
3.161750E+3	9.986133E-1
3.162000E+3	9.986884E-1
3.162250E+3	9.988123E-1
3.162500E+3	9.988672E-1
3.162750E+3	9.987916E-1
3.163000E+3	9.986834E-1
3.163250E+3	9.986797E-1
3.163500E+3	9.987567E-1
3.163750E+3	9.987677E-1
3.164000E+3	9.986825E-1
3.164250E+3	9.986422E-1
3.164500E+3	9.987233E-1
3.164750E+3	9.988018E-1
3.165000E+3	9.987566E-1
3.165250E+3	9.986776E-1
3.165500E+3	9.987188E-1
3.165750E+3	9.988321E-1
3.166000E+3	9.988362E-1
3.166250E+3	9.987069E-1
3.166500E+3	9.986124E-1
3.166750E+3	9.986526E-1
3.167000E+3	9.987309E-1
3.167250E+3	9.987361E-1
3.167500E+3	9.987089E-1
3.167750E+3	9.987436E-1
3.168000E+3	9.988292E-1
3.168250E+3	9.988783E-1
3.168500E+3	9.988479E-1
3.168750E+3	9.987653E-1
3.169000E+3	9.986853E-1
3.169250E+3	9.986677E-1
3.169500E+3	9.987414E-1
3.169750E+3	9.988450E-1
3.170000E+3	9.988668E-1
3.170250E+3	9.987967E-1
3.170500E+3	9.987597E-1
3.170750E+3	9.988313E-1
3.171000E+3	9.989071E-1
3.171250E+3	9.988651E-1
3.171500E+3	9.987804E-1
3.171750E+3	9.988134E-1
3.172000E+3	9.989363E-1
3.172250E+3	9.989543E-1
3.172500E+3	9.988237E-1
3.172750E+3	9.987431E-1
3.173000E+3	9.988413E-1
3.173250E+3	9.989822E-1
3.173500E+3	9.990060E-1
3.173750E+3	9.989908E-1
3.174000E+3	9.990771E-1
3.174250E+3	9.991762E-1
3.174500E+3	9.991126E-1
3.174750E+3	9.989663E-1
3.175000E+3	9.989731E-1
3.175250E+3	9.991099E-1
3.175500E+3	9.991057E-1
3.175750E+3	9.989152E-1
3.176000E+3	9.988322E-1
3.176250E+3	9.990092E-1
3.176500E+3	9.991853E-1
3.176750E+3	9.991124E-1
3.177000E+3	9.989628E-1
3.177250E+3	9.990341E-1
3.177500E+3	9.992610E-1
3.177750E+3	9.993483E-1
3.178000E+3	9.992653E-1
3.178250E+3	9.992257E-1
3.178500E+3	9.992759E-1
3.178750E+3	9.992488E-1
3.179000E+3	9.991178E-1
3.179250E+3	9.990746E-1
3.179500E+3	9.992001E-1
3.179750E+3	9.993380E-1
3.180000E+3	9.993600E-1
3.180250E+3	9.993224E-1
3.180500E+3	9.992964E-1
3.180750E+3	9.992615E-1
3.181000E+3	9.992280E-1
3.181250E+3	9.992607E-1
3.181500E+3	9.993315E-1
3.181750E+3	9.993342E-1
3.182000E+3	9.992892E-1
3.182250E+3	9.993164E-1
3.182500E+3	9.993927E-1
3.182750E+3	9.993739E-1
3.183000E+3	9.992864E-1
3.183250E+3	9.993178E-1
3.183500E+3	9.994651E-1
3.183750E+3	9.994901E-1
3.184000E+3	9.993228E-1
3.184250E+3	9.992014E-1
3.184500E+3	9.992697E-1
3.184750E+3	9.993487E-1
3.185000E+3	9.992747E-1
3.185250E+3	9.991909E-1
3.185500E+3	9.992635E-1
3.185750E+3	9.993755E-1
3.186000E+3	9.993492E-1
3.186250E+3	9.992704E-1
3.186500E+3	9.993045E-1
3.186750E+3	9.993857E-1
3.187000E+3	9.993653E-1
3.187250E+3	9.993113E-1
3.187500E+3	9.993709E-1
3.187750E+3	9.994653E-1
3.188000E+3	9.994156E-1
3.188250E+3	9.992789E-1
3.188500E+3	9.992681E-1
3.188750E+3	9.993838E-1
3.189000E+3	9.994232E-1
3.189250E+3	9.993211E-1
3.189500E+3	9.992254E-1
3.189750E+3	9.992324E-1
3.190000E+3	9.992790E-1
3.190250E+3	9.993098E-1
3.190500E+3	9.993388E-1
3.190750E+3	9.993403E-1
3.191000E+3	9.992702E-1
3.191250E+3	9.991925E-1
3.191500E+3	9.992095E-1
3.191750E+3	9.992761E-1
3.192000E+3	9.992554E-1
3.192250E+3	9.991494E-1
3.192500E+3	9.990934E-1
3.192750E+3	9.991378E-1
3.193000E+3	9.992048E-1
3.193250E+3	9.992437E-1
3.193500E+3	9.992558E-1
3.193750E+3	9.991922E-1
3.194000E+3	9.990147E-1
3.194250E+3	9.988415E-1
3.194500E+3	9.988395E-1
3.194750E+3	9.989785E-1
3.195000E+3	9.990705E-1
3.195250E+3	9.990586E-1
3.195500E+3	9.990625E-1
3.195750E+3	9.991361E-1
3.196000E+3	9.991804E-1
3.196250E+3	9.991331E-1
3.196500E+3	9.990560E-1
3.196750E+3	9.989969E-1
3.197000E+3	9.989319E-1
3.197250E+3	9.988687E-1
3.197500E+3	9.988435E-1
3.197750E+3	9.988079E-1
3.198000E+3	9.986933E-1
3.198250E+3	9.985954E-1
3.198500E+3	9.986850E-1
3.198750E+3	9.989028E-1
3.199000E+3	9.989789E-1
3.199250E+3	9.988248E-1
3.199500E+3	9.986730E-1
3.199750E+3	9.987242E-1
3.200000E+3	9.988516E-1
3.200250E+3	9.988277E-1
3.200500E+3	9.986964E-1
3.200750E+3	9.986866E-1
3.201000E+3	9.988315E-1
3.201250E+3	9.988975E-1
3.201500E+3	9.987151E-1
3.201750E+3	9.984241E-1
3.202000E+3	9.983100E-1
3.202250E+3	9.984707E-1
3.202500E+3	9.987146E-1
3.202750E+3	9.987928E-1
3.203000E+3	9.986724E-1
3.203250E+3	9.985163E-1
3.203500E+3	9.984517E-1
3.203750E+3	9.984480E-1
3.204000E+3	9.984358E-1
3.204250E+3	9.984257E-1
3.204500E+3	9.984389E-1
3.204750E+3	9.984329E-1
3.205000E+3	9.983951E-1
3.205250E+3	9.984138E-1
3.205500E+3	9.985328E-1
3.205750E+3	9.986291E-1
3.206000E+3	9.985527E-1
3.206250E+3	9.983350E-1
3.206500E+3	9.981420E-1
3.206750E+3	9.980731E-1
3.207000E+3	9.981162E-1
3.207250E+3	9.982190E-1
3.207500E+3	9.982858E-1
3.207750E+3	9.982141E-1
3.208000E+3	9.980670E-1
3.208250E+3	9.980660E-1
3.208500E+3	9.982623E-1
3.208750E+3	9.983625E-1
3.209000E+3	9.981348E-1
3.209250E+3	9.978314E-1
3.209500E+3	9.978757E-1
3.209750E+3	9.982237E-1
3.210000E+3	9.984129E-1
3.210250E+3	9.982519E-1
3.210500E+3	9.980345E-1
3.210750E+3	9.980252E-1
3.211000E+3	9.980886E-1
3.211250E+3	9.980375E-1
3.211500E+3	9.979849E-1
3.211750E+3	9.980937E-1
3.212000E+3	9.982207E-1
3.212250E+3	9.981407E-1
3.212500E+3	9.979458E-1
3.212750E+3	9.979215E-1
3.213000E+3	9.981151E-1
3.213250E+3	9.982727E-1
3.213500E+3	9.982183E-1
3.213750E+3	9.980537E-1
3.214000E+3	9.979856E-1
3.214250E+3	9.980847E-1
3.214500E+3	9.982552E-1
3.214750E+3	9.983296E-1
3.215000E+3	9.981881E-1
3.215250E+3	9.979126E-1
3.215500E+3	9.977667E-1
3.215750E+3	9.979098E-1
3.216000E+3	9.981618E-1
3.216250E+3	9.982065E-1
3.216500E+3	9.980337E-1
3.216750E+3	9.979609E-1
3.217000E+3	9.981667E-1
3.217250E+3	9.984080E-1
3.217500E+3	9.983885E-1
3.217750E+3	9.982145E-1
3.218000E+3	9.982307E-1
3.218250E+3	9.984807E-1
3.218500E+3	9.986077E-1
3.218750E+3	9.983846E-1
3.219000E+3	9.980781E-1
3.219250E+3	9.980896E-1
3.219500E+3	9.983831E-1
3.219750E+3	9.985433E-1
3.220000E+3	9.983851E-1
3.220250E+3	9.981915E-1
3.220500E+3	9.982678E-1
3.220750E+3	9.984874E-1
3.221000E+3	9.984975E-1
3.221250E+3	9.982557E-1
3.221500E+3	9.980835E-1
3.221750E+3	9.982032E-1
3.222000E+3	9.984353E-1
3.222250E+3	9.985023E-1
3.222500E+3	9.984266E-1
3.222750E+3	9.984293E-1
3.223000E+3	9.985430E-1
3.223250E+3	9.985614E-1
3.223500E+3	9.983998E-1
3.223750E+3	9.982895E-1
3.224000E+3	9.984612E-1
3.224250E+3	9.987914E-1
3.224500E+3	9.989428E-1
3.224750E+3	9.987985E-1
3.225000E+3	9.985975E-1
3.225250E+3	9.985777E-1
3.225500E+3	9.987184E-1
3.225750E+3	9.988438E-1
3.226000E+3	9.988341E-1
3.226250E+3	9.986951E-1
3.226500E+3	9.985122E-1
3.226750E+3	9.984411E-1
3.227000E+3	9.985802E-1
3.227250E+3	9.987748E-1
3.227500E+3	9.987500E-1
3.227750E+3	9.984891E-1
3.228000E+3	9.983384E-1
3.228250E+3	9.985481E-1
3.228500E+3	9.989015E-1
3.228750E+3	9.990050E-1
3.229000E+3	9.988351E-1
3.229250E+3	9.987518E-1
3.229500E+3	9.989397E-1
3.229750E+3	9.991731E-1
3.230000E+3	9.991504E-1
3.230250E+3	9.988929E-1
3.230500E+3	9.986723E-1
3.230750E+3	9.986845E-1
3.231000E+3	9.988964E-1
3.231250E+3	9.991266E-1
3.231500E+3	9.992199E-1
3.231750E+3	9.991447E-1
3.232000E+3	9.989959E-1
3.232250E+3	9.988858E-1
3.232500E+3	9.988518E-1
3.232750E+3	9.989134E-1
3.233000E+3	9.990847E-1
3.233250E+3	9.992610E-1
3.233500E+3	9.992618E-1
3.233750E+3	9.990974E-1
3.234000E+3	9.990218E-1
3.234250E+3	9.991446E-1
3.234500E+3	9.992073E-1
3.234750E+3	9.989825E-1
3.235000E+3	9.987045E-1
3.235250E+3	9.987543E-1
3.235500E+3	9.990614E-1
3.235750E+3	9.992558E-1
3.236000E+3	9.992612E-1
3.236250E+3	9.993114E-1
3.236500E+3	9.994126E-1
3.236750E+3	9.993151E-1
3.237000E+3	9.990699E-1
3.237250E+3	9.990393E-1
3.237500E+3	9.992241E-1
3.237750E+3	9.991808E-1
3.238000E+3	9.988132E-1
3.238250E+3	9.986606E-1
3.238500E+3	9.990250E-1
3.238750E+3	9.993740E-1
3.239000E+3	9.991609E-1
3.239250E+3	9.987253E-1
3.239500E+3	9.987092E-1
3.239750E+3	9.990705E-1
3.240000E+3	9.992118E-1
3.240250E+3	9.990119E-1
3.240500E+3	9.989105E-1
3.240750E+3	9.990623E-1
3.241000E+3	9.991386E-1
3.241250E+3	9.989935E-1
3.241500E+3	9.989104E-1
3.241750E+3	9.990365E-1
3.242000E+3	9.991397E-1
3.242250E+3	9.990837E-1
3.242500E+3	9.990592E-1
3.242750E+3	9.991485E-1
3.243000E+3	9.991389E-1
3.243250E+3	9.989591E-1
3.243500E+3	9.988806E-1
3.243750E+3	9.990433E-1
3.244000E+3	9.991897E-1
3.244250E+3	9.990682E-1
3.244500E+3	9.988286E-1
3.244750E+3	9.987234E-1
3.245000E+3	9.987609E-1
3.245250E+3	9.988359E-1
3.245500E+3	9.989327E-1
3.245750E+3	9.990041E-1
3.246000E+3	9.989109E-1
3.246250E+3	9.987061E-1
3.246500E+3	9.986762E-1
3.246750E+3	9.988623E-1
3.247000E+3	9.988893E-1
3.247250E+3	9.985199E-1
3.247500E+3	9.981229E-1
3.247750E+3	9.981692E-1
3.248000E+3	9.985339E-1
3.248250E+3	9.986913E-1
3.248500E+3	9.985106E-1
3.248750E+3	9.983849E-1
3.249000E+3	9.985574E-1
3.249250E+3	9.987828E-1
3.249500E+3	9.987484E-1
3.249750E+3	9.985588E-1
3.250000E+3	9.985252E-1
3.250250E+3	9.986721E-1
3.250500E+3	9.986909E-1
3.250750E+3	9.983966E-1
3.251000E+3	9.980556E-1
3.251250E+3	9.981086E-1
3.251500E+3	9.985711E-1
3.251750E+3	9.989388E-1
3.252000E+3	9.988090E-1
3.252250E+3	9.983843E-1
3.252500E+3	9.981879E-1
3.252750E+3	9.982995E-1
3.253000E+3	9.983164E-1
3.253250E+3	9.980770E-1
3.253500E+3	9.979503E-1
3.253750E+3	9.981933E-1
3.254000E+3	9.984459E-1
3.254250E+3	9.982990E-1
3.254500E+3	9.979635E-1
3.254750E+3	9.979772E-1
3.255000E+3	9.983386E-1
3.255250E+3	9.985071E-1
3.255500E+3	9.982509E-1
3.255750E+3	9.979670E-1
3.256000E+3	9.979995E-1
3.256250E+3	9.981004E-1
3.256500E+3	9.978784E-1
3.256750E+3	9.974850E-1
3.257000E+3	9.974738E-1
3.257250E+3	9.979992E-1
3.257500E+3	9.986097E-1
3.257750E+3	9.987735E-1
3.258000E+3	9.984558E-1
3.258250E+3	9.980362E-1
3.258500E+3	9.977873E-1
3.258750E+3	9.977558E-1
3.259000E+3	9.979347E-1
3.259250E+3	9.982743E-1
3.259500E+3	9.985584E-1
3.259750E+3	9.984951E-1
3.260000E+3	9.980861E-1
3.260250E+3	9.977399E-1
3.260500E+3	9.977898E-1
3.260750E+3	9.980724E-1
3.261000E+3	9.981422E-1
3.261250E+3	9.979076E-1
3.261500E+3	9.977291E-1
3.261750E+3	9.978640E-1
3.262000E+3	9.981776E-1
3.262250E+3	9.983947E-1
3.262500E+3	9.984062E-1
3.262750E+3	9.982346E-1
3.263000E+3	9.979501E-1
3.263250E+3	9.977539E-1
3.263500E+3	9.978900E-1
3.263750E+3	9.983133E-1
3.264000E+3	9.985639E-1
3.264250E+3	9.982993E-1
3.264500E+3	9.978585E-1
3.264750E+3	9.977750E-1
3.265000E+3	9.980431E-1
3.265250E+3	9.982071E-1
3.265500E+3	9.980124E-1
3.265750E+3	9.977341E-1
3.266000E+3	9.976930E-1
3.266250E+3	9.977688E-1
3.266500E+3	9.977467E-1
3.266750E+3	9.977496E-1
3.267000E+3	9.980381E-1
3.267250E+3	9.984775E-1
3.267500E+3	9.985943E-1
3.267750E+3	9.982364E-1
3.268000E+3	9.978158E-1
3.268250E+3	9.978382E-1
3.268500E+3	9.982799E-1
3.268750E+3	9.986582E-1
3.269000E+3	9.986292E-1
3.269250E+3	9.983075E-1
3.269500E+3	9.980549E-1
3.269750E+3	9.980328E-1
3.270000E+3	9.981076E-1
3.270250E+3	9.981312E-1
3.270500E+3	9.981009E-1
3.270750E+3	9.980656E-1
3.271000E+3	9.980190E-1
3.271250E+3	9.979625E-1
3.271500E+3	9.979862E-1
3.271750E+3	9.981763E-1
3.272000E+3	9.984539E-1
3.272250E+3	9.986210E-1
3.272500E+3	9.985780E-1
3.272750E+3	9.984097E-1
3.273000E+3	9.982953E-1
3.273250E+3	9.983526E-1
3.273500E+3	9.985529E-1
3.273750E+3	9.987433E-1
3.274000E+3	9.987603E-1
3.274250E+3	9.986181E-1
3.274500E+3	9.985274E-1
3.274750E+3	9.986247E-1
3.275000E+3	9.987471E-1
3.275250E+3	9.986515E-1
3.275500E+3	9.984271E-1
3.275750E+3	9.984155E-1
3.276000E+3	9.986762E-1
3.276250E+3	9.988061E-1
3.276500E+3	9.985372E-1
3.276750E+3	9.981970E-1
3.277000E+3	9.982518E-1
3.277250E+3	9.986136E-1
3.277500E+3	9.987869E-1
3.277750E+3	9.986217E-1
3.278000E+3	9.984860E-1
3.278250E+3	9.986328E-1
3.278500E+3	9.988503E-1
3.278750E+3	9.988982E-1
3.279000E+3	9.988750E-1
3.279250E+3	9.989232E-1
3.279500E+3	9.989077E-1
3.279750E+3	9.986887E-1
3.280000E+3	9.984697E-1
3.280250E+3	9.985208E-1
3.280500E+3	9.987464E-1
3.280750E+3	9.988412E-1
3.281000E+3	9.987458E-1
3.281250E+3	9.987050E-1
3.281500E+3	9.988510E-1
3.281750E+3	9.990454E-1
3.282000E+3	9.991108E-1
3.282250E+3	9.990442E-1
3.282500E+3	9.989826E-1
3.282750E+3	9.990186E-1
3.283000E+3	9.990985E-1
3.283250E+3	9.990727E-1
3.283500E+3	9.989040E-1
3.283750E+3	9.987771E-1
3.284000E+3	9.988782E-1
3.284250E+3	9.990914E-1
3.284500E+3	9.991464E-1
3.284750E+3	9.990759E-1
3.285000E+3	9.991639E-1
3.285250E+3	9.994008E-1
3.285500E+3	9.993997E-1
3.285750E+3	9.990697E-1
3.286000E+3	9.988590E-1
3.286250E+3	9.990108E-1
3.286500E+3	9.991155E-1
3.286750E+3	9.988286E-1
3.287000E+3	9.985323E-1
3.287250E+3	9.987344E-1
3.287500E+3	9.991441E-1
3.287750E+3	9.991351E-1
3.288000E+3	9.988042E-1
3.288250E+3	9.987708E-1
3.288500E+3	9.991036E-1
3.288750E+3	9.992586E-1
3.289000E+3	9.990830E-1
3.289250E+3	9.990282E-1
3.289500E+3	9.992502E-1
3.289750E+3	9.993162E-1
3.290000E+3	9.990347E-1
3.290250E+3	9.988096E-1
3.290500E+3	9.988773E-1
3.290750E+3	9.989059E-1
3.291000E+3	9.987166E-1
3.291250E+3	9.986740E-1
3.291500E+3	9.989794E-1
3.291750E+3	9.992085E-1
3.292000E+3	9.990493E-1
3.292250E+3	9.988897E-1
3.292500E+3	9.991207E-1
3.292750E+3	9.994169E-1
3.293000E+3	9.993261E-1
3.293250E+3	9.990356E-1
3.293500E+3	9.989501E-1
3.293750E+3	9.989428E-1
3.294000E+3	9.986953E-1
3.294250E+3	9.984399E-1
3.294500E+3	9.985792E-1
3.294750E+3	9.988821E-1
3.295000E+3	9.988052E-1
3.295250E+3	9.984600E-1
3.295500E+3	9.984765E-1
3.295750E+3	9.989179E-1
3.296000E+3	9.991352E-1
3.296250E+3	9.988533E-1
3.296500E+3	9.985516E-1
3.296750E+3	9.986569E-1
3.297000E+3	9.989245E-1
3.297250E+3	9.989124E-1
3.297500E+3	9.986552E-1
3.297750E+3	9.984721E-1
3.298000E+3	9.984725E-1
3.298250E+3	9.985340E-1
3.298500E+3	9.986015E-1
3.298750E+3	9.987134E-1
3.299000E+3	9.988072E-1
3.299250E+3	9.987176E-1
3.299500E+3	9.983942E-1
3.299750E+3	9.980331E-1
3.300000E+3	9.979302E-1
3.300250E+3	9.981745E-1
3.300500E+3	9.985120E-1
3.300750E+3	9.986281E-1
3.301000E+3	9.985552E-1
3.301250E+3	9.985604E-1
3.301500E+3	9.986403E-1
3.301750E+3	9.985075E-1
3.302000E+3	9.981844E-1
3.302250E+3	9.981412E-1
3.302500E+3	9.985489E-1
3.302750E+3	9.989082E-1
3.303000E+3	9.987901E-1
3.303250E+3	9.984583E-1
3.303500E+3	9.983727E-1
3.303750E+3	9.984453E-1
3.304000E+3	9.983111E-1
3.304250E+3	9.980833E-1
3.304500E+3	9.981549E-1
3.304750E+3	9.984731E-1
3.305000E+3	9.985829E-1
3.305250E+3	9.983763E-1
3.305500E+3	9.981711E-1
3.305750E+3	9.981176E-1
3.306000E+3	9.980667E-1
3.306250E+3	9.979727E-1
3.306500E+3	9.979679E-1
3.306750E+3	9.980605E-1
3.307000E+3	9.981560E-1
3.307250E+3	9.982958E-1
3.307500E+3	9.984793E-1
3.307750E+3	9.984294E-1
3.308000E+3	9.980380E-1
3.308250E+3	9.977680E-1
3.308500E+3	9.980221E-1
3.308750E+3	9.984333E-1
3.309000E+3	9.983449E-1
3.309250E+3	9.979134E-1
3.309500E+3	9.978203E-1
3.309750E+3	9.980635E-1
3.310000E+3	9.980030E-1
3.310250E+3	9.976035E-1
3.310500E+3	9.976035E-1
3.310750E+3	9.981987E-1
3.311000E+3	9.986222E-1
3.311250E+3	9.984027E-1
3.311500E+3	9.981016E-1
3.311750E+3	9.982481E-1
3.312000E+3	9.984347E-1
3.312250E+3	9.981303E-1
3.312500E+3	9.976729E-1
3.312750E+3	9.976730E-1
3.313000E+3	9.980250E-1
3.313250E+3	9.981973E-1
3.313500E+3	9.981342E-1
3.313750E+3	9.981067E-1
3.314000E+3	9.980732E-1
3.314250E+3	9.978746E-1
3.314500E+3	9.977674E-1
3.314750E+3	9.980586E-1
3.315000E+3	9.984694E-1
3.315250E+3	9.984720E-1
3.315500E+3	9.981656E-1
3.315750E+3	9.980624E-1
3.316000E+3	9.982338E-1
3.316250E+3	9.983190E-1
3.316500E+3	9.982495E-1
3.316750E+3	9.983301E-1
3.317000E+3	9.985644E-1
3.317250E+3	9.985722E-1
3.317500E+3	9.982586E-1
3.317750E+3	9.980197E-1
3.318000E+3	9.981175E-1
3.318250E+3	9.983435E-1
3.318500E+3	9.984673E-1
3.318750E+3	9.985194E-1
3.319000E+3	9.985240E-1
3.319250E+3	9.984026E-1
3.319500E+3	9.982631E-1
3.319750E+3	9.983431E-1
3.320000E+3	9.985326E-1
3.320250E+3	9.984091E-1
3.320500E+3	9.979741E-1
3.320750E+3	9.978049E-1
3.321000E+3	9.981724E-1
3.321250E+3	9.985212E-1
3.321500E+3	9.982887E-1
3.321750E+3	9.978019E-1
3.322000E+3	9.978085E-1
3.322250E+3	9.983644E-1
3.322500E+3	9.988289E-1
3.322750E+3	9.988193E-1
3.323000E+3	9.985810E-1
3.323250E+3	9.984427E-1
3.323500E+3	9.983689E-1
3.323750E+3	9.982607E-1
3.324000E+3	9.982772E-1
3.324250E+3	9.985617E-1
3.324500E+3	9.989122E-1
3.324750E+3	9.990100E-1
3.325000E+3	9.988153E-1
3.325250E+3	9.985682E-1
3.325500E+3	9.984880E-1
3.325750E+3	9.985932E-1
3.326000E+3	9.987581E-1
3.326250E+3	9.988501E-1
3.326500E+3	9.988543E-1
3.326750E+3	9.988880E-1
3.327000E+3	9.990157E-1
3.327250E+3	9.991027E-1
3.327500E+3	9.990088E-1
3.327750E+3	9.988837E-1
3.328000E+3	9.990103E-1
3.328250E+3	9.993209E-1
3.328500E+3	9.994185E-1
3.328750E+3	9.991267E-1
3.329000E+3	9.987830E-1
3.329250E+3	9.987743E-1
3.329500E+3	9.990175E-1
3.329750E+3	9.992028E-1
3.330000E+3	9.992347E-1
3.330250E+3	9.991931E-1
3.330500E+3	9.990700E-1
3.330750E+3	9.988564E-1
3.331000E+3	9.987401E-1
3.331250E+3	9.988635E-1
3.331500E+3	9.990285E-1
3.331750E+3	9.989929E-1
3.332000E+3	9.988686E-1
3.332250E+3	9.989315E-1
3.332500E+3	9.991394E-1
3.332750E+3	9.992343E-1
3.333000E+3	9.991940E-1
3.333250E+3	9.992186E-1
3.333500E+3	9.992911E-1
3.333750E+3	9.991995E-1
3.334000E+3	9.989893E-1
3.334250E+3	9.989395E-1
3.334500E+3	9.990328E-1
3.334750E+3	9.989544E-1
3.335000E+3	9.986975E-1
3.335250E+3	9.986916E-1
3.335500E+3	9.990926E-1
3.335750E+3	9.994251E-1
3.336000E+3	9.992828E-1
3.336250E+3	9.989348E-1
3.336500E+3	9.989066E-1
3.336750E+3	9.992317E-1
3.337000E+3	9.995086E-1
3.337250E+3	9.994890E-1
3.337500E+3	9.992841E-1
3.337750E+3	9.990940E-1
3.338000E+3	9.989986E-1
3.338250E+3	9.989705E-1
3.338500E+3	9.989274E-1
3.338750E+3	9.988423E-1
3.339000E+3	9.988573E-1
3.339250E+3	9.991031E-1
3.339500E+3	9.993931E-1
3.339750E+3	9.993712E-1
3.340000E+3	9.990382E-1
3.340250E+3	9.987997E-1
3.340500E+3	9.988380E-1
3.340750E+3	9.989156E-1
3.341000E+3	9.989003E-1
3.341250E+3	9.989707E-1
3.341500E+3	9.990848E-1
3.341750E+3	9.988512E-1
3.342000E+3	9.982789E-1
3.342250E+3	9.980941E-1
3.342500E+3	9.986861E-1
3.342750E+3	9.993586E-1
3.343000E+3	9.992954E-1
3.343250E+3	9.987689E-1
3.343500E+3	9.986729E-1
3.343750E+3	9.991006E-1
3.344000E+3	9.993391E-1
3.344250E+3	9.990835E-1
3.344500E+3	9.988015E-1
3.344750E+3	9.988162E-1
3.345000E+3	9.988803E-1
3.345250E+3	9.988079E-1
3.345500E+3	9.987916E-1
3.345750E+3	9.988979E-1
3.346000E+3	9.988829E-1
3.346250E+3	9.987100E-1
3.346500E+3	9.986768E-1
3.346750E+3	9.988385E-1
3.347000E+3	9.988884E-1
3.347250E+3	9.987560E-1
3.347500E+3	9.987493E-1
3.347750E+3	9.989095E-1
3.348000E+3	9.988666E-1
3.348250E+3	9.985510E-1
3.348500E+3	9.984451E-1
3.348750E+3	9.987423E-1
3.349000E+3	9.989630E-1
3.349250E+3	9.987491E-1
3.349500E+3	9.984492E-1
3.349750E+3	9.985213E-1
3.350000E+3	9.987768E-1
3.350250E+3	9.987790E-1
3.350500E+3	9.985781E-1
3.350750E+3	9.985052E-1
3.351000E+3	9.985731E-1
3.351250E+3	9.985666E-1
3.351500E+3	9.984533E-1
3.351750E+3	9.983098E-1
3.352000E+3	9.980955E-1
3.352250E+3	9.978747E-1
3.352500E+3	9.979549E-1
3.352750E+3	9.983804E-1
3.353000E+3	9.986519E-1
3.353250E+3	9.984070E-1
3.353500E+3	9.979699E-1
3.353750E+3	9.978441E-1
3.354000E+3	9.979270E-1
3.354250E+3	9.978021E-1
3.354500E+3	9.975682E-1
3.354750E+3	9.976874E-1
3.355000E+3	9.981447E-1
3.355250E+3	9.984079E-1
3.355500E+3	9.982737E-1
3.355750E+3	9.980894E-1
3.356000E+3	9.980949E-1
3.356250E+3	9.980804E-1
3.356500E+3	9.978331E-1
3.356750E+3	9.975245E-1
3.357000E+3	9.974362E-1
3.357250E+3	9.975548E-1
3.357500E+3	9.976524E-1
3.357750E+3	9.975907E-1
3.358000E+3	9.974718E-1
3.358250E+3	9.975564E-1
3.358500E+3	9.979425E-1
3.358750E+3	9.983188E-1
3.359000E+3	9.982499E-1
3.359250E+3	9.978067E-1
3.359500E+3	9.975550E-1
3.359750E+3	9.977425E-1
3.360000E+3	9.979262E-1
3.360250E+3	9.977344E-1
3.360500E+3	9.975068E-1
3.360750E+3	9.976573E-1
3.361000E+3	9.978819E-1
3.361250E+3	9.976307E-1
3.361500E+3	9.971054E-1
3.361750E+3	9.969305E-1
3.362000E+3	9.970901E-1
3.362250E+3	9.970661E-1
3.362500E+3	9.968564E-1
3.362750E+3	9.970226E-1
3.363000E+3	9.975992E-1
3.363250E+3	9.979325E-1
3.363500E+3	9.976891E-1
3.363750E+3	9.972977E-1
3.364000E+3	9.972405E-1
3.364250E+3	9.973974E-1
3.364500E+3	9.975083E-1
3.364750E+3	9.975667E-1
3.365000E+3	9.975125E-1
3.365250E+3	9.971624E-1
3.365500E+3	9.966405E-1
3.365750E+3	9.963449E-1
3.366000E+3	9.963637E-1
3.366250E+3	9.964001E-1
3.366500E+3	9.964537E-1
3.366750E+3	9.968132E-1
3.367000E+3	9.972224E-1
3.367250E+3	9.970055E-1
3.367500E+3	9.963052E-1
3.367750E+3	9.960936E-1
3.368000E+3	9.965764E-1
3.368250E+3	9.966045E-1
3.368500E+3	9.955584E-1
3.368750E+3	9.945129E-1
3.369000E+3	9.946919E-1
3.369250E+3	9.956205E-1
3.369500E+3	9.960862E-1
3.369750E+3	9.960917E-1
3.370000E+3	9.962976E-1
3.370250E+3	9.963714E-1
3.370500E+3	9.955727E-1
3.370750E+3	9.944313E-1
3.371000E+3	9.942660E-1
3.371250E+3	9.950802E-1
3.371500E+3	9.954874E-1
3.371750E+3	9.950974E-1
3.372000E+3	9.949034E-1
3.372250E+3	9.952917E-1
3.372500E+3	9.953237E-1
3.372750E+3	9.946346E-1
3.373000E+3	9.941632E-1
3.373250E+3	9.943682E-1
3.373500E+3	9.942433E-1
3.373750E+3	9.931814E-1
3.374000E+3	9.922712E-1
3.374250E+3	9.925291E-1
3.374500E+3	9.932518E-1
3.374750E+3	9.932877E-1
3.375000E+3	9.928761E-1
3.375250E+3	9.929102E-1
3.375500E+3	9.932520E-1
3.375750E+3	9.932113E-1
3.376000E+3	9.928687E-1
3.376250E+3	9.926397E-1
3.376500E+3	9.923011E-1
3.376750E+3	9.916600E-1
3.377000E+3	9.914667E-1
3.377250E+3	9.922166E-1
3.377500E+3	9.929554E-1
3.377750E+3	9.926188E-1
3.378000E+3	9.917139E-1
3.378250E+3	9.914029E-1
3.378500E+3	9.914777E-1
3.378750E+3	9.909047E-1
3.379000E+3	9.899130E-1
3.379250E+3	9.895976E-1
3.379500E+3	9.898898E-1
3.379750E+3	9.897662E-1
3.380000E+3	9.891174E-1
3.380250E+3	9.887222E-1
3.380500E+3	9.886690E-1
3.380750E+3	9.885450E-1
3.381000E+3	9.886620E-1
3.381250E+3	9.892363E-1
3.381500E+3	9.890275E-1
3.381750E+3	9.869188E-1
3.382000E+3	9.843913E-1
3.382250E+3	9.841249E-1
3.382500E+3	9.856667E-1
3.382750E+3	9.859463E-1
3.383000E+3	9.839653E-1
3.383250E+3	9.821994E-1
3.383500E+3	9.824404E-1
3.383750E+3	9.834855E-1
3.384000E+3	9.838945E-1
3.384250E+3	9.840019E-1
3.384500E+3	9.841519E-1
3.384750E+3	9.833496E-1
3.385000E+3	9.812628E-1
3.385250E+3	9.795049E-1
3.385500E+3	9.791931E-1
3.385750E+3	9.792594E-1
3.386000E+3	9.782579E-1
3.386250E+3	9.762528E-1
3.386500E+3	9.739639E-1
3.386750E+3	9.714293E-1
3.387000E+3	9.685113E-1
3.387250E+3	9.654059E-1
3.387500E+3	9.620595E-1
3.387750E+3	9.581359E-1
3.388000E+3	9.537165E-1
3.388250E+3	9.491500E-1
3.388500E+3	9.443532E-1
3.388750E+3	9.390620E-1
3.389000E+3	9.335926E-1
3.389250E+3	9.287558E-1
3.389500E+3	9.249711E-1
3.389750E+3	9.217440E-1
3.390000E+3	9.184178E-1
3.390250E+3	9.153923E-1
3.390500E+3	9.138550E-1
3.390750E+3	9.140571E-1
3.391000E+3	9.148075E-1
3.391250E+3	9.151149E-1
3.391500E+3	9.152858E-1
3.391750E+3	9.160477E-1
3.392000E+3	9.175897E-1
3.392250E+3	9.198105E-1
3.392500E+3	9.226258E-1
3.392750E+3	9.256985E-1
3.393000E+3	9.285581E-1
3.393250E+3	9.311732E-1
3.393500E+3	9.338847E-1
3.393750E+3	9.367574E-1
3.394000E+3	9.394603E-1
3.394250E+3	9.418007E-1
3.394500E+3	9.440032E-1
3.394750E+3	9.463747E-1
3.395000E+3	9.488701E-1
3.395250E+3	9.511076E-1
3.395500E+3	9.528403E-1
3.395750E+3	9.543002E-1
3.396000E+3	9.558813E-1
3.396250E+3	9.575592E-1
3.396500E+3	9.589982E-1
3.396750E+3	9.602108E-1
3.397000E+3	9.615774E-1
3.397250E+3	9.631623E-1
3.397500E+3	9.645979E-1
3.397750E+3	9.657912E-1
3.398000E+3	9.670480E-1
3.398250E+3	9.683512E-1
3.398500E+3	9.693059E-1
3.398750E+3	9.700093E-1
3.399000E+3	9.711108E-1
3.399250E+3	9.726924E-1
3.399500E+3	9.739983E-1
3.399750E+3	9.746478E-1
3.400000E+3	9.752568E-1
3.400250E+3	9.763818E-1
3.400500E+3	9.776584E-1
3.400750E+3	9.785725E-1
3.401000E+3	9.792841E-1
3.401250E+3	9.800139E-1
3.401500E+3	9.804373E-1
3.401750E+3	9.804831E-1
3.402000E+3	9.808930E-1
3.402250E+3	9.821271E-1
3.402500E+3	9.834200E-1
3.402750E+3	9.837573E-1
3.403000E+3	9.833494E-1
3.403250E+3	9.832290E-1
3.403500E+3	9.837230E-1
3.403750E+3	9.843549E-1
3.404000E+3	9.849083E-1
3.404250E+3	9.856119E-1
3.404500E+3	9.863885E-1
3.404750E+3	9.868177E-1
3.405000E+3	9.868783E-1
3.405250E+3	9.870515E-1
3.405500E+3	9.876454E-1
3.405750E+3	9.885074E-1
3.406000E+3	9.892926E-1
3.406250E+3	9.896601E-1
3.406500E+3	9.894682E-1
3.406750E+3	9.891081E-1
3.407000E+3	9.893553E-1
3.407250E+3	9.903766E-1
3.407500E+3	9.912341E-1
3.407750E+3	9.911390E-1
3.408000E+3	9.906204E-1
3.408250E+3	9.906674E-1
3.408500E+3	9.911587E-1
3.408750E+3	9.912641E-1
3.409000E+3	9.910456E-1
3.409250E+3	9.913921E-1
3.409500E+3	9.923377E-1
3.409750E+3	9.929022E-1
3.410000E+3	9.927720E-1
3.410250E+3	9.928041E-1
3.410500E+3	9.934687E-1
3.410750E+3	9.939130E-1
3.411000E+3	9.934246E-1
3.411250E+3	9.927502E-1
3.411500E+3	9.929717E-1
3.411750E+3	9.938028E-1
3.412000E+3	9.941767E-1
3.412250E+3	9.939173E-1
3.412500E+3	9.938121E-1
3.412750E+3	9.941874E-1
3.413000E+3	9.945234E-1
3.413250E+3	9.944932E-1
3.413500E+3	9.944256E-1
3.413750E+3	9.945488E-1
3.414000E+3	9.946047E-1
3.414250E+3	9.944845E-1
3.414500E+3	9.945399E-1
3.414750E+3	9.949150E-1
3.415000E+3	9.952055E-1
3.415250E+3	9.951558E-1
3.415500E+3	9.951667E-1
3.415750E+3	9.956281E-1
3.416000E+3	9.961827E-1
3.416250E+3	9.962800E-1
3.416500E+3	9.960564E-1
3.416750E+3	9.960745E-1
3.417000E+3	9.963164E-1
3.417250E+3	9.961779E-1
3.417500E+3	9.955417E-1
3.417750E+3	9.950747E-1
3.418000E+3	9.952848E-1
3.418250E+3	9.958674E-1
3.418500E+3	9.962595E-1
3.418750E+3	9.963918E-1
3.419000E+3	9.964639E-1
3.419250E+3	9.964108E-1
3.419500E+3	9.961449E-1
3.419750E+3	9.959690E-1
3.420000E+3	9.961427E-1
3.420250E+3	9.962747E-1
3.420500E+3	9.958324E-1
3.420750E+3	9.951520E-1
3.421000E+3	9.951560E-1
3.421250E+3	9.959581E-1
3.421500E+3	9.965329E-1
3.421750E+3	9.961209E-1
3.422000E+3	9.953166E-1
3.422250E+3	9.951789E-1
3.422500E+3	9.956830E-1
3.422750E+3	9.959218E-1
3.423000E+3	9.955169E-1
3.423250E+3	9.950474E-1
3.423500E+3	9.950522E-1
3.423750E+3	9.953228E-1
3.424000E+3	9.955298E-1
3.424250E+3	9.958299E-1
3.424500E+3	9.963424E-1
3.424750E+3	9.965356E-1
3.425000E+3	9.958303E-1
3.425250E+3	9.946226E-1
3.425500E+3	9.940074E-1
3.425750E+3	9.943513E-1
3.426000E+3	9.949033E-1
3.426250E+3	9.950048E-1
3.426500E+3	9.949283E-1
3.426750E+3	9.950939E-1
3.427000E+3	9.952295E-1
3.427250E+3	9.949799E-1
3.427500E+3	9.947852E-1
3.427750E+3	9.951953E-1
3.428000E+3	9.957120E-1
3.428250E+3	9.954321E-1
3.428500E+3	9.946061E-1
3.428750E+3	9.944258E-1
3.429000E+3	9.950535E-1
3.429250E+3	9.952713E-1
3.429500E+3	9.945206E-1
3.429750E+3	9.938865E-1
3.430000E+3	9.943172E-1
3.430250E+3	9.950498E-1
3.430500E+3	9.949123E-1
3.430750E+3	9.942579E-1
3.431000E+3	9.942221E-1
3.431250E+3	9.947088E-1
3.431500E+3	9.946353E-1
3.431750E+3	9.938682E-1
3.432000E+3	9.934553E-1
3.432250E+3	9.938392E-1
3.432500E+3	9.941673E-1
3.432750E+3	9.938342E-1
3.433000E+3	9.934222E-1
3.433250E+3	9.936414E-1
3.433500E+3	9.942497E-1
3.433750E+3	9.945817E-1
3.434000E+3	9.945098E-1
3.434250E+3	9.942739E-1
3.434500E+3	9.939663E-1
3.434750E+3	9.936490E-1
3.435000E+3	9.935152E-1
3.435250E+3	9.935814E-1
3.435500E+3	9.936197E-1
3.435750E+3	9.936043E-1
3.436000E+3	9.937444E-1
3.436250E+3	9.939263E-1
3.436500E+3	9.937272E-1
3.436750E+3	9.932202E-1
3.437000E+3	9.930987E-1
3.437250E+3	9.935870E-1
3.437500E+3	9.939373E-1
3.437750E+3	9.935447E-1
3.438000E+3	9.929618E-1
3.438250E+3	9.931073E-1
3.438500E+3	9.938510E-1
3.438750E+3	9.941634E-1
3.439000E+3	9.935299E-1
3.439250E+3	9.926236E-1
3.439500E+3	9.923829E-1
3.439750E+3	9.929145E-1
3.440000E+3	9.935561E-1
3.440250E+3	9.937084E-1
3.440500E+3	9.934881E-1
3.440750E+3	9.935173E-1
3.441000E+3	9.940336E-1
3.441250E+3	9.944583E-1
3.441500E+3	9.941389E-1
3.441750E+3	9.932743E-1
3.442000E+3	9.926958E-1
3.442250E+3	9.927929E-1
3.442500E+3	9.931549E-1
3.442750E+3	9.934053E-1
3.443000E+3	9.936957E-1
3.443250E+3	9.940961E-1
3.443500E+3	9.941827E-1
3.443750E+3	9.937263E-1
3.444000E+3	9.932888E-1
3.444250E+3	9.935393E-1
3.444500E+3	9.942006E-1
3.444750E+3	9.943841E-1
3.445000E+3	9.938855E-1
3.445250E+3	9.934783E-1
3.445500E+3	9.938165E-1
3.445750E+3	9.945101E-1
3.446000E+3	9.946726E-1
3.446250E+3	9.941322E-1
3.446500E+3	9.936892E-1
3.446750E+3	9.940153E-1
3.447000E+3	9.946691E-1
3.447250E+3	9.947242E-1
3.447500E+3	9.941736E-1
3.447750E+3	9.940222E-1
3.448000E+3	9.946792E-1
3.448250E+3	9.951777E-1
3.448500E+3	9.946343E-1
3.448750E+3	9.937039E-1
3.449000E+3	9.936704E-1
3.449250E+3	9.943965E-1
3.449500E+3	9.946324E-1
3.449750E+3	9.941617E-1
3.450000E+3	9.941159E-1
3.450250E+3	9.949245E-1
3.450500E+3	9.955348E-1
3.450750E+3	9.952149E-1
3.451000E+3	9.948033E-1
3.451250E+3	9.951845E-1
3.451500E+3	9.956836E-1
3.451750E+3	9.953371E-1
3.452000E+3	9.946553E-1
3.452250E+3	9.948527E-1
3.452500E+3	9.957771E-1
3.452750E+3	9.961987E-1
3.453000E+3	9.957516E-1
3.453250E+3	9.952711E-1
3.453500E+3	9.952934E-1
3.453750E+3	9.955104E-1
3.454000E+3	9.957275E-1
3.454250E+3	9.961354E-1
3.454500E+3	9.965370E-1
3.454750E+3	9.964030E-1
3.455000E+3	9.958609E-1
3.455250E+3	9.957170E-1
3.455500E+3	9.961903E-1
3.455750E+3	9.965941E-1
3.456000E+3	9.965355E-1
3.456250E+3	9.964602E-1
3.456500E+3	9.967001E-1
3.456750E+3	9.968773E-1
3.457000E+3	9.967177E-1
3.457250E+3	9.966091E-1
3.457500E+3	9.968378E-1
3.457750E+3	9.970299E-1
3.458000E+3	9.968963E-1
3.458250E+3	9.968712E-1
3.458500E+3	9.973278E-1
3.458750E+3	9.977776E-1
3.459000E+3	9.975236E-1
3.459250E+3	9.967882E-1
3.459500E+3	9.964994E-1
3.459750E+3	9.969550E-1
3.460000E+3	9.976178E-1
3.460250E+3	9.979577E-1
3.460500E+3	9.979638E-1
3.460750E+3	9.978542E-1
3.461000E+3	9.976665E-1
3.461250E+3	9.973887E-1
3.461500E+3	9.972046E-1
3.461750E+3	9.973515E-1
3.462000E+3	9.977767E-1
3.462250E+3	9.981045E-1
3.462500E+3	9.980376E-1
3.462750E+3	9.977297E-1
3.463000E+3	9.976219E-1
3.463250E+3	9.978589E-1
3.463500E+3	9.980603E-1
3.463750E+3	9.979055E-1
3.464000E+3	9.976534E-1
3.464250E+3	9.977633E-1
3.464500E+3	9.981593E-1
3.464750E+3	9.983454E-1
3.465000E+3	9.981581E-1
3.465250E+3	9.979267E-1
3.465500E+3	9.979205E-1
3.465750E+3	9.980118E-1
3.466000E+3	9.980277E-1
3.466250E+3	9.980267E-1
3.466500E+3	9.981040E-1
3.466750E+3	9.982334E-1
3.467000E+3	9.983890E-1
3.467250E+3	9.985431E-1
3.467500E+3	9.985112E-1
3.467750E+3	9.981311E-1
3.468000E+3	9.976428E-1
3.468250E+3	9.974802E-1
3.468500E+3	9.976896E-1
3.468750E+3	9.979288E-1
3.469000E+3	9.979743E-1
3.469250E+3	9.979230E-1
3.469500E+3	9.978482E-1
3.469750E+3	9.976946E-1
3.470000E+3	9.975916E-1
3.470250E+3	9.977938E-1
3.470500E+3	9.981745E-1
3.470750E+3	9.982725E-1
3.471000E+3	9.979715E-1
3.471250E+3	9.977118E-1
3.471500E+3	9.977644E-1
3.471750E+3	9.977788E-1
3.472000E+3	9.974270E-1
3.472250E+3	9.970241E-1
3.472500E+3	9.970580E-1
3.472750E+3	9.973723E-1
3.473000E+3	9.973653E-1
3.473250E+3	9.969284E-1
3.473500E+3	9.966127E-1
3.473750E+3	9.967711E-1
3.474000E+3	9.970664E-1
3.474250E+3	9.969782E-1
3.474500E+3	9.965680E-1
3.474750E+3	9.963438E-1
3.475000E+3	9.965235E-1
3.475250E+3	9.967621E-1
3.475500E+3	9.966472E-1
3.475750E+3	9.962681E-1
3.476000E+3	9.960459E-1
3.476250E+3	9.961479E-1
3.476500E+3	9.963000E-1
3.476750E+3	9.962276E-1
3.477000E+3	9.960234E-1
3.477250E+3	9.959613E-1
3.477500E+3	9.960559E-1
3.477750E+3	9.959751E-1
3.478000E+3	9.954566E-1
3.478250E+3	9.947406E-1
3.478500E+3	9.944227E-1
3.478750E+3	9.947756E-1
3.479000E+3	9.953565E-1
3.479250E+3	9.954610E-1
3.479500E+3	9.950619E-1
3.479750E+3	9.948089E-1
3.480000E+3	9.950158E-1
3.480250E+3	9.951779E-1
3.480500E+3	9.948209E-1
3.480750E+3	9.943628E-1
3.481000E+3	9.944312E-1
3.481250E+3	9.947629E-1
3.481500E+3	9.945767E-1
3.481750E+3	9.939246E-1
3.482000E+3	9.936639E-1
3.482250E+3	9.940863E-1
3.482500E+3	9.943852E-1
3.482750E+3	9.939559E-1
3.483000E+3	9.932315E-1
3.483250E+3	9.928907E-1
3.483500E+3	9.929033E-1
3.483750E+3	9.928406E-1
3.484000E+3	9.927284E-1
3.484250E+3	9.928888E-1
3.484500E+3	9.932721E-1
3.484750E+3	9.934929E-1
3.485000E+3	9.933919E-1
3.485250E+3	9.931545E-1
3.485500E+3	9.930270E-1
3.485750E+3	9.931051E-1
3.486000E+3	9.932500E-1
3.486250E+3	9.931049E-1
3.486500E+3	9.925037E-1
3.486750E+3	9.918705E-1
3.487000E+3	9.917307E-1
3.487250E+3	9.919354E-1
3.487500E+3	9.918404E-1
3.487750E+3	9.914200E-1
3.488000E+3	9.913712E-1
3.488250E+3	9.919280E-1
3.488500E+3	9.923703E-1
3.488750E+3	9.921029E-1
3.489000E+3	9.915674E-1
3.489250E+3	9.913746E-1
3.489500E+3	9.914229E-1
3.489750E+3	9.914231E-1
3.490000E+3	9.915631E-1
3.490250E+3	9.919590E-1
3.490500E+3	9.921276E-1
3.490750E+3	9.918161E-1
3.491000E+3	9.917076E-1
3.491250E+3	9.923387E-1
3.491500E+3	9.930013E-1
3.491750E+3	9.927111E-1
3.492000E+3	9.918325E-1
3.492250E+3	9.915186E-1
3.492500E+3	9.918186E-1
3.492750E+3	9.916661E-1
3.493000E+3	9.907276E-1
3.493250E+3	9.900152E-1
3.493500E+3	9.903576E-1
3.493750E+3	9.913867E-1
3.494000E+3	9.922638E-1
3.494250E+3	9.926180E-1
3.494500E+3	9.925086E-1
3.494750E+3	9.920455E-1
3.495000E+3	9.914498E-1
3.495250E+3	9.910487E-1
3.495500E+3	9.909147E-1
3.495750E+3	9.909041E-1
3.496000E+3	9.911098E-1
3.496250E+3	9.916949E-1
3.496500E+3	9.922899E-1
3.496750E+3	9.922856E-1
3.497000E+3	9.917828E-1
3.497250E+3	9.914978E-1
3.497500E+3	9.916758E-1
3.497750E+3	9.918468E-1
3.498000E+3	9.918182E-1
3.498250E+3	9.920164E-1
3.498500E+3	9.925341E-1
3.498750E+3	9.927438E-1
3.499000E+3	9.923075E-1
3.499250E+3	9.918436E-1
3.499500E+3	9.919591E-1
3.499750E+3	9.923109E-1
3.500000E+3	9.922956E-1
3.500250E+3	9.920694E-1
3.500500E+3	9.921959E-1
3.500750E+3	9.926558E-1
3.501000E+3	9.929869E-1
3.501250E+3	9.930523E-1
3.501500E+3	9.930863E-1
3.501750E+3	9.931548E-1
3.502000E+3	9.931218E-1
3.502250E+3	9.930408E-1
3.502500E+3	9.930890E-1
3.502750E+3	9.932136E-1
3.503000E+3	9.932997E-1
3.503250E+3	9.935330E-1
3.503500E+3	9.940888E-1
3.503750E+3	9.945897E-1
3.504000E+3	9.944476E-1
3.504250E+3	9.937615E-1
3.504500E+3	9.933449E-1
3.504750E+3	9.937303E-1
3.505000E+3	9.944746E-1
3.505250E+3	9.947524E-1
3.505500E+3	9.944322E-1
3.505750E+3	9.941155E-1
3.506000E+3	9.942191E-1
3.506250E+3	9.944115E-1
3.506500E+3	9.941682E-1
3.506750E+3	9.936778E-1
3.507000E+3	9.937307E-1
3.507250E+3	9.945684E-1
3.507500E+3	9.953450E-1
3.507750E+3	9.952988E-1
3.508000E+3	9.948732E-1
3.508250E+3	9.950365E-1
3.508500E+3	9.957283E-1
3.508750E+3	9.958812E-1
3.509000E+3	9.951287E-1
3.509250E+3	9.944186E-1
3.509500E+3	9.946103E-1
3.509750E+3	9.952505E-1
3.510000E+3	9.954239E-1
3.510250E+3	9.952193E-1
3.510500E+3	9.954254E-1
3.510750E+3	9.960740E-1
3.511000E+3	9.963017E-1
3.511250E+3	9.957442E-1
3.511500E+3	9.951282E-1
3.511750E+3	9.951171E-1
3.512000E+3	9.953802E-1
3.512250E+3	9.952335E-1
3.512500E+3	9.948208E-1
3.512750E+3	9.949430E-1
3.513000E+3	9.957918E-1
3.513250E+3	9.965663E-1
3.513500E+3	9.965584E-1
3.513750E+3	9.961539E-1
3.514000E+3	9.961103E-1
3.514250E+3	9.963145E-1
3.514500E+3	9.960175E-1
3.514750E+3	9.952264E-1
3.515000E+3	9.949027E-1
3.515250E+3	9.955340E-1
3.515500E+3	9.963071E-1
3.515750E+3	9.962188E-1
3.516000E+3	9.955328E-1
3.516250E+3	9.952413E-1
3.516500E+3	9.955614E-1
3.516750E+3	9.958505E-1
3.517000E+3	9.957477E-1
3.517250E+3	9.955505E-1
3.517500E+3	9.954523E-1
3.517750E+3	9.952442E-1
3.518000E+3	9.948905E-1
3.518250E+3	9.946939E-1
3.518500E+3	9.947122E-1
3.518750E+3	9.946416E-1
3.519000E+3	9.944510E-1
3.519250E+3	9.945094E-1
3.519500E+3	9.948987E-1
3.519750E+3	9.951915E-1
3.520000E+3	9.950955E-1
3.520250E+3	9.948506E-1
3.520500E+3	9.947320E-1
3.520750E+3	9.947001E-1
3.521000E+3	9.947407E-1
3.521250E+3	9.949703E-1
3.521500E+3	9.951507E-1
3.521750E+3	9.946982E-1
3.522000E+3	9.935807E-1
3.522250E+3	9.927651E-1
3.522500E+3	9.930185E-1
3.522750E+3	9.938173E-1
3.523000E+3	9.941509E-1
3.523250E+3	9.939320E-1
3.523500E+3	9.939646E-1
3.523750E+3	9.945388E-1
3.524000E+3	9.949068E-1
3.524250E+3	9.943107E-1
3.524500E+3	9.931749E-1
3.524750E+3	9.925848E-1
3.525000E+3	9.928309E-1
3.525250E+3	9.930951E-1
3.525500E+3	9.926801E-1
3.525750E+3	9.920427E-1
3.526000E+3	9.920138E-1
3.526250E+3	9.924806E-1
3.526500E+3	9.925246E-1
3.526750E+3	9.918992E-1
3.527000E+3	9.914225E-1
3.527250E+3	9.917908E-1
3.527500E+3	9.925203E-1
3.527750E+3	9.927243E-1
3.528000E+3	9.923566E-1
3.528250E+3	9.919915E-1
3.528500E+3	9.919064E-1
3.528750E+3	9.918167E-1
3.529000E+3	9.914607E-1
3.529250E+3	9.908940E-1
3.529500E+3	9.903415E-1
3.529750E+3	9.900742E-1
3.530000E+3	9.902907E-1
3.530250E+3	9.908399E-1
3.530500E+3	9.911008E-1
3.530750E+3	9.906430E-1
3.531000E+3	9.899324E-1
3.531250E+3	9.897056E-1
3.531500E+3	9.899040E-1
3.531750E+3	9.897632E-1
3.532000E+3	9.890309E-1
3.532250E+3	9.884099E-1
3.532500E+3	9.885390E-1
3.532750E+3	9.891192E-1
3.533000E+3	9.893153E-1
3.533250E+3	9.888902E-1
3.533500E+3	9.884427E-1
3.533750E+3	9.885377E-1
3.534000E+3	9.890618E-1
3.534250E+3	9.894647E-1
3.534500E+3	9.894511E-1
3.534750E+3	9.891780E-1
3.535000E+3	9.888383E-1
3.535250E+3	9.883745E-1
3.535500E+3	9.877418E-1
3.535750E+3	9.872322E-1
3.536000E+3	9.872353E-1
3.536250E+3	9.877075E-1
3.536500E+3	9.881479E-1
3.536750E+3	9.881840E-1
3.537000E+3	9.878650E-1
3.537250E+3	9.874404E-1
3.537500E+3	9.871393E-1
3.537750E+3	9.871225E-1
3.538000E+3	9.873546E-1
3.538250E+3	9.874408E-1
3.538500E+3	9.870299E-1
3.538750E+3	9.864565E-1
3.539000E+3	9.863349E-1
3.539250E+3	9.866181E-1
3.539500E+3	9.866154E-1
3.539750E+3	9.861827E-1
3.540000E+3	9.860888E-1
3.540250E+3	9.867158E-1
3.540500E+3	9.872739E-1
3.540750E+3	9.869754E-1
3.541000E+3	9.863147E-1
3.541250E+3	9.862160E-1
3.541500E+3	9.865564E-1
3.541750E+3	9.865554E-1
3.542000E+3	9.862467E-1
3.542250E+3	9.863680E-1
3.542500E+3	9.869561E-1
3.542750E+3	9.872134E-1
3.543000E+3	9.868425E-1
3.543250E+3	9.864155E-1
3.543500E+3	9.863231E-1
3.543750E+3	9.863509E-1
3.544000E+3	9.864539E-1
3.544250E+3	9.868832E-1
3.544500E+3	9.872741E-1
3.544750E+3	9.868272E-1
3.545000E+3	9.858098E-1
3.545250E+3	9.856458E-1
3.545500E+3	9.868446E-1
3.545750E+3	9.879373E-1
3.546000E+3	9.875271E-1
3.546250E+3	9.863048E-1
3.546500E+3	9.859042E-1
3.546750E+3	9.864104E-1
3.547000E+3	9.865827E-1
3.547250E+3	9.860891E-1
3.547500E+3	9.858734E-1
3.547750E+3	9.863644E-1
3.548000E+3	9.868035E-1
3.548250E+3	9.866489E-1
3.548500E+3	9.863666E-1
3.548750E+3	9.864092E-1
3.549000E+3	9.865177E-1
3.549250E+3	9.865718E-1
3.549500E+3	9.870531E-1
3.549750E+3	9.879721E-1
3.550000E+3	9.883350E-1
3.550250E+3	9.875318E-1
3.550500E+3	9.865189E-1
3.550750E+3	9.866250E-1
3.551000E+3	9.876372E-1
3.551250E+3	9.882354E-1
3.551500E+3	9.879341E-1
3.551750E+3	9.875619E-1
3.552000E+3	9.877895E-1
3.552250E+3	9.882304E-1
3.552500E+3	9.883110E-1
3.552750E+3	9.881853E-1
3.553000E+3	9.883422E-1
3.553250E+3	9.888151E-1
3.553500E+3	9.892483E-1
3.553750E+3	9.894499E-1
3.554000E+3	9.894939E-1
3.554250E+3	9.894729E-1
3.554500E+3	9.894684E-1
3.554750E+3	9.896315E-1
3.555000E+3	9.900178E-1
3.555250E+3	9.903867E-1
3.555500E+3	9.903988E-1
3.555750E+3	9.900267E-1
3.556000E+3	9.896392E-1
3.556250E+3	9.896680E-1
3.556500E+3	9.901572E-1
3.556750E+3	9.906981E-1
3.557000E+3	9.908770E-1
3.557250E+3	9.907479E-1
3.557500E+3	9.907697E-1
3.557750E+3	9.911409E-1
3.558000E+3	9.914629E-1
3.558250E+3	9.913193E-1
3.558500E+3	9.909493E-1
3.558750E+3	9.909338E-1
3.559000E+3	9.913360E-1
3.559250E+3	9.916440E-1
3.559500E+3	9.915725E-1
3.559750E+3	9.914685E-1
3.560000E+3	9.916573E-1
3.560250E+3	9.918995E-1
3.560500E+3	9.918396E-1
3.560750E+3	9.916438E-1
3.561000E+3	9.917168E-1
3.561250E+3	9.920433E-1
3.561500E+3	9.922692E-1
3.561750E+3	9.923172E-1
3.562000E+3	9.924341E-1
3.562250E+3	9.926165E-1
3.562500E+3	9.925192E-1
3.562750E+3	9.920895E-1
3.563000E+3	9.918473E-1
3.563250E+3	9.922350E-1
3.563500E+3	9.929777E-1
3.563750E+3	9.933469E-1
3.564000E+3	9.930169E-1
3.564250E+3	9.924119E-1
3.564500E+3	9.921800E-1
3.564750E+3	9.924707E-1
3.565000E+3	9.928229E-1
3.565250E+3	9.927771E-1
3.565500E+3	9.924794E-1
3.565750E+3	9.924766E-1
3.566000E+3	9.929188E-1
3.566250E+3	9.933019E-1
3.566500E+3	9.931576E-1
3.566750E+3	9.927330E-1
3.567000E+3	9.925749E-1
3.567250E+3	9.926964E-1
3.567500E+3	9.927020E-1
3.567750E+3	9.925208E-1
3.568000E+3	9.924413E-1
3.568250E+3	9.924766E-1
3.568500E+3	9.923542E-1
3.568750E+3	9.921641E-1
3.569000E+3	9.923209E-1
3.569250E+3	9.927179E-1
3.569500E+3	9.926355E-1
3.569750E+3	9.918560E-1
3.570000E+3	9.911234E-1
3.570250E+3	9.910983E-1
3.570500E+3	9.914758E-1
3.570750E+3	9.916016E-1
3.571000E+3	9.914630E-1
3.571250E+3	9.914055E-1
3.571500E+3	9.913598E-1
3.571750E+3	9.910573E-1
3.572000E+3	9.906621E-1
3.572250E+3	9.904989E-1
3.572500E+3	9.904175E-1
3.572750E+3	9.900792E-1
3.573000E+3	9.896393E-1
3.573250E+3	9.894786E-1
3.573500E+3	9.894845E-1
3.573750E+3	9.892653E-1
3.574000E+3	9.889086E-1
3.574250E+3	9.888281E-1
3.574500E+3	9.889823E-1
3.574750E+3	9.889386E-1
3.575000E+3	9.886550E-1
3.575250E+3	9.884791E-1
3.575500E+3	9.884031E-1
3.575750E+3	9.880255E-1
3.576000E+3	9.873367E-1
3.576250E+3	9.868457E-1
3.576500E+3	9.867680E-1
3.576750E+3	9.867639E-1
3.577000E+3	9.866008E-1
3.577250E+3	9.864643E-1
3.577500E+3	9.864295E-1
3.577750E+3	9.862328E-1
3.578000E+3	9.857997E-1
3.578250E+3	9.854303E-1
3.578500E+3	9.851990E-1
3.578750E+3	9.847442E-1
3.579000E+3	9.839927E-1
3.579250E+3	9.835027E-1
3.579500E+3	9.836491E-1
3.579750E+3	9.839823E-1
3.580000E+3	9.839126E-1
3.580250E+3	9.835807E-1
3.580500E+3	9.834858E-1
3.580750E+3	9.835764E-1
3.581000E+3	9.833723E-1
3.581250E+3	9.828155E-1
3.581500E+3	9.823260E-1
3.581750E+3	9.820343E-1
3.582000E+3	9.815933E-1
3.582250E+3	9.809103E-1
3.582500E+3	9.804707E-1
3.582750E+3	9.806258E-1
3.583000E+3	9.810108E-1
3.583250E+3	9.810601E-1
3.583500E+3	9.808038E-1
3.583750E+3	9.806824E-1
3.584000E+3	9.807521E-1
3.584250E+3	9.805984E-1
3.584500E+3	9.800493E-1
3.584750E+3	9.794633E-1
3.585000E+3	9.791766E-1
3.585250E+3	9.790675E-1
3.585500E+3	9.789086E-1
3.585750E+3	9.788143E-1
3.586000E+3	9.789624E-1
3.586250E+3	9.791182E-1
3.586500E+3	9.788936E-1
3.586750E+3	9.783963E-1
3.587000E+3	9.781355E-1
3.587250E+3	9.782887E-1
3.587500E+3	9.784627E-1
3.587750E+3	9.783096E-1
3.588000E+3	9.779803E-1
3.588250E+3	9.777682E-1
3.588500E+3	9.776647E-1
3.588750E+3	9.775196E-1
3.589000E+3	9.773789E-1
3.589250E+3	9.773622E-1
3.589500E+3	9.773919E-1
3.589750E+3	9.773335E-1
3.590000E+3	9.772722E-1
3.590250E+3	9.773623E-1
3.590500E+3	9.775009E-1
3.590750E+3	9.774457E-1
3.591000E+3	9.772102E-1
3.591250E+3	9.770523E-1
3.591500E+3	9.770793E-1
3.591750E+3	9.771325E-1
3.592000E+3	9.771133E-1
3.592250E+3	9.771575E-1
3.592500E+3	9.773732E-1
3.592750E+3	9.776187E-1
3.593000E+3	9.776836E-1
3.593250E+3	9.775566E-1
3.593500E+3	9.773865E-1
3.593750E+3	9.772788E-1
3.594000E+3	9.772659E-1
3.594250E+3	9.773804E-1
3.594500E+3	9.775960E-1
3.594750E+3	9.777556E-1
3.595000E+3	9.777189E-1
3.595250E+3	9.775802E-1
3.595500E+3	9.775945E-1
3.595750E+3	9.778385E-1
3.596000E+3	9.781006E-1
3.596250E+3	9.781724E-1
3.596500E+3	9.781309E-1
3.596750E+3	9.782194E-1
3.597000E+3	9.785042E-1
3.597250E+3	9.788143E-1
3.597500E+3	9.790014E-1
3.597750E+3	9.791152E-1
3.598000E+3	9.792756E-1
3.598250E+3	9.794988E-1
3.598500E+3	9.797250E-1
3.598750E+3	9.799208E-1
3.599000E+3	9.800704E-1
3.599250E+3	9.801481E-1
3.599500E+3	9.801944E-1
3.599750E+3	9.803321E-1
3.600000E+3	9.805968E-1
3.600250E+3	9.808404E-1
3.600500E+3	9.809257E-1
3.600750E+3	9.809581E-1
3.601000E+3	9.811535E-1
3.601250E+3	9.815053E-1
3.601500E+3	9.817783E-1
3.601750E+3	9.818562E-1
3.602000E+3	9.819045E-1
3.602250E+3	9.821009E-1
3.602500E+3	9.823791E-1
3.602750E+3	9.825652E-1
3.603000E+3	9.826548E-1
3.603250E+3	9.827967E-1
3.603500E+3	9.830584E-1
3.603750E+3	9.833562E-1
3.604000E+3	9.836047E-1
3.604250E+3	9.838183E-1
3.604500E+3	9.840457E-1
3.604750E+3	9.842967E-1
3.605000E+3	9.845615E-1
3.605250E+3	9.848413E-1
3.605500E+3	9.851366E-1
3.605750E+3	9.854480E-1
3.606000E+3	9.858045E-1
3.606250E+3	9.862549E-1
3.606500E+3	9.868175E-1
3.606750E+3	9.874658E-1
3.607000E+3	9.881734E-1
3.607250E+3	9.889485E-1
3.607500E+3	9.898085E-1
3.607750E+3	9.907289E-1
3.608000E+3	9.916394E-1
3.608250E+3	9.924831E-1
3.608500E+3	9.932650E-1
3.608750E+3	9.940103E-1
3.609000E+3	9.946884E-1
3.609250E+3	9.952296E-1
3.609500E+3	9.956194E-1
3.609750E+3	9.959073E-1
3.610000E+3	9.961071E-1
3.610250E+3	9.961637E-1
3.610500E+3	9.960575E-1
3.610750E+3	9.958570E-1
3.611000E+3	9.956028E-1
3.611250E+3	9.952231E-1
3.611500E+3	9.946592E-1
3.611750E+3	9.939959E-1
3.612000E+3	9.933345E-1
3.612250E+3	9.926130E-1
3.612500E+3	9.917283E-1
3.612750E+3	9.907815E-1
3.613000E+3	9.899719E-1
3.613250E+3	9.892667E-1
3.613500E+3	9.884393E-1
3.613750E+3	9.874607E-1
3.614000E+3	9.865571E-1
3.614250E+3	9.858106E-1
3.614500E+3	9.850200E-1
3.614750E+3	9.840880E-1
3.615000E+3	9.832313E-1
3.615250E+3	9.826281E-1
3.615500E+3	9.821328E-1
3.615750E+3	9.815409E-1
3.616000E+3	9.808849E-1
3.616250E+3	9.802669E-1
3.616500E+3	9.796614E-1
3.616750E+3	9.790936E-1
3.617000E+3	9.787310E-1
3.617250E+3	9.785632E-1
3.617500E+3	9.782939E-1
3.617750E+3	9.778263E-1
3.618000E+3	9.775155E-1
3.618250E+3	9.775352E-1
3.618500E+3	9.773863E-1
3.618750E+3	9.766547E-1
3.619000E+3	9.759500E-1
3.619250E+3	9.761580E-1
3.619500E+3	9.768620E-1
3.619750E+3	9.765953E-1
3.620000E+3	9.750668E-1
3.620250E+3	9.739854E-1
3.620500E+3	9.746682E-1
3.620750E+3	9.759470E-1
3.621000E+3	9.757101E-1
3.621250E+3	9.740370E-1
3.621500E+3	9.730512E-1
3.621750E+3	9.736045E-1
3.622000E+3	9.741050E-1
3.622250E+3	9.732198E-1
3.622500E+3	9.718883E-1
3.622750E+3	9.715561E-1
3.623000E+3	9.718770E-1
3.623250E+3	9.716830E-1
3.623500E+3	9.711892E-1
3.623750E+3	9.712921E-1
3.624000E+3	9.715040E-1
3.624250E+3	9.706797E-1
3.624500E+3	9.694616E-1
3.624750E+3	9.697564E-1
3.625000E+3	9.715335E-1
3.625250E+3	9.723464E-1
3.625500E+3	9.708355E-1
3.625750E+3	9.686952E-1
3.626000E+3	9.681597E-1
3.626250E+3	9.690300E-1
3.626500E+3	9.694401E-1
3.626750E+3	9.686280E-1
3.627000E+3	9.675456E-1
3.627250E+3	9.671330E-1
3.627500E+3	9.672536E-1
3.627750E+3	9.672360E-1
3.628000E+3	9.667501E-1
3.628250E+3	9.661089E-1
3.628500E+3	9.658504E-1
3.628750E+3	9.660334E-1
3.629000E+3	9.660793E-1
3.629250E+3	9.656722E-1
3.629500E+3	9.654271E-1
3.629750E+3	9.658652E-1
3.630000E+3	9.662705E-1
3.630250E+3	9.657852E-1
3.630500E+3	9.652066E-1
3.630750E+3	9.659848E-1
3.631000E+3	9.675598E-1
3.631250E+3	9.677473E-1
3.631500E+3	9.661263E-1
3.631750E+3	9.646813E-1
3.632000E+3	9.646247E-1
3.632250E+3	9.646647E-1
3.632500E+3	9.637030E-1
3.632750E+3	9.630130E-1
3.633000E+3	9.640317E-1
3.633250E+3	9.656774E-1
3.633500E+3	9.658688E-1
3.633750E+3	9.645310E-1
3.634000E+3	9.629683E-1
3.634250E+3	9.617165E-1
3.634500E+3	9.608594E-1
3.634750E+3	9.611490E-1
3.635000E+3	9.627302E-1
3.635250E+3	9.637751E-1
3.635500E+3	9.627357E-1
3.635750E+3	9.610536E-1
3.636000E+3	9.610011E-1
3.636250E+3	9.620703E-1
3.636500E+3	9.620387E-1
3.636750E+3	9.610124E-1
3.637000E+3	9.612960E-1
3.637250E+3	9.631403E-1
3.637500E+3	9.639982E-1
3.637750E+3	9.626835E-1
3.638000E+3	9.613357E-1
3.638250E+3	9.619484E-1
3.638500E+3	9.635012E-1
3.638750E+3	9.639474E-1
3.639000E+3	9.631232E-1
3.639250E+3	9.620897E-1
3.639500E+3	9.612230E-1
3.639750E+3	9.606088E-1
3.640000E+3	9.609665E-1
3.640250E+3	9.625218E-1
3.640500E+3	9.639236E-1
3.640750E+3	9.636213E-1
3.641000E+3	9.620210E-1
3.641250E+3	9.608936E-1
3.641500E+3	9.609238E-1
3.641750E+3	9.612861E-1
3.642000E+3	9.613845E-1
3.642250E+3	9.617960E-1
3.642500E+3	9.630791E-1
3.642750E+3	9.644809E-1
3.643000E+3	9.645522E-1
3.643250E+3	9.631915E-1
3.643500E+3	9.619181E-1
3.643750E+3	9.619447E-1
3.644000E+3	9.626664E-1
3.644250E+3	9.626204E-1
3.644500E+3	9.619541E-1
3.644750E+3	9.623566E-1
3.645000E+3	9.644250E-1
3.645250E+3	9.663826E-1
3.645500E+3	9.664826E-1
3.645750E+3	9.650941E-1
3.646000E+3	9.632294E-1
3.646250E+3	9.611686E-1
3.646500E+3	9.597646E-1
3.646750E+3	9.608742E-1
3.647000E+3	9.642098E-1
3.647250E+3	9.662723E-1
3.647500E+3	9.646214E-1
3.647750E+3	9.615015E-1
3.648000E+3	9.612664E-1
3.648250E+3	9.639362E-1
3.648500E+3	9.653870E-1
3.648750E+3	9.640722E-1
3.649000E+3	9.626094E-1
3.649250E+3	9.627734E-1
3.649500E+3	9.630370E-1
3.649750E+3	9.623397E-1
3.650000E+3	9.622749E-1
3.650250E+3	9.639048E-1
3.650500E+3	9.656176E-1
3.650750E+3	9.659801E-1
3.651000E+3	9.658441E-1
3.651250E+3	9.661166E-1
3.651500E+3	9.660765E-1
3.651750E+3	9.654630E-1
3.652000E+3	9.655015E-1
3.652250E+3	9.662894E-1
3.652500E+3	9.659808E-1
3.652750E+3	9.642681E-1
3.653000E+3	9.635381E-1
3.653250E+3	9.647519E-1
3.653500E+3	9.654010E-1
3.653750E+3	9.638333E-1
3.654000E+3	9.625651E-1
3.654250E+3	9.641531E-1
3.654500E+3	9.667986E-1
3.654750E+3	9.672131E-1
3.655000E+3	9.659050E-1
3.655250E+3	9.656004E-1
3.655500E+3	9.665732E-1
3.655750E+3	9.670061E-1
3.656000E+3	9.663941E-1
3.656250E+3	9.655240E-1
3.656500E+3	9.643882E-1
3.656750E+3	9.633899E-1
3.657000E+3	9.644742E-1
3.657250E+3	9.676745E-1
3.657500E+3	9.691719E-1
3.657750E+3	9.658043E-1
3.658000E+3	9.613295E-1
3.658250E+3	9.621083E-1
3.658500E+3	9.675489E-1
3.658750E+3	9.711399E-1
3.659000E+3	9.694350E-1
3.659250E+3	9.671320E-1
3.659500E+3	9.686148E-1
3.659750E+3	9.718905E-1
3.660000E+3	9.728204E-1
3.660250E+3	9.714515E-1
3.660500E+3	9.712473E-1
3.660750E+3	9.732887E-1
3.661000E+3	9.752755E-1
3.661250E+3	9.755785E-1
3.661500E+3	9.753289E-1
3.661750E+3	9.753570E-1
3.662000E+3	9.745986E-1
3.662250E+3	9.729536E-1
3.662500E+3	9.728937E-1
3.662750E+3	9.759866E-1
3.663000E+3	9.795960E-1
3.663250E+3	9.796367E-1
3.663500E+3	9.762982E-1
3.663750E+3	9.739817E-1
3.664000E+3	9.755972E-1
3.664250E+3	9.788847E-1
3.664500E+3	9.800186E-1
3.664750E+3	9.790480E-1
3.665000E+3	9.789694E-1
3.665250E+3	9.808884E-1
3.665500E+3	9.828467E-1
3.665750E+3	9.828445E-1
3.666000E+3	9.812310E-1
3.666250E+3	9.797790E-1
3.666500E+3	9.796055E-1
3.666750E+3	9.807242E-1
3.667000E+3	9.821702E-1
3.667250E+3	9.826205E-1
3.667500E+3	9.818329E-1
3.667750E+3	9.809326E-1
3.668000E+3	9.809492E-1
3.668250E+3	9.814517E-1
3.668500E+3	9.816716E-1
3.668750E+3	9.819666E-1
3.669000E+3	9.827040E-1
3.669250E+3	9.828972E-1
3.669500E+3	9.818478E-1
3.669750E+3	9.807558E-1
3.670000E+3	9.807637E-1
3.670250E+3	9.804126E-1
3.670500E+3	9.779468E-1
3.670750E+3	9.751619E-1
3.671000E+3	9.758445E-1
3.671250E+3	9.796252E-1
3.671500E+3	9.819684E-1
3.671750E+3	9.808074E-1
3.672000E+3	9.786173E-1
3.672250E+3	9.782908E-1
3.672500E+3	9.794040E-1
3.672750E+3	9.805556E-1
3.673000E+3	9.817292E-1
3.673250E+3	9.824917E-1
3.673500E+3	9.811380E-1
3.673750E+3	9.777345E-1
3.674000E+3	9.754292E-1
3.674250E+3	9.767460E-1
3.674500E+3	9.799428E-1
3.674750E+3	9.816534E-1
3.675000E+3	9.813469E-1
3.675250E+3	9.809174E-1
3.675500E+3	9.811186E-1
3.675750E+3	9.811805E-1
3.676000E+3	9.808444E-1
3.676250E+3	9.806021E-1
3.676500E+3	9.802811E-1
3.676750E+3	9.794797E-1
3.677000E+3	9.789499E-1
3.677250E+3	9.796927E-1
3.677500E+3	9.809500E-1
3.677750E+3	9.811812E-1
3.678000E+3	9.803009E-1
3.678250E+3	9.794574E-1
3.678500E+3	9.789826E-1
3.678750E+3	9.783806E-1
3.679000E+3	9.781563E-1
3.679250E+3	9.793724E-1
3.679500E+3	9.811846E-1
3.679750E+3	9.813364E-1
3.680000E+3	9.795733E-1
3.680250E+3	9.784013E-1
3.680500E+3	9.796946E-1
3.680750E+3	9.823549E-1
3.681000E+3	9.844128E-1
3.681250E+3	9.852937E-1
3.681500E+3	9.854444E-1
3.681750E+3	9.849607E-1
3.682000E+3	9.839156E-1
3.682250E+3	9.832214E-1
3.682500E+3	9.835804E-1
3.682750E+3	9.840435E-1
3.683000E+3	9.833224E-1
3.683250E+3	9.820884E-1
3.683500E+3	9.822243E-1
3.683750E+3	9.838452E-1
3.684000E+3	9.849762E-1
3.684250E+3	9.847612E-1
3.684500E+3	9.846176E-1
3.684750E+3	9.855430E-1
3.685000E+3	9.863849E-1
3.685250E+3	9.857724E-1
3.685500E+3	9.844227E-1
3.685750E+3	9.838342E-1
3.686000E+3	9.840169E-1
3.686250E+3	9.842086E-1
3.686500E+3	9.846151E-1
3.686750E+3	9.856661E-1
3.687000E+3	9.864174E-1
3.687250E+3	9.857446E-1
3.687500E+3	9.847073E-1
3.687750E+3	9.853687E-1
3.688000E+3	9.873657E-1
3.688250E+3	9.882159E-1
3.688500E+3	9.869721E-1
3.688750E+3	9.856283E-1
3.689000E+3	9.859454E-1
3.689250E+3	9.869101E-1
3.689500E+3	9.869439E-1
3.689750E+3	9.865139E-1
3.690000E+3	9.869962E-1
3.690250E+3	9.881852E-1
3.690500E+3	9.886877E-1
3.690750E+3	9.881665E-1
3.691000E+3	9.876315E-1
3.691250E+3	9.878281E-1
3.691500E+3	9.885492E-1
3.691750E+3	9.893339E-1
3.692000E+3	9.899098E-1
3.692250E+3	9.901252E-1
3.692500E+3	9.901058E-1
3.692750E+3	9.902344E-1
3.693000E+3	9.905254E-1
3.693250E+3	9.905061E-1
3.693500E+3	9.900839E-1
3.693750E+3	9.898499E-1
3.694000E+3	9.900197E-1
3.694250E+3	9.899502E-1
3.694500E+3	9.894827E-1
3.694750E+3	9.896663E-1
3.695000E+3	9.910364E-1
3.695250E+3	9.922342E-1
3.695500E+3	9.917629E-1
3.695750E+3	9.902547E-1
3.696000E+3	9.896725E-1
3.696250E+3	9.904434E-1
3.696500E+3	9.911587E-1
3.696750E+3	9.910815E-1
3.697000E+3	9.910337E-1
3.697250E+3	9.915816E-1
3.697500E+3	9.919364E-1
3.697750E+3	9.914768E-1
3.698000E+3	9.909858E-1
3.698250E+3	9.914470E-1
3.698500E+3	9.924921E-1
3.698750E+3	9.929917E-1
3.699000E+3	9.926244E-1
3.699250E+3	9.920684E-1
3.699500E+3	9.919307E-1
3.699750E+3	9.922039E-1
3.700000E+3	9.926481E-1
3.700250E+3	9.930961E-1
3.700500E+3	9.934147E-1
3.700750E+3	9.935802E-1
3.701000E+3	9.937805E-1
3.701250E+3	9.941785E-1
3.701500E+3	9.946473E-1
3.701750E+3	9.949362E-1
3.702000E+3	9.950137E-1
3.702250E+3	9.950558E-1
3.702500E+3	9.951616E-1
3.702750E+3	9.953030E-1
3.703000E+3	9.954810E-1
3.703250E+3	9.957101E-1
3.703500E+3	9.958972E-1
3.703750E+3	9.959374E-1
3.704000E+3	9.959101E-1
3.704250E+3	9.959972E-1
3.704500E+3	9.961961E-1
3.704750E+3	9.963106E-1
3.705000E+3	9.962432E-1
3.705250E+3	9.961475E-1
3.705500E+3	9.962159E-1
3.705750E+3	9.964121E-1
3.706000E+3	9.965105E-1
3.706250E+3	9.963988E-1
3.706500E+3	9.962417E-1
3.706750E+3	9.962793E-1
3.707000E+3	9.965261E-1
3.707250E+3	9.967440E-1
3.707500E+3	9.967805E-1
3.707750E+3	9.967690E-1
3.708000E+3	9.968732E-1
3.708250E+3	9.970040E-1
3.708500E+3	9.969694E-1
3.708750E+3	9.968241E-1
3.709000E+3	9.968159E-1
3.709250E+3	9.970024E-1
3.709500E+3	9.971582E-1
3.709750E+3	9.971414E-1
3.710000E+3	9.970900E-1
3.710250E+3	9.971428E-1
3.710500E+3	9.971955E-1
3.710750E+3	9.971089E-1
3.711000E+3	9.969928E-1
3.711250E+3	9.970593E-1
3.711500E+3	9.972852E-1
3.711750E+3	9.974408E-1
3.712000E+3	9.974302E-1
3.712250E+3	9.973823E-1
3.712500E+3	9.974044E-1
3.712750E+3	9.974417E-1
3.713000E+3	9.974298E-1
3.713250E+3	9.974224E-1
3.713500E+3	9.974835E-1
3.713750E+3	9.975736E-1
3.714000E+3	9.976294E-1
3.714250E+3	9.976626E-1
3.714500E+3	9.976984E-1
3.714750E+3	9.977023E-1
3.715000E+3	9.976529E-1
3.715250E+3	9.976192E-1
3.715500E+3	9.976711E-1
3.715750E+3	9.977626E-1
3.716000E+3	9.978003E-1
3.716250E+3	9.977896E-1
3.716500E+3	9.978101E-1
3.716750E+3	9.978671E-1
3.717000E+3	9.978763E-1
3.717250E+3	9.978029E-1
3.717500E+3	9.977198E-1
3.717750E+3	9.976998E-1
3.718000E+3	9.977216E-1
3.718250E+3	9.977128E-1
3.718500E+3	9.976440E-1
3.718750E+3	9.975579E-1
3.719000E+3	9.975333E-1
3.719250E+3	9.976198E-1
3.719500E+3	9.977686E-1
3.719750E+3	9.978453E-1
3.720000E+3	9.977542E-1
3.720250E+3	9.975510E-1
3.720500E+3	9.973994E-1
3.720750E+3	9.973955E-1
3.721000E+3	9.974774E-1
3.721250E+3	9.975115E-1
3.721500E+3	9.974433E-1
3.721750E+3	9.973565E-1
3.722000E+3	9.973644E-1
3.722250E+3	9.974511E-1
3.722500E+3	9.974628E-1
3.722750E+3	9.973248E-1
3.723000E+3	9.971945E-1
3.723250E+3	9.972634E-1
3.723500E+3	9.974428E-1
3.723750E+3	9.974491E-1
3.724000E+3	9.972327E-1
3.724250E+3	9.970695E-1
3.724500E+3	9.971462E-1
3.724750E+3	9.972687E-1
3.725000E+3	9.971927E-1
3.725250E+3	9.970145E-1
3.725500E+3	9.969828E-1
3.725750E+3	9.970856E-1
3.726000E+3	9.971071E-1
3.726250E+3	9.970060E-1
3.726500E+3	9.969499E-1
3.726750E+3	9.970225E-1
3.727000E+3	9.971223E-1
3.727250E+3	9.971405E-1
3.727500E+3	9.970382E-1
3.727750E+3	9.968098E-1
3.728000E+3	9.965640E-1
3.728250E+3	9.965333E-1
3.728500E+3	9.967893E-1
3.728750E+3	9.970524E-1
3.729000E+3	9.970369E-1
3.729250E+3	9.968357E-1
3.729500E+3	9.966944E-1
3.729750E+3	9.966085E-1
3.730000E+3	9.964869E-1
3.730250E+3	9.964953E-1
3.730500E+3	9.967668E-1
3.730750E+3	9.969476E-1
3.731000E+3	9.966369E-1
3.731250E+3	9.961570E-1
3.731500E+3	9.961967E-1
3.731750E+3	9.966989E-1
3.732000E+3	9.968642E-1
3.732250E+3	9.964293E-1
3.732500E+3	9.960725E-1
3.732750E+3	9.962539E-1
3.733000E+3	9.964625E-1
3.733250E+3	9.961629E-1
3.733500E+3	9.957287E-1
3.733750E+3	9.957795E-1
3.734000E+3	9.961357E-1
3.734250E+3	9.962090E-1
3.734500E+3	9.960076E-1
3.734750E+3	9.959496E-1
3.735000E+3	9.960347E-1
3.735250E+3	9.959642E-1
3.735500E+3	9.958365E-1
3.735750E+3	9.959516E-1
3.736000E+3	9.961292E-1
3.736250E+3	9.959747E-1
3.736500E+3	9.956738E-1
3.736750E+3	9.957121E-1
3.737000E+3	9.959516E-1
3.737250E+3	9.958367E-1
3.737500E+3	9.954205E-1
3.737750E+3	9.953044E-1
3.738000E+3	9.955524E-1
3.738250E+3	9.956015E-1
3.738500E+3	9.953416E-1
3.738750E+3	9.953104E-1
3.739000E+3	9.956024E-1
3.739250E+3	9.956183E-1
3.739500E+3	9.952098E-1
3.739750E+3	9.950884E-1
3.740000E+3	9.955541E-1
3.740250E+3	9.958741E-1
3.740500E+3	9.955020E-1
3.740750E+3	9.950612E-1
3.741000E+3	9.952183E-1
3.741250E+3	9.955203E-1
3.741500E+3	9.952591E-1
3.741750E+3	9.947835E-1
3.742000E+3	9.948928E-1
3.742250E+3	9.954169E-1
3.742500E+3	9.955698E-1
3.742750E+3	9.952872E-1
3.743000E+3	9.951956E-1
3.743250E+3	9.953672E-1
3.743500E+3	9.952635E-1
3.743750E+3	9.948320E-1
3.744000E+3	9.946699E-1
3.744250E+3	9.949552E-1
3.744500E+3	9.951848E-1
3.744750E+3	9.951080E-1
3.745000E+3	9.950461E-1
3.745250E+3	9.951436E-1
3.745500E+3	9.951039E-1
3.745750E+3	9.948190E-1
3.746000E+3	9.945451E-1
3.746250E+3	9.943253E-1
3.746500E+3	9.940118E-1
3.746750E+3	9.938900E-1
3.747000E+3	9.944168E-1
3.747250E+3	9.952464E-1
3.747500E+3	9.954554E-1
3.747750E+3	9.949659E-1
3.748000E+3	9.947879E-1
3.748250E+3	9.953716E-1
3.748500E+3	9.958629E-1
3.748750E+3	9.954538E-1
3.749000E+3	9.946938E-1
3.749250E+3	9.945193E-1
3.749500E+3	9.948080E-1
3.749750E+3	9.948246E-1
3.750000E+3	9.944339E-1
3.750250E+3	9.941025E-1
3.750500E+3	9.940138E-1
3.750750E+3	9.940755E-1
3.751000E+3	9.943773E-1
3.751250E+3	9.949042E-1
3.751500E+3	9.951807E-1
3.751750E+3	9.948819E-1
3.752000E+3	9.944756E-1
3.752250E+3	9.946066E-1
3.752500E+3	9.950468E-1
3.752750E+3	9.951230E-1
3.753000E+3	9.948222E-1
3.753250E+3	9.946608E-1
3.753500E+3	9.946949E-1
3.753750E+3	9.945561E-1
3.754000E+3	9.943732E-1
3.754250E+3	9.946296E-1
3.754500E+3	9.951192E-1
3.754750E+3	9.950514E-1
3.755000E+3	9.944128E-1
3.755250E+3	9.941561E-1
3.755500E+3	9.947233E-1
3.755750E+3	9.953001E-1
3.756000E+3	9.951145E-1
3.756250E+3	9.946396E-1
3.756500E+3	9.947617E-1
3.756750E+3	9.954028E-1
3.757000E+3	9.957104E-1
3.757250E+3	9.953241E-1
3.757500E+3	9.947130E-1
3.757750E+3	9.944300E-1
3.758000E+3	9.945887E-1
3.758250E+3	9.949734E-1
3.758500E+3	9.952476E-1
3.758750E+3	9.951524E-1
3.759000E+3	9.948222E-1
3.759250E+3	9.947138E-1
3.759500E+3	9.949650E-1
3.759750E+3	9.951416E-1
3.760000E+3	9.949438E-1
3.760250E+3	9.947371E-1
3.760500E+3	9.949467E-1
3.760750E+3	9.953038E-1
3.761000E+3	9.952590E-1
3.761250E+3	9.948522E-1
3.761500E+3	9.945194E-1
3.761750E+3	9.943705E-1
3.762000E+3	9.942513E-1
3.762250E+3	9.942962E-1
3.762500E+3	9.947174E-1
3.762750E+3	9.951931E-1
3.763000E+3	9.951855E-1
3.763250E+3	9.948318E-1
3.763500E+3	9.947700E-1
3.763750E+3	9.950753E-1
3.764000E+3	9.951778E-1
3.764250E+3	9.948687E-1
3.764500E+3	9.945784E-1
3.764750E+3	9.945326E-1
3.765000E+3	9.944653E-1
3.765250E+3	9.943395E-1
3.765500E+3	9.945385E-1
3.765750E+3	9.950374E-1
3.766000E+3	9.952323E-1
3.766250E+3	9.949273E-1
3.766500E+3	9.947193E-1
3.766750E+3	9.949663E-1
3.767000E+3	9.951622E-1
3.767250E+3	9.948823E-1
3.767500E+3	9.944995E-1
3.767750E+3	9.944261E-1
3.768000E+3	9.943742E-1
3.768250E+3	9.940972E-1
3.768500E+3	9.941016E-1
3.768750E+3	9.947353E-1
3.769000E+3	9.952870E-1
3.769250E+3	9.949013E-1
3.769500E+3	9.939853E-1
3.769750E+3	9.936678E-1
3.770000E+3	9.941208E-1
3.770250E+3	9.945772E-1
3.770500E+3	9.946403E-1
3.770750E+3	9.945580E-1
3.771000E+3	9.943645E-1
3.771250E+3	9.937868E-1
3.771500E+3	9.930227E-1
3.771750E+3	9.926697E-1
3.772000E+3	9.927917E-1
3.772250E+3	9.929525E-1
3.772500E+3	9.931040E-1
3.772750E+3	9.935227E-1
3.773000E+3	9.939214E-1
3.773250E+3	9.936912E-1
3.773500E+3	9.930623E-1
3.773750E+3	9.929275E-1
3.774000E+3	9.933681E-1
3.774250E+3	9.934559E-1
3.774500E+3	9.928668E-1
3.774750E+3	9.925054E-1
3.775000E+3	9.930005E-1
3.775250E+3	9.936665E-1
3.775500E+3	9.936798E-1
3.775750E+3	9.933167E-1
3.776000E+3	9.932027E-1
3.776250E+3	9.931356E-1
3.776500E+3	9.926507E-1
3.776750E+3	9.920607E-1
3.777000E+3	9.919392E-1
3.777250E+3	9.920561E-1
3.777500E+3	9.918839E-1
3.777750E+3	9.916893E-1
3.778000E+3	9.920695E-1
3.778250E+3	9.927031E-1
3.778500E+3	9.927506E-1
3.778750E+3	9.923556E-1
3.779000E+3	9.925121E-1
3.779250E+3	9.933153E-1
3.779500E+3	9.935428E-1
3.779750E+3	9.925205E-1
3.780000E+3	9.911991E-1
3.780250E+3	9.908884E-1
3.780500E+3	9.915561E-1
3.780750E+3	9.920941E-1
3.781000E+3	9.919649E-1
3.781250E+3	9.916862E-1
3.781500E+3	9.918601E-1
3.781750E+3	9.923283E-1
3.782000E+3	9.924707E-1
3.782250E+3	9.919854E-1
3.782500E+3	9.912339E-1
3.782750E+3	9.908443E-1
3.783000E+3	9.910150E-1
3.783250E+3	9.913978E-1
3.783500E+3	9.915627E-1
3.783750E+3	9.914509E-1
3.784000E+3	9.912975E-1
3.784250E+3	9.912835E-1
3.784500E+3	9.914825E-1
3.784750E+3	9.918700E-1
3.785000E+3	9.921373E-1
3.785250E+3	9.918031E-1
3.785500E+3	9.908921E-1
3.785750E+3	9.902417E-1
3.786000E+3	9.904762E-1
3.786250E+3	9.910168E-1
3.786500E+3	9.908732E-1
3.786750E+3	9.902004E-1
3.787000E+3	9.901693E-1
3.787250E+3	9.910992E-1
3.787500E+3	9.918718E-1
3.787750E+3	9.915541E-1
3.788000E+3	9.907252E-1
3.788250E+3	9.904287E-1
3.788500E+3	9.906324E-1
3.788750E+3	9.906619E-1
3.789000E+3	9.905067E-1
3.789250E+3	9.907162E-1
3.789500E+3	9.912654E-1
3.789750E+3	9.915087E-1
3.790000E+3	9.912626E-1
3.790250E+3	9.910168E-1
3.790500E+3	9.910668E-1
3.790750E+3	9.911703E-1
3.791000E+3	9.911513E-1
3.791250E+3	9.912122E-1
3.791500E+3	9.914061E-1
3.791750E+3	9.913999E-1
3.792000E+3	9.910377E-1
3.792250E+3	9.906802E-1
3.792500E+3	9.906942E-1
3.792750E+3	9.910106E-1
3.793000E+3	9.913816E-1
3.793250E+3	9.916923E-1
3.793500E+3	9.918117E-1
3.793750E+3	9.915237E-1
3.794000E+3	9.909050E-1
3.794250E+3	9.904733E-1
3.794500E+3	9.906580E-1
3.794750E+3	9.912867E-1
3.795000E+3	9.918162E-1
3.795250E+3	9.919186E-1
3.795500E+3	9.916686E-1
3.795750E+3	9.913608E-1
3.796000E+3	9.912901E-1
3.796250E+3	9.915489E-1
3.796500E+3	9.919102E-1
3.796750E+3	9.920400E-1
3.797000E+3	9.919519E-1
3.797250E+3	9.920018E-1
3.797500E+3	9.923088E-1
3.797750E+3	9.925268E-1
3.798000E+3	9.924160E-1
3.798250E+3	9.923015E-1
3.798500E+3	9.925890E-1
3.798750E+3	9.930714E-1
3.799000E+3	9.931920E-1
3.799250E+3	9.928894E-1
3.799500E+3	9.926495E-1
3.799750E+3	9.927815E-1
3.800000E+3	9.930453E-1
3.800250E+3	9.931262E-1
3.800500E+3	9.931125E-1
3.800750E+3	9.932440E-1
3.801000E+3	9.934829E-1
3.801250E+3	9.935928E-1
3.801500E+3	9.935097E-1
3.801750E+3	9.934122E-1
3.802000E+3	9.934689E-1
3.802250E+3	9.936711E-1
3.802500E+3	9.938783E-1
3.802750E+3	9.939345E-1
3.803000E+3	9.937999E-1
3.803250E+3	9.936195E-1
3.803500E+3	9.935865E-1
3.803750E+3	9.937222E-1
3.804000E+3	9.938927E-1
3.804250E+3	9.940609E-1
3.804500E+3	9.943418E-1
3.804750E+3	9.947192E-1
3.805000E+3	9.949168E-1
3.805250E+3	9.947352E-1
3.805500E+3	9.943860E-1
3.805750E+3	9.942798E-1
3.806000E+3	9.945418E-1
3.806250E+3	9.949519E-1
3.806500E+3	9.952746E-1
3.806750E+3	9.954535E-1
3.807000E+3	9.955241E-1
3.807250E+3	9.955062E-1
3.807500E+3	9.954359E-1
3.807750E+3	9.953908E-1
3.808000E+3	9.954137E-1
3.808250E+3	9.954697E-1
3.808500E+3	9.955066E-1
3.808750E+3	9.955063E-1
3.809000E+3	9.954988E-1
3.809250E+3	9.955587E-1
3.809500E+3	9.957344E-1
3.809750E+3	9.959479E-1
3.810000E+3	9.960509E-1
3.810250E+3	9.960380E-1
3.810500E+3	9.960572E-1
3.810750E+3	9.961356E-1
3.811000E+3	9.960973E-1
3.811250E+3	9.958864E-1
3.811500E+3	9.957509E-1
3.811750E+3	9.958906E-1
3.812000E+3	9.961046E-1
3.812250E+3	9.960843E-1
3.812500E+3	9.959129E-1
3.812750E+3	9.959307E-1
3.813000E+3	9.962051E-1
3.813250E+3	9.964540E-1
3.813500E+3	9.964986E-1
3.813750E+3	9.964466E-1
3.814000E+3	9.964047E-1
3.814250E+3	9.963433E-1
3.814500E+3	9.962818E-1
3.814750E+3	9.963105E-1
3.815000E+3	9.963677E-1
3.815250E+3	9.962805E-1
3.815500E+3	9.960920E-1
3.815750E+3	9.960515E-1
3.816000E+3	9.961937E-1
3.816250E+3	9.962362E-1
3.816500E+3	9.960141E-1
3.816750E+3	9.957534E-1
3.817000E+3	9.957451E-1
3.817250E+3	9.959379E-1
3.817500E+3	9.960570E-1
3.817750E+3	9.959678E-1
3.818000E+3	9.957805E-1
3.818250E+3	9.956800E-1
3.818500E+3	9.957294E-1
3.818750E+3	9.958150E-1
3.819000E+3	9.957602E-1
3.819250E+3	9.955631E-1
3.819500E+3	9.954304E-1
3.819750E+3	9.954510E-1
3.820000E+3	9.954103E-1
3.820250E+3	9.951405E-1
3.820500E+3	9.948758E-1
3.820750E+3	9.949141E-1
3.821000E+3	9.950996E-1
3.821250E+3	9.950385E-1
3.821500E+3	9.947618E-1
3.821750E+3	9.946527E-1
3.822000E+3	9.947511E-1
3.822250E+3	9.946976E-1
3.822500E+3	9.944380E-1
3.822750E+3	9.943736E-1
3.823000E+3	9.946075E-1
3.823250E+3	9.946509E-1
3.823500E+3	9.942235E-1
3.823750E+3	9.937816E-1
3.824000E+3	9.937919E-1
3.824250E+3	9.940107E-1
3.824500E+3	9.939522E-1
3.824750E+3	9.937181E-1
3.825000E+3	9.937362E-1
3.825250E+3	9.939467E-1
3.825500E+3	9.938794E-1
3.825750E+3	9.934382E-1
3.826000E+3	9.930453E-1
3.826250E+3	9.929894E-1
3.826500E+3	9.931011E-1
3.826750E+3	9.931097E-1
3.827000E+3	9.929600E-1
3.827250E+3	9.927348E-1
3.827500E+3	9.925533E-1
3.827750E+3	9.925412E-1
3.828000E+3	9.926557E-1
3.828250E+3	9.926082E-1
3.828500E+3	9.922191E-1
3.828750E+3	9.917525E-1
3.829000E+3	9.916069E-1
3.829250E+3	9.917887E-1
3.829500E+3	9.919858E-1
3.829750E+3	9.920279E-1
3.830000E+3	9.919579E-1
3.830250E+3	9.917795E-1
3.830500E+3	9.915097E-1
3.830750E+3	9.913506E-1
3.831000E+3	9.914094E-1
3.831250E+3	9.913874E-1
3.831500E+3	9.909995E-1
3.831750E+3	9.905533E-1
3.832000E+3	9.905633E-1
3.832250E+3	9.908988E-1
3.832500E+3	9.909591E-1
3.832750E+3	9.906575E-1
3.833000E+3	9.905300E-1
3.833250E+3	9.907603E-1
3.833500E+3	9.908408E-1
3.833750E+3	9.904814E-1
3.834000E+3	9.901203E-1
3.834250E+3	9.901612E-1
3.834500E+3	9.903032E-1
3.834750E+3	9.901155E-1
3.835000E+3	9.897889E-1
3.835250E+3	9.897519E-1
3.835500E+3	9.899579E-1
3.835750E+3	9.900644E-1
3.836000E+3	9.900140E-1
3.836250E+3	9.899185E-1
3.836500E+3	9.896816E-1
3.836750E+3	9.892695E-1
3.837000E+3	9.890493E-1
3.837250E+3	9.892817E-1
3.837500E+3	9.895839E-1
3.837750E+3	9.894737E-1
3.838000E+3	9.892046E-1
3.838250E+3	9.893531E-1
3.838500E+3	9.897399E-1
3.838750E+3	9.896078E-1
3.839000E+3	9.888929E-1
3.839250E+3	9.884650E-1
3.839500E+3	9.888234E-1
3.839750E+3	9.893852E-1
3.840000E+3	9.894566E-1
3.840250E+3	9.892258E-1
3.840500E+3	9.892703E-1
3.840750E+3	9.895727E-1
3.841000E+3	9.896732E-1
3.841250E+3	9.894953E-1
3.841500E+3	9.893974E-1
3.841750E+3	9.895189E-1
3.842000E+3	9.896195E-1
3.842250E+3	9.895714E-1
3.842500E+3	9.895490E-1
3.842750E+3	9.896551E-1
3.843000E+3	9.897271E-1
3.843250E+3	9.896471E-1
3.843500E+3	9.895546E-1
3.843750E+3	9.896088E-1
3.844000E+3	9.897474E-1
3.844250E+3	9.898393E-1
3.844500E+3	9.899127E-1
3.844750E+3	9.900664E-1
3.845000E+3	9.902528E-1
3.845250E+3	9.903123E-1
3.845500E+3	9.902018E-1
3.845750E+3	9.900748E-1
3.846000E+3	9.901046E-1
3.846250E+3	9.902962E-1
3.846500E+3	9.905081E-1
3.846750E+3	9.906147E-1
3.847000E+3	9.906120E-1
3.847250E+3	9.905653E-1
3.847500E+3	9.905196E-1
3.847750E+3	9.905056E-1
3.848000E+3	9.905777E-1
3.848250E+3	9.907726E-1
3.848500E+3	9.910331E-1
3.848750E+3	9.912356E-1
3.849000E+3	9.913164E-1
3.849250E+3	9.913315E-1
3.849500E+3	9.913703E-1
3.849750E+3	9.914643E-1
3.850000E+3	9.915922E-1
3.850250E+3	9.917239E-1
3.850500E+3	9.918328E-1
3.850750E+3	9.918961E-1
3.851000E+3	9.919101E-1
3.851250E+3	9.918952E-1
3.851500E+3	9.918887E-1
3.851750E+3	9.919513E-1
3.852000E+3	9.921381E-1
3.852250E+3	9.924086E-1
3.852500E+3	9.926146E-1
3.852750E+3	9.926684E-1
3.853000E+3	9.926831E-1
3.853250E+3	9.928356E-1
3.853500E+3	9.931054E-1
3.853750E+3	9.932959E-1
3.854000E+3	9.933295E-1
3.854250E+3	9.933593E-1
3.854500E+3	9.935193E-1
3.854750E+3	9.937158E-1
3.855000E+3	9.937933E-1
3.855250E+3	9.937849E-1
3.855500E+3	9.938473E-1
3.855750E+3	9.940148E-1
3.856000E+3	9.941701E-1
3.856250E+3	9.942355E-1
3.856500E+3	9.942568E-1
3.856750E+3	9.943002E-1
3.857000E+3	9.943834E-1
3.857250E+3	9.945184E-1
3.857500E+3	9.947171E-1
3.857750E+3	9.949321E-1
3.858000E+3	9.950776E-1
3.858250E+3	9.951367E-1
3.858500E+3	9.951784E-1
3.858750E+3	9.952577E-1
3.859000E+3	9.953609E-1
3.859250E+3	9.954672E-1
3.859500E+3	9.955958E-1
3.859750E+3	9.957584E-1
3.860000E+3	9.959146E-1
3.860250E+3	9.960114E-1
3.860500E+3	9.960427E-1
3.860750E+3	9.960539E-1
3.861000E+3	9.961025E-1
3.861250E+3	9.962113E-1
3.861500E+3	9.963394E-1
3.861750E+3	9.964209E-1
3.862000E+3	9.964509E-1
3.862250E+3	9.964960E-1
3.862500E+3	9.965899E-1
3.862750E+3	9.966747E-1
3.863000E+3	9.967063E-1
3.863250E+3	9.967511E-1
3.863500E+3	9.968848E-1
3.863750E+3	9.970484E-1
3.864000E+3	9.971255E-1
3.864250E+3	9.971273E-1
3.864500E+3	9.971654E-1
3.864750E+3	9.972522E-1
3.865000E+3	9.972841E-1
3.865250E+3	9.972414E-1
3.865500E+3	9.972448E-1
3.865750E+3	9.973551E-1
3.866000E+3	9.974657E-1
3.866250E+3	9.974822E-1
3.866500E+3	9.974762E-1
3.866750E+3	9.975522E-1
3.867000E+3	9.976693E-1
3.867250E+3	9.977198E-1
3.867500E+3	9.977038E-1
3.867750E+3	9.977037E-1
3.868000E+3	9.977363E-1
3.868250E+3	9.977556E-1
3.868500E+3	9.977610E-1
3.868750E+3	9.977894E-1
3.869000E+3	9.978225E-1
3.869250E+3	9.978113E-1
3.869500E+3	9.977776E-1
3.869750E+3	9.977881E-1
3.870000E+3	9.978393E-1
3.870250E+3	9.978643E-1
3.870500E+3	9.978497E-1
3.870750E+3	9.978462E-1
3.871000E+3	9.978651E-1
3.871250E+3	9.978623E-1
3.871500E+3	9.978358E-1
3.871750E+3	9.978391E-1
3.872000E+3	9.978756E-1
3.872250E+3	9.978785E-1
3.872500E+3	9.978299E-1
3.872750E+3	9.978056E-1
3.873000E+3	9.978503E-1
3.873250E+3	9.978926E-1
3.873500E+3	9.978522E-1
3.873750E+3	9.977629E-1
3.874000E+3	9.977127E-1
3.874250E+3	9.977109E-1
3.874500E+3	9.976973E-1
3.874750E+3	9.976548E-1
3.875000E+3	9.976270E-1
3.875250E+3	9.976320E-1
3.875500E+3	9.976329E-1
3.875750E+3	9.976065E-1
3.876000E+3	9.975781E-1
3.876250E+3	9.975685E-1
3.876500E+3	9.975559E-1
3.876750E+3	9.975186E-1
3.877000E+3	9.974770E-1
3.877250E+3	9.974623E-1
3.877500E+3	9.974669E-1
3.877750E+3	9.974574E-1
3.878000E+3	9.974221E-1
3.878250E+3	9.973772E-1
3.878500E+3	9.973358E-1
3.878750E+3	9.972947E-1
3.879000E+3	9.972526E-1
3.879250E+3	9.972184E-1
3.879500E+3	9.971959E-1
3.879750E+3	9.971765E-1
3.880000E+3	9.971526E-1
3.880250E+3	9.971275E-1
3.880500E+3	9.971057E-1
3.880750E+3	9.970823E-1
3.881000E+3	9.970525E-1
3.881250E+3	9.970238E-1
3.881500E+3	9.970097E-1
3.881750E+3	9.970100E-1
3.882000E+3	9.970088E-1
3.882250E+3	9.969934E-1
3.882500E+3	9.969701E-1
3.882750E+3	9.969552E-1
3.883000E+3	9.969550E-1
3.883250E+3	9.969606E-1
3.883500E+3	9.969624E-1
3.883750E+3	9.969618E-1
3.884000E+3	9.969644E-1
3.884250E+3	9.969688E-1
3.884500E+3	9.969687E-1
3.884750E+3	9.969653E-1
3.885000E+3	9.969678E-1
3.885250E+3	9.969792E-1
3.885500E+3	9.969896E-1
3.885750E+3	9.969917E-1
3.886000E+3	9.969953E-1
3.886250E+3	9.970163E-1
3.886500E+3	9.970520E-1
3.886750E+3	9.970821E-1
3.887000E+3	9.970956E-1
3.887250E+3	9.971035E-1
3.887500E+3	9.971212E-1
3.887750E+3	9.971500E-1
3.888000E+3	9.971837E-1
3.888250E+3	9.972193E-1
3.888500E+3	9.972522E-1
3.888750E+3	9.972732E-1
3.889000E+3	9.972857E-1
3.889250E+3	9.973108E-1
3.889500E+3	9.973557E-1
3.889750E+3	9.973919E-1
3.890000E+3	9.973920E-1
3.890250E+3	9.973790E-1
3.890500E+3	9.974022E-1
3.890750E+3	9.974659E-1
3.891000E+3	9.975229E-1
3.891250E+3	9.975466E-1
3.891500E+3	9.975689E-1
3.891750E+3	9.976235E-1
3.892000E+3	9.976917E-1
3.892250E+3	9.977364E-1
3.892500E+3	9.977595E-1
3.892750E+3	9.977875E-1
3.893000E+3	9.978239E-1
3.893250E+3	9.978554E-1
3.893500E+3	9.978893E-1
3.893750E+3	9.979445E-1
3.894000E+3	9.980124E-1
3.894250E+3	9.980665E-1
3.894500E+3	9.981048E-1
3.894750E+3	9.981453E-1
3.895000E+3	9.981853E-1
3.895250E+3	9.982053E-1
3.895500E+3	9.982133E-1
3.895750E+3	9.982432E-1
3.896000E+3	9.983043E-1
3.896250E+3	9.983688E-1
3.896500E+3	9.984150E-1
3.896750E+3	9.984455E-1
3.897000E+3	9.984621E-1
3.897250E+3	9.984628E-1
3.897500E+3	9.984713E-1
3.897750E+3	9.985230E-1
3.898000E+3	9.986094E-1
3.898250E+3	9.986793E-1
3.898500E+3	9.987117E-1
3.898750E+3	9.987414E-1
3.899000E+3	9.987924E-1
3.899250E+3	9.988374E-1
3.899500E+3	9.988519E-1
3.899750E+3	9.988621E-1
3.900000E+3	9.988972E-1
3.900250E+3	9.989363E-1
3.900500E+3	9.989479E-1
3.900750E+3	9.989494E-1
3.901000E+3	9.989743E-1
3.901250E+3	9.990098E-1
3.901500E+3	9.990212E-1
3.901750E+3	9.990206E-1
3.902000E+3	9.990523E-1
3.902250E+3	9.991191E-1
3.902500E+3	9.991764E-1
3.902750E+3	9.992026E-1
3.903000E+3	9.992210E-1
3.903250E+3	9.992455E-1
3.903500E+3	9.992535E-1
3.903750E+3	9.992323E-1
3.904000E+3	9.992110E-1
3.904250E+3	9.992227E-1
3.904500E+3	9.992610E-1
3.904750E+3	9.992964E-1
3.905000E+3	9.993175E-1
3.905250E+3	9.993337E-1
3.905500E+3	9.993483E-1
3.905750E+3	9.993508E-1
3.906000E+3	9.993356E-1
3.906250E+3	9.993182E-1
3.906500E+3	9.993238E-1
3.906750E+3	9.993580E-1
3.907000E+3	9.993931E-1
3.907250E+3	9.993965E-1
3.907500E+3	9.993705E-1
3.907750E+3	9.993450E-1
3.908000E+3	9.993355E-1
3.908250E+3	9.993337E-1
3.908500E+3	9.993398E-1
3.908750E+3	9.993644E-1
3.909000E+3	9.993883E-1
3.909250E+3	9.993672E-1
3.909500E+3	9.993036E-1
3.909750E+3	9.992638E-1
3.910000E+3	9.992858E-1
3.910250E+3	9.993166E-1
3.910500E+3	9.992934E-1
3.910750E+3	9.992394E-1
3.911000E+3	9.992181E-1
3.911250E+3	9.992272E-1
3.911500E+3	9.992161E-1
3.911750E+3	9.991828E-1
3.912000E+3	9.991720E-1
3.912250E+3	9.991863E-1
3.912500E+3	9.991809E-1
3.912750E+3	9.991442E-1
3.913000E+3	9.991095E-1
3.913250E+3	9.990811E-1
3.913500E+3	9.990303E-1
3.913750E+3	9.989716E-1
3.914000E+3	9.989592E-1
3.914250E+3	9.989922E-1
3.914500E+3	9.990043E-1
3.914750E+3	9.989702E-1
3.915000E+3	9.989385E-1
3.915250E+3	9.989363E-1
3.915500E+3	9.989263E-1
3.915750E+3	9.988946E-1
3.916000E+3	9.988835E-1
3.916250E+3	9.988968E-1
3.916500E+3	9.988678E-1
3.916750E+3	9.987826E-1
3.917000E+3	9.987318E-1
3.917250E+3	9.987633E-1
3.917500E+3	9.987856E-1
3.917750E+3	9.987179E-1
3.918000E+3	9.986356E-1
3.918250E+3	9.986382E-1
3.918500E+3	9.986618E-1
3.918750E+3	9.985891E-1
3.919000E+3	9.984818E-1
3.919250E+3	9.985073E-1
3.919500E+3	9.986487E-1
3.919750E+3	9.986998E-1
3.920000E+3	9.985846E-1
3.920250E+3	9.984705E-1
3.920500E+3	9.984937E-1
3.920750E+3	9.985589E-1
3.921000E+3	9.985364E-1
3.921250E+3	9.984861E-1
3.921500E+3	9.985193E-1
3.921750E+3	9.985676E-1
3.922000E+3	9.984941E-1
3.922250E+3	9.983468E-1
3.922500E+3	9.982962E-1
3.922750E+3	9.983577E-1
3.923000E+3	9.983782E-1
3.923250E+3	9.982996E-1
3.923500E+3	9.982402E-1
3.923750E+3	9.982734E-1
3.924000E+3	9.983098E-1
3.924250E+3	9.982596E-1
3.924500E+3	9.981587E-1
3.924750E+3	9.980701E-1
3.925000E+3	9.979969E-1
3.925250E+3	9.979648E-1
3.925500E+3	9.980394E-1
3.925750E+3	9.981723E-1
3.926000E+3	9.981839E-1
3.926250E+3	9.980128E-1
3.926500E+3	9.978504E-1
3.926750E+3	9.978768E-1
3.927000E+3	9.979862E-1
3.927250E+3	9.979545E-1
3.927500E+3	9.977865E-1
3.927750E+3	9.976973E-1
3.928000E+3	9.977715E-1
3.928250E+3	9.978507E-1
3.928500E+3	9.977789E-1
3.928750E+3	9.976020E-1
3.929000E+3	9.974656E-1
3.929250E+3	9.974305E-1
3.929500E+3	9.974518E-1
3.929750E+3	9.974453E-1
3.930000E+3	9.973373E-1
3.930250E+3	9.971305E-1
3.930500E+3	9.969484E-1
3.930750E+3	9.969282E-1
3.931000E+3	9.970285E-1
3.931250E+3	9.970427E-1
3.931500E+3	9.968593E-1
3.931750E+3	9.966151E-1
3.932000E+3	9.965093E-1
3.932250E+3	9.965386E-1
3.932500E+3	9.965217E-1
3.932750E+3	9.963546E-1
3.933000E+3	9.961379E-1
3.933250E+3	9.960207E-1
3.933500E+3	9.960010E-1
3.933750E+3	9.959487E-1
3.934000E+3	9.957904E-1
3.934250E+3	9.955948E-1
3.934500E+3	9.954714E-1
3.934750E+3	9.954401E-1
3.935000E+3	9.954266E-1
3.935250E+3	9.953411E-1
3.935500E+3	9.951340E-1
3.935750E+3	9.948301E-1
3.936000E+3	9.945416E-1
3.936250E+3	9.943833E-1
3.936500E+3	9.943170E-1
3.936750E+3	9.941482E-1
3.937000E+3	9.937743E-1
3.937250E+3	9.933727E-1
3.937500E+3	9.931957E-1
3.937750E+3	9.932209E-1
3.938000E+3	9.931752E-1
3.938250E+3	9.929101E-1
3.938500E+3	9.925599E-1
3.938750E+3	9.922801E-1
3.939000E+3	9.920417E-1
3.939250E+3	9.917812E-1
3.939500E+3	9.915624E-1
3.939750E+3	9.914389E-1
3.940000E+3	9.913051E-1
3.940250E+3	9.910471E-1
3.940500E+3	9.907245E-1
3.940750E+3	9.904501E-1
3.941000E+3	9.902053E-1
3.941250E+3	9.899360E-1
3.941500E+3	9.897037E-1
3.941750E+3	9.895449E-1
3.942000E+3	9.893027E-1
3.942250E+3	9.888374E-1
3.942500E+3	9.883079E-1
3.942750E+3	9.879768E-1
3.943000E+3	9.877963E-1
3.943250E+3	9.874626E-1
3.943500E+3	9.868937E-1
3.943750E+3	9.863505E-1
3.944000E+3	9.860274E-1
3.944250E+3	9.858051E-1
3.944500E+3	9.854970E-1
3.944750E+3	9.851140E-1
3.945000E+3	9.847532E-1
3.945250E+3	9.844207E-1
3.945500E+3	9.840852E-1
3.945750E+3	9.837400E-1
3.946000E+3	9.833150E-1
3.946250E+3	9.827073E-1
3.946500E+3	9.820039E-1
3.946750E+3	9.814783E-1
3.947000E+3	9.812340E-1
3.947250E+3	9.810386E-1
3.947500E+3	9.806565E-1
3.947750E+3	9.801528E-1
3.948000E+3	9.796933E-1
3.948250E+3	9.792442E-1
3.948500E+3	9.786839E-1
3.948750E+3	9.780663E-1
3.949000E+3	9.775407E-1
3.949250E+3	9.771102E-1
3.949500E+3	9.766867E-1
3.949750E+3	9.762932E-1
3.950000E+3	9.759838E-1
3.950250E+3	9.756350E-1
3.950500E+3	9.750676E-1
3.950750E+3	9.743594E-1
3.951000E+3	9.738003E-1
3.951250E+3	9.735111E-1
3.951500E+3	9.732962E-1
3.951750E+3	9.729173E-1
3.952000E+3	9.723633E-1
3.952250E+3	9.717944E-1
3.952500E+3	9.713278E-1
3.952750E+3	9.709346E-1
3.953000E+3	9.704910E-1
3.953250E+3	9.699146E-1
3.953500E+3	9.692711E-1
3.953750E+3	9.687034E-1
3.954000E+3	9.682131E-1
3.954250E+3	9.675891E-1
3.954500E+3	9.666290E-1
3.954750E+3	9.653400E-1
3.955000E+3	9.638154E-1
3.955250E+3	9.619892E-1
3.955500E+3	9.596359E-1
3.955750E+3	9.565691E-1
3.956000E+3	9.526977E-1
3.956250E+3	9.478670E-1
3.956500E+3	9.417385E-1
3.956750E+3	9.338881E-1
3.957000E+3	9.240131E-1
3.957250E+3	9.120393E-1
3.957500E+3	8.980380E-1
3.957750E+3	8.821030E-1
3.958000E+3	8.645031E-1
3.958250E+3	8.460556E-1
3.958500E+3	8.279870E-1
3.958750E+3	8.110568E-1
3.959000E+3	7.952330E-1
3.959250E+3	7.806046E-1
3.959500E+3	7.679321E-1
3.959750E+3	7.577533E-1
3.960000E+3	7.495533E-1
3.960250E+3	7.423012E-1
3.960500E+3	7.353447E-1
3.960750E+3	7.285349E-1
3.961000E+3	7.218607E-1
3.961250E+3	7.152217E-1
3.961500E+3	7.083891E-1
3.961750E+3	7.010032E-1
3.962000E+3	6.926711E-1
3.962250E+3	6.831863E-1
3.962500E+3	6.726695E-1
3.962750E+3	6.614263E-1
3.963000E+3	6.496330E-1
3.963250E+3	6.372479E-1
3.963500E+3	6.243286E-1
3.963750E+3	6.113919E-1
3.964000E+3	5.994638E-1
3.964250E+3	5.900426E-1
3.964500E+3	5.852114E-1
3.964750E+3	5.874035E-1
3.965000E+3	5.985589E-1
3.965250E+3	6.195471E-1
3.965500E+3	6.500210E-1
3.965750E+3	6.876792E-1
3.966000E+3	7.279423E-1
3.966250E+3	7.659074E-1
3.966500E+3	7.987687E-1
3.966750E+3	8.258207E-1
3.967000E+3	8.469811E-1
3.967250E+3	8.622090E-1
3.967500E+3	8.719605E-1
3.967750E+3	8.774165E-1
3.968000E+3	8.798811E-1
3.968250E+3	8.800417E-1
3.968500E+3	8.780783E-1
3.968750E+3	8.744716E-1
3.969000E+3	8.701964E-1
3.969250E+3	8.657810E-1
3.969500E+3	8.607300E-1
3.969750E+3	8.544946E-1
3.970000E+3	8.475664E-1
3.970250E+3	8.408141E-1
3.970500E+3	8.341901E-1
3.970750E+3	8.271354E-1
3.971000E+3	8.198553E-1
3.971250E+3	8.129495E-1
3.971500E+3	8.060345E-1
3.971750E+3	7.982107E-1
3.972000E+3	7.898294E-1
3.972250E+3	7.820857E-1
3.972500E+3	7.747932E-1
3.972750E+3	7.665487E-1
3.973000E+3	7.575159E-1
3.973250E+3	7.497305E-1
3.973500E+3	7.435258E-1
3.973750E+3	7.361851E-1
3.974000E+3	7.257801E-1
3.974250E+3	7.143872E-1
3.974500E+3	7.052416E-1
3.974750E+3	6.982119E-1
3.975000E+3	6.910010E-1
3.975250E+3	6.831820E-1
3.975500E+3	6.757416E-1
3.975750E+3	6.678565E-1
3.976000E+3	6.578666E-1
3.976250E+3	6.467915E-1
3.976500E+3	6.369954E-1
3.976750E+3	6.276449E-1
3.977000E+3	6.160449E-1
3.977250E+3	6.038071E-1
3.977500E+3	5.957562E-1
3.977750E+3	5.916651E-1
3.978000E+3	5.848832E-1
3.978250E+3	5.725041E-1
3.978500E+3	5.600628E-1
3.978750E+3	5.520316E-1
3.979000E+3	5.443886E-1
3.979250E+3	5.324164E-1
3.979500E+3	5.196558E-1
3.979750E+3	5.114721E-1
3.980000E+3	5.054235E-1
3.980250E+3	4.961495E-1
3.980500E+3	4.854918E-1
3.980750E+3	4.775295E-1
3.981000E+3	4.688683E-1
3.981250E+3	4.550155E-1
3.981500E+3	4.419290E-1
3.981750E+3	4.373628E-1
3.982000E+3	4.342713E-1
3.982250E+3	4.191300E-1
3.982500E+3	3.953650E-1
3.982750E+3	3.816044E-1
3.983000E+3	3.819172E-1
3.983250E+3	3.790840E-1
3.983500E+3	3.628438E-1
3.983750E+3	3.449790E-1
3.984000E+3	3.375222E-1
3.984250E+3	3.329408E-1
3.984500E+3	3.205360E-1
3.984750E+3	3.060994E-1
3.985000E+3	3.001429E-1
3.985250E+3	2.971019E-1
3.985500E+3	2.844184E-1
3.985750E+3	2.635811E-1
3.986000E+3	2.473345E-1
3.986250E+3	2.396922E-1
3.986500E+3	2.335749E-1
3.986750E+3	2.250415E-1
3.987000E+3	2.156467E-1
3.987250E+3	2.049929E-1
3.987500E+3	1.919990E-1
3.987750E+3	1.803505E-1
3.988000E+3	1.727769E-1
3.988250E+3	1.641860E-1
3.988500E+3	1.498163E-1
3.988750E+3	1.354645E-1
3.989000E+3	1.296498E-1
3.989250E+3	1.297636E-1
3.989500E+3	1.263014E-1
3.989750E+3	1.164383E-1
3.990000E+3	1.042723E-1
3.990250E+3	9.208381E-2
3.990500E+3	8.008879E-2
3.990750E+3	7.117644E-2
3.991000E+3	6.709595E-2
3.991250E+3	6.323218E-2
3.991500E+3	5.462233E-2
3.991750E+3	4.428657E-2
3.992000E+3	3.812882E-2
3.992250E+3	3.553924E-2
3.992500E+3	3.226110E-2
3.992750E+3	2.775352E-2
3.993000E+3	2.448164E-2
3.993250E+3	2.186038E-2
3.993500E+3	1.739524E-2
3.993750E+3	1.202220E-2
3.994000E+3	9.216663E-3
3.994250E+3	9.453648E-3
3.994500E+3	9.930220E-3
3.994750E+3	8.823653E-3
3.995000E+3	7.217183E-3
3.995250E+3	7.448882E-3
3.995500E+3	1.004166E-2
3.995750E+3	1.278256E-2
3.996000E+3	1.345650E-2
3.996250E+3	1.347180E-2
3.996500E+3	1.623373E-2
3.996750E+3	2.121395E-2
3.997000E+3	2.438507E-2
3.997250E+3	2.626885E-2
3.997500E+3	3.241378E-2
3.997750E+3	4.332871E-2
3.998000E+3	5.173834E-2
3.998250E+3	5.361240E-2
3.998500E+3	5.508481E-2
3.998750E+3	6.320286E-2
3.999000E+3	7.619799E-2
3.999250E+3	8.972994E-2
3.999500E+3	1.045721E-1
3.999750E+3	1.194331E-1
4.000000E+3	1.262273E-1
4.000250E+3	1.246434E-1
4.000500E+3	1.285413E-1
4.000750E+3	1.462890E-1
4.001000E+3	1.687393E-1
4.001250E+3	1.812490E-1
4.001500E+3	1.860680E-1
4.001750E+3	1.960929E-1
4.002000E+3	2.112322E-1
4.002250E+3	2.202525E-1
4.002500E+3	2.235682E-1
4.002750E+3	2.338305E-1
4.003000E+3	2.528688E-1
4.003250E+3	2.674434E-1
4.003500E+3	2.712360E-1
4.003750E+3	2.778756E-1
4.004000E+3	2.984688E-1
4.004250E+3	3.214909E-1
4.004500E+3	3.299979E-1
4.004750E+3	3.320570E-1
4.005000E+3	3.448214E-1
4.005250E+3	3.650666E-1
4.005500E+3	3.723234E-1
4.005750E+3	3.660536E-1
4.006000E+3	3.695183E-1
4.006250E+3	3.933457E-1
4.006500E+3	4.190873E-1
4.006750E+3	4.289290E-1
4.007000E+3	4.364457E-1
4.007250E+3	4.578360E-1
4.007500E+3	4.800588E-1
4.007750E+3	4.776806E-1
4.008000E+3	4.615835E-1
4.008250E+3	4.616622E-1
4.008500E+3	4.790043E-1
4.008750E+3	4.885559E-1
4.009000E+3	4.827338E-1
4.009250E+3	4.809528E-1
4.009500E+3	4.948591E-1
4.009750E+3	5.096045E-1
4.010000E+3	5.125064E-1
4.010250E+3	5.129068E-1
4.010500E+3	5.201504E-1
4.010750E+3	5.270264E-1
4.011000E+3	5.272329E-1
4.011250E+3	5.285517E-1
4.011500E+3	5.366447E-1
4.011750E+3	5.437699E-1
4.012000E+3	5.449403E-1
4.012250E+3	5.474810E-1
4.012500E+3	5.512281E-1
4.012750E+3	5.444127E-1
4.013000E+3	5.300037E-1
4.013250E+3	5.301299E-1
4.013500E+3	5.497609E-1
4.013750E+3	5.654707E-1
4.014000E+3	5.578804E-1
4.014250E+3	5.439021E-1
4.014500E+3	5.460693E-1
4.014750E+3	5.586856E-1
4.015000E+3	5.621387E-1
4.015250E+3	5.578999E-1
4.015500E+3	5.614355E-1
4.015750E+3	5.676848E-1
4.016000E+3	5.597878E-1
4.016250E+3	5.423320E-1
4.016500E+3	5.378897E-1
4.016750E+3	5.504522E-1
4.017000E+3	5.608872E-1
4.017250E+3	5.584061E-1
4.017500E+3	5.539034E-1
4.017750E+3	5.561572E-1
4.018000E+3	5.566578E-1
4.018250E+3	5.465292E-1
4.018500E+3	5.330971E-1
4.018750E+3	5.270039E-1
4.019000E+3	5.256187E-1
4.019250E+3	5.201258E-1
4.019500E+3	5.114106E-1
4.019750E+3	5.090381E-1
4.020000E+3	5.154971E-1
4.020250E+3	5.220075E-1
4.020500E+3	5.199894E-1
4.020750E+3	5.127236E-1
4.021000E+3	5.105509E-1
4.021250E+3	5.148147E-1
4.021500E+3	5.159651E-1
4.021750E+3	5.068932E-1
4.022000E+3	4.957048E-1
4.022250E+3	4.945437E-1
4.022500E+3	5.001853E-1
4.022750E+3	5.014859E-1
4.023000E+3	4.969227E-1
4.023250E+3	4.946892E-1
4.023500E+3	4.971449E-1
4.023750E+3	4.981230E-1
4.024000E+3	4.949736E-1
4.024250E+3	4.920900E-1
4.024500E+3	4.894462E-1
4.024750E+3	4.820006E-1
4.025000E+3	4.724670E-1
4.025250E+3	4.696471E-1
4.025500E+3	4.720570E-1
4.025750E+3	4.703995E-1
4.026000E+3	4.646595E-1
4.026250E+3	4.644509E-1
4.026500E+3	4.681281E-1
4.026750E+3	4.647680E-1
4.027000E+3	4.578696E-1
4.027250E+3	4.628266E-1
4.027500E+3	4.784676E-1
4.027750E+3	4.845548E-1
4.028000E+3	4.733302E-1
4.028250E+3	4.646917E-1
4.028500E+3	4.741314E-1
4.028750E+3	4.889095E-1
4.029000E+3	4.915459E-1
4.029250E+3	4.868360E-1
4.029500E+3	4.876064E-1
4.029750E+3	4.916365E-1
4.030000E+3	4.933603E-1
4.030250E+3	4.994004E-1
4.030500E+3	5.161413E-1
4.030750E+3	5.349108E-1
4.031000E+3	5.450814E-1
4.031250E+3	5.484802E-1
4.031500E+3	5.553427E-1
4.031750E+3	5.685573E-1
4.032000E+3	5.840491E-1
4.032250E+3	6.019406E-1
4.032500E+3	6.256690E-1
4.032750E+3	6.536127E-1
4.033000E+3	6.784582E-1
4.033250E+3	6.950806E-1
4.033500E+3	7.064830E-1
4.033750E+3	7.180832E-1
4.034000E+3	7.314101E-1
4.034250E+3	7.457051E-1
4.034500E+3	7.612639E-1
4.034750E+3	7.779366E-1
4.035000E+3	7.926044E-1
4.035250E+3	8.023788E-1
4.035500E+3	8.094148E-1
4.035750E+3	8.181167E-1
4.036000E+3	8.280241E-1
4.036250E+3	8.344450E-1
4.036500E+3	8.370087E-1
4.036750E+3	8.406499E-1
4.037000E+3	8.482229E-1
4.037250E+3	8.559537E-1
4.037500E+3	8.584709E-1
4.037750E+3	8.569602E-1
4.038000E+3	8.572760E-1
4.038250E+3	8.620261E-1
4.038500E+3	8.677263E-1
4.038750E+3	8.703479E-1
4.039000E+3	8.703254E-1
4.039250E+3	8.702935E-1
4.039500E+3	8.706338E-1
4.039750E+3	8.699262E-1
4.040000E+3	8.686142E-1
4.040250E+3	8.687548E-1
4.040500E+3	8.700400E-1
4.040750E+3	8.695156E-1
4.041000E+3	8.667800E-1
4.041250E+3	8.654188E-1
4.041500E+3	8.677844E-1
4.041750E+3	8.709695E-1
4.042000E+3	8.711210E-1
4.042250E+3	8.695186E-1
4.042500E+3	8.697062E-1
4.042750E+3	8.711602E-1
4.043000E+3	8.705614E-1
4.043250E+3	8.683654E-1
4.043500E+3	8.682095E-1
4.043750E+3	8.699977E-1
4.044000E+3	8.697262E-1
4.044250E+3	8.673370E-1
4.044500E+3	8.683205E-1
4.044750E+3	8.744295E-1
4.045000E+3	8.794761E-1
4.045250E+3	8.777950E-1
4.045500E+3	8.724250E-1
4.045750E+3	8.702746E-1
4.046000E+3	8.728499E-1
4.046250E+3	8.761837E-1
4.046500E+3	8.773471E-1
4.046750E+3	8.768998E-1
4.047000E+3	8.759991E-1
4.047250E+3	8.754681E-1
4.047500E+3	8.766858E-1
4.047750E+3	8.800693E-1
4.048000E+3	8.837357E-1
4.048250E+3	8.854200E-1
4.048500E+3	8.853643E-1
4.048750E+3	8.855204E-1
4.049000E+3	8.865040E-1
4.049250E+3	8.879880E-1
4.049500E+3	8.902421E-1
4.049750E+3	8.931742E-1
4.050000E+3	8.955633E-1
4.050250E+3	8.965939E-1
4.050500E+3	8.966631E-1
4.050750E+3	8.957397E-1
4.051000E+3	8.932616E-1
4.051250E+3	8.910851E-1
4.051500E+3	8.930560E-1
4.051750E+3	8.987828E-1
4.052000E+3	9.016229E-1
4.052250E+3	8.978875E-1
4.052500E+3	8.936901E-1
4.052750E+3	8.961063E-1
4.053000E+3	9.024959E-1
4.053250E+3	9.048100E-1
4.053500E+3	9.010813E-1
4.053750E+3	8.981271E-1
4.054000E+3	9.003445E-1
4.054250E+3	9.042498E-1
4.054500E+3	9.047812E-1
4.054750E+3	9.020009E-1
4.055000E+3	8.997583E-1
4.055250E+3	9.000422E-1
4.055500E+3	9.028953E-1
4.055750E+3	9.079888E-1
4.056000E+3	9.134573E-1
4.056250E+3	9.154369E-1
4.056500E+3	9.107949E-1
4.056750E+3	9.014166E-1
4.057000E+3	8.944302E-1
4.057250E+3	8.952228E-1
4.057500E+3	9.015885E-1
4.057750E+3	9.064104E-1
4.058000E+3	9.052434E-1
4.058250E+3	8.998368E-1
4.058500E+3	8.958662E-1
4.058750E+3	8.971287E-1
4.059000E+3	9.011444E-1
4.059250E+3	9.033136E-1
4.059500E+3	9.027243E-1
4.059750E+3	9.014960E-1
4.060000E+3	9.008244E-1
4.060250E+3	8.999653E-1
4.060500E+3	8.987396E-1
4.060750E+3	8.981705E-1
4.061000E+3	8.980971E-1
4.061250E+3	8.967159E-1
4.061500E+3	8.934424E-1
4.061750E+3	8.903915E-1
4.062000E+3	8.895344E-1
4.062250E+3	8.896825E-1
4.062500E+3	8.883377E-1
4.062750E+3	8.856944E-1
4.063000E+3	8.845701E-1
4.063250E+3	8.862126E-1
4.063500E+3	8.881792E-1
4.063750E+3	8.874444E-1
4.064000E+3	8.842791E-1
4.064250E+3	8.811993E-1
4.064500E+3	8.792429E-1
4.064750E+3	8.773333E-1
4.065000E+3	8.746917E-1
4.065250E+3	8.718295E-1
4.065500E+3	8.693086E-1
4.065750E+3	8.673733E-1
4.066000E+3	8.667636E-1
4.066250E+3	8.675818E-1
4.066500E+3	8.672612E-1
4.066750E+3	8.632979E-1
4.067000E+3	8.583066E-1
4.067250E+3	8.573405E-1
4.067500E+3	8.602614E-1
4.067750E+3	8.602196E-1
4.068000E+3	8.540078E-1
4.068250E+3	8.482026E-1
4.068500E+3	8.492982E-1
4.068750E+3	8.529802E-1
4.069000E+3	8.502984E-1
4.069250E+3	8.423418E-1
4.069500E+3	8.380085E-1
4.069750E+3	8.403974E-1
4.070000E+3	8.428079E-1
4.070250E+3	8.406832E-1
4.070500E+3	8.387788E-1
4.070750E+3	8.419238E-1
4.071000E+3	8.465886E-1
4.071250E+3	8.463594E-1
4.071500E+3	8.406982E-1
4.071750E+3	8.340751E-1
4.072000E+3	8.292204E-1
4.072250E+3	8.257496E-1
4.072500E+3	8.237031E-1
4.072750E+3	8.234168E-1
4.073000E+3	8.232411E-1
4.073250E+3	8.218316E-1
4.073500E+3	8.205807E-1
4.073750E+3	8.203855E-1
4.074000E+3	8.183465E-1
4.074250E+3	8.124242E-1
4.074500E+3	8.070689E-1
4.074750E+3	8.081746E-1
4.075000E+3	8.134287E-1
4.075250E+3	8.139270E-1
4.075500E+3	8.074107E-1
4.075750E+3	8.021178E-1
4.076000E+3	8.043926E-1
4.076250E+3	8.082918E-1
4.076500E+3	8.048405E-1
4.076750E+3	7.970322E-1
4.077000E+3	7.957903E-1
4.077250E+3	8.022735E-1
4.077500E+3	8.061298E-1
4.077750E+3	8.024343E-1
4.078000E+3	8.007488E-1
4.078250E+3	8.091919E-1
4.078500E+3	8.187242E-1
4.078750E+3	8.152190E-1
4.079000E+3	7.994544E-1
4.079250E+3	7.893715E-1
4.079500E+3	7.942375E-1
4.079750E+3	8.031415E-1
4.080000E+3	8.038174E-1
4.080250E+3	7.974475E-1
4.080500E+3	7.932619E-1
4.080750E+3	7.940811E-1
4.081000E+3	7.964298E-1
4.081250E+3	7.979373E-1
4.081500E+3	7.983274E-1
4.081750E+3	7.968055E-1
4.082000E+3	7.935918E-1
4.082250E+3	7.917515E-1
4.082500E+3	7.926163E-1
4.082750E+3	7.928068E-1
4.083000E+3	7.908406E-1
4.083250E+3	7.910279E-1
4.083500E+3	7.959646E-1
4.083750E+3	8.003585E-1
4.084000E+3	8.006200E-1
4.084250E+3	8.010574E-1
4.084500E+3	8.053887E-1
4.084750E+3	8.073687E-1
4.085000E+3	8.012437E-1
4.085250E+3	7.934948E-1
4.085500E+3	7.943761E-1
4.085750E+3	8.007090E-1
4.086000E+3	8.008096E-1
4.086250E+3	7.957435E-1
4.086500E+3	7.978547E-1
4.086750E+3	8.080442E-1
4.087000E+3	8.117447E-1
4.087250E+3	8.032556E-1
4.087500E+3	7.968927E-1
4.087750E+3	8.049718E-1
4.088000E+3	8.176946E-1
4.088250E+3	8.201508E-1
4.088500E+3	8.136457E-1
4.088750E+3	8.111084E-1
4.089000E+3	8.167521E-1
4.089250E+3	8.236601E-1
4.089500E+3	8.277364E-1
4.089750E+3	8.301833E-1
4.090000E+3	8.298843E-1
4.090250E+3	8.243735E-1
4.090500E+3	8.184612E-1
4.090750E+3	8.204191E-1
4.091000E+3	8.285047E-1
4.091250E+3	8.334599E-1
4.091500E+3	8.323254E-1
4.091750E+3	8.315441E-1
4.092000E+3	8.353100E-1
4.092250E+3	8.397125E-1
4.092500E+3	8.408369E-1
4.092750E+3	8.407259E-1
4.093000E+3	8.412870E-1
4.093250E+3	8.398615E-1
4.093500E+3	8.356349E-1
4.093750E+3	8.337160E-1
4.094000E+3	8.378497E-1
4.094250E+3	8.441318E-1
4.094500E+3	8.468002E-1
4.094750E+3	8.470088E-1
4.095000E+3	8.497217E-1
4.095250E+3	8.554412E-1
4.095500E+3	8.605327E-1
4.095750E+3	8.628544E-1
4.096000E+3	8.627000E-1
4.096250E+3	8.603352E-1
4.096500E+3	8.579345E-1
4.096750E+3	8.602640E-1
4.097000E+3	8.678231E-1
4.097250E+3	8.739669E-1
4.097500E+3	8.723051E-1
4.097750E+3	8.673902E-1
4.098000E+3	8.687554E-1
4.098250E+3	8.757765E-1
4.098500E+3	8.796077E-1
4.098750E+3	8.769241E-1
4.099000E+3	8.752844E-1
4.099250E+3	8.787866E-1
4.099500E+3	8.813088E-1
4.099750E+3	8.778530E-1
4.100000E+3	8.747216E-1
4.100250E+3	8.793866E-1
4.100500E+3	8.878849E-1
4.100750E+3	8.911323E-1
4.101000E+3	8.886979E-1
4.101250E+3	8.883776E-1
4.101500E+3	8.918968E-1
4.101750E+3	8.923862E-1
4.102000E+3	8.871649E-1
4.102250E+3	8.830727E-1
4.102500E+3	8.868630E-1
4.102750E+3	8.946971E-1
4.103000E+3	8.975927E-1
4.103250E+3	8.932812E-1
4.103500E+3	8.871149E-1
4.103750E+3	8.863922E-1
4.104000E+3	8.923124E-1
4.104250E+3	8.983978E-1
4.104500E+3	8.981273E-1
4.104750E+3	8.925505E-1
4.105000E+3	8.890540E-1
4.105250E+3	8.904449E-1
4.105500E+3	8.918115E-1
4.105750E+3	8.897563E-1
4.106000E+3	8.887338E-1
4.106250E+3	8.924790E-1
4.106500E+3	8.963223E-1
4.106750E+3	8.948704E-1
4.107000E+3	8.921772E-1
4.107250E+3	8.945915E-1
4.107500E+3	8.979810E-1
4.107750E+3	8.939026E-1
4.108000E+3	8.852209E-1
4.108250E+3	8.840284E-1
4.108500E+3	8.910951E-1
4.108750E+3	8.951389E-1
4.109000E+3	8.921827E-1
4.109250E+3	8.894369E-1
4.109500E+3	8.909980E-1
4.109750E+3	8.913964E-1
4.110000E+3	8.878856E-1
4.110250E+3	8.870579E-1
4.110500E+3	8.909992E-1
4.110750E+3	8.910671E-1
4.111000E+3	8.821653E-1
4.111250E+3	8.726691E-1
4.111500E+3	8.725211E-1
4.111750E+3	8.785467E-1
4.112000E+3	8.828684E-1
4.112250E+3	8.858745E-1
4.112500E+3	8.891761E-1
4.112750E+3	8.870814E-1
4.113000E+3	8.764318E-1
4.113250E+3	8.662951E-1
4.113500E+3	8.657508E-1
4.113750E+3	8.705562E-1
4.114000E+3	8.717162E-1
4.114250E+3	8.704497E-1
4.114500E+3	8.718669E-1
4.114750E+3	8.720683E-1
4.115000E+3	8.654982E-1
4.115250E+3	8.590070E-1
4.115500E+3	8.627485E-1
4.115750E+3	8.721143E-1
4.116000E+3	8.743681E-1
4.116250E+3	8.689815E-1
4.116500E+3	8.662449E-1
4.116750E+3	8.674430E-1
4.117000E+3	8.633838E-1
4.117250E+3	8.532482E-1
4.117500E+3	8.483124E-1
4.117750E+3	8.527003E-1
4.118000E+3	8.557809E-1
4.118250E+3	8.515336E-1
4.118500E+3	8.473421E-1
4.118750E+3	8.497113E-1
4.119000E+3	8.520959E-1
4.119250E+3	8.484036E-1
4.119500E+3	8.436287E-1
4.119750E+3	8.434547E-1
4.120000E+3	8.436380E-1
4.120250E+3	8.386937E-1
4.120500E+3	8.328064E-1
4.120750E+3	8.330215E-1
4.121000E+3	8.362233E-1
4.121250E+3	8.340472E-1
4.121500E+3	8.284201E-1
4.121750E+3	8.273815E-1
4.122000E+3	8.314707E-1
4.122250E+3	8.320852E-1
4.122500E+3	8.267908E-1
4.122750E+3	8.231759E-1
4.123000E+3	8.260060E-1
4.123250E+3	8.301350E-1
4.123500E+3	8.297170E-1
4.123750E+3	8.274016E-1
4.124000E+3	8.280028E-1
4.124250E+3	8.289440E-1
4.124500E+3	8.245813E-1
4.124750E+3	8.165344E-1
4.125000E+3	8.133705E-1
4.125250E+3	8.178850E-1
4.125500E+3	8.220901E-1
4.125750E+3	8.196200E-1
4.126000E+3	8.139472E-1
4.126250E+3	8.123754E-1
4.126500E+3	8.143558E-1
4.126750E+3	8.135769E-1
4.127000E+3	8.100484E-1
4.127250E+3	8.102731E-1
4.127500E+3	8.150834E-1
4.127750E+3	8.169352E-1
4.128000E+3	8.117888E-1
4.128250E+3	8.056748E-1
4.128500E+3	8.053391E-1
4.128750E+3	8.084646E-1
4.129000E+3	8.091731E-1
4.129250E+3	8.074163E-1
4.129500E+3	8.073024E-1
4.129750E+3	8.088736E-1
4.130000E+3	8.089177E-1
4.130250E+3	8.068781E-1
4.130500E+3	8.043616E-1
4.130750E+3	8.015973E-1
4.131000E+3	7.995782E-1
4.131250E+3	8.028619E-1
4.131500E+3	8.135169E-1
4.131750E+3	8.247685E-1
4.132000E+3	8.288161E-1
4.132250E+3	8.253296E-1
4.132500E+3	8.192594E-1
4.132750E+3	8.142745E-1
4.133000E+3	8.102075E-1
4.133250E+3	8.062766E-1
4.133500E+3	8.026636E-1
4.133750E+3	8.004676E-1
4.134000E+3	8.023468E-1
4.134250E+3	8.094766E-1
4.134500E+3	8.166349E-1
4.134750E+3	8.155889E-1
4.135000E+3	8.071477E-1
4.135250E+3	8.025066E-1
4.135500E+3	8.066877E-1
4.135750E+3	8.117827E-1
4.136000E+3	8.117047E-1
4.136250E+3	8.141363E-1
4.136500E+3	8.248371E-1
4.136750E+3	8.330651E-1
4.137000E+3	8.280333E-1
4.137250E+3	8.189944E-1
4.137500E+3	8.225272E-1
4.137750E+3	8.347434E-1
4.138000E+3	8.374295E-1
4.138250E+3	8.289191E-1
4.138500E+3	8.258601E-1
4.138750E+3	8.331016E-1
4.139000E+3	8.368840E-1
4.139250E+3	8.301916E-1
4.139500E+3	8.252932E-1
4.139750E+3	8.309990E-1
4.140000E+3	8.381073E-1
4.140250E+3	8.375985E-1
4.140500E+3	8.364932E-1
4.140750E+3	8.427414E-1
4.141000E+3	8.489460E-1
4.141250E+3	8.462928E-1
4.141500E+3	8.409251E-1
4.141750E+3	8.432458E-1
4.142000E+3	8.494418E-1
4.142250E+3	8.490801E-1
4.142500E+3	8.439959E-1
4.142750E+3	8.447457E-1
4.143000E+3	8.514568E-1
4.143250E+3	8.547359E-1
4.143500E+3	8.521689E-1
4.143750E+3	8.503311E-1
4.144000E+3	8.518828E-1
4.144250E+3	8.530676E-1
4.144500E+3	8.529724E-1
4.144750E+3	8.551004E-1
4.145000E+3	8.591470E-1
4.145250E+3	8.597929E-1
4.145500E+3	8.552687E-1
4.145750E+3	8.506461E-1
4.146000E+3	8.505177E-1
4.146250E+3	8.546608E-1
4.146500E+3	8.604188E-1
4.146750E+3	8.633733E-1
4.147000E+3	8.600796E-1
4.147250E+3	8.543700E-1
4.147500E+3	8.543178E-1
4.147750E+3	8.616794E-1
4.148000E+3	8.678479E-1
4.148250E+3	8.656374E-1
4.148500E+3	8.610913E-1
4.148750E+3	8.634162E-1
4.149000E+3	8.705797E-1
4.149250E+3	8.731510E-1
4.149500E+3	8.698802E-1
4.149750E+3	8.687833E-1
4.150000E+3	8.725751E-1
4.150250E+3	8.753554E-1
4.150500E+3	8.735325E-1
4.150750E+3	8.714137E-1
4.151000E+3	8.730799E-1
4.151250E+3	8.752444E-1
4.151500E+3	8.738697E-1
4.151750E+3	8.713361E-1
4.152000E+3	8.729256E-1
4.152250E+3	8.783465E-1
4.152500E+3	8.824544E-1
4.152750E+3	8.831126E-1
4.153000E+3	8.827474E-1
4.153250E+3	8.834686E-1
4.153500E+3	8.833002E-1
4.153750E+3	8.792442E-1
4.154000E+3	8.724614E-1
4.154250E+3	8.675606E-1
4.154500E+3	8.664250E-1
4.154750E+3	8.665375E-1
4.155000E+3	8.661839E-1
4.155250E+3	8.674384E-1
4.155500E+3	8.716331E-1
4.155750E+3	8.760662E-1
4.156000E+3	8.784165E-1
4.156250E+3	8.804688E-1
4.156500E+3	8.833083E-1
4.156750E+3	8.826484E-1
4.157000E+3	8.750354E-1
4.157250E+3	8.656674E-1
4.157500E+3	8.630585E-1
4.157750E+3	8.652164E-1
4.158000E+3	8.646281E-1
4.158250E+3	8.627030E-1
4.158500E+3	8.675827E-1
4.158750E+3	8.774277E-1
4.159000E+3	8.797301E-1
4.159250E+3	8.698094E-1
4.159500E+3	8.572621E-1
4.159750E+3	8.525230E-1
4.160000E+3	8.555598E-1
4.160250E+3	8.606294E-1
4.160500E+3	8.644238E-1
4.160750E+3	8.646959E-1
4.161000E+3	8.588048E-1
4.161250E+3	8.504308E-1
4.161500E+3	8.499816E-1
4.161750E+3	8.585414E-1
4.162000E+3	8.641944E-1
4.162250E+3	8.594073E-1
4.162500E+3	8.509933E-1
4.162750E+3	8.468947E-1
4.163000E+3	8.425926E-1
4.163250E+3	8.320183E-1
4.163500E+3	8.228706E-1
4.163750E+3	8.269291E-1
4.164000E+3	8.386960E-1
4.164250E+3	8.416644E-1
4.164500E+3	8.313390E-1
4.164750E+3	8.204771E-1
4.165000E+3	8.190612E-1
4.165250E+3	8.230174E-1
4.165500E+3	8.236643E-1
4.165750E+3	8.197520E-1
4.166000E+3	8.160837E-1
4.166250E+3	8.153190E-1
4.166500E+3	8.158865E-1
4.166750E+3	8.157216E-1
4.167000E+3	8.157734E-1
4.167250E+3	8.182827E-1
4.167500E+3	8.214097E-1
4.167750E+3	8.193576E-1
4.168000E+3	8.099164E-1
4.168250E+3	7.977361E-1
4.168500E+3	7.910015E-1
4.168750E+3	7.905928E-1
4.169000E+3	7.900075E-1
4.169250E+3	7.884750E-1
4.169500E+3	7.919360E-1
4.169750E+3	7.997387E-1
4.170000E+3	8.010393E-1
4.170250E+3	7.918378E-1
4.170500E+3	7.803052E-1
4.170750E+3	7.768171E-1
4.171000E+3	7.808795E-1
4.171250E+3	7.852892E-1
4.171500E+3	7.878792E-1
4.171750E+3	7.892915E-1
4.172000E+3	7.865323E-1
4.172250E+3	7.772275E-1
4.172500E+3	7.663597E-1
4.172750E+3	7.629555E-1
4.173000E+3	7.685323E-1
4.173250E+3	7.756703E-1
4.173500E+3	7.785548E-1
4.173750E+3	7.772287E-1
4.174000E+3	7.745399E-1
4.174250E+3	7.725209E-1
4.174500E+3	7.712578E-1
4.174750E+3	7.687080E-1
4.175000E+3	7.624928E-1
4.175250E+3	7.540904E-1
4.175500E+3	7.487474E-1
4.175750E+3	7.504742E-1
4.176000E+3	7.578554E-1
4.176250E+3	7.651034E-1
4.176500E+3	7.676191E-1
4.176750E+3	7.649751E-1
4.177000E+3	7.601588E-1
4.177250E+3	7.576278E-1
4.177500E+3	7.589325E-1
4.177750E+3	7.594833E-1
4.178000E+3	7.544240E-1
4.178250E+3	7.468603E-1
4.178500E+3	7.435441E-1
4.178750E+3	7.447461E-1
4.179000E+3	7.458621E-1
4.179250E+3	7.467486E-1
4.179500E+3	7.511498E-1
4.179750E+3	7.564576E-1
4.180000E+3	7.548833E-1
4.180250E+3	7.471105E-1
4.180500E+3	7.444415E-1
4.180750E+3	7.527325E-1
4.181000E+3	7.626913E-1
4.181250E+3	7.626003E-1
4.181500E+3	7.536254E-1
4.181750E+3	7.458709E-1
4.182000E+3	7.444037E-1
4.182250E+3	7.465017E-1
4.182500E+3	7.468539E-1
4.182750E+3	7.424054E-1
4.183000E+3	7.362943E-1
4.183250E+3	7.375425E-1
4.183500E+3	7.504821E-1
4.183750E+3	7.633515E-1
4.184000E+3	7.619369E-1
4.184250E+3	7.506686E-1
4.184500E+3	7.482377E-1
4.184750E+3	7.595406E-1
4.185000E+3	7.671359E-1
4.185250E+3	7.599891E-1
4.185500E+3	7.486354E-1
4.185750E+3	7.481484E-1
4.186000E+3	7.550754E-1
4.186250E+3	7.583855E-1
4.186500E+3	7.575480E-1
4.186750E+3	7.570950E-1
4.187000E+3	7.564869E-1
4.187250E+3	7.554614E-1
4.187500E+3	7.600960E-1
4.187750E+3	7.709375E-1
4.188000E+3	7.771643E-1
4.188250E+3	7.741292E-1
4.188500E+3	7.729408E-1
4.188750E+3	7.803124E-1
4.189000E+3	7.823059E-1
4.189250E+3	7.693870E-1
4.189500E+3	7.579562E-1
4.189750E+3	7.661096E-1
4.190000E+3	7.845748E-1
4.190250E+3	7.898643E-1
4.190500E+3	7.818297E-1
4.190750E+3	7.814205E-1
4.191000E+3	7.931957E-1
4.191250E+3	7.974162E-1
4.191500E+3	7.830624E-1
4.191750E+3	7.690710E-1
4.192000E+3	7.724928E-1
4.192250E+3	7.850069E-1
4.192500E+3	7.933071E-1
4.192750E+3	7.999898E-1
4.193000E+3	8.099998E-1
4.193250E+3	8.171156E-1
4.193500E+3	8.141433E-1
4.193750E+3	8.054891E-1
4.194000E+3	8.008192E-1
4.194250E+3	7.997372E-1
4.194500E+3	7.946956E-1
4.194750E+3	7.870977E-1
4.195000E+3	7.858210E-1
4.195250E+3	7.945117E-1
4.195500E+3	8.074984E-1
4.195750E+3	8.158302E-1
4.196000E+3	8.171957E-1
4.196250E+3	8.149883E-1
4.196500E+3	8.151172E-1
4.196750E+3	8.215124E-1
4.197000E+3	8.294261E-1
4.197250E+3	8.307457E-1
4.197500E+3	8.248292E-1
4.197750E+3	8.205522E-1
4.198000E+3	8.234096E-1
4.198250E+3	8.302804E-1
4.198500E+3	8.379095E-1
4.198750E+3	8.458123E-1
4.199000E+3	8.512949E-1
4.199250E+3	8.491261E-1
4.199500E+3	8.385023E-1
4.199750E+3	8.289520E-1
4.200000E+3	8.293739E-1
4.200250E+3	8.343288E-1
4.200500E+3	8.361779E-1
4.200750E+3	8.371129E-1
4.201000E+3	8.425464E-1
4.201250E+3	8.489119E-1
4.201500E+3	8.489353E-1
4.201750E+3	8.444987E-1
4.202000E+3	8.461177E-1
4.202250E+3	8.553339E-1
4.202500E+3	8.597740E-1
4.202750E+3	8.515538E-1
4.203000E+3	8.404749E-1
4.203250E+3	8.401009E-1
4.203500E+3	8.493380E-1
4.203750E+3	8.548878E-1
4.204000E+3	8.515764E-1
4.204250E+3	8.483028E-1
4.204500E+3	8.510208E-1
4.204750E+3	8.533265E-1
4.205000E+3	8.485510E-1
4.205250E+3	8.436650E-1
4.205500E+3	8.480821E-1
4.205750E+3	8.560301E-1
4.206000E+3	8.522171E-1
4.206250E+3	8.361838E-1
4.206500E+3	8.249669E-1
4.206750E+3	8.281972E-1
4.207000E+3	8.367002E-1
4.207250E+3	8.411309E-1
4.207500E+3	8.441130E-1
4.207750E+3	8.492642E-1
4.208000E+3	8.514727E-1
4.208250E+3	8.478279E-1
4.208500E+3	8.442484E-1
4.208750E+3	8.452013E-1
4.209000E+3	8.437325E-1
4.209250E+3	8.360382E-1
4.209500E+3	8.326848E-1
4.209750E+3	8.414626E-1
4.210000E+3	8.496822E-1
4.210250E+3	8.401638E-1
4.210500E+3	8.199971E-1
4.210750E+3	8.129955E-1
4.211000E+3	8.232009E-1
4.211250E+3	8.303251E-1
4.211500E+3	8.225147E-1
4.211750E+3	8.133984E-1
4.212000E+3	8.187439E-1
4.212250E+3	8.306805E-1
4.212500E+3	8.348132E-1
4.212750E+3	8.292600E-1
4.213000E+3	8.226318E-1
4.213250E+3	8.197434E-1
4.213500E+3	8.175186E-1
4.213750E+3	8.131243E-1
4.214000E+3	8.071434E-1
4.214250E+3	8.018530E-1
4.214500E+3	8.010504E-1
4.214750E+3	8.068316E-1
4.215000E+3	8.136372E-1
4.215250E+3	8.128034E-1
4.215500E+3	8.032091E-1
4.215750E+3	7.938777E-1
4.216000E+3	7.910455E-1
4.216250E+3	7.897288E-1
4.216500E+3	7.862180E-1
4.216750E+3	7.849018E-1
4.217000E+3	7.871425E-1
4.217250E+3	7.852553E-1
4.217500E+3	7.773149E-1
4.217750E+3	7.753493E-1
4.218000E+3	7.873340E-1
4.218250E+3	7.988584E-1
4.218500E+3	7.918793E-1
4.218750E+3	7.723070E-1
4.219000E+3	7.648441E-1
4.219250E+3	7.751364E-1
4.219500E+3	7.857880E-1
4.219750E+3	7.811314E-1
4.220000E+3	7.680320E-1
4.220250E+3	7.629982E-1
4.220500E+3	7.656021E-1
4.220750E+3	7.685349E-1
4.221000E+3	7.691302E-1
4.221250E+3	7.667207E-1
4.221500E+3	7.581802E-1
4.221750E+3	7.445395E-1
4.222000E+3	7.370635E-1
4.222250E+3	7.429387E-1
4.222500E+3	7.516201E-1
4.222750E+3	7.516022E-1
4.223000E+3	7.469881E-1
4.223250E+3	7.485605E-1
4.223500E+3	7.526073E-1
4.223750E+3	7.475567E-1
4.224000E+3	7.365096E-1
4.224250E+3	7.350019E-1
4.224500E+3	7.437912E-1
4.224750E+3	7.485240E-1
4.225000E+3	7.442684E-1
4.225250E+3	7.424486E-1
4.225500E+3	7.503164E-1
4.225750E+3	7.557206E-1
4.226000E+3	7.505657E-1
4.226250E+3	7.444322E-1
4.226500E+3	7.479113E-1
4.226750E+3	7.528836E-1
4.227000E+3	7.445788E-1
4.227250E+3	7.283734E-1
4.227500E+3	7.218249E-1
4.227750E+3	7.287740E-1
4.228000E+3	7.382184E-1
4.228250E+3	7.434221E-1
4.228500E+3	7.450579E-1
4.228750E+3	7.419673E-1
4.229000E+3	7.333612E-1
4.229250E+3	7.259517E-1
4.229500E+3	7.275949E-1
4.229750E+3	7.345445E-1
4.230000E+3	7.333944E-1
4.230250E+3	7.217979E-1
4.230500E+3	7.102096E-1
4.230750E+3	7.069971E-1
4.231000E+3	7.112679E-1
4.231250E+3	7.190615E-1
4.231500E+3	7.270192E-1
4.231750E+3	7.284979E-1
4.232000E+3	7.211145E-1
4.232250E+3	7.149754E-1
4.232500E+3	7.210173E-1
4.232750E+3	7.371101E-1
4.233000E+3	7.487826E-1
4.233250E+3	7.494585E-1
4.233500E+3	7.431629E-1
4.233750E+3	7.334850E-1
4.234000E+3	7.266964E-1
4.234250E+3	7.315079E-1
4.234500E+3	7.445999E-1
4.234750E+3	7.456300E-1
4.235000E+3	7.230902E-1
4.235250E+3	7.016894E-1
4.235500E+3	7.068757E-1
4.235750E+3	7.299738E-1
4.236000E+3	7.410556E-1
4.236250E+3	7.332586E-1
4.236500E+3	7.296734E-1
4.236750E+3	7.396647E-1
4.237000E+3	7.459637E-1
4.237250E+3	7.405185E-1
4.237500E+3	7.401993E-1
4.237750E+3	7.507269E-1
4.238000E+3	7.517982E-1
4.238250E+3	7.344018E-1
4.238500E+3	7.206688E-1
4.238750E+3	7.272198E-1
4.239000E+3	7.391757E-1
4.239250E+3	7.375158E-1
4.239500E+3	7.313792E-1
4.239750E+3	7.377596E-1
4.240000E+3	7.491053E-1
4.240250E+3	7.500657E-1
4.240500E+3	7.479909E-1
4.240750E+3	7.560505E-1
4.241000E+3	7.673658E-1
4.241250E+3	7.675569E-1
4.241500E+3	7.591922E-1
4.241750E+3	7.516697E-1
4.242000E+3	7.444630E-1
4.242250E+3	7.391460E-1
4.242500E+3	7.483872E-1
4.242750E+3	7.724019E-1
4.243000E+3	7.888113E-1
4.243250E+3	7.825891E-1
4.243500E+3	7.705438E-1
4.243750E+3	7.744451E-1
4.244000E+3	7.827194E-1
4.244250E+3	7.728136E-1
4.244500E+3	7.571744E-1
4.244750E+3	7.614090E-1
4.245000E+3	7.758634E-1
4.245250E+3	7.732489E-1
4.245500E+3	7.603449E-1
4.245750E+3	7.654361E-1
4.246000E+3	7.873689E-1
4.246250E+3	7.947435E-1
4.246500E+3	7.828334E-1
4.246750E+3	7.793364E-1
4.247000E+3	7.942384E-1
4.247250E+3	8.063187E-1
4.247500E+3	8.029131E-1
4.247750E+3	7.951675E-1
4.248000E+3	7.917532E-1
4.248250E+3	7.866887E-1
4.248500E+3	7.831641E-1
4.248750E+3	7.945651E-1
4.249000E+3	8.113775E-1
4.249250E+3	8.065554E-1
4.249500E+3	7.839074E-1
4.249750E+3	7.758818E-1
4.250000E+3	7.934410E-1
4.250250E+3	8.057066E-1
4.250500E+3	7.967277E-1
4.250750E+3	7.882181E-1
4.251000E+3	7.987588E-1
4.251250E+3	8.101690E-1
4.251500E+3	8.012691E-1
4.251750E+3	7.899389E-1
4.252000E+3	7.995109E-1
4.252250E+3	8.158316E-1
4.252500E+3	8.143721E-1
4.252750E+3	7.993165E-1
4.253000E+3	7.935486E-1
4.253250E+3	8.043221E-1
4.253500E+3	8.156039E-1
4.253750E+3	8.189927E-1
4.254000E+3	8.179600E-1
4.254250E+3	8.140639E-1
4.254500E+3	8.086544E-1
4.254750E+3	8.072489E-1
4.255000E+3	8.091157E-1
4.255250E+3	8.032534E-1
4.255500E+3	7.887573E-1
4.255750E+3	7.826904E-1
4.256000E+3	7.953207E-1
4.256250E+3	8.129754E-1
4.256500E+3	8.172011E-1
4.256750E+3	8.125571E-1
4.257000E+3	8.134824E-1
4.257250E+3	8.169094E-1
4.257500E+3	8.105980E-1
4.257750E+3	7.975620E-1
4.258000E+3	7.910297E-1
4.258250E+3	7.952936E-1
4.258500E+3	8.022730E-1
4.258750E+3	8.049954E-1
4.259000E+3	8.024614E-1
4.259250E+3	7.935790E-1
4.259500E+3	7.801226E-1
4.259750E+3	7.716039E-1
4.260000E+3	7.756445E-1
4.260250E+3	7.862551E-1
4.260500E+3	7.927416E-1
4.260750E+3	7.928324E-1
4.261000E+3	7.892504E-1
4.261250E+3	7.826892E-1
4.261500E+3	7.740302E-1
4.261750E+3	7.663875E-1
4.262000E+3	7.602269E-1
4.262250E+3	7.534760E-1
4.262500E+3	7.493789E-1
4.262750E+3	7.545128E-1
4.263000E+3	7.636613E-1
4.263250E+3	7.618862E-1
4.263500E+3	7.480975E-1
4.263750E+3	7.373394E-1
4.264000E+3	7.397736E-1
4.264250E+3	7.456061E-1
4.264500E+3	7.425290E-1
4.264750E+3	7.377771E-1
4.265000E+3	7.410420E-1
4.265250E+3	7.455323E-1
4.265500E+3	7.390650E-1
4.265750E+3	7.267599E-1
4.266000E+3	7.230368E-1
4.266250E+3	7.306322E-1
4.266500E+3	7.399401E-1
4.266750E+3	7.453307E-1
4.267000E+3	7.452522E-1
4.267250E+3	7.321962E-1
4.267500E+3	7.051835E-1
4.267750E+3	6.840501E-1
4.268000E+3	6.845425E-1
4.268250E+3	6.987853E-1
4.268500E+3	7.059473E-1
4.268750E+3	7.001454E-1
4.269000E+3	6.971160E-1
4.269250E+3	7.039814E-1
4.269500E+3	7.083046E-1
4.269750E+3	6.979635E-1
4.270000E+3	6.852245E-1
4.270250E+3	6.867922E-1
4.270500E+3	6.959640E-1
4.270750E+3	6.907407E-1
4.271000E+3	6.686662E-1
4.271250E+3	6.555720E-1
4.271500E+3	6.671269E-1
4.271750E+3	6.887527E-1
4.272000E+3	6.920573E-1
4.272250E+3	6.756876E-1
4.272500E+3	6.638188E-1
4.272750E+3	6.658199E-1
4.273000E+3	6.672112E-1
4.273250E+3	6.604718E-1
4.273500E+3	6.592326E-1
4.273750E+3	6.707192E-1
4.274000E+3	6.771597E-1
4.274250E+3	6.651659E-1
4.274500E+3	6.523398E-1
4.274750E+3	6.571652E-1
4.275000E+3	6.649157E-1
4.275250E+3	6.499326E-1
4.275500E+3	6.248335E-1
4.275750E+3	6.206946E-1
4.276000E+3	6.428874E-1
4.276250E+3	6.584789E-1
4.276500E+3	6.502185E-1
4.276750E+3	6.402029E-1
4.277000E+3	6.416950E-1
4.277250E+3	6.419165E-1
4.277500E+3	6.328251E-1
4.277750E+3	6.338451E-1
4.278000E+3	6.526781E-1
4.278250E+3	6.642828E-1
4.278500E+3	6.477685E-1
4.278750E+3	6.215428E-1
4.279000E+3	6.144137E-1
4.279250E+3	6.253546E-1
4.279500E+3	6.363865E-1
4.279750E+3	6.455695E-1
4.280000E+3	6.570893E-1
4.280250E+3	6.577326E-1
4.280500E+3	6.353927E-1
4.280750E+3	6.107201E-1
4.281000E+3	6.116724E-1
4.281250E+3	6.342950E-1
4.281500E+3	6.508944E-1
4.281750E+3	6.527380E-1
4.282000E+3	6.532488E-1
4.282250E+3	6.539869E-1
4.282500E+3	6.430365E-1
4.282750E+3	6.258703E-1
4.283000E+3	6.231082E-1
4.283250E+3	6.380409E-1
4.283500E+3	6.533775E-1
4.283750E+3	6.567501E-1
4.284000E+3	6.576526E-1
4.284250E+3	6.644383E-1
4.284500E+3	6.692044E-1
4.284750E+3	6.634453E-1
4.285000E+3	6.549222E-1
4.285250E+3	6.533062E-1
4.285500E+3	6.567560E-1
4.285750E+3	6.611365E-1
4.286000E+3	6.655159E-1
4.286250E+3	6.673387E-1
4.286500E+3	6.634017E-1
4.286750E+3	6.574409E-1
4.287000E+3	6.560991E-1
4.287250E+3	6.563559E-1
4.287500E+3	6.501366E-1
4.287750E+3	6.419640E-1
4.288000E+3	6.451741E-1
4.288250E+3	6.588301E-1
4.288500E+3	6.627467E-1
4.288750E+3	6.487513E-1
4.289000E+3	6.353011E-1
4.289250E+3	6.405637E-1
4.289500E+3	6.581332E-1
4.289750E+3	6.693626E-1
4.290000E+3	6.730856E-1
4.290250E+3	6.790738E-1
4.290500E+3	6.861402E-1
4.290750E+3	6.832099E-1
4.291000E+3	6.719990E-1
4.291250E+3	6.666365E-1
4.291500E+3	6.752435E-1
4.291750E+3	6.916186E-1
4.292000E+3	7.016727E-1
4.292250E+3	7.002495E-1
4.292500E+3	6.908511E-1
4.292750E+3	6.789963E-1
4.293000E+3	6.722952E-1
4.293250E+3	6.756625E-1
4.293500E+3	6.866629E-1
4.293750E+3	6.975844E-1
4.294000E+3	7.019238E-1
4.294250E+3	7.026121E-1
4.294500E+3	7.068340E-1
4.294750E+3	7.142852E-1
4.295000E+3	7.159177E-1
4.295250E+3	7.091175E-1
4.295500E+3	7.088828E-1
4.295750E+3	7.251528E-1
4.296000E+3	7.439304E-1
4.296250E+3	7.435149E-1
4.296500E+3	7.272817E-1
4.296750E+3	7.214296E-1
4.297000E+3	7.326855E-1
4.297250E+3	7.401822E-1
4.297500E+3	7.303584E-1
4.297750E+3	7.201573E-1
4.298000E+3	7.289282E-1
4.298250E+3	7.446993E-1
4.298500E+3	7.466959E-1
4.298750E+3	7.405664E-1
4.299000E+3	7.488466E-1
4.299250E+3	7.697579E-1
4.299500E+3	7.779344E-1
4.299750E+3	7.663292E-1
4.300000E+3	7.551287E-1
4.300250E+3	7.591031E-1
4.300500E+3	7.670890E-1
4.300750E+3	7.663809E-1
4.301000E+3	7.652560E-1
4.301250E+3	7.747271E-1
4.301500E+3	7.870777E-1
4.301750E+3	7.870566E-1
4.302000E+3	7.789365E-1
4.302250E+3	7.761989E-1
4.302500E+3	7.799593E-1
4.302750E+3	7.820103E-1
4.303000E+3	7.794264E-1
4.303250E+3	7.785685E-1
4.303500E+3	7.822115E-1
4.303750E+3	7.852069E-1
4.304000E+3	7.835660E-1
4.304250E+3	7.786902E-1
4.304500E+3	7.730736E-1
4.304750E+3	7.684078E-1
4.305000E+3	7.671645E-1
4.305250E+3	7.713193E-1
4.305500E+3	7.801384E-1
4.305750E+3	7.926131E-1
4.306000E+3	8.085940E-1
4.306250E+3	8.227335E-1
4.306500E+3	8.223426E-1
4.306750E+3	8.039523E-1
4.307000E+3	7.838242E-1
4.307250E+3	7.762970E-1
4.307500E+3	7.772417E-1
4.307750E+3	7.726365E-1
4.308000E+3	7.633335E-1
4.308250E+3	7.651912E-1
4.308500E+3	7.864560E-1
4.308750E+3	8.080389E-1
4.309000E+3	8.034168E-1
4.309250E+3	7.818673E-1
4.309500E+3	7.661759E-1
4.309750E+3	7.653522E-1
4.310000E+3	7.681478E-1
4.310250E+3	7.598556E-1
4.310500E+3	7.482551E-1
4.310750E+3	7.534198E-1
4.311000E+3	7.749294E-1
4.311250E+3	7.884415E-1
4.311500E+3	7.812797E-1
4.311750E+3	7.671827E-1
4.312000E+3	7.668378E-1
4.312250E+3	7.766997E-1
4.312500E+3	7.773549E-1
4.312750E+3	7.625517E-1
4.313000E+3	7.445387E-1
4.313250E+3	7.375374E-1
4.313500E+3	7.386011E-1
4.313750E+3	7.398912E-1
4.314000E+3	7.424744E-1
4.314250E+3	7.474033E-1
4.314500E+3	7.488704E-1
4.314750E+3	7.460929E-1
4.315000E+3	7.473390E-1
4.315250E+3	7.541972E-1
4.315500E+3	7.533191E-1
4.315750E+3	7.375927E-1
4.316000E+3	7.234431E-1
4.316250E+3	7.268842E-1
4.316500E+3	7.403717E-1
4.316750E+3	7.426459E-1
4.317000E+3	7.299824E-1
4.317250E+3	7.204281E-1
4.317500E+3	7.217986E-1
4.317750E+3	7.238017E-1
4.318000E+3	7.213110E-1
4.318250E+3	7.216381E-1
4.318500E+3	7.213751E-1
4.318750E+3	7.040963E-1
4.319000E+3	6.756323E-1
4.319250E+3	6.672088E-1
4.319500E+3	6.918529E-1
4.319750E+3	7.194484E-1
4.320000E+3	7.129095E-1
4.320250E+3	6.833048E-1
4.320500E+3	6.762199E-1
4.320750E+3	7.011323E-1
4.321000E+3	7.193730E-1
4.321250E+3	7.086501E-1
4.321500E+3	6.943759E-1
4.321750E+3	7.037791E-1
4.322000E+3	7.182041E-1
4.322250E+3	7.083331E-1
4.322500E+3	6.823249E-1
4.322750E+3	6.766843E-1
4.323000E+3	6.953825E-1
4.323250E+3	7.070222E-1
4.323500E+3	6.969272E-1
4.323750E+3	6.837414E-1
4.324000E+3	6.867517E-1
4.324250E+3	6.955910E-1
4.324500E+3	6.956964E-1
4.324750E+3	6.914835E-1
4.325000E+3	6.979818E-1
4.325250E+3	7.124072E-1
4.325500E+3	7.187758E-1
4.325750E+3	7.092203E-1
4.326000E+3	6.935647E-1
4.326250E+3	6.859707E-1
4.326500E+3	6.875270E-1
4.326750E+3	6.924926E-1
4.327000E+3	6.984830E-1
4.327250E+3	7.065389E-1
4.327500E+3	7.130165E-1
4.327750E+3	7.084047E-1
4.328000E+3	6.914777E-1
4.328250E+3	6.778333E-1
4.328500E+3	6.806175E-1
4.328750E+3	6.931199E-1
4.329000E+3	6.948925E-1
4.329250E+3	6.836035E-1
4.329500E+3	6.760736E-1
4.329750E+3	6.845932E-1
4.330000E+3	7.039410E-1
4.330250E+3	7.187250E-1
4.330500E+3	7.263517E-1
4.330750E+3	7.274029E-1
4.331000E+3	7.143029E-1
4.331250E+3	6.900196E-1
4.331500E+3	6.748333E-1
4.331750E+3	6.801128E-1
4.332000E+3	6.926566E-1
4.332250E+3	6.912897E-1
4.332500E+3	6.778816E-1
4.332750E+3	6.720538E-1
4.333000E+3	6.845208E-1
4.333250E+3	7.005790E-1
4.333500E+3	7.054448E-1
4.333750E+3	7.031969E-1
4.334000E+3	7.030799E-1
4.334250E+3	7.073325E-1
4.334500E+3	7.110830E-1
4.334750E+3	7.104798E-1
4.335000E+3	7.060203E-1
4.335250E+3	7.050146E-1
4.335500E+3	7.146403E-1
4.335750E+3	7.297763E-1
4.336000E+3	7.315050E-1
4.336250E+3	7.097601E-1
4.336500E+3	6.956548E-1
4.336750E+3	7.130099E-1
4.337000E+3	7.435867E-1
4.337250E+3	7.527288E-1
4.337500E+3	7.319008E-1
4.337750E+3	7.160693E-1
4.338000E+3	7.259083E-1
4.338250E+3	7.395966E-1
4.338500E+3	7.324156E-1
4.338750E+3	7.170693E-1
4.339000E+3	7.175378E-1
4.339250E+3	7.288047E-1
4.339500E+3	7.345444E-1
4.339750E+3	7.384388E-1
4.340000E+3	7.516134E-1
4.340250E+3	7.614296E-1
4.340500E+3	7.487499E-1
4.340750E+3	7.241239E-1
4.341000E+3	7.194212E-1
4.341250E+3	7.403492E-1
4.341500E+3	7.580558E-1
4.341750E+3	7.558346E-1
4.342000E+3	7.476326E-1
4.342250E+3	7.474845E-1
4.342500E+3	7.479558E-1
4.342750E+3	7.431983E-1
4.343000E+3	7.466531E-1
4.343250E+3	7.671601E-1
4.343500E+3	7.878895E-1
4.343750E+3	7.881397E-1
4.344000E+3	7.763594E-1
4.344250E+3	7.716788E-1
4.344500E+3	7.738010E-1
4.344750E+3	7.716706E-1
4.345000E+3	7.675675E-1
4.345250E+3	7.729753E-1
4.345500E+3	7.834754E-1
4.345750E+3	7.831449E-1
4.346000E+3	7.710730E-1
4.346250E+3	7.636425E-1
4.346500E+3	7.686526E-1
4.346750E+3	7.763761E-1
4.347000E+3	7.778159E-1
4.347250E+3	7.781847E-1
4.347500E+3	7.838356E-1
4.347750E+3	7.923826E-1
4.348000E+3	7.987166E-1
4.348250E+3	8.016971E-1
4.348500E+3	8.016215E-1
4.348750E+3	7.990787E-1
4.349000E+3	7.999772E-1
4.349250E+3	8.099498E-1
4.349500E+3	8.214459E-1
4.349750E+3	8.193960E-1
4.350000E+3	8.042782E-1
4.350250E+3	7.982266E-1
4.350500E+3	8.093021E-1
4.350750E+3	8.158821E-1
4.351000E+3	8.044132E-1
4.351250E+3	7.919694E-1
4.351500E+3	7.995250E-1
4.351750E+3	8.167681E-1
4.352000E+3	8.179371E-1
4.352250E+3	8.060552E-1
4.352500E+3	8.082572E-1
4.352750E+3	8.289711E-1
4.353000E+3	8.402756E-1
4.353250E+3	8.257067E-1
4.353500E+3	8.031568E-1
4.353750E+3	7.958170E-1
4.354000E+3	8.036589E-1
4.354250E+3	8.093165E-1
4.354500E+3	8.077602E-1
4.354750E+3	8.085684E-1
4.355000E+3	8.160954E-1
4.355250E+3	8.241689E-1
4.355500E+3	8.254937E-1
4.355750E+3	8.192833E-1
4.356000E+3	8.112149E-1
4.356250E+3	8.101086E-1
4.356500E+3	8.181501E-1
4.356750E+3	8.266115E-1
4.357000E+3	8.249360E-1
4.357250E+3	8.136734E-1
4.357500E+3	8.057664E-1
4.357750E+3	8.059981E-1
4.358000E+3	8.082173E-1
4.358250E+3	8.104839E-1
4.358500E+3	8.162615E-1
4.358750E+3	8.221522E-1
4.359000E+3	8.207583E-1
4.359250E+3	8.146257E-1
4.359500E+3	8.149690E-1
4.359750E+3	8.222946E-1
4.360000E+3	8.237871E-1
4.360250E+3	8.181434E-1
4.360500E+3	8.185323E-1
4.360750E+3	8.275372E-1
4.361000E+3	8.279470E-1
4.361250E+3	8.146575E-1
4.361500E+3	8.057358E-1
4.361750E+3	8.160688E-1
4.362000E+3	8.274672E-1
4.362250E+3	8.208361E-1
4.362500E+3	8.069411E-1
4.362750E+3	8.066516E-1
4.363000E+3	8.212884E-1
4.363250E+3	8.320825E-1
4.363500E+3	8.341342E-1
4.363750E+3	8.355041E-1
4.364000E+3	8.364698E-1
4.364250E+3	8.321379E-1
4.364500E+3	8.286210E-1
4.364750E+3	8.351724E-1
4.365000E+3	8.463134E-1
4.365250E+3	8.483690E-1
4.365500E+3	8.419987E-1
4.365750E+3	8.389065E-1
4.366000E+3	8.402501E-1
4.366250E+3	8.374664E-1
4.366500E+3	8.312419E-1
4.366750E+3	8.320992E-1
4.367000E+3	8.393363E-1
4.367250E+3	8.409118E-1
4.367500E+3	8.361004E-1
4.367750E+3	8.347793E-1
4.368000E+3	8.389922E-1
4.368250E+3	8.403040E-1
4.368500E+3	8.395431E-1
4.368750E+3	8.479194E-1
4.369000E+3	8.659168E-1
4.369250E+3	8.773216E-1
4.369500E+3	8.726822E-1
4.369750E+3	8.621572E-1
4.370000E+3	8.589832E-1
4.370250E+3	8.634477E-1
4.370500E+3	8.673446E-1
4.370750E+3	8.671928E-1
4.371000E+3	8.658252E-1
4.371250E+3	8.667562E-1
4.371500E+3	8.716831E-1
4.371750E+3	8.790817E-1
4.372000E+3	8.844778E-1
4.372250E+3	8.868843E-1
4.372500E+3	8.904569E-1
4.372750E+3	8.960559E-1
4.373000E+3	8.971235E-1
4.373250E+3	8.914496E-1
4.373500E+3	8.892058E-1
4.373750E+3	8.993892E-1
4.374000E+3	9.155802E-1
4.374250E+3	9.239641E-1
4.374500E+3	9.248514E-1
4.374750E+3	9.274036E-1
4.375000E+3	9.326282E-1
4.375250E+3	9.349178E-1
4.375500E+3	9.361633E-1
4.375750E+3	9.425936E-1
4.376000E+3	9.512260E-1
4.376250E+3	9.530784E-1
4.376500E+3	9.495931E-1
4.376750E+3	9.515372E-1
4.377000E+3	9.601245E-1
4.377250E+3	9.661167E-1
4.377500E+3	9.659122E-1
4.377750E+3	9.656494E-1
4.378000E+3	9.680857E-1
4.378250E+3	9.670560E-1
4.378500E+3	9.587668E-1
4.378750E+3	9.482622E-1
4.379000E+3	9.405877E-1
4.379250E+3	9.336784E-1
4.379500E+3	9.239203E-1
4.379750E+3	9.124773E-1
4.380000E+3	9.008860E-1
4.380250E+3	8.869672E-1
4.380500E+3	8.692807E-1
4.380750E+3	8.498096E-1
4.381000E+3	8.269169E-1
4.381250E+3	7.941123E-1
4.381500E+3	7.550783E-1
4.381750E+3	7.272071E-1
4.382000E+3	7.163562E-1
4.382250E+3	7.018712E-1
4.382500E+3	6.663415E-1
4.382750E+3	6.281204E-1
4.383000E+3	6.156302E-1
4.383250E+3	6.226470E-1
4.383500E+3	6.133508E-1
4.383750E+3	5.839154E-1
4.384000E+3	5.676418E-1
4.384250E+3	5.793188E-1
4.384500E+3	5.956520E-1
4.384750E+3	5.902388E-1
4.385000E+3	5.744830E-1
4.385250E+3	5.709259E-1
4.385500E+3	5.787149E-1
4.385750E+3	5.838272E-1
4.386000E+3	5.851038E-1
4.386250E+3	5.895231E-1
4.386500E+3	5.943109E-1
4.386750E+3	5.959313E-1
4.387000E+3	6.025309E-1
4.387250E+3	6.201999E-1
4.387500E+3	6.366601E-1
4.387750E+3	6.376558E-1
4.388000E+3	6.279662E-1
4.388250E+3	6.270310E-1
4.388500E+3	6.400410E-1
4.388750E+3	6.528492E-1
4.389000E+3	6.556372E-1
4.389250E+3	6.550118E-1
4.389500E+3	6.637296E-1
4.389750E+3	6.802456E-1
4.390000E+3	6.913409E-1
4.390250E+3	6.897139E-1
4.390500E+3	6.824071E-1
4.390750E+3	6.824108E-1
4.391000E+3	6.909374E-1
4.391250E+3	6.961712E-1
4.391500E+3	6.921359E-1
4.391750E+3	6.885342E-1
4.392000E+3	6.960001E-1
4.392250E+3	7.085740E-1
4.392500E+3	7.144700E-1
4.392750E+3	7.183516E-1
4.393000E+3	7.343569E-1
4.393250E+3	7.586507E-1
4.393500E+3	7.660426E-1
4.393750E+3	7.498457E-1
4.394000E+3	7.325781E-1
4.394250E+3	7.365498E-1
4.394500E+3	7.584386E-1
4.394750E+3	7.739370E-1
4.395000E+3	7.716091E-1
4.395250E+3	7.633444E-1
4.395500E+3	7.636293E-1
4.395750E+3	7.726613E-1
4.396000E+3	7.817789E-1
4.396250E+3	7.866688E-1
4.396500E+3	7.903210E-1
4.396750E+3	7.972366E-1
4.397000E+3	8.082013E-1
4.397250E+3	8.190820E-1
4.397500E+3	8.244162E-1
4.397750E+3	8.236131E-1
4.398000E+3	8.201768E-1
4.398250E+3	8.176902E-1
4.398500E+3	8.185695E-1
4.398750E+3	8.229215E-1
4.399000E+3	8.283145E-1
4.399250E+3	8.313583E-1
4.399500E+3	8.305416E-1
4.399750E+3	8.293445E-1
4.400000E+3	8.331041E-1
4.400250E+3	8.429477E-1
4.400500E+3	8.546687E-1
4.400750E+3	8.625665E-1
4.401000E+3	8.647982E-1
4.401250E+3	8.627788E-1
4.401500E+3	8.580668E-1
4.401750E+3	8.528592E-1
4.402000E+3	8.505037E-1
4.402250E+3	8.531021E-1
4.402500E+3	8.594326E-1
4.402750E+3	8.660116E-1
4.403000E+3	8.695609E-1
4.403250E+3	8.689831E-1
4.403500E+3	8.669478E-1
4.403750E+3	8.672903E-1
4.404000E+3	8.695229E-1
4.404250E+3	8.697057E-1
4.404500E+3	8.665559E-1
4.404750E+3	8.638313E-1
4.405000E+3	8.633981E-1
4.405250E+3	8.620254E-1
4.405500E+3	8.580791E-1
4.405750E+3	8.568126E-1
4.406000E+3	8.621280E-1
4.406250E+3	8.679083E-1
4.406500E+3	8.665198E-1
4.406750E+3	8.607776E-1
4.407000E+3	8.610865E-1
4.407250E+3	8.690489E-1
4.407500E+3	8.731407E-1
4.407750E+3	8.655127E-1
4.408000E+3	8.546012E-1
4.408250E+3	8.527270E-1
4.408500E+3	8.608525E-1
4.408750E+3	8.682879E-1
4.409000E+3	8.675698E-1
4.409250E+3	8.631919E-1
4.409500E+3	8.618385E-1
4.409750E+3	8.641410E-1
4.410000E+3	8.661730E-1
4.410250E+3	8.659628E-1
4.410500E+3	8.641343E-1
4.410750E+3	8.607897E-1
4.411000E+3	8.562971E-1
4.411250E+3	8.533706E-1
4.411500E+3	8.549079E-1
4.411750E+3	8.602106E-1
4.412000E+3	8.653184E-1
4.412250E+3	8.670695E-1
4.412500E+3	8.653401E-1
4.412750E+3	8.619257E-1
4.413000E+3	8.590929E-1
4.413250E+3	8.585702E-1
4.413500E+3	8.604497E-1
4.413750E+3	8.626785E-1
4.414000E+3	8.630032E-1
4.414250E+3	8.620448E-1
4.414500E+3	8.621691E-1
4.414750E+3	8.638623E-1
4.415000E+3	8.651983E-1
4.415250E+3	8.648121E-1
4.415500E+3	8.634817E-1
4.415750E+3	8.619334E-1
4.416000E+3	8.595499E-1
4.416250E+3	8.559494E-1
4.416500E+3	8.519577E-1
4.416750E+3	8.483499E-1
4.417000E+3	8.453859E-1
4.417250E+3	8.441117E-1
4.417500E+3	8.456873E-1
4.417750E+3	8.488717E-1
4.418000E+3	8.509962E-1
4.418250E+3	8.517070E-1
4.418500E+3	8.528922E-1
4.418750E+3	8.543587E-1
4.419000E+3	8.529494E-1
4.419250E+3	8.475832E-1
4.419500E+3	8.413988E-1
4.419750E+3	8.373328E-1
4.420000E+3	8.348002E-1
4.420250E+3	8.330561E-1
4.420500E+3	8.342047E-1
4.420750E+3	8.389674E-1
4.421000E+3	8.434663E-1
4.421250E+3	8.444939E-1
4.421500E+3	8.439469E-1
4.421750E+3	8.444242E-1
4.422000E+3	8.441070E-1
4.422250E+3	8.410082E-1
4.422500E+3	8.385847E-1
4.422750E+3	8.410602E-1
4.423000E+3	8.457690E-1
4.423250E+3	8.464198E-1
4.423500E+3	8.427960E-1
4.423750E+3	8.404424E-1
4.424000E+3	8.416545E-1
4.424250E+3	8.437330E-1
4.424500E+3	8.452230E-1
4.424750E+3	8.466866E-1
4.425000E+3	8.464249E-1
4.425250E+3	8.426931E-1
4.425500E+3	8.398804E-1
4.425750E+3	8.441596E-1
4.426000E+3	8.526852E-1
4.426250E+3	8.555779E-1
4.426500E+3	8.499581E-1
4.426750E+3	8.438747E-1
4.427000E+3	8.439628E-1
4.427250E+3	8.468480E-1
4.427500E+3	8.475109E-1
4.427750E+3	8.475067E-1
4.428000E+3	8.498490E-1
4.428250E+3	8.519010E-1
4.428500E+3	8.504716E-1
4.428750E+3	8.483782E-1
4.429000E+3	8.493991E-1
4.429250E+3	8.515775E-1
4.429500E+3	8.518025E-1
4.429750E+3	8.526254E-1
4.430000E+3	8.574772E-1
4.430250E+3	8.628626E-1
4.430500E+3	8.626019E-1
4.430750E+3	8.586535E-1
4.431000E+3	8.583460E-1
4.431250E+3	8.629020E-1
4.431500E+3	8.653561E-1
4.431750E+3	8.619882E-1
4.432000E+3	8.583467E-1
4.432250E+3	8.604397E-1
4.432500E+3	8.665763E-1
4.432750E+3	8.706364E-1
4.433000E+3	8.703484E-1
4.433250E+3	8.684270E-1
4.433500E+3	8.680586E-1
4.433750E+3	8.699650E-1
4.434000E+3	8.731852E-1
4.434250E+3	8.765024E-1
4.434500E+3	8.784917E-1
4.434750E+3	8.781126E-1
4.435000E+3	8.761349E-1
4.435250E+3	8.748375E-1
4.435500E+3	8.760159E-1
4.435750E+3	8.793206E-1
4.436000E+3	8.823557E-1
4.436250E+3	8.830901E-1
4.436500E+3	8.822946E-1
4.436750E+3	8.826849E-1
4.437000E+3	8.853711E-1
4.437250E+3	8.883832E-1
4.437500E+3	8.892794E-1
4.437750E+3	8.883833E-1
4.438000E+3	8.884833E-1
4.438250E+3	8.916199E-1
4.438500E+3	8.965734E-1
4.438750E+3	8.995761E-1
4.439000E+3	8.982414E-1
4.439250E+3	8.941633E-1
4.439500E+3	8.917026E-1
4.439750E+3	8.937621E-1
4.440000E+3	8.980619E-1
4.440250E+3	9.004720E-1
4.440500E+3	9.004823E-1
4.440750E+3	9.005294E-1
4.441000E+3	9.016924E-1
4.441250E+3	9.026273E-1
4.441500E+3	9.029596E-1
4.441750E+3	9.043069E-1
4.442000E+3	9.071656E-1
4.442250E+3	9.096551E-1
4.442500E+3	9.105696E-1
4.442750E+3	9.111463E-1
4.443000E+3	9.124255E-1
4.443250E+3	9.134692E-1
4.443500E+3	9.136576E-1
4.443750E+3	9.143358E-1
4.444000E+3	9.163711E-1
4.444250E+3	9.182660E-1
4.444500E+3	9.184941E-1
4.444750E+3	9.178168E-1
4.445000E+3	9.176997E-1
4.445250E+3	9.181984E-1
4.445500E+3	9.190622E-1
4.445750E+3	9.208855E-1
4.446000E+3	9.233698E-1
4.446250E+3	9.245523E-1
4.446500E+3	9.236873E-1
4.446750E+3	9.230672E-1
4.447000E+3	9.248800E-1
4.447250E+3	9.277252E-1
4.447500E+3	9.289467E-1
4.447750E+3	9.287477E-1
4.448000E+3	9.292547E-1
4.448250E+3	9.306974E-1
4.448500E+3	9.314320E-1
4.448750E+3	9.311993E-1
4.449000E+3	9.315292E-1
4.449250E+3	9.329340E-1
4.449500E+3	9.341163E-1
4.449750E+3	9.343138E-1
4.450000E+3	9.343963E-1
4.450250E+3	9.350921E-1
4.450500E+3	9.358680E-1
4.450750E+3	9.361996E-1
4.451000E+3	9.365277E-1
4.451250E+3	9.372808E-1
4.451500E+3	9.380630E-1
4.451750E+3	9.384336E-1
4.452000E+3	9.385950E-1
4.452250E+3	9.388109E-1
4.452500E+3	9.389186E-1
4.452750E+3	9.388777E-1
4.453000E+3	9.391413E-1
4.453250E+3	9.399591E-1
4.453500E+3	9.408263E-1
4.453750E+3	9.411160E-1
4.454000E+3	9.409618E-1
4.454250E+3	9.410230E-1
4.454500E+3	9.415176E-1
4.454750E+3	9.419678E-1
4.455000E+3	9.419399E-1
4.455250E+3	9.416611E-1
4.455500E+3	9.416673E-1
4.455750E+3	9.420494E-1
4.456000E+3	9.423571E-1
4.456250E+3	9.422671E-1
4.456500E+3	9.420305E-1
4.456750E+3	9.420760E-1
4.457000E+3	9.424009E-1
4.457250E+3	9.426358E-1
4.457500E+3	9.426030E-1
4.457750E+3	9.425053E-1
4.458000E+3	9.425640E-1
4.458250E+3	9.427260E-1
4.458500E+3	9.428127E-1
4.458750E+3	9.427829E-1
4.459000E+3	9.427333E-1
4.459250E+3	9.427251E-1
4.459500E+3	9.427020E-1
4.459750E+3	9.425853E-1
4.460000E+3	9.424058E-1
4.460250E+3	9.422980E-1
4.460500E+3	9.423440E-1
4.460750E+3	9.424589E-1
4.461000E+3	9.424798E-1
4.461250E+3	9.423331E-1
4.461500E+3	9.420791E-1
4.461750E+3	9.418407E-1
4.462000E+3	9.417205E-1
4.462250E+3	9.417296E-1
4.462500E+3	9.417835E-1
4.462750E+3	9.418357E-1
4.463000E+3	9.419554E-1
4.463250E+3	9.421153E-1
4.463500E+3	9.420115E-1
4.463750E+3	9.414075E-1
4.464000E+3	9.406199E-1
4.464250E+3	9.402916E-1
4.464500E+3	9.406029E-1
4.464750E+3	9.411274E-1
4.465000E+3	9.415340E-1
4.465250E+3	9.418585E-1
4.465500E+3	9.419737E-1
4.465750E+3	9.414955E-1
4.466000E+3	9.405712E-1
4.466250E+3	9.401186E-1
4.466500E+3	9.406943E-1
4.466750E+3	9.416408E-1
4.467000E+3	9.420015E-1
4.467250E+3	9.418116E-1
4.467500E+3	9.418842E-1
4.467750E+3	9.424903E-1
4.468000E+3	9.430304E-1
4.468250E+3	9.430692E-1
4.468500E+3	9.430478E-1
4.468750E+3	9.435555E-1
4.469000E+3	9.442629E-1
4.469250E+3	9.441450E-1
4.469500E+3	9.429501E-1
4.469750E+3	9.420829E-1
4.470000E+3	9.430472E-1
4.470250E+3	9.453864E-1
4.470500E+3	9.470365E-1
4.470750E+3	9.468972E-1
4.471000E+3	9.461900E-1
4.471250E+3	9.463980E-1
4.471500E+3	9.470867E-1
4.471750E+3	9.470337E-1
4.472000E+3	9.465632E-1
4.472250E+3	9.469778E-1
4.472500E+3	9.481455E-1
4.472750E+3	9.485494E-1
4.473000E+3	9.477183E-1
4.473250E+3	9.469020E-1
4.473500E+3	9.471575E-1
4.473750E+3	9.481493E-1
4.474000E+3	9.491458E-1
4.474250E+3	9.498207E-1
4.474500E+3	9.500371E-1
4.474750E+3	9.500629E-1
4.475000E+3	9.507207E-1
4.475250E+3	9.521109E-1
4.475500E+3	9.527380E-1
4.475750E+3	9.517342E-1
4.476000E+3	9.508086E-1
4.476250E+3	9.520264E-1
4.476500E+3	9.542688E-1
4.476750E+3	9.545370E-1
4.477000E+3	9.530840E-1
4.477250E+3	9.528896E-1
4.477500E+3	9.546447E-1
4.477750E+3	9.555115E-1
4.478000E+3	9.540212E-1
4.478250E+3	9.523879E-1
4.478500E+3	9.528260E-1
4.478750E+3	9.544595E-1
4.479000E+3	9.555079E-1
4.479250E+3	9.563095E-1
4.479500E+3	9.576106E-1
4.479750E+3	9.583337E-1
4.480000E+3	9.573515E-1
4.480250E+3	9.556082E-1
4.480500E+3	9.547302E-1
4.480750E+3	9.549323E-1
4.481000E+3	9.554719E-1
4.481250E+3	9.560970E-1
4.481500E+3	9.567956E-1
4.481750E+3	9.574573E-1
4.482000E+3	9.585198E-1
4.482250E+3	9.602982E-1
4.482500E+3	9.613930E-1
4.482750E+3	9.601121E-1
4.483000E+3	9.575890E-1
4.483250E+3	9.568680E-1
4.483500E+3	9.586947E-1
4.483750E+3	9.607561E-1
4.484000E+3	9.617464E-1
4.484250E+3	9.626815E-1
4.484500E+3	9.634845E-1
4.484750E+3	9.623869E-1
4.485000E+3	9.597251E-1
4.485250E+3	9.585785E-1
4.485500E+3	9.598946E-1
4.485750E+3	9.610462E-1
4.486000E+3	9.608001E-1
4.486250E+3	9.607380E-1
4.486500E+3	9.611472E-1
4.486750E+3	9.599617E-1
4.487000E+3	9.577077E-1
4.487250E+3	9.577600E-1
4.487500E+3	9.603102E-1
4.487750E+3	9.611870E-1
4.488000E+3	9.591157E-1
4.488250E+3	9.583767E-1
4.488500E+3	9.604622E-1
4.488750E+3	9.610661E-1
4.489000E+3	9.584962E-1
4.489250E+3	9.579182E-1
4.489500E+3	9.618336E-1
4.489750E+3	9.642606E-1
4.490000E+3	9.607042E-1
4.490250E+3	9.566214E-1
4.490500E+3	9.584293E-1
4.490750E+3	9.623303E-1
4.491000E+3	9.611170E-1
4.491250E+3	9.571605E-1
4.491500E+3	9.578639E-1
4.491750E+3	9.620276E-1
4.492000E+3	9.626920E-1
4.492250E+3	9.598894E-1
4.492500E+3	9.600711E-1
4.492750E+3	9.638374E-1
4.493000E+3	9.653691E-1
4.493250E+3	9.633471E-1
4.493500E+3	9.620954E-1
4.493750E+3	9.626425E-1
4.494000E+3	9.612381E-1
4.494250E+3	9.584165E-1
4.494500E+3	9.597007E-1
4.494750E+3	9.650835E-1
4.495000E+3	9.664982E-1
4.495250E+3	9.606578E-1
4.495500E+3	9.551439E-1
4.495750E+3	9.569321E-1
4.496000E+3	9.630312E-1
4.496250E+3	9.649998E-1
4.496500E+3	9.614272E-1
4.496750E+3	9.583098E-1
4.497000E+3	9.597633E-1
4.497250E+3	9.637901E-1
4.497500E+3	9.651378E-1
4.497750E+3	9.616220E-1
4.498000E+3	9.564634E-1
4.498250E+3	9.547859E-1
4.498500E+3	9.561515E-1
4.498750E+3	9.560778E-1
4.499000E+3	9.543189E-1
4.499250E+3	9.554767E-1
4.499500E+3	9.604139E-1
4.499750E+3	9.624332E-1
4.500000E+3	9.593535E-1
4.500250E+3	9.581009E-1
4.500500E+3	9.628892E-1
4.500750E+3	9.650444E-1
4.501000E+3	9.569825E-1
4.501250E+3	9.475812E-1
4.501500E+3	9.514516E-1
4.501750E+3	9.619344E-1
4.502000E+3	9.623416E-1
4.502250E+3	9.527695E-1
4.502500E+3	9.490293E-1
4.502750E+3	9.576010E-1
4.503000E+3	9.648287E-1
4.503250E+3	9.599874E-1
4.503500E+3	9.529046E-1
4.503750E+3	9.552289E-1
4.504000E+3	9.592763E-1
4.504250E+3	9.538091E-1
4.504500E+3	9.437414E-1
4.504750E+3	9.436233E-1
4.505000E+3	9.516451E-1
4.505250E+3	9.547686E-1
4.505500E+3	9.485200E-1
4.505750E+3	9.433682E-1
4.506000E+3	9.473933E-1
4.506250E+3	9.560936E-1
4.506500E+3	9.608454E-1
4.506750E+3	9.584345E-1
4.507000E+3	9.524380E-1
4.507250E+3	9.463000E-1
4.507500E+3	9.430737E-1
4.507750E+3	9.444765E-1
4.508000E+3	9.467976E-1
4.508250E+3	9.467286E-1
4.508500E+3	9.465023E-1
4.508750E+3	9.492050E-1
4.509000E+3	9.527229E-1
4.509250E+3	9.543362E-1
4.509500E+3	9.560572E-1
4.509750E+3	9.584617E-1
4.510000E+3	9.561325E-1
4.510250E+3	9.469907E-1
4.510500E+3	9.402941E-1
4.510750E+3	9.454058E-1
4.511000E+3	9.566518E-1
4.511250E+3	9.606414E-1
4.511500E+3	9.552284E-1
4.511750E+3	9.497238E-1
4.512000E+3	9.474002E-1
4.512250E+3	9.434688E-1
4.512500E+3	9.393606E-1
4.512750E+3	9.434584E-1
4.513000E+3	9.534953E-1
4.513250E+3	9.578294E-1
4.513500E+3	9.545635E-1
4.513750E+3	9.542555E-1
4.514000E+3	9.606940E-1
4.514250E+3	9.609321E-1
4.514500E+3	9.482346E-1
4.514750E+3	9.379534E-1
4.515000E+3	9.418518E-1
4.515250E+3	9.503258E-1
4.515500E+3	9.467355E-1
4.515750E+3	9.348632E-1
4.516000E+3	9.339496E-1
4.516250E+3	9.472673E-1
4.516500E+3	9.573251E-1
4.516750E+3	9.528828E-1
4.517000E+3	9.434210E-1
4.517250E+3	9.403309E-1
4.517500E+3	9.445272E-1
4.517750E+3	9.497175E-1
4.518000E+3	9.528164E-1
4.518250E+3	9.543898E-1
4.518500E+3	9.530406E-1
4.518750E+3	9.490057E-1
4.519000E+3	9.465499E-1
4.519250E+3	9.459359E-1
4.519500E+3	9.416006E-1
4.519750E+3	9.327882E-1
4.520000E+3	9.295138E-1
4.520250E+3	9.363795E-1
4.520500E+3	9.443320E-1
4.520750E+3	9.421988E-1
4.521000E+3	9.328170E-1
4.521250E+3	9.320183E-1
4.521500E+3	9.406572E-1
4.521750E+3	9.448541E-1
4.522000E+3	9.389805E-1
4.522250E+3	9.366004E-1
4.522500E+3	9.475480E-1
4.522750E+3	9.554453E-1
4.523000E+3	9.416560E-1
4.523250E+3	9.149831E-1
4.523500E+3	9.107544E-1
4.523750E+3	9.287083E-1
4.524000E+3	9.344812E-1
4.524250E+3	9.113946E-1
4.524500E+3	8.878029E-1
4.524750E+3	8.980457E-1
4.525000E+3	9.267458E-1
4.525250E+3	9.409629E-1
4.525500E+3	9.343865E-1
4.525750E+3	9.286983E-1
4.526000E+3	9.279719E-1
4.526250E+3	9.146123E-1
4.526500E+3	8.905203E-1
4.526750E+3	8.871889E-1
4.527000E+3	9.082331E-1
4.527250E+3	9.258558E-1
4.527500E+3	9.179854E-1
4.527750E+3	8.998836E-1
4.528000E+3	8.950026E-1
4.528250E+3	9.018516E-1
4.528500E+3	9.072714E-1
4.528750E+3	9.080400E-1
4.529000E+3	9.049231E-1
4.529250E+3	8.872308E-1
4.529500E+3	8.540825E-1
4.529750E+3	8.445761E-1
4.530000E+3	8.727397E-1
4.530250E+3	9.075380E-1
4.530500E+3	9.117288E-1
4.530750E+3	8.867429E-1
4.531000E+3	8.771190E-1
4.531250E+3	8.893494E-1
4.531500E+3	8.937949E-1
4.531750E+3	8.723641E-1
4.532000E+3	8.564934E-1
4.532250E+3	8.623754E-1
4.532500E+3	8.663024E-1
4.532750E+3	8.487563E-1
4.533000E+3	8.259702E-1
4.533250E+3	8.324232E-1
4.533500E+3	8.660393E-1
4.533750E+3	8.819080E-1
4.534000E+3	8.627838E-1
4.534250E+3	8.300450E-1
4.534500E+3	8.130351E-1
4.534750E+3	8.200746E-1
4.535000E+3	8.288414E-1
4.535250E+3	8.218461E-1
4.535500E+3	8.038803E-1
4.535750E+3	7.967612E-1
4.536000E+3	8.096253E-1
4.536250E+3	8.309725E-1
4.536500E+3	8.391704E-1
4.536750E+3	8.209970E-1
4.537000E+3	7.921451E-1
4.537250E+3	7.759054E-1
4.537500E+3	7.818106E-1
4.537750E+3	7.965410E-1
4.538000E+3	8.059170E-1
4.538250E+3	8.088425E-1
4.538500E+3	8.007992E-1
4.538750E+3	7.798823E-1
4.539000E+3	7.597265E-1
4.539250E+3	7.501884E-1
4.539500E+3	7.578635E-1
4.539750E+3	7.727379E-1
4.540000E+3	7.682664E-1
4.540250E+3	7.480234E-1
4.540500E+3	7.443082E-1
4.540750E+3	7.712092E-1
4.541000E+3	7.962128E-1
4.541250E+3	7.967845E-1
4.541500E+3	7.821599E-1
4.541750E+3	7.736661E-1
4.542000E+3	7.697298E-1
4.542250E+3	7.561265E-1
4.542500E+3	7.393674E-1
4.542750E+3	7.464451E-1
4.543000E+3	7.649337E-1
4.543250E+3	7.662616E-1
4.543500E+3	7.408897E-1
4.543750E+3	7.186068E-1
4.544000E+3	7.223787E-1
4.544250E+3	7.146967E-1
4.544500E+3	6.693711E-1
4.544750E+3	6.329602E-1
4.545000E+3	6.559912E-1
4.545250E+3	7.137084E-1
4.545500E+3	7.763977E-1
4.545750E+3	7.949303E-1
4.546000E+3	7.535050E-1
4.546250E+3	6.996980E-1
4.546500E+3	6.559577E-1
4.546750E+3	6.357688E-1
4.547000E+3	6.276352E-1
4.547250E+3	6.123433E-1
4.547500E+3	6.078114E-1
4.547750E+3	6.466244E-1
4.548000E+3	6.822250E-1
4.548250E+3	6.604655E-1
4.548500E+3	6.092829E-1
4.548750E+3	6.188596E-1
4.549000E+3	6.910314E-1
4.549250E+3	7.138076E-1
4.549500E+3	6.576381E-1
4.549750E+3	5.888749E-1
4.550000E+3	6.136128E-1
4.550250E+3	6.597989E-1
4.550500E+3	6.401243E-1
4.550750E+3	5.495912E-1
4.551000E+3	5.183230E-1
4.551250E+3	5.796473E-1
4.551500E+3	6.225815E-1
4.551750E+3	6.041257E-1
4.552000E+3	5.385242E-1
4.552250E+3	5.114596E-1
4.552500E+3	5.245332E-1
4.552750E+3	5.460821E-1
4.553000E+3	5.633360E-1
4.553250E+3	5.553920E-1
4.553500E+3	5.154287E-1
4.553750E+3	4.699807E-1
4.554000E+3	4.378882E-1
4.554250E+3	3.962115E-1
4.554500E+3	3.580798E-1
4.554750E+3	4.001063E-1
4.555000E+3	4.723347E-1
4.555250E+3	5.054548E-1
4.555500E+3	4.694323E-1
4.555750E+3	4.086892E-1
4.556000E+3	4.324583E-1
4.556250E+3	4.813014E-1
4.556500E+3	4.638860E-1
4.556750E+3	3.980856E-1
4.557000E+3	3.782231E-1
4.557250E+3	4.114858E-1
4.557500E+3	4.152392E-1
4.557750E+3	3.672970E-1
4.558000E+3	2.960091E-1
4.558250E+3	2.579028E-1
4.558500E+3	2.604434E-1
4.558750E+3	2.646120E-1
4.559000E+3	2.482591E-1
4.559250E+3	2.114443E-1
4.559500E+3	2.083443E-1
4.559750E+3	2.556171E-1
4.560000E+3	3.330461E-1
4.560250E+3	3.851534E-1
4.560500E+3	2.919137E-1
4.560750E+3	2.067425E-1
4.561000E+3	2.269295E-1
4.561250E+3	2.744396E-1
4.561500E+3	2.743801E-1
4.561750E+3	2.091854E-1
4.562000E+3	1.624956E-1
4.562250E+3	1.779015E-1
4.562500E+3	2.028641E-1
4.562750E+3	2.119714E-1
4.563000E+3	2.295408E-1
4.563250E+3	2.551436E-1
4.563500E+3	2.299790E-1
4.563750E+3	1.624850E-1
4.564000E+3	1.461019E-1
4.564250E+3	2.075481E-1
4.564500E+3	2.846364E-1
4.564750E+3	2.772478E-1
4.565000E+3	2.244771E-1
4.565250E+3	1.898482E-1
4.565500E+3	1.689682E-1
4.565750E+3	1.476133E-1
4.566000E+3	1.442629E-1
4.566250E+3	1.641171E-1
4.566500E+3	1.675743E-1
4.566750E+3	1.370508E-1
4.567000E+3	1.004694E-1
4.567250E+3	1.121463E-1
4.567500E+3	1.683031E-1
4.567750E+3	1.876190E-1
4.568000E+3	1.599864E-1
4.568250E+3	1.374552E-1
4.568500E+3	1.415456E-1
4.568750E+3	1.356595E-1
4.569000E+3	1.090456E-1
4.569250E+3	8.245516E-2
4.569500E+3	8.352033E-2
4.569750E+3	9.601854E-2
4.570000E+3	8.956019E-2
4.570250E+3	7.252376E-2
4.570500E+3	8.023896E-2
4.570750E+3	1.207287E-1
4.571000E+3	1.431601E-1
4.571250E+3	1.362387E-1
4.571500E+3	1.089785E-1
4.571750E+3	7.744432E-2
4.572000E+3	6.484523E-2
4.572250E+3	7.519333E-2
4.572500E+3	9.386137E-2
4.572750E+3	9.715993E-2
4.573000E+3	7.778896E-2
4.573250E+3	5.801582E-2
4.573500E+3	6.109188E-2
4.573750E+3	7.591080E-2
4.574000E+3	7.909657E-2
4.574250E+3	7.050092E-2
4.574500E+3	6.217205E-2
4.574750E+3	5.846936E-2
4.575000E+3	5.102881E-2
4.575250E+3	3.723335E-2
4.575500E+3	2.783795E-2
4.575750E+3	2.611872E-2
4.576000E+3	2.248984E-2
4.576250E+3	1.434368E-2
4.576500E+3	1.294010E-2
4.576750E+3	2.490250E-2
4.577000E+3	3.211739E-2
4.577250E+3	2.538615E-2
4.577500E+3	1.033189E-2
4.577750E+3	2.791284E-3
4.578000E+3	7.432975E-3
4.578250E+3	1.540576E-2
4.578500E+3	2.262269E-2
4.578750E+3	2.579761E-2
4.579000E+3	2.198816E-2
4.579250E+3	1.424509E-2
4.579500E+3	7.135485E-3
4.579750E+3	6.166554E-3
4.580000E+3	1.048353E-2
4.580250E+3	1.230613E-2
4.580500E+3	7.430861E-3
4.580750E+3	6.990153E-4
4.581000E+3	2.732443E-3
4.581250E+3	1.156955E-2
4.581500E+3	1.591003E-2
4.581750E+3	1.089766E-2
4.582000E+3	6.657385E-3
4.582250E+3	8.121324E-3
4.582500E+3	8.508187E-3
4.582750E+3	2.215388E-3
4.583000E+3	4.481828E-3
4.583250E+3	2.572786E-2
4.583500E+3	5.089520E-2
4.583750E+3	6.107065E-2
4.584000E+3	4.592625E-2
4.584250E+3	2.938918E-2
4.584500E+3	3.303192E-2
4.584750E+3	4.482534E-2
4.585000E+3	5.096104E-2
4.585250E+3	5.325253E-2
4.585500E+3	5.570310E-2
4.585750E+3	5.647102E-2
4.586000E+3	5.916682E-2
4.586250E+3	7.213853E-2
4.586500E+3	9.122970E-2
4.586750E+3	1.059656E-1
4.587000E+3	1.156284E-1
4.587250E+3	1.272214E-1
4.587500E+3	1.383665E-1
4.587750E+3	1.337369E-1
4.588000E+3	1.081096E-1
4.588250E+3	8.986973E-2
4.588500E+3	9.051852E-2
4.588750E+3	9.333485E-2
4.589000E+3	9.550698E-2
4.589250E+3	1.136474E-1
4.589500E+3	1.584373E-1
4.589750E+3	2.192067E-1
4.590000E+3	2.820214E-1
4.590250E+3	3.277608E-1
4.590500E+3	3.346262E-1
4.590750E+3	3.172764E-1
4.591000E+3	3.140105E-1
4.591250E+3	3.268064E-1
4.591500E+3	3.161307E-1
4.591750E+3	2.686397E-1
4.592000E+3	2.256526E-1
4.592250E+3	2.255341E-1
4.592500E+3	2.453617E-1
4.592750E+3	2.377364E-1
4.593000E+3	2.269941E-1
4.593250E+3	2.507985E-1
4.593500E+3	2.889109E-1
4.593750E+3	2.849319E-1
4.594000E+3	2.525696E-1
4.594250E+3	2.529786E-1
4.594500E+3	2.888975E-1
4.594750E+3	3.155576E-1
4.595000E+3	3.186263E-1
4.595250E+3	3.331392E-1
4.595500E+3	3.563969E-1
4.595750E+3	3.539818E-1
4.596000E+3	3.341946E-1
4.596250E+3	3.541911E-1
4.596500E+3	4.136371E-1
4.596750E+3	4.288444E-1
4.597000E+3	3.875383E-1
4.597250E+3	3.521528E-1
4.597500E+3	3.730498E-1
4.597750E+3	4.159784E-1
4.598000E+3	4.225733E-1
4.598250E+3	4.093017E-1
4.598500E+3	4.068103E-1
4.598750E+3	4.016920E-1
4.599000E+3	3.683023E-1
4.599250E+3	3.321662E-1
4.599500E+3	3.483181E-1
4.599750E+3	4.145667E-1
4.600000E+3	4.631332E-1
4.600250E+3	4.652984E-1
4.600500E+3	4.401230E-1
4.600750E+3	4.201488E-1
4.601000E+3	4.194522E-1
4.601250E+3	4.172965E-1
4.601500E+3	3.964188E-1
4.601750E+3	3.581222E-1
4.602000E+3	3.241534E-1
4.602250E+3	3.112049E-1
4.602500E+3	3.086322E-1
4.602750E+3	3.143816E-1
4.603000E+3	3.555703E-1
4.603250E+3	4.361668E-1
4.603500E+3	4.947817E-1
4.603750E+3	4.879582E-1
4.604000E+3	4.348645E-1
4.604250E+3	3.791460E-1
4.604500E+3	3.528083E-1
4.604750E+3	3.499658E-1
4.605000E+3	3.346599E-1
4.605250E+3	3.008682E-1
4.605500E+3	2.722363E-1
4.605750E+3	2.719811E-1
4.606000E+3	2.965278E-1
4.606250E+3	3.153986E-1
4.606500E+3	3.251087E-1
4.606750E+3	3.359789E-1
4.607000E+3	3.422471E-1
4.607250E+3	3.300971E-1
4.607500E+3	3.125352E-1
4.607750E+3	3.074962E-1
4.608000E+3	3.156121E-1
4.608250E+3	3.190119E-1
4.608500E+3	3.039699E-1
4.608750E+3	2.824106E-1
4.609000E+3	2.653212E-1
4.609250E+3	2.542448E-1
4.609500E+3	2.503876E-1
4.609750E+3	2.553040E-1
4.610000E+3	2.656287E-1
4.610250E+3	2.723849E-1
4.610500E+3	2.734429E-1
4.610750E+3	2.786531E-1
4.611000E+3	2.902068E-1
4.611250E+3	2.918970E-1
4.611500E+3	2.754052E-1
4.611750E+3	2.613342E-1
4.612000E+3	2.558334E-1
4.612250E+3	2.440051E-1
4.612500E+3	2.257575E-1
4.612750E+3	2.306686E-1
4.613000E+3	2.606897E-1
4.613250E+3	2.863674E-1
4.613500E+3	2.791548E-1
4.613750E+3	2.534425E-1
4.614000E+3	2.410701E-1
4.614250E+3	2.304763E-1
4.614500E+3	2.067463E-1
4.614750E+3	1.943421E-1
4.615000E+3	2.206593E-1
4.615250E+3	2.620407E-1
4.615500E+3	2.599625E-1
4.615750E+3	2.135701E-1
4.616000E+3	1.915826E-1
4.616250E+3	2.215920E-1
4.616500E+3	2.666845E-1
4.616750E+3	2.772449E-1
4.617000E+3	2.639312E-1
4.617250E+3	2.537731E-1
4.617500E+3	2.455725E-1
4.617750E+3	2.329271E-1
4.618000E+3	2.272199E-1
4.618250E+3	2.320328E-1
4.618500E+3	2.319185E-1
4.618750E+3	2.213845E-1
4.619000E+3	2.173090E-1
4.619250E+3	2.247654E-1
4.619500E+3	2.254757E-1
4.619750E+3	2.165620E-1
4.620000E+3	2.170225E-1
4.620250E+3	2.312997E-1
4.620500E+3	2.362845E-1
4.620750E+3	2.185786E-1
4.621000E+3	2.032085E-1
4.621250E+3	2.140709E-1
4.621500E+3	2.313710E-1
4.621750E+3	2.315681E-1
4.622000E+3	2.183616E-1
4.622250E+3	2.148878E-1
4.622500E+3	2.259572E-1
4.622750E+3	2.380389E-1
4.623000E+3	2.408935E-1
4.623250E+3	2.289341E-1
4.623500E+3	2.110163E-1
4.623750E+3	2.065548E-1
4.624000E+3	2.247900E-1
4.624250E+3	2.556585E-1
4.624500E+3	2.736072E-1
4.624750E+3	2.768222E-1
4.625000E+3	2.844411E-1
4.625250E+3	2.952919E-1
4.625500E+3	2.887846E-1
4.625750E+3	2.676487E-1
4.626000E+3	2.717297E-1
4.626250E+3	2.972394E-1
4.626500E+3	3.076129E-1
4.626750E+3	2.917722E-1
4.627000E+3	2.880063E-1
4.627250E+3	3.095121E-1
4.627500E+3	3.126405E-1
4.627750E+3	2.804631E-1
4.628000E+3	2.589723E-1
4.628250E+3	2.854161E-1
4.628500E+3	3.230717E-1
4.628750E+3	3.360963E-1
4.629000E+3	3.336035E-1
4.629250E+3	3.461067E-1
4.629500E+3	3.665875E-1
4.629750E+3	3.690438E-1
4.630000E+3	3.543027E-1
4.630250E+3	3.403882E-1
4.630500E+3	3.311346E-1
4.630750E+3	3.205313E-1
4.631000E+3	3.215813E-1
4.631250E+3	3.520653E-1
4.631500E+3	3.915191E-1
4.631750E+3	4.028284E-1
4.632000E+3	3.910525E-1
4.632250E+3	3.804189E-1
4.632500E+3	3.793355E-1
4.632750E+3	3.803147E-1
4.633000E+3	3.827139E-1
4.633250E+3	3.870453E-1
4.633500E+3	3.843766E-1
4.633750E+3	3.762462E-1
4.634000E+3	3.819366E-1
4.634250E+3	4.058259E-1
4.634500E+3	4.275115E-1
4.634750E+3	4.387083E-1
4.635000E+3	4.573835E-1
4.635250E+3	4.805709E-1
4.635500E+3	4.685201E-1
4.635750E+3	4.144929E-1
4.636000E+3	3.817543E-1
4.636250E+3	4.069659E-1
4.636500E+3	4.601978E-1
4.636750E+3	4.911761E-1
4.637000E+3	5.015094E-1
4.637250E+3	5.174232E-1
4.637500E+3	5.284237E-1
4.637750E+3	5.125396E-1
4.638000E+3	4.971757E-1
4.638250E+3	5.165773E-1
4.638500E+3	5.454086E-1
4.638750E+3	5.453811E-1
4.639000E+3	5.247771E-1
4.639250E+3	5.245823E-1
4.639500E+3	5.465649E-1
4.639750E+3	5.678465E-1
4.640000E+3	5.751416E-1
4.640250E+3	5.684675E-1
4.640500E+3	5.504045E-1
4.640750E+3	5.375931E-1
4.641000E+3	5.654413E-1
4.641250E+3	6.178876E-1
4.641500E+3	6.323065E-1
4.641750E+3	6.051629E-1
4.642000E+3	5.924670E-1
4.642250E+3	6.256733E-1
4.642500E+3	6.414624E-1
4.642750E+3	6.090294E-1
4.643000E+3	5.932693E-1
4.643250E+3	6.407039E-1
4.643500E+3	6.829226E-1
4.643750E+3	6.508375E-1
4.644000E+3	5.785487E-1
4.644250E+3	5.704944E-1
4.644500E+3	6.178683E-1
4.644750E+3	6.311676E-1
4.645000E+3	6.050891E-1
4.645250E+3	5.975288E-1
4.645500E+3	6.184640E-1
4.645750E+3	6.207512E-1
4.646000E+3	6.123991E-1
4.646250E+3	6.337075E-1
4.646500E+3	6.634017E-1
4.646750E+3	6.483253E-1
4.647000E+3	6.037266E-1
4.647250E+3	6.024013E-1
4.647500E+3	6.435401E-1
4.647750E+3	6.500574E-1
4.648000E+3	6.118693E-1
4.648250E+3	5.929131E-1
4.648500E+3	6.180380E-1
4.648750E+3	6.293487E-1
4.649000E+3	6.036660E-1
4.649250E+3	5.926864E-1
4.649500E+3	6.251875E-1
4.649750E+3	6.428406E-1
4.650000E+3	6.126473E-1
4.650250E+3	5.761443E-1
4.650500E+3	5.915094E-1
4.650750E+3	6.301334E-1
4.651000E+3	6.427699E-1
4.651250E+3	6.279206E-1
4.651500E+3	6.121398E-1
4.651750E+3	6.101083E-1
4.652000E+3	6.103678E-1
4.652250E+3	6.018562E-1
4.652500E+3	5.833994E-1
4.652750E+3	5.669624E-1
4.653000E+3	5.658232E-1
4.653250E+3	5.794401E-1
4.653500E+3	5.826770E-1
4.653750E+3	5.526574E-1
4.654000E+3	5.148686E-1
4.654250E+3	5.033565E-1
4.654500E+3	5.196585E-1
4.654750E+3	5.347508E-1
4.655000E+3	5.410817E-1
4.655250E+3	5.583184E-1
4.655500E+3	5.776705E-1
4.655750E+3	5.656701E-1
4.656000E+3	5.300502E-1
4.656250E+3	5.120974E-1
4.656500E+3	5.209876E-1
4.656750E+3	5.240470E-1
4.657000E+3	5.075474E-1
4.657250E+3	4.917957E-1
4.657500E+3	4.838207E-1
4.657750E+3	4.697108E-1
4.658000E+3	4.570926E-1
4.658250E+3	4.746614E-1
4.658500E+3	5.131317E-1
4.658750E+3	5.174149E-1
4.659000E+3	4.648978E-1
4.659250E+3	4.128079E-1
4.659500E+3	4.137115E-1
4.659750E+3	4.470664E-1
4.660000E+3	4.623497E-1
4.660250E+3	4.520089E-1
4.660500E+3	4.459241E-1
4.660750E+3	4.560374E-1
4.661000E+3	4.643388E-1
4.661250E+3	4.588674E-1
4.661500E+3	4.464540E-1
4.661750E+3	4.373537E-1
4.662000E+3	4.369300E-1
4.662250E+3	4.451642E-1
4.662500E+3	4.528850E-1
4.662750E+3	4.459250E-1
4.663000E+3	4.256365E-1
4.663250E+3	4.141345E-1
4.663500E+3	4.255317E-1
4.663750E+3	4.460912E-1
4.664000E+3	4.514272E-1
4.664250E+3	4.371178E-1
4.664500E+3	4.226420E-1
4.664750E+3	4.240038E-1
4.665000E+3	4.369261E-1
4.665250E+3	4.434486E-1
4.665500E+3	4.296178E-1
4.665750E+3	4.076482E-1
4.666000E+3	4.037350E-1
4.666250E+3	4.222767E-1
4.666500E+3	4.385679E-1
4.666750E+3	4.315495E-1
4.667000E+3	4.169594E-1
4.667250E+3	4.179768E-1
4.667500E+3	4.302218E-1
4.667750E+3	4.317785E-1
4.668000E+3	4.198703E-1
4.668250E+3	4.132488E-1
4.668500E+3	4.179472E-1
4.668750E+3	4.220757E-1
4.669000E+3	4.230008E-1
4.669250E+3	4.312524E-1
4.669500E+3	4.412518E-1
4.669750E+3	4.317607E-1
4.670000E+3	4.087444E-1
4.670250E+3	4.036686E-1
4.670500E+3	4.243846E-1
4.670750E+3	4.447395E-1
4.671000E+3	4.389358E-1
4.671250E+3	4.212770E-1
4.671500E+3	4.212723E-1
4.671750E+3	4.371844E-1
4.672000E+3	4.461442E-1
4.672250E+3	4.430458E-1
4.672500E+3	4.457905E-1
4.672750E+3	4.627121E-1
4.673000E+3	4.784187E-1
4.673250E+3	4.783487E-1
4.673500E+3	4.706984E-1
4.673750E+3	4.767756E-1
4.674000E+3	4.982692E-1
4.674250E+3	5.108637E-1
4.674500E+3	5.003371E-1
4.674750E+3	4.826765E-1
4.675000E+3	4.853286E-1
4.675250E+3	5.045506E-1
4.675500E+3	5.109980E-1
4.675750E+3	4.952994E-1
4.676000E+3	4.794867E-1
4.676250E+3	4.872058E-1
4.676500E+3	5.078565E-1
4.676750E+3	5.177246E-1
4.677000E+3	5.192406E-1
4.677250E+3	5.261392E-1
4.677500E+3	5.343668E-1
4.677750E+3	5.366537E-1
4.678000E+3	5.411756E-1
4.678250E+3	5.501780E-1
4.678500E+3	5.424638E-1
4.678750E+3	5.089974E-1
4.679000E+3	4.855864E-1
4.679250E+3	5.101635E-1
4.679500E+3	5.621747E-1
4.679750E+3	5.818195E-1
4.680000E+3	5.644996E-1
4.680250E+3	5.636461E-1
4.680500E+3	5.937632E-1
4.680750E+3	6.122890E-1
4.681000E+3	5.932377E-1
4.681250E+3	5.705371E-1
4.681500E+3	5.826930E-1
4.681750E+3	6.118175E-1
4.682000E+3	6.230930E-1
4.682250E+3	6.193250E-1
4.682500E+3	6.191150E-1
4.682750E+3	6.222193E-1
4.683000E+3	6.221765E-1
4.683250E+3	6.299170E-1
4.683500E+3	6.502750E-1
4.683750E+3	6.615941E-1
4.684000E+3	6.473440E-1
4.684250E+3	6.344393E-1
4.684500E+3	6.544153E-1
4.684750E+3	6.951269E-1
4.685000E+3	7.134724E-1
4.685250E+3	6.975177E-1
4.685500E+3	6.786739E-1
4.685750E+3	6.761439E-1
4.686000E+3	6.786238E-1
4.686250E+3	6.756021E-1
4.686500E+3	6.787109E-1
4.686750E+3	6.969235E-1
4.687000E+3	7.171057E-1
4.687250E+3	7.221369E-1
4.687500E+3	7.172827E-1
4.687750E+3	7.200677E-1
4.688000E+3	7.320159E-1
4.688250E+3	7.384630E-1
4.688500E+3	7.324305E-1
4.688750E+3	7.263088E-1
4.689000E+3	7.361564E-1
4.689250E+3	7.574646E-1
4.689500E+3	7.721030E-1
4.689750E+3	7.729990E-1
4.690000E+3	7.697471E-1
4.690250E+3	7.717225E-1
4.690500E+3	7.740283E-1
4.690750E+3	7.699249E-1
4.691000E+3	7.671195E-1
4.691250E+3	7.757614E-1
4.691500E+3	7.881354E-1
4.691750E+3	7.910661E-1
4.692000E+3	7.848226E-1
4.692250E+3	7.808552E-1
4.692500E+3	7.830291E-1
4.692750E+3	7.867193E-1
4.693000E+3	7.947476E-1
4.693250E+3	8.121319E-1
4.693500E+3	8.279642E-1
4.693750E+3	8.250865E-1
4.694000E+3	8.027747E-1
4.694250E+3	7.836697E-1
4.694500E+3	7.859270E-1
4.694750E+3	8.013130E-1
4.695000E+3	8.116805E-1
4.695250E+3	8.090289E-1
4.695500E+3	7.999967E-1
4.695750E+3	7.945835E-1
4.696000E+3	8.004489E-1
4.696250E+3	8.187111E-1
4.696500E+3	8.358822E-1
4.696750E+3	8.383891E-1
4.697000E+3	8.297073E-1
4.697250E+3	8.222412E-1
4.697500E+3	8.207644E-1
4.697750E+3	8.184740E-1
4.698000E+3	8.124592E-1
4.698250E+3	8.101570E-1
4.698500E+3	8.156314E-1
4.698750E+3	8.234420E-1
4.699000E+3	8.278983E-1
4.699250E+3	8.279973E-1
4.699500E+3	8.243825E-1
4.699750E+3	8.201584E-1
4.700000E+3	8.220428E-1
4.700250E+3	8.305835E-1
4.700500E+3	8.353104E-1
4.700750E+3	8.282331E-1
4.701000E+3	8.174323E-1
4.701250E+3	8.160439E-1
4.701500E+3	8.201522E-1
4.701750E+3	8.187405E-1
4.702000E+3	8.156822E-1
4.702250E+3	8.220751E-1
4.702500E+3	8.302849E-1
4.702750E+3	8.238666E-1
4.703000E+3	8.069349E-1
4.703250E+3	8.006916E-1
4.703500E+3	8.094253E-1
4.703750E+3	8.144024E-1
4.704000E+3	8.071096E-1
4.704250E+3	8.020106E-1
4.704500E+3	8.079700E-1
4.704750E+3	8.109186E-1
4.705000E+3	8.012911E-1
4.705250E+3	7.922824E-1
4.705500E+3	7.964474E-1
4.705750E+3	8.042674E-1
4.706000E+3	8.022793E-1
4.706250E+3	7.942577E-1
4.706500E+3	7.912100E-1
4.706750E+3	7.903684E-1
4.707000E+3	7.847981E-1
4.707250E+3	7.790630E-1
4.707500E+3	7.808673E-1
4.707750E+3	7.854470E-1
4.708000E+3	7.846302E-1
4.708250E+3	7.818028E-1
4.708500E+3	7.837329E-1
4.708750E+3	7.872656E-1
4.709000E+3	7.860405E-1
4.709250E+3	7.821558E-1
4.709500E+3	7.801137E-1
4.709750E+3	7.773889E-1
4.710000E+3	7.720124E-1
4.710250E+3	7.700339E-1
4.710500E+3	7.746114E-1
4.710750E+3	7.774901E-1
4.711000E+3	7.730894E-1
4.711250E+3	7.694724E-1
4.711500E+3	7.743110E-1
4.711750E+3	7.796141E-1
4.712000E+3	7.753207E-1
4.712250E+3	7.670398E-1
4.712500E+3	7.678339E-1
4.712750E+3	7.748223E-1
4.713000E+3	7.752328E-1
4.713250E+3	7.685347E-1
4.713500E+3	7.643341E-1
4.713750E+3	7.653259E-1
4.714000E+3	7.647559E-1
4.714250E+3	7.611570E-1
4.714500E+3	7.603002E-1
4.714750E+3	7.625523E-1
4.715000E+3	7.620643E-1
4.715250E+3	7.594623E-1
4.715500E+3	7.617290E-1
4.715750E+3	7.685282E-1
4.716000E+3	7.708055E-1
4.716250E+3	7.659767E-1
4.716500E+3	7.618303E-1
4.716750E+3	7.635257E-1
4.717000E+3	7.660704E-1
4.717250E+3	7.641069E-1
4.717500E+3	7.603078E-1
4.717750E+3	7.600659E-1
4.718000E+3	7.634394E-1
4.718250E+3	7.661621E-1
4.718500E+3	7.659616E-1
4.718750E+3	7.638510E-1
4.719000E+3	7.624009E-1
4.719250E+3	7.640687E-1
4.719500E+3	7.683654E-1
4.719750E+3	7.713443E-1
4.720000E+3	7.706767E-1
4.720250E+3	7.693127E-1
4.720500E+3	7.706048E-1
4.720750E+3	7.727255E-1
4.721000E+3	7.722465E-1
4.721250E+3	7.707833E-1
4.721500E+3	7.723066E-1
4.721750E+3	7.758937E-1
4.722000E+3	7.774543E-1
4.722250E+3	7.770840E-1
4.722500E+3	7.782905E-1
4.722750E+3	7.812085E-1
4.723000E+3	7.828759E-1
4.723250E+3	7.834881E-1
4.723500E+3	7.856698E-1
4.723750E+3	7.883453E-1
4.724000E+3	7.878648E-1
4.724250E+3	7.850475E-1
4.724500E+3	7.852417E-1
4.724750E+3	7.900806E-1
4.725000E+3	7.950299E-1
4.725250E+3	7.966596E-1
4.725500E+3	7.968323E-1
4.725750E+3	7.980013E-1
4.726000E+3	8.003168E-1
4.726250E+3	8.038269E-1
4.726500E+3	8.088819E-1
4.726750E+3	8.138133E-1
4.727000E+3	8.158138E-1
4.727250E+3	8.149326E-1
4.727500E+3	8.142756E-1
4.727750E+3	8.150921E-1
4.728000E+3	8.161209E-1
4.728250E+3	8.176465E-1
4.728500E+3	8.212556E-1
4.728750E+3	8.254946E-1
4.729000E+3	8.271481E-1
4.729250E+3	8.267684E-1
4.729500E+3	8.282205E-1
4.729750E+3	8.317446E-1
4.730000E+3	8.332057E-1
4.730250E+3	8.314313E-1
4.730500E+3	8.308451E-1
4.730750E+3	8.344325E-1
4.731000E+3	8.394140E-1
4.731250E+3	8.424250E-1
4.731500E+3	8.444456E-1
4.731750E+3	8.475679E-1
4.732000E+3	8.506435E-1
4.732250E+3	8.514717E-1
4.732500E+3	8.507320E-1
4.732750E+3	8.505297E-1
4.733000E+3	8.512974E-1
4.733250E+3	8.527318E-1
4.733500E+3	8.551920E-1
4.733750E+3	8.582935E-1
4.734000E+3	8.605302E-1
4.734250E+3	8.616652E-1
4.734500E+3	8.634737E-1
4.734750E+3	8.666313E-1
4.735000E+3	8.691006E-1
4.735250E+3	8.694138E-1
4.735500E+3	8.689840E-1
4.735750E+3	8.697107E-1
4.736000E+3	8.711051E-1
4.736250E+3	8.719700E-1
4.736500E+3	8.727805E-1
4.736750E+3	8.743714E-1
4.737000E+3	8.760774E-1
4.737250E+3	8.770204E-1
4.737500E+3	8.777835E-1
4.737750E+3	8.792478E-1
4.738000E+3	8.811506E-1
4.738250E+3	8.831113E-1
4.738500E+3	8.853914E-1
4.738750E+3	8.873909E-1
4.739000E+3	8.874807E-1
4.739250E+3	8.858322E-1
4.739500E+3	8.852327E-1
4.739750E+3	8.872494E-1
4.740000E+3	8.895640E-1
4.740250E+3	8.893010E-1
4.740500E+3	8.874104E-1
4.740750E+3	8.869984E-1
4.741000E+3	8.884094E-1
4.741250E+3	8.891107E-1
4.741500E+3	8.879332E-1
4.741750E+3	8.864807E-1
4.742000E+3	8.860578E-1
4.742250E+3	8.857942E-1
4.742500E+3	8.844807E-1
4.742750E+3	8.823194E-1
4.743000E+3	8.799838E-1
4.743250E+3	8.774489E-1
4.743500E+3	8.746010E-1
4.743750E+3	8.718035E-1
4.744000E+3	8.690674E-1
4.744250E+3	8.656136E-1
4.744500E+3	8.610133E-1
4.744750E+3	8.559749E-1
4.745000E+3	8.511535E-1
4.745250E+3	8.457994E-1
4.745500E+3	8.384981E-1
4.745750E+3	8.290572E-1
4.746000E+3	8.188370E-1
4.746250E+3	8.089977E-1
4.746500E+3	7.990377E-1
4.746750E+3	7.875054E-1
4.747000E+3	7.740259E-1
4.747250E+3	7.603306E-1
4.747500E+3	7.491747E-1
4.747750E+3	7.424977E-1
4.748000E+3	7.412272E-1
4.748250E+3	7.465318E-1
4.748500E+3	7.596253E-1
4.748750E+3	7.798560E-1
4.749000E+3	8.046422E-1
4.749250E+3	8.312745E-1
4.749500E+3	8.572123E-1
4.749750E+3	8.798788E-1
4.750000E+3	8.980181E-1
4.750250E+3	9.123734E-1
4.750500E+3	9.241729E-1
4.750750E+3	9.336731E-1
4.751000E+3	9.406087E-1
4.751250E+3	9.453532E-1
4.751500E+3	9.489556E-1
4.751750E+3	9.522369E-1
4.752000E+3	9.552437E-1
4.752250E+3	9.576392E-1
4.752500E+3	9.593057E-1
4.752750E+3	9.604081E-1
4.753000E+3	9.611057E-1
4.753250E+3	9.614407E-1
4.753500E+3	9.615167E-1
4.753750E+3	9.616138E-1
4.754000E+3	9.619756E-1
4.754250E+3	9.624998E-1
4.754500E+3	9.628122E-1
4.754750E+3	9.627521E-1
4.755000E+3	9.626536E-1
4.755250E+3	9.629412E-1
4.755500E+3	9.635011E-1
4.755750E+3	9.637693E-1
4.756000E+3	9.635263E-1
4.756250E+3	9.632574E-1
4.756500E+3	9.634624E-1
4.756750E+3	9.639236E-1
4.757000E+3	9.641161E-1
4.757250E+3	9.641066E-1
4.757500E+3	9.644519E-1
4.757750E+3	9.652351E-1
4.758000E+3	9.658565E-1
4.758250E+3	9.659487E-1
4.758500E+3	9.658858E-1
4.758750E+3	9.661129E-1
4.759000E+3	9.664847E-1
4.759250E+3	9.666918E-1
4.759500E+3	9.668395E-1
4.759750E+3	9.671280E-1
4.760000E+3	9.673804E-1
4.760250E+3	9.674358E-1
4.760500E+3	9.676368E-1
4.760750E+3	9.683070E-1
4.761000E+3	9.690412E-1
4.761250E+3	9.692167E-1
4.761500E+3	9.690169E-1
4.761750E+3	9.692113E-1
4.762000E+3	9.699719E-1
4.762250E+3	9.706204E-1
4.762500E+3	9.706834E-1
4.762750E+3	9.705239E-1
4.763000E+3	9.707360E-1
4.763250E+3	9.713852E-1
4.763500E+3	9.721334E-1
4.763750E+3	9.727458E-1
4.764000E+3	9.732308E-1
4.764250E+3	9.737240E-1
4.764500E+3	9.743288E-1
4.764750E+3	9.749342E-1
4.765000E+3	9.752822E-1
4.765250E+3	9.754039E-1
4.765500E+3	9.757035E-1
4.765750E+3	9.763116E-1
4.766000E+3	9.767738E-1
4.766250E+3	9.768139E-1
4.766500E+3	9.769676E-1
4.766750E+3	9.777517E-1
4.767000E+3	9.786744E-1
4.767250E+3	9.790157E-1
4.767500E+3	9.791549E-1
4.767750E+3	9.800120E-1
4.768000E+3	9.813132E-1
4.768250E+3	9.817856E-1
4.768500E+3	9.812096E-1
4.768750E+3	9.809202E-1
4.769000E+3	9.818279E-1
4.769250E+3	9.831337E-1
4.769500E+3	9.837625E-1
4.769750E+3	9.838773E-1
4.770000E+3	9.842289E-1
4.770250E+3	9.849001E-1
4.770500E+3	9.855571E-1
4.770750E+3	9.862198E-1
4.771000E+3	9.869023E-1
4.771250E+3	9.871473E-1
4.771500E+3	9.867684E-1
4.771750E+3	9.864920E-1
4.772000E+3	9.870268E-1
4.772250E+3	9.879950E-1
4.772500E+3	9.886329E-1
4.772750E+3	9.889894E-1
4.773000E+3	9.895884E-1
4.773250E+3	9.902960E-1
4.773500E+3	9.905323E-1
4.773750E+3	9.903441E-1
4.774000E+3	9.903565E-1
4.774250E+3	9.907669E-1
4.774500E+3	9.912166E-1
4.774750E+3	9.915923E-1
4.775000E+3	9.921413E-1
4.775250E+3	9.927770E-1
4.775500E+3	9.930485E-1
4.775750E+3	9.928570E-1
4.776000E+3	9.926341E-1
4.776250E+3	9.927312E-1
4.776500E+3	9.930525E-1
4.776750E+3	9.933989E-1
4.777000E+3	9.937051E-1
4.777250E+3	9.939088E-1
4.777500E+3	9.939845E-1
4.777750E+3	9.941063E-1
4.778000E+3	9.944632E-1
4.778250E+3	9.949418E-1
4.778500E+3	9.952700E-1
4.778750E+3	9.953822E-1
4.779000E+3	9.954185E-1
4.779250E+3	9.954918E-1
4.779500E+3	9.956272E-1
4.779750E+3	9.957750E-1
4.780000E+3	9.957594E-1
4.780250E+3	9.954956E-1
4.780500E+3	9.952941E-1
4.780750E+3	9.955394E-1
4.781000E+3	9.960276E-1
4.781250E+3	9.961018E-1
4.781500E+3	9.957114E-1
4.781750E+3	9.955149E-1
4.782000E+3	9.957375E-1
4.782250E+3	9.957828E-1
4.782500E+3	9.953467E-1
4.782750E+3	9.950514E-1
4.783000E+3	9.953258E-1
4.783250E+3	9.955704E-1
4.783500E+3	9.951887E-1
4.783750E+3	9.946773E-1
4.784000E+3	9.947201E-1
4.784250E+3	9.949805E-1
4.784500E+3	9.947343E-1
4.784750E+3	9.941705E-1
4.785000E+3	9.939471E-1
4.785250E+3	9.939977E-1
4.785500E+3	9.938225E-1
4.785750E+3	9.936037E-1
4.786000E+3	9.939061E-1
4.786250E+3	9.944902E-1
4.786500E+3	9.944850E-1
4.786750E+3	9.937380E-1
4.787000E+3	9.930032E-1
4.787250E+3	9.927233E-1
4.787500E+3	9.926482E-1
4.787750E+3	9.924878E-1
4.788000E+3	9.921841E-1
4.788250E+3	9.916478E-1
4.788500E+3	9.909310E-1
4.788750E+3	9.905254E-1
4.789000E+3	9.907246E-1
4.789250E+3	9.909076E-1
4.789500E+3	9.904104E-1
4.789750E+3	9.897403E-1
4.790000E+3	9.898464E-1
4.790250E+3	9.903770E-1
4.790500E+3	9.899690E-1
4.790750E+3	9.883946E-1
4.791000E+3	9.871537E-1
4.791250E+3	9.871318E-1
4.791500E+3	9.872892E-1
4.791750E+3	9.865041E-1
4.792000E+3	9.854908E-1
4.792250E+3	9.856991E-1
4.792500E+3	9.867979E-1
4.792750E+3	9.870508E-1
4.793000E+3	9.857250E-1
4.793250E+3	9.841282E-1
4.793500E+3	9.834963E-1
4.793750E+3	9.832857E-1
4.794000E+3	9.825723E-1
4.794250E+3	9.816762E-1
4.794500E+3	9.813642E-1
4.794750E+3	9.812198E-1
4.795000E+3	9.803840E-1
4.795250E+3	9.793977E-1
4.795500E+3	9.795744E-1
4.795750E+3	9.805214E-1
4.796000E+3	9.802144E-1
4.796250E+3	9.779092E-1
4.796500E+3	9.754281E-1
4.796750E+3	9.746030E-1
4.797000E+3	9.750871E-1
4.797250E+3	9.755947E-1
4.797500E+3	9.757573E-1
4.797750E+3	9.757077E-1
4.798000E+3	9.751107E-1
4.798250E+3	9.740797E-1
4.798500E+3	9.738179E-1
4.798750E+3	9.747264E-1
4.799000E+3	9.749254E-1
4.799250E+3	9.727728E-1
4.799500E+3	9.696934E-1
4.799750E+3	9.684878E-1
4.800000E+3	9.694784E-1
4.800250E+3	9.701053E-1
4.800500E+3	9.688645E-1
4.800750E+3	9.670131E-1
4.801000E+3	9.659988E-1
4.801250E+3	9.654927E-1
4.801500E+3	9.647563E-1
4.801750E+3	9.641366E-1
4.802000E+3	9.639041E-1
4.802250E+3	9.631509E-1
4.802500E+3	9.612543E-1
4.802750E+3	9.593448E-1
4.803000E+3	9.588132E-1
4.803250E+3	9.591870E-1
4.803500E+3	9.587055E-1
4.803750E+3	9.568204E-1
4.804000E+3	9.547828E-1
4.804250E+3	9.535563E-1
4.804500E+3	9.524574E-1
4.804750E+3	9.505226E-1
4.805000E+3	9.485249E-1
4.805250E+3	9.482997E-1
4.805500E+3	9.499241E-1
4.805750E+3	9.507653E-1
4.806000E+3	9.483995E-1
4.806250E+3	9.442613E-1
4.806500E+3	9.421534E-1
4.806750E+3	9.429915E-1
4.807000E+3	9.434535E-1
4.807250E+3	9.408057E-1
4.807500E+3	9.370609E-1
4.807750E+3	9.360616E-1
4.808000E+3	9.377822E-1
4.808250E+3	9.382138E-1
4.808500E+3	9.352199E-1
4.808750E+3	9.313410E-1
4.809000E+3	9.297054E-1
4.809250E+3	9.296139E-1
4.809500E+3	9.282846E-1
4.809750E+3	9.253327E-1
4.810000E+3	9.228430E-1
4.810250E+3	9.217739E-1
4.810500E+3	9.208385E-1
4.810750E+3	9.191815E-1
4.811000E+3	9.176932E-1
4.811250E+3	9.169614E-1
4.811500E+3	9.157143E-1
4.811750E+3	9.128389E-1
4.812000E+3	9.094392E-1
4.812250E+3	9.075016E-1
4.812500E+3	9.069942E-1
4.812750E+3	9.058499E-1
4.813000E+3	9.030324E-1
4.813250E+3	8.999113E-1
4.813500E+3	8.982968E-1
4.813750E+3	8.982151E-1
4.814000E+3	8.981364E-1
4.814250E+3	8.966370E-1
4.814500E+3	8.935323E-1
4.814750E+3	8.899888E-1
4.815000E+3	8.877158E-1
4.815250E+3	8.873062E-1
4.815500E+3	8.872401E-1
4.815750E+3	8.856349E-1
4.816000E+3	8.829107E-1
4.816250E+3	8.812356E-1
4.816500E+3	8.809241E-1
4.816750E+3	8.794640E-1
4.817000E+3	8.753171E-1
4.817250E+3	8.706771E-1
4.817500E+3	8.685090E-1
4.817750E+3	8.681798E-1
4.818000E+3	8.670121E-1
4.818250E+3	8.648211E-1
4.818500E+3	8.634896E-1
4.818750E+3	8.626735E-1
4.819000E+3	8.598544E-1
4.819250E+3	8.551832E-1
4.819500E+3	8.524692E-1
4.819750E+3	8.535196E-1
4.820000E+3	8.548761E-1
4.820250E+3	8.526016E-1
4.820500E+3	8.477316E-1
4.820750E+3	8.441843E-1
4.821000E+3	8.428583E-1
4.821250E+3	8.412886E-1
4.821500E+3	8.381249E-1
4.821750E+3	8.347226E-1
4.822000E+3	8.323852E-1
4.822250E+3	8.307151E-1
4.822500E+3	8.290904E-1
4.822750E+3	8.276362E-1
4.823000E+3	8.262671E-1
4.823250E+3	8.244291E-1
4.823500E+3	8.221372E-1
4.823750E+3	8.198973E-1
4.824000E+3	8.174470E-1
4.824250E+3	8.141288E-1
4.824500E+3	8.105919E-1
4.824750E+3	8.084301E-1
4.825000E+3	8.077009E-1
4.825250E+3	8.066008E-1
4.825500E+3	8.042078E-1
4.825750E+3	8.017578E-1
4.826000E+3	8.004494E-1
4.826250E+3	7.994805E-1
4.826500E+3	7.974016E-1
4.826750E+3	7.942700E-1
4.827000E+3	7.912555E-1
4.827250E+3	7.888411E-1
4.827500E+3	7.866354E-1
4.827750E+3	7.845196E-1
4.828000E+3	7.828611E-1
4.828250E+3	7.816734E-1
4.828500E+3	7.803956E-1
4.828750E+3	7.785956E-1
4.829000E+3	7.763890E-1
4.829250E+3	7.742200E-1
4.829500E+3	7.724647E-1
4.829750E+3	7.710639E-1
4.830000E+3	7.694287E-1
4.830250E+3	7.670358E-1
4.830500E+3	7.643006E-1
4.830750E+3	7.623595E-1
4.831000E+3	7.616177E-1
4.831250E+3	7.610651E-1
4.831500E+3	7.595537E-1
4.831750E+3	7.573191E-1
4.832000E+3	7.555499E-1
4.832250E+3	7.546723E-1
4.832500E+3	7.538508E-1
4.832750E+3	7.522800E-1
4.833000E+3	7.503025E-1
4.833250E+3	7.488423E-1
4.833500E+3	7.481315E-1
4.833750E+3	7.474788E-1
4.834000E+3	7.461939E-1
4.834250E+3	7.443969E-1
4.834500E+3	7.428567E-1
4.834750E+3	7.421807E-1
4.835000E+3	7.421813E-1
4.835250E+3	7.420325E-1
4.835500E+3	7.411347E-1
4.835750E+3	7.397662E-1
4.836000E+3	7.387314E-1
4.836250E+3	7.384263E-1
4.836500E+3	7.385426E-1
4.836750E+3	7.386593E-1
4.837000E+3	7.386550E-1
4.837250E+3	7.384988E-1
4.837500E+3	7.381970E-1
4.837750E+3	7.380788E-1
4.838000E+3	7.385096E-1
4.838250E+3	7.391481E-1
4.838500E+3	7.392874E-1
4.838750E+3	7.391961E-1
4.839000E+3	7.400370E-1
4.839250E+3	7.419617E-1
4.839500E+3	7.435358E-1
4.839750E+3	7.440001E-1
4.840000E+3	7.446210E-1
4.840250E+3	7.464617E-1
4.840500E+3	7.483514E-1
4.840750E+3	7.489167E-1
4.841000E+3	7.493093E-1
4.841250E+3	7.514874E-1
4.841500E+3	7.549262E-1
4.841750E+3	7.576297E-1
4.842000E+3	7.595916E-1
4.842250E+3	7.623889E-1
4.842500E+3	7.657299E-1
4.842750E+3	7.676917E-1
4.843000E+3	7.685359E-1
4.843250E+3	7.708600E-1
4.843500E+3	7.753593E-1
4.843750E+3	7.794718E-1
4.844000E+3	7.814694E-1
4.844250E+3	7.828603E-1
4.844500E+3	7.855146E-1
4.844750E+3	7.893029E-1
4.845000E+3	7.934349E-1
4.845250E+3	7.976873E-1
4.845500E+3	8.012714E-1
4.845750E+3	8.030238E-1
4.846000E+3	8.039255E-1
4.846250E+3	8.069751E-1
4.846500E+3	8.128701E-1
4.846750E+3	8.186793E-1
4.847000E+3	8.223326E-1
4.847250E+3	8.253961E-1
4.847500E+3	8.297832E-1
4.847750E+3	8.343648E-1
4.848000E+3	8.375800E-1
4.848250E+3	8.409676E-1
4.848500E+3	8.469939E-1
4.848750E+3	8.547534E-1
4.849000E+3	8.609501E-1
4.849250E+3	8.639951E-1
4.849500E+3	8.652489E-1
4.849750E+3	8.667453E-1
4.850000E+3	8.692764E-1
4.850250E+3	8.729076E-1
4.850500E+3	8.775051E-1
4.850750E+3	8.824804E-1
4.851000E+3	8.873253E-1
4.851250E+3	8.923135E-1
4.851500E+3	8.977270E-1
4.851750E+3	9.028282E-1
4.852000E+3	9.065876E-1
4.852250E+3	9.090952E-1
4.852500E+3	9.114884E-1
4.852750E+3	9.146717E-1
4.853000E+3	9.186261E-1
4.853250E+3	9.227524E-1
4.853500E+3	9.263111E-1
4.853750E+3	9.288716E-1
4.854000E+3	9.308445E-1
4.854250E+3	9.332261E-1
4.854500E+3	9.364306E-1
4.854750E+3	9.397620E-1
4.855000E+3	9.424098E-1
4.855250E+3	9.443695E-1
4.855500E+3	9.460302E-1
4.855750E+3	9.474426E-1
4.856000E+3	9.484367E-1
4.856250E+3	9.489460E-1
4.856500E+3	9.486809E-1
4.856750E+3	9.470753E-1
4.857000E+3	9.442968E-1
4.857250E+3	9.417780E-1
4.857500E+3	9.406947E-1
4.857750E+3	9.401639E-1
4.858000E+3	9.379527E-1
4.858250E+3	9.332440E-1
4.858500E+3	9.277489E-1
4.858750E+3	9.233957E-1
4.859000E+3	9.197904E-1
4.859250E+3	9.149910E-1
4.859500E+3	9.084517E-1
4.859750E+3	9.017233E-1
4.860000E+3	8.959145E-1
4.860250E+3	8.898364E-1
4.860500E+3	8.815365E-1
4.860750E+3	8.711101E-1
4.861000E+3	8.607353E-1
4.861250E+3	8.522183E-1
4.861500E+3	8.453909E-1
4.861750E+3	8.386008E-1
4.862000E+3	8.304234E-1
4.862250E+3	8.208003E-1
4.862500E+3	8.108806E-1
4.862750E+3	8.017311E-1
4.863000E+3	7.926415E-1
4.863250E+3	7.815415E-1
4.863500E+3	7.679650E-1
4.863750E+3	7.546618E-1
4.864000E+3	7.443490E-1
4.864250E+3	7.355766E-1
4.864500E+3	7.244837E-1
4.864750E+3	7.107611E-1
4.865000E+3	6.988561E-1
4.865250E+3	6.910677E-1
4.865500E+3	6.834755E-1
4.865750E+3	6.709945E-1
4.866000E+3	6.557350E-1
4.866250E+3	6.452744E-1
4.866500E+3	6.419373E-1
4.866750E+3	6.388344E-1
4.867000E+3	6.277479E-1
4.867250E+3	6.110490E-1
4.867500E+3	5.985305E-1
4.867750E+3	5.935293E-1
4.868000E+3	5.884642E-1
4.868250E+3	5.762534E-1
4.868500E+3	5.604643E-1
4.868750E+3	5.494615E-1
4.869000E+3	5.454227E-1
4.869250E+3	5.427710E-1
4.869500E+3	5.375926E-1
4.869750E+3	5.306578E-1
4.870000E+3	5.222680E-1
4.870250E+3	5.114675E-1
4.870500E+3	4.999264E-1
4.870750E+3	4.904501E-1
4.871000E+3	4.825348E-1
4.871250E+3	4.739053E-1
4.871500E+3	4.662096E-1
4.871750E+3	4.623900E-1
4.872000E+3	4.598263E-1
4.872250E+3	4.534820E-1
4.872500E+3	4.462102E-1
4.872750E+3	4.461309E-1
4.873000E+3	4.512888E-1
4.873250E+3	4.499435E-1
4.873500E+3	4.384333E-1
4.873750E+3	4.279395E-1
4.874000E+3	4.268406E-1
4.874250E+3	4.271086E-1
4.874500E+3	4.197813E-1
4.874750E+3	4.107102E-1
4.875000E+3	4.106750E-1
4.875250E+3	4.176395E-1
4.875500E+3	4.210125E-1
4.875750E+3	4.191032E-1
4.876000E+3	4.169930E-1
4.876250E+3	4.138715E-1
4.876500E+3	4.058200E-1
4.876750E+3	3.969488E-1
4.877000E+3	3.962327E-1
4.877250E+3	4.033298E-1
4.877500E+3	4.076219E-1
4.877750E+3	4.040279E-1
4.878000E+3	3.972484E-1
4.878250E+3	3.939129E-1
4.878500E+3	3.967929E-1
4.878750E+3	4.036770E-1
4.879000E+3	4.095704E-1
4.879250E+3	4.099612E-1
4.879500E+3	4.060333E-1
4.879750E+3	4.041690E-1
4.880000E+3	4.045153E-1
4.880250E+3	4.004155E-1
4.880500E+3	3.940174E-1
4.880750E+3	3.978533E-1
4.881000E+3	4.114794E-1
4.881250E+3	4.171982E-1
4.881500E+3	4.067684E-1
4.881750E+3	3.997398E-1
4.882000E+3	4.143518E-1
4.882250E+3	4.341180E-1
4.882500E+3	4.337538E-1
4.882750E+3	4.184560E-1
4.883000E+3	4.130458E-1
4.883250E+3	4.219688E-1
4.883500E+3	4.297258E-1
4.883750E+3	4.295990E-1
4.884000E+3	4.303869E-1
4.884250E+3	4.332967E-1
4.884500E+3	4.327557E-1
4.884750E+3	4.381495E-1
4.885000E+3	4.628236E-1
4.885250E+3	4.899519E-1
4.885500E+3	4.886869E-1
4.885750E+3	4.607719E-1
4.886000E+3	4.455702E-1
4.886250E+3	4.650610E-1
4.886500E+3	4.918135E-1
4.886750E+3	4.950264E-1
4.887000E+3	4.844094E-1
4.887250E+3	4.861695E-1
4.887500E+3	4.981890E-1
4.887750E+3	5.003633E-1
4.888000E+3	4.921449E-1
4.888250E+3	4.911790E-1
4.888500E+3	5.037996E-1
4.888750E+3	5.203244E-1
4.889000E+3	5.305414E-1
4.889250E+3	5.332416E-1
4.889500E+3	5.311280E-1
4.889750E+3	5.254405E-1
4.890000E+3	5.180753E-1
4.890250E+3	5.131583E-1
4.890500E+3	5.169932E-1
4.890750E+3	5.341165E-1
4.891000E+3	5.557869E-1
4.891250E+3	5.637983E-1
4.891500E+3	5.523652E-1
4.891750E+3	5.363708E-1
4.892000E+3	5.360093E-1
4.892250E+3	5.481298E-1
4.892500E+3	5.530025E-1
4.892750E+3	5.475479E-1
4.893000E+3	5.452294E-1
4.893250E+3	5.508400E-1
4.893500E+3	5.590803E-1
4.893750E+3	5.728977E-1
4.894000E+3	5.940863E-1
4.894250E+3	6.036918E-1
4.894500E+3	5.850430E-1
4.894750E+3	5.555341E-1
4.895000E+3	5.553265E-1
4.895250E+3	5.860295E-1
4.895500E+3	6.040721E-1
4.895750E+3	5.877567E-1
4.896000E+3	5.655903E-1
4.896250E+3	5.701505E-1
4.896500E+3	5.870299E-1
4.896750E+3	5.914374E-1
4.897000E+3	5.839675E-1
4.897250E+3	5.764751E-1
4.897500E+3	5.682804E-1
4.897750E+3	5.582667E-1
4.898000E+3	5.578878E-1
4.898250E+3	5.689485E-1
4.898500E+3	5.708311E-1
4.898750E+3	5.549927E-1
4.899000E+3	5.440087E-1
4.899250E+3	5.573912E-1
4.899500E+3	5.704380E-1
4.899750E+3	5.583196E-1
4.900000E+3	5.368806E-1
4.900250E+3	5.383795E-1
4.900500E+3	5.619276E-1
4.900750E+3	5.730743E-1
4.901000E+3	5.617782E-1
4.901250E+3	5.490245E-1
4.901500E+3	5.511445E-1
4.901750E+3	5.581184E-1
4.902000E+3	5.540174E-1
4.902250E+3	5.387483E-1
4.902500E+3	5.229837E-1
4.902750E+3	5.111032E-1
4.903000E+3	4.989827E-1
4.903250E+3	4.887654E-1
4.903500E+3	4.936431E-1
4.903750E+3	5.171955E-1
4.904000E+3	5.384050E-1
4.904250E+3	5.305127E-1
4.904500E+3	4.946725E-1
4.904750E+3	4.738094E-1
4.905000E+3	4.904584E-1
4.905250E+3	5.105237E-1
4.905500E+3	4.953098E-1
4.905750E+3	4.549214E-1
4.906000E+3	4.418951E-1
4.906250E+3	4.689808E-1
4.906500E+3	4.909178E-1
4.906750E+3	4.820469E-1
4.907000E+3	4.663730E-1
4.907250E+3	4.678318E-1
4.907500E+3	4.731003E-1
4.907750E+3	4.589593E-1
4.908000E+3	4.353504E-1
4.908250E+3	4.256903E-1
4.908500E+3	4.269906E-1
4.908750E+3	4.245742E-1
4.909000E+3	4.208270E-1
4.909250E+3	4.246769E-1
4.909500E+3	4.297390E-1
4.909750E+3	4.242040E-1
4.910000E+3	4.123441E-1
4.910250E+3	4.077688E-1
4.910500E+3	4.094519E-1
4.910750E+3	4.054562E-1
4.911000E+3	3.898807E-1
4.911250E+3	3.687311E-1
4.911500E+3	3.564721E-1
4.911750E+3	3.617200E-1
4.912000E+3	3.788225E-1
4.912250E+3	3.919219E-1
4.912500E+3	3.872537E-1
4.912750E+3	3.717849E-1
4.913000E+3	3.615643E-1
4.913250E+3	3.580953E-1
4.913500E+3	3.540595E-1
4.913750E+3	3.526728E-1
4.914000E+3	3.598073E-1
4.914250E+3	3.662946E-1
4.914500E+3	3.571889E-1
4.914750E+3	3.391967E-1
4.915000E+3	3.354941E-1
4.915250E+3	3.441470E-1
4.915500E+3	3.467389E-1
4.915750E+3	3.413954E-1
4.916000E+3	3.459052E-1
4.916250E+3	3.575788E-1
4.916500E+3	3.562483E-1
4.916750E+3	3.391905E-1
4.917000E+3	3.280723E-1
4.917250E+3	3.283741E-1
4.917500E+3	3.214234E-1
4.917750E+3	3.097797E-1
4.918000E+3	3.208549E-1
4.918250E+3	3.489264E-1
4.918500E+3	3.565910E-1
4.918750E+3	3.296983E-1
4.919000E+3	3.063808E-1
4.919250E+3	3.112484E-1
4.919500E+3	3.208728E-1
4.919750E+3	3.089397E-1
4.920000E+3	2.901360E-1
4.920250E+3	2.933727E-1
4.920500E+3	3.082427E-1
4.920750E+3	3.124881E-1
4.921000E+3	3.076319E-1
4.921250E+3	3.082254E-1
4.921500E+3	3.070683E-1
4.921750E+3	2.965713E-1
4.922000E+3	2.905067E-1
4.922250E+3	2.982364E-1
4.922500E+3	3.011695E-1
4.922750E+3	2.849567E-1
4.923000E+3	2.745343E-1
4.923250E+3	2.954833E-1
4.923500E+3	3.208922E-1
4.923750E+3	3.118074E-1
4.924000E+3	2.823277E-1
4.924250E+3	2.726802E-1
4.924500E+3	2.846320E-1
4.924750E+3	2.849095E-1
4.925000E+3	2.638363E-1
4.925250E+3	2.500327E-1
4.925500E+3	2.599354E-1
4.925750E+3	2.828642E-1
4.926000E+3	3.001909E-1
4.926250E+3	3.064370E-1
4.926500E+3	3.011266E-1
4.926750E+3	2.852995E-1
4.927000E+3	2.773870E-1
4.927250E+3	2.901709E-1
4.927500E+3	3.026279E-1
4.927750E+3	2.955365E-1
4.928000E+3	2.815161E-1
4.928250E+3	2.889625E-1
4.928500E+3	3.092619E-1
4.928750E+3	3.125902E-1
4.929000E+3	2.990685E-1
4.929250E+3	2.936136E-1
4.929500E+3	2.975370E-1
4.929750E+3	2.964661E-1
4.930000E+3	2.990219E-1
4.930250E+3	3.210514E-1
4.930500E+3	3.446734E-1
4.930750E+3	3.364283E-1
4.931000E+3	3.067531E-1
4.931250E+3	3.026134E-1
4.931500E+3	3.231091E-1
4.931750E+3	3.284007E-1
4.932000E+3	3.091373E-1
4.932250E+3	3.052167E-1
4.932500E+3	3.295833E-1
4.932750E+3	3.431588E-1
4.933000E+3	3.226516E-1
4.933250E+3	3.051672E-1
4.933500E+3	3.181442E-1
4.933750E+3	3.414526E-1
4.934000E+3	3.484252E-1
4.934250E+3	3.484709E-1
4.934500E+3	3.649919E-1
4.934750E+3	3.874131E-1
4.935000E+3	3.877507E-1
4.935250E+3	3.662815E-1
4.935500E+3	3.489600E-1
4.935750E+3	3.426680E-1
4.936000E+3	3.365885E-1
4.936250E+3	3.293140E-1
4.936500E+3	3.280840E-1
4.936750E+3	3.355256E-1
4.937000E+3	3.492724E-1
4.937250E+3	3.647690E-1
4.937500E+3	3.785309E-1
4.937750E+3	3.895957E-1
4.938000E+3	3.981085E-1
4.938250E+3	4.012368E-1
4.938500E+3	3.927882E-1
4.938750E+3	3.744524E-1
4.939000E+3	3.704578E-1
4.939250E+3	3.949779E-1
4.939500E+3	4.177047E-1
4.939750E+3	4.110123E-1
4.940000E+3	3.851113E-1
4.940250E+3	3.813177E-1
4.940500E+3	3.992621E-1
4.940750E+3	4.007344E-1
4.941000E+3	3.767478E-1
4.941250E+3	3.658284E-1
4.941500E+3	3.777231E-1
4.941750E+3	3.836876E-1
4.942000E+3	3.668587E-1
4.942250E+3	3.526624E-1
4.942500E+3	3.548260E-1
4.942750E+3	3.556962E-1
4.943000E+3	3.614556E-1
4.943250E+3	3.994268E-1
4.943500E+3	4.389033E-1
4.943750E+3	4.245316E-1
4.944000E+3	3.643942E-1
4.944250E+3	3.235726E-1
4.944500E+3	3.378036E-1
4.944750E+3	3.593229E-1
4.945000E+3	3.564003E-1
4.945250E+3	3.586589E-1
4.945500E+3	3.905577E-1
4.945750E+3	4.096374E-1
4.946000E+3	3.799535E-1
4.946250E+3	3.286694E-1
4.946500E+3	3.148819E-1
4.946750E+3	3.318096E-1
4.947000E+3	3.353271E-1
4.947250E+3	3.175981E-1
4.947500E+3	3.054936E-1
4.947750E+3	3.046201E-1
4.948000E+3	2.986107E-1
4.948250E+3	2.874473E-1
4.948500E+3	2.819466E-1
4.948750E+3	2.818065E-1
4.949000E+3	2.848186E-1
4.949250E+3	2.931044E-1
4.949500E+3	2.913933E-1
4.949750E+3	2.499680E-1
4.950000E+3	1.661082E-1
4.950250E+3	1.067762E-1
4.950500E+3	1.187570E-1
4.950750E+3	1.486687E-1
4.951000E+3	1.568778E-1
4.951250E+3	1.537962E-1
4.951500E+3	1.696378E-1
4.951750E+3	2.008726E-1
4.952000E+3	2.250788E-1
4.952250E+3	2.301472E-1
4.952500E+3	2.093100E-1
4.952750E+3	1.724471E-1
4.953000E+3	1.403938E-1
4.953250E+3	1.349968E-1
4.953500E+3	1.573438E-1
4.953750E+3	1.612378E-1
4.954000E+3	1.299141E-1
4.954250E+3	9.768519E-2
4.954500E+3	9.911643E-2
4.954750E+3	1.126225E-1
4.955000E+3	1.024042E-1
4.955250E+3	8.474715E-2
4.955500E+3	8.907451E-2
4.955750E+3	1.099169E-1
4.956000E+3	1.009215E-1
4.956250E+3	7.151325E-2
4.956500E+3	5.727017E-2
4.956750E+3	6.945481E-2
4.957000E+3	8.016374E-2
4.957250E+3	6.915017E-2
4.957500E+3	6.157135E-2
4.957750E+3	7.113553E-2
4.958000E+3	7.615400E-2
4.958250E+3	5.777705E-2
4.958500E+3	4.143748E-2
4.958750E+3	5.416632E-2
4.959000E+3	7.255841E-2
4.959250E+3	6.554385E-2
4.959500E+3	3.695426E-2
4.959750E+3	3.059383E-2
4.960000E+3	5.930210E-2
4.960250E+3	7.760983E-2
4.960500E+3	6.887328E-2
4.960750E+3	5.649121E-2
4.961000E+3	6.459649E-2
4.961250E+3	7.912845E-2
4.961500E+3	7.806399E-2
4.961750E+3	6.456075E-2
4.962000E+3	5.765051E-2
4.962250E+3	5.960024E-2
4.962500E+3	5.716417E-2
4.962750E+3	4.889460E-2
4.963000E+3	4.665352E-2
4.963250E+3	5.405934E-2
4.963500E+3	6.946482E-2
4.963750E+3	9.128392E-2
4.964000E+3	1.051563E-1
4.964250E+3	9.914499E-2
4.964500E+3	8.575965E-2
4.964750E+3	8.751487E-2
4.965000E+3	1.052103E-1
4.965250E+3	1.093851E-1
4.965500E+3	8.871995E-2
4.965750E+3	6.566257E-2
4.966000E+3	7.566233E-2
4.966250E+3	1.045875E-1
4.966500E+3	1.168706E-1
4.966750E+3	1.116769E-1
4.967000E+3	1.070725E-1
4.967250E+3	1.106663E-1
4.967500E+3	1.125877E-1
4.967750E+3	1.099573E-1
4.968000E+3	1.111849E-1
4.968250E+3	1.157223E-1
4.968500E+3	1.150902E-1
4.968750E+3	1.121115E-1
4.969000E+3	1.187401E-1
4.969250E+3	1.348729E-1
4.969500E+3	1.416842E-1
4.969750E+3	1.395779E-1
4.970000E+3	1.427182E-1
4.970250E+3	1.590694E-1
4.970500E+3	1.793657E-1
4.970750E+3	1.907609E-1
4.971000E+3	1.917605E-1
4.971250E+3	1.841704E-1
4.971500E+3	1.725025E-1
4.971750E+3	1.686968E-1
4.972000E+3	1.785181E-1
4.972250E+3	1.859741E-1
4.972500E+3	1.781187E-1
4.972750E+3	1.662124E-1
4.973000E+3	1.725497E-1
4.973250E+3	1.954723E-1
4.973500E+3	2.060598E-1
4.973750E+3	1.963672E-1
4.974000E+3	1.866426E-1
4.974250E+3	1.975191E-1
4.974500E+3	2.247549E-1
4.974750E+3	2.430681E-1
4.975000E+3	2.412780E-1
4.975250E+3	2.327896E-1
4.975500E+3	2.332889E-1
4.975750E+3	2.460713E-1
4.976000E+3	2.597561E-1
4.976250E+3	2.586623E-1
4.976500E+3	2.391264E-1
4.976750E+3	2.154795E-1
4.977000E+3	2.087031E-1
4.977250E+3	2.166866E-1
4.977500E+3	2.177780E-1
4.977750E+3	2.056571E-1
4.978000E+3	2.097210E-1
4.978250E+3	2.456029E-1
4.978500E+3	2.846386E-1
4.978750E+3	2.973811E-1
4.979000E+3	2.726680E-1
4.979250E+3	2.519667E-1
4.979500E+3	2.713441E-1
4.979750E+3	2.964376E-1
4.980000E+3	2.957459E-1
4.980250E+3	2.788427E-1
4.980500E+3	2.839530E-1
4.980750E+3	3.031114E-1
4.981000E+3	3.022056E-1
4.981250E+3	2.859281E-1
4.981500E+3	2.927750E-1
4.981750E+3	3.291324E-1
4.982000E+3	3.458238E-1
4.982250E+3	3.208527E-1
4.982500E+3	2.867790E-1
4.982750E+3	2.827863E-1
4.983000E+3	2.953511E-1
4.983250E+3	2.885567E-1
4.983500E+3	2.806263E-1
4.983750E+3	3.010746E-1
4.984000E+3	3.497568E-1
4.984250E+3	3.827630E-1
4.984500E+3	3.876490E-1
4.984750E+3	3.932667E-1
4.985000E+3	3.976129E-1
4.985250E+3	3.778812E-1
4.985500E+3	3.473432E-1
4.985750E+3	3.478621E-1
4.986000E+3	3.788733E-1
4.986250E+3	4.024524E-1
4.986500E+3	4.030082E-1
4.986750E+3	4.054010E-1
4.987000E+3	4.217799E-1
4.987250E+3	4.354082E-1
4.987500E+3	4.422368E-1
4.987750E+3	4.562457E-1
4.988000E+3	4.737083E-1
4.988250E+3	4.705127E-1
4.988500E+3	4.548078E-1
4.988750E+3	4.555956E-1
4.989000E+3	4.698775E-1
4.989250E+3	4.713949E-1
4.989500E+3	4.656648E-1
4.989750E+3	4.843606E-1
4.990000E+3	5.240884E-1
4.990250E+3	5.410132E-1
4.990500E+3	5.241981E-1
4.990750E+3	5.211517E-1
4.991000E+3	5.543429E-1
4.991250E+3	5.832386E-1
4.991500E+3	5.710331E-1
4.991750E+3	5.505974E-1
4.992000E+3	5.512272E-1
4.992250E+3	5.609758E-1
4.992500E+3	5.589731E-1
4.992750E+3	5.532856E-1
4.993000E+3	5.566316E-1
4.993250E+3	5.622103E-1
4.993500E+3	5.691947E-1
4.993750E+3	5.942971E-1
4.994000E+3	6.319235E-1
4.994250E+3	6.523204E-1
4.994500E+3	6.416644E-1
4.994750E+3	6.298404E-1
4.995000E+3	6.432315E-1
4.995250E+3	6.593237E-1
4.995500E+3	6.520883E-1
4.995750E+3	6.369009E-1
4.996000E+3	6.393642E-1
4.996250E+3	6.499553E-1
4.996500E+3	6.446873E-1
4.996750E+3	6.374296E-1
4.997000E+3	6.563342E-1
4.997250E+3	6.923724E-1
4.997500E+3	7.125713E-1
4.997750E+3	7.018038E-1
4.998000E+3	6.876686E-1
4.998250E+3	6.876548E-1
4.998500E+3	6.885428E-1
4.998750E+3	6.838246E-1
4.999000E+3	6.890281E-1
4.999250E+3	7.121976E-1
4.999500E+3	7.341084E-1
4.999750E+3	7.345980E-1
5.000000E+3	7.253602E-1
5.000250E+3	7.266293E-1
5.000500E+3	7.382567E-1
5.000750E+3	7.449013E-1
5.001000E+3	7.386866E-1
5.001250E+3	7.310394E-1
5.001500E+3	7.314247E-1
5.001750E+3	7.355010E-1
5.002000E+3	7.351242E-1
5.002250E+3	7.313001E-1
5.002500E+3	7.306161E-1
5.002750E+3	7.373235E-1
5.003000E+3	7.501009E-1
5.003250E+3	7.626555E-1
5.003500E+3	7.686964E-1
5.003750E+3	7.660297E-1
5.004000E+3	7.613606E-1
5.004250E+3	7.643137E-1
5.004500E+3	7.731205E-1
5.004750E+3	7.755819E-1
5.005000E+3	7.661617E-1
5.005250E+3	7.600722E-1
5.005500E+3	7.709484E-1
5.005750E+3	7.890454E-1
5.006000E+3	7.925172E-1
5.006250E+3	7.789912E-1
5.006500E+3	7.693463E-1
5.006750E+3	7.742073E-1
5.007000E+3	7.831787E-1
5.007250E+3	7.850558E-1
5.007500E+3	7.864937E-1
5.007750E+3	7.945367E-1
5.008000E+3	8.011636E-1
5.008250E+3	7.963656E-1
5.008500E+3	7.871234E-1
5.008750E+3	7.883552E-1
5.009000E+3	7.990020E-1
5.009250E+3	8.066490E-1
5.009500E+3	8.088902E-1
5.009750E+3	8.121577E-1
5.010000E+3	8.167711E-1
5.010250E+3	8.172726E-1
5.010500E+3	8.154321E-1
5.010750E+3	8.168832E-1
5.011000E+3	8.192121E-1
5.011250E+3	8.159889E-1
5.011500E+3	8.112614E-1
5.011750E+3	8.145458E-1
5.012000E+3	8.237669E-1
5.012250E+3	8.273514E-1
5.012500E+3	8.236061E-1
5.012750E+3	8.241913E-1
5.013000E+3	8.334103E-1
5.013250E+3	8.418293E-1
5.013500E+3	8.421638E-1
5.013750E+3	8.407064E-1
5.014000E+3	8.440849E-1
5.014250E+3	8.483955E-1
5.014500E+3	8.479140E-1
5.014750E+3	8.461909E-1
5.015000E+3	8.485505E-1
5.015250E+3	8.522967E-1
5.015500E+3	8.520373E-1
5.015750E+3	8.489846E-1
5.016000E+3	8.480456E-1
5.016250E+3	8.497895E-1
5.016500E+3	8.528825E-1
5.016750E+3	8.585971E-1
5.017000E+3	8.669033E-1
5.017250E+3	8.723774E-1
5.017500E+3	8.702409E-1
5.017750E+3	8.649425E-1
5.018000E+3	8.641075E-1
5.018250E+3	8.671346E-1
5.018500E+3	8.678058E-1
5.018750E+3	8.644822E-1
5.019000E+3	8.623439E-1
5.019250E+3	8.647805E-1
5.019500E+3	8.692350E-1
5.019750E+3	8.717626E-1
5.020000E+3	8.722986E-1
5.020250E+3	8.740120E-1
5.020500E+3	8.789959E-1
5.020750E+3	8.859981E-1
5.021000E+3	8.907168E-1
5.021250E+3	8.895032E-1
5.021500E+3	8.841466E-1
5.021750E+3	8.807571E-1
5.022000E+3	8.826117E-1
5.022250E+3	8.863867E-1
5.022500E+3	8.872925E-1
5.022750E+3	8.857345E-1
5.023000E+3	8.859200E-1
5.023250E+3	8.896644E-1
5.023500E+3	8.946242E-1
5.023750E+3	8.976965E-1
5.024000E+3	8.980505E-1
5.024250E+3	8.965164E-1
5.024500E+3	8.944791E-1
5.024750E+3	8.941239E-1
5.025000E+3	8.970320E-1
5.025250E+3	9.017699E-1
5.025500E+3	9.050311E-1
5.025750E+3	9.050743E-1
5.026000E+3	9.032378E-1
5.026250E+3	9.020621E-1
5.026500E+3	9.025364E-1
5.026750E+3	9.040279E-1
5.027000E+3	9.059281E-1
5.027250E+3	9.083381E-1
5.027500E+3	9.112795E-1
5.027750E+3	9.138347E-1
5.028000E+3	9.147704E-1
5.028250E+3	9.141940E-1
5.028500E+3	9.138810E-1
5.028750E+3	9.151253E-1
5.029000E+3	9.168845E-1
5.029250E+3	9.174084E-1
5.029500E+3	9.172443E-1
5.029750E+3	9.187648E-1
5.030000E+3	9.224888E-1
5.030250E+3	9.259120E-1
5.030500E+3	9.268342E-1
5.030750E+3	9.260344E-1
5.031000E+3	9.254370E-1
5.031250E+3	9.255469E-1
5.031500E+3	9.260016E-1
5.031750E+3	9.270202E-1
5.032000E+3	9.287466E-1
5.032250E+3	9.302626E-1
5.032500E+3	9.308168E-1
5.032750E+3	9.313413E-1
5.033000E+3	9.331999E-1
5.033250E+3	9.358581E-1
5.033500E+3	9.373900E-1
5.033750E+3	9.371096E-1
5.034000E+3	9.365126E-1
5.034250E+3	9.371723E-1
5.034500E+3	9.390237E-1
5.034750E+3	9.410899E-1
5.035000E+3	9.427972E-1
5.035250E+3	9.442423E-1
5.035500E+3	9.456121E-1
5.035750E+3	9.467919E-1
5.036000E+3	9.475470E-1
5.036250E+3	9.479488E-1
5.036500E+3	9.484900E-1
5.036750E+3	9.495734E-1
5.037000E+3	9.509403E-1
5.037250E+3	9.520289E-1
5.037500E+3	9.528828E-1
5.037750E+3	9.540706E-1
5.038000E+3	9.555182E-1
5.038250E+3	9.562793E-1
5.038500E+3	9.560034E-1
5.038750E+3	9.558596E-1
5.039000E+3	9.571664E-1
5.039250E+3	9.595126E-1
5.039500E+3	9.612774E-1
5.039750E+3	9.617970E-1
5.040000E+3	9.620308E-1
5.040250E+3	9.630135E-1
5.040500E+3	9.645346E-1
5.040750E+3	9.656802E-1
5.041000E+3	9.661308E-1
5.041250E+3	9.664093E-1
5.041500E+3	9.670468E-1
5.041750E+3	9.679971E-1
5.042000E+3	9.688428E-1
5.042250E+3	9.693432E-1
5.042500E+3	9.696779E-1
5.042750E+3	9.701544E-1
5.043000E+3	9.707614E-1
5.043250E+3	9.711397E-1
5.043500E+3	9.710662E-1
5.043750E+3	9.708019E-1
5.044000E+3	9.707676E-1
5.044250E+3	9.709597E-1
5.044500E+3	9.709635E-1
5.044750E+3	9.705717E-1
5.045000E+3	9.700702E-1
5.045250E+3	9.697638E-1
5.045500E+3	9.694827E-1
5.045750E+3	9.688546E-1
5.046000E+3	9.679020E-1
5.046250E+3	9.669930E-1
5.046500E+3	9.662575E-1
5.046750E+3	9.654685E-1
5.047000E+3	9.645621E-1
5.047250E+3	9.638241E-1
5.047500E+3	9.633532E-1
5.047750E+3	9.627712E-1
5.048000E+3	9.618289E-1
5.048250E+3	9.609289E-1
5.048500E+3	9.605435E-1
5.048750E+3	9.603761E-1
5.049000E+3	9.596903E-1
5.049250E+3	9.584156E-1
5.049500E+3	9.573197E-1
5.049750E+3	9.569844E-1
5.050000E+3	9.571423E-1
5.050250E+3	9.571762E-1
5.050500E+3	9.568772E-1
5.050750E+3	9.564775E-1
5.051000E+3	9.562045E-1
5.051250E+3	9.560521E-1
5.051500E+3	9.558608E-1
5.051750E+3	9.555088E-1
5.052000E+3	9.551054E-1
5.052250E+3	9.549364E-1
5.052500E+3	9.550403E-1
5.052750E+3	9.549785E-1
5.053000E+3	9.543604E-1
5.053250E+3	9.535569E-1
5.053500E+3	9.534196E-1
5.053750E+3	9.541717E-1
5.054000E+3	9.550336E-1
5.054250E+3	9.551628E-1
5.054500E+3	9.546962E-1
5.054750E+3	9.544206E-1
5.055000E+3	9.545991E-1
5.055250E+3	9.547146E-1
5.055500E+3	9.544042E-1
5.055750E+3	9.541162E-1
5.056000E+3	9.543367E-1
5.056250E+3	9.546353E-1
5.056500E+3	9.542487E-1
5.056750E+3	9.534510E-1
5.057000E+3	9.534283E-1
5.057250E+3	9.545159E-1
5.057500E+3	9.555927E-1
5.057750E+3	9.557999E-1
5.058000E+3	9.558118E-1
5.058250E+3	9.564083E-1
5.058500E+3	9.568493E-1
5.058750E+3	9.560961E-1
5.059000E+3	9.549516E-1
5.059250E+3	9.551086E-1
5.059500E+3	9.563753E-1
5.059750E+3	9.569721E-1
5.060000E+3	9.565330E-1
5.060250E+3	9.566382E-1
5.060500E+3	9.578406E-1
5.060750E+3	9.584157E-1
5.061000E+3	9.572732E-1
5.061250E+3	9.560504E-1
5.061500E+3	9.565260E-1
5.061750E+3	9.578393E-1
5.062000E+3	9.581223E-1
5.062250E+3	9.575906E-1
5.062500E+3	9.578358E-1
5.062750E+3	9.588764E-1
5.063000E+3	9.593057E-1
5.063250E+3	9.589013E-1
5.063500E+3	9.589523E-1
5.063750E+3	9.598468E-1
5.064000E+3	9.603835E-1
5.064250E+3	9.597858E-1
5.064500E+3	9.588993E-1
5.064750E+3	9.588194E-1
5.065000E+3	9.595415E-1
5.065250E+3	9.603525E-1
5.065500E+3	9.605627E-1
5.065750E+3	9.598027E-1
5.066000E+3	9.585484E-1
5.066250E+3	9.583246E-1
5.066500E+3	9.601031E-1
5.066750E+3	9.625488E-1
5.067000E+3	9.634209E-1
5.067250E+3	9.625589E-1
5.067500E+3	9.619561E-1
5.067750E+3	9.626546E-1
5.068000E+3	9.633694E-1
5.068250E+3	9.628875E-1
5.068500E+3	9.620540E-1
5.068750E+3	9.621710E-1
5.069000E+3	9.628749E-1
5.069250E+3	9.629666E-1
5.069500E+3	9.624851E-1
5.069750E+3	9.625046E-1
5.070000E+3	9.633494E-1
5.070250E+3	9.642942E-1
5.070500E+3	9.647209E-1
5.070750E+3	9.647006E-1
5.071000E+3	9.644976E-1
5.071250E+3	9.643502E-1
5.071500E+3	9.646173E-1
5.071750E+3	9.653565E-1
5.072000E+3	9.659810E-1
5.072250E+3	9.660076E-1
5.072500E+3	9.658850E-1
5.072750E+3	9.664507E-1
5.073000E+3	9.676831E-1
5.073250E+3	9.686596E-1
5.073500E+3	9.688034E-1
5.073750E+3	9.684600E-1
5.074000E+3	9.680354E-1
5.074250E+3	9.674880E-1
5.074500E+3	9.669086E-1
5.074750E+3	9.668001E-1
5.075000E+3	9.672916E-1
5.075250E+3	9.677989E-1
5.075500E+3	9.679412E-1
5.075750E+3	9.683040E-1
5.076000E+3	9.695897E-1
5.076250E+3	9.712719E-1
5.076500E+3	9.719648E-1
5.076750E+3	9.713976E-1
5.077000E+3	9.709414E-1
5.077250E+3	9.715556E-1
5.077500E+3	9.724996E-1
5.077750E+3	9.727124E-1
5.078000E+3	9.726572E-1
5.078250E+3	9.733933E-1
5.078500E+3	9.744329E-1
5.078750E+3	9.743039E-1
5.079000E+3	9.731612E-1
5.079250E+3	9.727654E-1
5.079500E+3	9.737660E-1
5.079750E+3	9.747213E-1
5.080000E+3	9.745879E-1
5.080250E+3	9.745748E-1
5.080500E+3	9.758927E-1
5.080750E+3	9.774292E-1
5.081000E+3	9.775193E-1
5.081250E+3	9.768326E-1
5.081500E+3	9.771141E-1
5.081750E+3	9.781983E-1
5.082000E+3	9.783733E-1
5.082250E+3	9.774961E-1
5.082500E+3	9.773846E-1
5.082750E+3	9.788600E-1
5.083000E+3	9.805165E-1
5.083250E+3	9.809567E-1
5.083500E+3	9.807645E-1
5.083750E+3	9.811946E-1
5.084000E+3	9.822061E-1
5.084250E+3	9.828374E-1
5.084500E+3	9.826714E-1
5.084750E+3	9.821471E-1
5.085000E+3	9.819586E-1
5.085250E+3	9.824565E-1
5.085500E+3	9.832526E-1
5.085750E+3	9.835202E-1
5.086000E+3	9.832244E-1
5.086250E+3	9.835453E-1
5.086500E+3	9.850160E-1
5.086750E+3	9.861720E-1
5.087000E+3	9.854672E-1
5.087250E+3	9.838450E-1
5.087500E+3	9.835713E-1
5.087750E+3	9.848310E-1
5.088000E+3	9.856909E-1
5.088250E+3	9.853226E-1
5.088500E+3	9.850295E-1
5.088750E+3	9.857954E-1
5.089000E+3	9.868739E-1
5.089250E+3	9.875449E-1
5.089500E+3	9.881022E-1
5.089750E+3	9.884524E-1
5.090000E+3	9.879191E-1
5.090250E+3	9.871228E-1
5.090500E+3	9.876455E-1
5.090750E+3	9.892000E-1
5.091000E+3	9.895359E-1
5.091250E+3	9.879051E-1
5.091500E+3	9.864646E-1
5.091750E+3	9.866898E-1
5.092000E+3	9.872087E-1
5.092250E+3	9.865389E-1
5.092500E+3	9.857983E-1
5.092750E+3	9.865211E-1
5.093000E+3	9.879719E-1
5.093250E+3	9.884863E-1
5.093500E+3	9.881614E-1
5.093750E+3	9.881061E-1
5.094000E+3	9.881946E-1
5.094250E+3	9.876960E-1
5.094500E+3	9.871232E-1
5.094750E+3	9.874263E-1
5.095000E+3	9.881873E-1
5.095250E+3	9.882538E-1
5.095500E+3	9.876082E-1
5.095750E+3	9.871044E-1
5.096000E+3	9.868696E-1
5.096250E+3	9.865113E-1
5.096500E+3	9.861511E-1
5.096750E+3	9.860888E-1
5.097000E+3	9.861099E-1
5.097250E+3	9.860713E-1
5.097500E+3	9.863296E-1
5.097750E+3	9.868280E-1
5.098000E+3	9.868948E-1
5.098250E+3	9.866544E-1
5.098500E+3	9.872621E-1
5.098750E+3	9.885610E-1
5.099000E+3	9.885796E-1
5.099250E+3	9.865832E-1
5.099500E+3	9.849319E-1
5.099750E+3	9.857819E-1
5.100000E+3	9.874763E-1
5.100250E+3	9.872889E-1
5.100500E+3	9.858426E-1
5.100750E+3	9.854909E-1
5.101000E+3	9.858779E-1
5.101250E+3	9.848925E-1
5.101500E+3	9.833538E-1
5.101750E+3	9.844956E-1
5.102000E+3	9.880824E-1
5.102250E+3	9.898177E-1
5.102500E+3	9.875132E-1
5.102750E+3	9.847099E-1
5.103000E+3	9.852818E-1
5.103250E+3	9.879286E-1
5.103500E+3	9.887255E-1
5.103750E+3	9.872732E-1
5.104000E+3	9.867597E-1
5.104250E+3	9.882904E-1
5.104500E+3	9.895752E-1
5.104750E+3	9.889275E-1
5.105000E+3	9.876645E-1
5.105250E+3	9.875941E-1
5.105500E+3	9.883368E-1
5.105750E+3	9.885559E-1
5.106000E+3	9.881511E-1
5.106250E+3	9.878218E-1
5.106500E+3	9.876887E-1
5.106750E+3	9.875235E-1
5.107000E+3	9.875324E-1
5.107250E+3	9.878945E-1
5.107500E+3	9.881228E-1
5.107750E+3	9.877152E-1
5.108000E+3	9.867436E-1
5.108250E+3	9.851739E-1
5.108500E+3	9.828959E-1
5.108750E+3	9.808092E-1
5.109000E+3	9.799323E-1
5.109250E+3	9.787834E-1
5.109500E+3	9.741870E-1
5.109750E+3	9.667951E-1
5.110000E+3	9.611851E-1
5.110250E+3	9.593310E-1
5.110500E+3	9.580659E-1
5.110750E+3	9.544961E-1
5.111000E+3	9.507489E-1
5.111250E+3	9.500157E-1
5.111500E+3	9.521676E-1
5.111750E+3	9.548405E-1
5.112000E+3	9.567042E-1
5.112250E+3	9.579814E-1
5.112500E+3	9.591970E-1
5.112750E+3	9.605447E-1
5.113000E+3	9.619600E-1
5.113250E+3	9.632395E-1
5.113500E+3	9.640727E-1
5.113750E+3	9.643199E-1
5.114000E+3	9.644638E-1
5.114250E+3	9.653497E-1
5.114500E+3	9.671055E-1
5.114750E+3	9.687129E-1
5.115000E+3	9.692241E-1
5.115250E+3	9.691848E-1
5.115500E+3	9.697764E-1
5.115750E+3	9.708825E-1
5.116000E+3	9.712675E-1
5.116250E+3	9.706880E-1
5.116500E+3	9.704315E-1
5.116750E+3	9.711799E-1
5.117000E+3	9.719156E-1
5.117250E+3	9.716750E-1
5.117500E+3	9.711488E-1
5.117750E+3	9.714097E-1
5.118000E+3	9.721174E-1
5.118250E+3	9.722932E-1
5.118500E+3	9.722146E-1
5.118750E+3	9.729668E-1
5.119000E+3	9.744096E-1
5.119250E+3	9.749748E-1
5.119500E+3	9.737932E-1
5.119750E+3	9.721579E-1
5.120000E+3	9.720672E-1
5.120250E+3	9.737729E-1
5.120500E+3	9.753493E-1
5.120750E+3	9.749285E-1
5.121000E+3	9.730579E-1
5.121250E+3	9.721684E-1
5.121500E+3	9.734275E-1
5.121750E+3	9.749845E-1
5.122000E+3	9.745224E-1
5.122250E+3	9.727922E-1
5.122500E+3	9.726464E-1
5.122750E+3	9.745391E-1
5.123000E+3	9.757085E-1
5.123250E+3	9.743371E-1
5.123500E+3	9.722497E-1
5.123750E+3	9.720821E-1
5.124000E+3	9.734791E-1
5.124250E+3	9.744866E-1
5.124500E+3	9.748603E-1
5.124750E+3	9.754814E-1
5.125000E+3	9.757756E-1
5.125250E+3	9.746163E-1
5.125500E+3	9.730677E-1
5.125750E+3	9.734630E-1
5.126000E+3	9.755309E-1
5.126250E+3	9.763758E-1
5.126500E+3	9.749851E-1
5.126750E+3	9.736629E-1
5.127000E+3	9.744531E-1
5.127250E+3	9.762087E-1
5.127500E+3	9.766466E-1
5.127750E+3	9.757383E-1
5.128000E+3	9.749350E-1
5.128250E+3	9.746630E-1
5.128500E+3	9.744107E-1
5.128750E+3	9.743300E-1
5.129000E+3	9.750800E-1
5.129250E+3	9.764137E-1
5.129500E+3	9.773001E-1
5.129750E+3	9.773778E-1
5.130000E+3	9.773194E-1
5.130250E+3	9.776040E-1
5.130500E+3	9.778203E-1
5.130750E+3	9.774725E-1
5.131000E+3	9.769102E-1
5.131250E+3	9.769073E-1
5.131500E+3	9.775872E-1
5.131750E+3	9.781036E-1
5.132000E+3	9.775871E-1
5.132250E+3	9.764743E-1
5.132500E+3	9.760648E-1
5.132750E+3	9.767901E-1
5.133000E+3	9.776147E-1
5.133250E+3	9.775440E-1
5.133500E+3	9.770942E-1
5.133750E+3	9.772652E-1
5.134000E+3	9.778522E-1
5.134250E+3	9.778799E-1
5.134500E+3	9.774173E-1
5.134750E+3	9.774445E-1
5.135000E+3	9.781243E-1
5.135250E+3	9.785834E-1
5.135500E+3	9.786011E-1
5.135750E+3	9.790521E-1
5.136000E+3	9.801834E-1
5.136250E+3	9.808714E-1
5.136500E+3	9.804400E-1
5.136750E+3	9.800300E-1
5.137000E+3	9.808178E-1
5.137250E+3	9.819317E-1
5.137500E+3	9.815167E-1
5.137750E+3	9.795744E-1
5.138000E+3	9.782197E-1
5.138250E+3	9.789633E-1
5.138500E+3	9.808625E-1
5.138750E+3	9.819290E-1
5.139000E+3	9.816004E-1
5.139250E+3	9.810451E-1
5.139500E+3	9.813374E-1
5.139750E+3	9.821060E-1
5.140000E+3	9.824379E-1
5.140250E+3	9.823668E-1
5.140500E+3	9.827273E-1
5.140750E+3	9.836926E-1
5.141000E+3	9.843041E-1
5.141250E+3	9.838601E-1
5.141500E+3	9.829515E-1
5.141750E+3	9.826494E-1
5.142000E+3	9.831262E-1
5.142250E+3	9.836951E-1
5.142500E+3	9.838912E-1
5.142750E+3	9.838123E-1
5.143000E+3	9.836335E-1
5.143250E+3	9.833869E-1
5.143500E+3	9.831888E-1
5.143750E+3	9.832105E-1
5.144000E+3	9.833892E-1
5.144250E+3	9.835038E-1
5.144500E+3	9.835097E-1
5.144750E+3	9.835166E-1
5.145000E+3	9.835499E-1
5.145250E+3	9.835907E-1
5.145500E+3	9.836956E-1
5.145750E+3	9.838207E-1
5.146000E+3	9.837257E-1
5.146250E+3	9.833460E-1
5.146500E+3	9.830340E-1
5.146750E+3	9.831314E-1
5.147000E+3	9.835693E-1
5.147250E+3	9.840664E-1
5.147500E+3	9.844434E-1
5.147750E+3	9.845371E-1
5.148000E+3	9.841607E-1
5.148250E+3	9.835195E-1
5.148500E+3	9.832933E-1
5.148750E+3	9.838470E-1
5.149000E+3	9.847050E-1
5.149250E+3	9.851495E-1
5.149500E+3	9.850069E-1
5.149750E+3	9.845650E-1
5.150000E+3	9.840918E-1
5.150250E+3	9.838106E-1
5.150500E+3	9.839487E-1
5.150750E+3	9.843556E-1
5.151000E+3	9.844546E-1
5.151250E+3	9.840557E-1
5.151500E+3	9.838316E-1
5.151750E+3	9.843801E-1
5.152000E+3	9.851838E-1
5.152250E+3	9.852225E-1
5.152500E+3	9.844339E-1
5.152750E+3	9.837773E-1
5.153000E+3	9.839347E-1
5.153250E+3	9.846083E-1
5.153500E+3	9.850724E-1
5.153750E+3	9.849547E-1
5.154000E+3	9.844367E-1
5.154250E+3	9.840553E-1
5.154500E+3	9.842588E-1
5.154750E+3	9.848673E-1
5.155000E+3	9.851933E-1
5.155250E+3	9.849961E-1
5.155500E+3	9.849061E-1
5.155750E+3	9.854065E-1
5.156000E+3	9.858848E-1
5.156250E+3	9.854774E-1
5.156500E+3	9.845076E-1
5.156750E+3	9.841057E-1
5.157000E+3	9.845326E-1
5.157250E+3	9.849315E-1
5.157500E+3	9.848636E-1
5.157750E+3	9.849944E-1
5.158000E+3	9.858417E-1
5.158250E+3	9.867401E-1
5.158500E+3	9.867399E-1
5.158750E+3	9.859061E-1
5.159000E+3	9.851166E-1
5.159250E+3	9.849473E-1
5.159500E+3	9.852204E-1
5.159750E+3	9.855061E-1
5.160000E+3	9.855580E-1
5.160250E+3	9.853670E-1
5.160500E+3	9.851728E-1
5.160750E+3	9.852845E-1
5.161000E+3	9.856919E-1
5.161250E+3	9.860379E-1
5.161500E+3	9.861027E-1
5.161750E+3	9.860878E-1
5.162000E+3	9.862075E-1
5.162250E+3	9.863060E-1
5.162500E+3	9.861820E-1
5.162750E+3	9.860252E-1
5.163000E+3	9.861565E-1
5.163250E+3	9.864715E-1
5.163500E+3	9.865645E-1
5.163750E+3	9.863740E-1
5.164000E+3	9.863046E-1
5.164250E+3	9.866341E-1
5.164500E+3	9.870867E-1
5.164750E+3	9.871951E-1
5.165000E+3	9.869244E-1
5.165250E+3	9.866887E-1
5.165500E+3	9.867753E-1
5.165750E+3	9.869891E-1
5.166000E+3	9.869952E-1
5.166250E+3	9.868517E-1
5.166500E+3	9.869459E-1
5.166750E+3	9.874020E-1
5.167000E+3	9.878347E-1
5.167250E+3	9.878357E-1
5.167500E+3	9.875112E-1
5.167750E+3	9.872950E-1
5.168000E+3	9.873638E-1
5.168250E+3	9.874844E-1
5.168500E+3	9.874084E-1
5.168750E+3	9.872152E-1
5.169000E+3	9.871956E-1
5.169250E+3	9.875047E-1
5.169500E+3	9.879715E-1
5.169750E+3	9.882516E-1
5.170000E+3	9.882108E-1
5.170250E+3	9.880993E-1
5.170500E+3	9.882017E-1
5.170750E+3	9.883844E-1
5.171000E+3	9.882763E-1
5.171250E+3	9.879070E-1
5.171500E+3	9.877638E-1
5.171750E+3	9.880684E-1
5.172000E+3	9.884139E-1
5.172250E+3	9.883976E-1
5.172500E+3	9.882273E-1
5.172750E+3	9.883058E-1
5.173000E+3	9.885680E-1
5.173250E+3	9.886819E-1
5.173500E+3	9.886447E-1
5.173750E+3	9.886871E-1
5.174000E+3	9.887799E-1
5.174250E+3	9.887369E-1
5.174500E+3	9.886777E-1
5.174750E+3	9.888764E-1
5.175000E+3	9.892291E-1
5.175250E+3	9.893673E-1
5.175500E+3	9.892475E-1
5.175750E+3	9.891517E-1
5.176000E+3	9.891459E-1
5.176250E+3	9.890540E-1
5.176500E+3	9.889447E-1
5.176750E+3	9.890931E-1
5.177000E+3	9.894143E-1
5.177250E+3	9.894855E-1
5.177500E+3	9.892551E-1
5.177750E+3	9.891929E-1
5.178000E+3	9.895454E-1
5.178250E+3	9.899458E-1
5.178500E+3	9.900178E-1
5.178750E+3	9.899179E-1
5.179000E+3	9.899622E-1
5.179250E+3	9.901039E-1
5.179500E+3	9.901159E-1
5.179750E+3	9.900148E-1
5.180000E+3	9.899763E-1
5.180250E+3	9.900208E-1
5.180500E+3	9.900568E-1
5.180750E+3	9.900877E-1
5.181000E+3	9.901484E-1
5.181250E+3	9.901756E-1
5.181500E+3	9.901310E-1
5.181750E+3	9.901179E-1
5.182000E+3	9.902072E-1
5.182250E+3	9.902919E-1
5.182500E+3	9.902726E-1
5.182750E+3	9.902466E-1
5.183000E+3	9.903422E-1
5.183250E+3	9.904902E-1
5.183500E+3	9.905355E-1
5.183750E+3	9.904787E-1
5.184000E+3	9.904389E-1
5.184250E+3	9.904489E-1
5.184500E+3	9.904426E-1
5.184750E+3	9.904035E-1
5.185000E+3	9.903908E-1
5.185250E+3	9.904279E-1
5.185500E+3	9.904629E-1
5.185750E+3	9.904403E-1
5.186000E+3	9.903582E-1
5.186250E+3	9.902637E-1
5.186500E+3	9.902145E-1
5.186750E+3	9.902202E-1
5.187000E+3	9.902144E-1
5.187250E+3	9.901292E-1
5.187500E+3	9.900025E-1
5.187750E+3	9.899467E-1
5.188000E+3	9.899984E-1
5.188250E+3	9.900709E-1
5.188500E+3	9.900764E-1
5.188750E+3	9.900274E-1
5.189000E+3	9.899825E-1
5.189250E+3	9.899605E-1
5.189500E+3	9.899508E-1
5.189750E+3	9.899570E-1
5.190000E+3	9.899758E-1
5.190250E+3	9.899678E-1
5.190500E+3	9.898994E-1
5.190750E+3	9.897985E-1
5.191000E+3	9.897261E-1
5.191250E+3	9.896990E-1
5.191500E+3	9.896741E-1
5.191750E+3	9.896129E-1
5.192000E+3	9.895309E-1
5.192250E+3	9.894703E-1
5.192500E+3	9.894463E-1
5.192750E+3	9.894358E-1
5.193000E+3	9.894104E-1
5.193250E+3	9.893641E-1
5.193500E+3	9.893169E-1
5.193750E+3	9.892956E-1
5.194000E+3	9.892962E-1
5.194250E+3	9.892662E-1
5.194500E+3	9.891633E-1
5.194750E+3	9.890404E-1
5.195000E+3	9.890048E-1
5.195250E+3	9.890607E-1
5.195500E+3	9.890770E-1
5.195750E+3	9.889748E-1
5.196000E+3	9.888505E-1
5.196250E+3	9.888106E-1
5.196500E+3	9.887969E-1
5.196750E+3	9.887243E-1
5.197000E+3	9.886773E-1
5.197250E+3	9.887595E-1
5.197500E+3	9.888399E-1
5.197750E+3	9.887185E-1
5.198000E+3	9.884897E-1
5.198250E+3	9.884346E-1
5.198500E+3	9.885616E-1
5.198750E+3	9.885955E-1
5.199000E+3	9.884619E-1
5.199250E+3	9.884061E-1
5.199500E+3	9.885243E-1
5.199750E+3	9.885747E-1
5.200000E+3	9.884169E-1
5.200250E+3	9.882639E-1
5.200500E+3	9.882708E-1
5.200750E+3	9.882454E-1
5.201000E+3	9.880403E-1
5.201250E+3	9.878745E-1
5.201500E+3	9.879456E-1
5.201750E+3	9.880488E-1
5.202000E+3	9.879404E-1
5.202250E+3	9.877866E-1
5.202500E+3	9.878593E-1
5.202750E+3	9.880411E-1
5.203000E+3	9.880514E-1
5.203250E+3	9.879445E-1
5.203500E+3	9.879581E-1
5.203750E+3	9.880511E-1
5.204000E+3	9.880182E-1
5.204250E+3	9.879036E-1
5.204500E+3	9.878815E-1
5.204750E+3	9.878796E-1
5.205000E+3	9.877431E-1
5.205250E+3	9.876168E-1
5.205500E+3	9.877153E-1
5.205750E+3	9.878466E-1
5.206000E+3	9.876578E-1
5.206250E+3	9.872626E-1
5.206500E+3	9.871339E-1
5.206750E+3	9.874038E-1
5.207000E+3	9.877225E-1
5.207250E+3	9.878379E-1
5.207500E+3	9.878537E-1
5.207750E+3	9.878904E-1
5.208000E+3	9.878926E-1
5.208250E+3	9.878055E-1
5.208500E+3	9.876266E-1
5.208750E+3	9.873253E-1
5.209000E+3	9.870040E-1
5.209250E+3	9.869693E-1
5.209500E+3	9.872719E-1
5.209750E+3	9.874075E-1
5.210000E+3	9.869890E-1
5.210250E+3	9.864864E-1
5.210500E+3	9.866481E-1
5.210750E+3	9.873510E-1
5.211000E+3	9.877560E-1
5.211250E+3	9.875837E-1
5.211500E+3	9.873774E-1
5.211750E+3	9.874414E-1
5.212000E+3	9.873891E-1
5.212250E+3	9.870128E-1
5.212500E+3	9.867674E-1
5.212750E+3	9.869579E-1
5.213000E+3	9.871196E-1
5.213250E+3	9.868049E-1
5.213500E+3	9.863971E-1
5.213750E+3	9.864790E-1
5.214000E+3	9.868565E-1
5.214250E+3	9.868680E-1
5.214500E+3	9.865064E-1
5.214750E+3	9.864566E-1
5.215000E+3	9.869724E-1
5.215250E+3	9.874179E-1
5.215500E+3	9.872045E-1
5.215750E+3	9.866555E-1
5.216000E+3	9.865440E-1
5.216250E+3	9.869531E-1
5.216500E+3	9.871057E-1
5.216750E+3	9.865033E-1
5.217000E+3	9.857492E-1
5.217250E+3	9.857879E-1
5.217500E+3	9.865815E-1
5.217750E+3	9.872179E-1
5.218000E+3	9.872017E-1
5.218250E+3	9.869082E-1
5.218500E+3	9.866382E-1
5.218750E+3	9.860947E-1
5.219000E+3	9.852775E-1
5.219250E+3	9.849931E-1
5.219500E+3	9.856827E-1
5.219750E+3	9.864729E-1
5.220000E+3	9.863014E-1
5.220250E+3	9.855251E-1
5.220500E+3	9.853296E-1
5.220750E+3	9.859047E-1
5.221000E+3	9.863500E-1
5.221250E+3	9.862297E-1
5.221500E+3	9.860814E-1
5.221750E+3	9.862566E-1
5.222000E+3	9.863735E-1
5.222250E+3	9.861359E-1
5.222500E+3	9.858745E-1
5.222750E+3	9.859565E-1
5.223000E+3	9.863172E-1
5.223250E+3	9.867332E-1
5.223500E+3	9.869968E-1
5.223750E+3	9.868649E-1
5.224000E+3	9.863856E-1
5.224250E+3	9.861086E-1
5.224500E+3	9.863847E-1
5.224750E+3	9.866781E-1
5.225000E+3	9.863516E-1
5.225250E+3	9.858301E-1
5.225500E+3	9.860115E-1
5.225750E+3	9.868385E-1
5.226000E+3	9.874042E-1
5.226250E+3	9.873313E-1
5.226500E+3	9.869773E-1
5.226750E+3	9.865441E-1
5.227000E+3	9.861055E-1
5.227250E+3	9.861266E-1
5.227500E+3	9.867695E-1
5.227750E+3	9.871180E-1
5.228000E+3	9.864542E-1
5.228250E+3	9.857948E-1
5.228500E+3	9.864851E-1
5.228750E+3	9.878450E-1
5.229000E+3	9.880825E-1
5.229250E+3	9.872411E-1
5.229500E+3	9.869023E-1
5.229750E+3	9.872136E-1
5.230000E+3	9.867396E-1
5.230250E+3	9.854533E-1
5.230500E+3	9.852284E-1
5.230750E+3	9.864529E-1
5.231000E+3	9.872128E-1
5.231250E+3	9.866259E-1
5.231500E+3	9.862615E-1
5.231750E+3	9.871249E-1
5.232000E+3	9.877451E-1
5.232250E+3	9.870456E-1
5.232500E+3	9.865643E-1
5.232750E+3	9.876999E-1
5.233000E+3	9.890175E-1
5.233250E+3	9.885637E-1
5.233500E+3	9.870993E-1
5.233750E+3	9.866444E-1
5.234000E+3	9.871932E-1
5.234250E+3	9.872473E-1
5.234500E+3	9.866389E-1
5.234750E+3	9.863762E-1
5.235000E+3	9.865854E-1
5.235250E+3	9.866634E-1
5.235500E+3	9.867680E-1
5.235750E+3	9.872434E-1
5.236000E+3	9.873802E-1
5.236250E+3	9.866790E-1
5.236500E+3	9.863765E-1
5.236750E+3	9.877424E-1
5.237000E+3	9.895897E-1
5.237250E+3	9.897521E-1
5.237500E+3	9.884778E-1
5.237750E+3	9.878184E-1
5.238000E+3	9.883531E-1
5.238250E+3	9.887912E-1
5.238500E+3	9.885936E-1
5.238750E+3	9.887027E-1
5.239000E+3	9.893554E-1
5.239250E+3	9.894881E-1
5.239500E+3	9.886680E-1
5.239750E+3	9.879073E-1
5.240000E+3	9.878654E-1
5.240250E+3	9.879752E-1
5.240500E+3	9.879127E-1
5.240750E+3	9.882002E-1
5.241000E+3	9.888981E-1
5.241250E+3	9.891311E-1
5.241500E+3	9.885707E-1
5.241750E+3	9.881694E-1
5.242000E+3	9.887638E-1
5.242250E+3	9.898058E-1
5.242500E+3	9.902245E-1
5.242750E+3	9.898202E-1
5.243000E+3	9.892004E-1
5.243250E+3	9.889285E-1
5.243500E+3	9.890838E-1
5.243750E+3	9.892973E-1
5.244000E+3	9.891436E-1
5.244250E+3	9.887045E-1
5.244500E+3	9.885107E-1
5.244750E+3	9.886278E-1
5.245000E+3	9.883810E-1
5.245250E+3	9.876107E-1
5.245500E+3	9.873479E-1
5.245750E+3	9.882464E-1
5.246000E+3	9.892015E-1
5.246250E+3	9.889225E-1
5.246500E+3	9.880598E-1
5.246750E+3	9.882416E-1
5.247000E+3	9.893662E-1
5.247250E+3	9.900064E-1
5.247500E+3	9.898956E-1
5.247750E+3	9.900389E-1
5.248000E+3	9.905217E-1
5.248250E+3	9.902032E-1
5.248500E+3	9.890480E-1
5.248750E+3	9.886266E-1
5.249000E+3	9.896108E-1
5.249250E+3	9.906815E-1
5.249500E+3	9.907746E-1
5.249750E+3	9.904755E-1
5.250000E+3	9.904502E-1
5.250250E+3	9.901492E-1
5.250500E+3	9.892851E-1
5.250750E+3	9.889040E-1
5.251000E+3	9.894895E-1
5.251250E+3	9.897036E-1
5.251500E+3	9.887922E-1
5.251750E+3	9.883336E-1
5.252000E+3	9.898459E-1
5.252250E+3	9.916649E-1
5.252500E+3	9.913112E-1
5.252750E+3	9.895138E-1
5.253000E+3	9.891517E-1
5.253250E+3	9.904867E-1
5.253500E+3	9.909752E-1
5.253750E+3	9.895946E-1
5.254000E+3	9.884653E-1
5.254250E+3	9.892939E-1
5.254500E+3	9.904747E-1
5.254750E+3	9.900741E-1
5.255000E+3	9.889352E-1
5.255250E+3	9.890193E-1
5.255500E+3	9.901338E-1
5.255750E+3	9.906879E-1
5.256000E+3	9.905132E-1
5.256250E+3	9.907873E-1
5.256500E+3	9.916180E-1
5.256750E+3	9.918378E-1
5.257000E+3	9.911181E-1
5.257250E+3	9.905112E-1
5.257500E+3	9.906370E-1
5.257750E+3	9.909026E-1
5.258000E+3	9.907345E-1
5.258250E+3	9.903432E-1
5.258500E+3	9.899649E-1
5.258750E+3	9.895643E-1
5.259000E+3	9.895197E-1
5.259250E+3	9.903045E-1
5.259500E+3	9.913057E-1
5.259750E+3	9.913487E-1
5.260000E+3	9.904799E-1
5.260250E+3	9.899813E-1
5.260500E+3	9.904018E-1
5.260750E+3	9.909085E-1
5.261000E+3	9.908597E-1
5.261250E+3	9.907945E-1
5.261500E+3	9.910712E-1
5.261750E+3	9.910370E-1
5.262000E+3	9.903437E-1
5.262250E+3	9.897257E-1
5.262500E+3	9.896019E-1
5.262750E+3	9.892909E-1
5.263000E+3	9.885877E-1
5.263250E+3	9.885621E-1
5.263500E+3	9.895695E-1
5.263750E+3	9.902066E-1
5.264000E+3	9.893936E-1
5.264250E+3	9.883450E-1
5.264500E+3	9.886795E-1
5.264750E+3	9.896579E-1
5.265000E+3	9.897921E-1
5.265250E+3	9.893726E-1
5.265500E+3	9.895696E-1
5.265750E+3	9.899939E-1
5.266000E+3	9.896904E-1
5.266250E+3	9.895294E-1
5.266500E+3	9.908908E-1
5.266750E+3	9.925584E-1
5.267000E+3	9.920642E-1
5.267250E+3	9.899707E-1
5.267500E+3	9.895657E-1
5.267750E+3	9.917561E-1
5.268000E+3	9.931871E-1
5.268250E+3	9.914475E-1
5.268500E+3	9.886160E-1
5.268750E+3	9.879670E-1
5.269000E+3	9.895964E-1
5.269250E+3	9.909747E-1
5.269500E+3	9.909837E-1
5.269750E+3	9.907419E-1
5.270000E+3	9.911919E-1
5.270250E+3	9.918833E-1
5.270500E+3	9.919590E-1
5.270750E+3	9.912636E-1
5.271000E+3	9.904969E-1
5.271250E+3	9.906587E-1
5.271500E+3	9.916760E-1
5.271750E+3	9.920723E-1
5.272000E+3	9.910258E-1
5.272250E+3	9.899923E-1
5.272500E+3	9.907760E-1
5.272750E+3	9.922560E-1
5.273000E+3	9.918900E-1
5.273250E+3	9.898872E-1
5.273500E+3	9.891608E-1
5.273750E+3	9.904411E-1
5.274000E+3	9.909198E-1
5.274250E+3	9.893249E-1
5.274500E+3	9.882093E-1
5.274750E+3	9.895613E-1
5.275000E+3	9.912490E-1
5.275250E+3	9.908591E-1
5.275500E+3	9.898424E-1
5.275750E+3	9.907444E-1
5.276000E+3	9.925636E-1
5.276250E+3	9.927385E-1
5.276500E+3	9.915528E-1
5.276750E+3	9.913004E-1
5.277000E+3	9.918720E-1
5.277250E+3	9.915511E-1
5.277500E+3	9.904375E-1
5.277750E+3	9.900017E-1
5.278000E+3	9.902163E-1
5.278250E+3	9.902572E-1
5.278500E+3	9.910699E-1
5.278750E+3	9.932806E-1
5.279000E+3	9.938403E-1
5.279250E+3	9.905330E-1
5.279500E+3	9.865035E-1
5.279750E+3	9.867326E-1
5.280000E+3	9.911877E-1
5.280250E+3	9.940740E-1
5.280500E+3	9.930459E-1
5.280750E+3	9.916370E-1
5.281000E+3	9.923346E-1
5.281250E+3	9.929014E-1
5.281500E+3	9.916890E-1
5.281750E+3	9.910040E-1
5.282000E+3	9.921663E-1
5.282250E+3	9.923490E-1
5.282500E+3	9.898723E-1
5.282750E+3	9.882788E-1
5.283000E+3	9.905833E-1
5.283250E+3	9.935211E-1
5.283500E+3	9.928814E-1
5.283750E+3	9.905349E-1
5.284000E+3	9.908200E-1
5.284250E+3	9.924847E-1
5.284500E+3	9.912926E-1
5.284750E+3	9.880964E-1
5.285000E+3	9.878146E-1
5.285250E+3	9.910997E-1
5.285500E+3	9.932171E-1
5.285750E+3	9.919766E-1
5.286000E+3	9.910252E-1
5.286250E+3	9.921605E-1
5.286500E+3	9.921198E-1
5.286750E+3	9.888563E-1
5.287000E+3	9.863112E-1
5.287250E+3	9.879308E-1
5.287500E+3	9.916133E-1
5.287750E+3	9.934036E-1
5.288000E+3	9.925805E-1
5.288250E+3	9.914451E-1
5.288500E+3	9.905963E-1
5.288750E+3	9.896524E-1
5.289000E+3	9.899394E-1
5.289250E+3	9.921578E-1
5.289500E+3	9.940583E-1
5.289750E+3	9.936170E-1
5.290000E+3	9.918521E-1
5.290250E+3	9.912174E-1
5.290500E+3	9.916023E-1
5.290750E+3	9.912235E-1
5.291000E+3	9.902650E-1
5.291250E+3	9.900422E-1
5.291500E+3	9.902404E-1
5.291750E+3	9.902937E-1
5.292000E+3	9.912775E-1
5.292250E+3	9.932546E-1
5.292500E+3	9.931915E-1
5.292750E+3	9.894598E-1
5.293000E+3	9.862201E-1
5.293250E+3	9.883480E-1
5.293500E+3	9.935160E-1
5.293750E+3	9.953157E-1
5.294000E+3	9.924497E-1
5.294250E+3	9.903578E-1
5.294500E+3	9.914388E-1
5.294750E+3	9.920200E-1
5.295000E+3	9.898553E-1
5.295250E+3	9.884292E-1
5.295500E+3	9.904349E-1
5.295750E+3	9.931935E-1
5.296000E+3	9.931462E-1
5.296250E+3	9.918671E-1
5.296500E+3	9.925622E-1
5.296750E+3	9.941306E-1
5.297000E+3	9.933902E-1
5.297250E+3	9.909432E-1
5.297500E+3	9.899616E-1
5.297750E+3	9.908237E-1
5.298000E+3	9.912598E-1
5.298250E+3	9.907379E-1
5.298500E+3	9.909041E-1
5.298750E+3	9.921467E-1
5.299000E+3	9.929165E-1
5.299250E+3	9.927529E-1
5.299500E+3	9.928905E-1
5.299750E+3	9.935771E-1
5.300000E+3	9.939720E-1
5.300250E+3	9.942435E-1
5.300500E+3	9.951672E-1
5.300750E+3	9.956369E-1
5.301000E+3	9.937677E-1
5.301250E+3	9.910939E-1
5.301500E+3	9.909680E-1
5.301750E+3	9.937111E-1
5.302000E+3	9.959538E-1
5.302250E+3	9.949153E-1
5.302500E+3	9.925586E-1
5.302750E+3	9.914611E-1
5.303000E+3	9.918201E-1
5.303250E+3	9.924450E-1
5.303500E+3	9.928523E-1
5.303750E+3	9.933297E-1
5.304000E+3	9.937089E-1
5.304250E+3	9.936110E-1
5.304500E+3	9.931025E-1
5.304750E+3	9.920793E-1
5.305000E+3	9.903985E-1
5.305250E+3	9.892240E-1
5.305500E+3	9.899146E-1
5.305750E+3	9.917097E-1
5.306000E+3	9.924061E-1
5.306250E+3	9.908478E-1
5.306500E+3	9.888063E-1
5.306750E+3	9.881707E-1
5.307000E+3	9.889177E-1
5.307250E+3	9.902629E-1
5.307500E+3	9.916493E-1
5.307750E+3	9.927117E-1
5.308000E+3	9.930374E-1
5.308250E+3	9.926700E-1
5.308500E+3	9.922022E-1
5.308750E+3	9.917627E-1
5.309000E+3	9.909775E-1
5.309250E+3	9.902622E-1
5.309500E+3	9.904725E-1
5.309750E+3	9.910228E-1
5.310000E+3	9.905077E-1
5.310250E+3	9.892207E-1
5.310500E+3	9.893771E-1
5.310750E+3	9.919388E-1
5.311000E+3	9.947028E-1
5.311250E+3	9.950280E-1
5.311500E+3	9.933650E-1
5.311750E+3	9.913748E-1
5.312000E+3	9.891378E-1
5.312250E+3	9.866603E-1
5.312500E+3	9.857352E-1
5.312750E+3	9.878552E-1
5.313000E+3	9.914974E-1
5.313250E+3	9.934743E-1
5.313500E+3	9.932933E-1
5.313750E+3	9.930504E-1
5.314000E+3	9.934588E-1
5.314250E+3	9.929883E-1
5.314500E+3	9.909342E-1
5.314750E+3	9.888279E-1
5.315000E+3	9.879913E-1
5.315250E+3	9.879849E-1
5.315500E+3	9.881022E-1
5.315750E+3	9.886826E-1
5.316000E+3	9.901006E-1
5.316250E+3	9.916762E-1
5.316500E+3	9.926797E-1
5.316750E+3	9.927607E-1
5.317000E+3	9.915150E-1
5.317250E+3	9.895710E-1
5.317500E+3	9.888582E-1
5.317750E+3	9.903913E-1
5.318000E+3	9.924171E-1
5.318250E+3	9.917760E-1
5.318500E+3	9.892250E-1
5.318750E+3	9.882895E-1
5.319000E+3	9.903003E-1
5.319250E+3	9.925642E-1
5.319500E+3	9.919820E-1
5.319750E+3	9.900942E-1
5.320000E+3	9.899759E-1
5.320250E+3	9.915360E-1
5.320500E+3	9.920335E-1
5.320750E+3	9.905791E-1
5.321000E+3	9.892983E-1
5.321250E+3	9.899035E-1
5.321500E+3	9.912331E-1
5.321750E+3	9.916678E-1
5.322000E+3	9.915129E-1
5.322250E+3	9.920097E-1
5.322500E+3	9.929908E-1
5.322750E+3	9.933769E-1
5.323000E+3	9.928155E-1
5.323250E+3	9.916404E-1
5.323500E+3	9.902040E-1
5.323750E+3	9.885378E-1
5.324000E+3	9.870430E-1
5.324250E+3	9.867952E-1
5.324500E+3	9.881675E-1
5.324750E+3	9.899264E-1
5.325000E+3	9.909096E-1
5.325250E+3	9.912430E-1
5.325500E+3	9.912548E-1
5.325750E+3	9.904951E-1
5.326000E+3	9.889846E-1
5.326250E+3	9.882686E-1
5.326500E+3	9.893284E-1
5.326750E+3	9.904235E-1
5.327000E+3	9.888940E-1
5.327250E+3	9.854792E-1
5.327500E+3	9.835683E-1
5.327750E+3	9.846389E-1
5.328000E+3	9.870039E-1
5.328250E+3	9.888035E-1
5.328500E+3	9.906359E-1
5.328750E+3	9.931447E-1
5.329000E+3	9.947719E-1
5.329250E+3	9.939046E-1
5.329500E+3	9.917570E-1
5.329750E+3	9.898188E-1
5.330000E+3	9.879751E-1
5.330250E+3	9.866102E-1
5.330500E+3	9.868877E-1
5.330750E+3	9.879721E-1
5.331000E+3	9.872738E-1
5.331250E+3	9.848039E-1
5.331500E+3	9.850000E-1
5.331750E+3	9.898249E-1
5.332000E+3	9.941805E-1
5.332250E+3	9.918679E-1
5.332500E+3	9.857095E-1
5.332750E+3	9.831419E-1
5.333000E+3	9.857738E-1
5.333250E+3	9.878657E-1
5.333500E+3	9.864573E-1
5.333750E+3	9.861370E-1
5.334000E+3	9.895975E-1
5.334250E+3	9.917896E-1
5.334500E+3	9.877480E-1
5.334750E+3	9.828953E-1
5.335000E+3	9.840770E-1
5.335250E+3	9.895811E-1
5.335500E+3	9.921941E-1
5.335750E+3	9.896568E-1
5.336000E+3	9.869003E-1
5.336250E+3	9.873565E-1
5.336500E+3	9.881328E-1
5.336750E+3	9.868828E-1
5.337000E+3	9.861090E-1
5.337250E+3	9.887860E-1
5.337500E+3	9.922026E-1
5.337750E+3	9.923592E-1
5.338000E+3	9.897427E-1
5.338250E+3	9.875494E-1
5.338500E+3	9.869030E-1
5.338750E+3	9.863788E-1
5.339000E+3	9.859677E-1
5.339250E+3	9.867874E-1
5.339500E+3	9.873789E-1
5.339750E+3	9.861523E-1
5.340000E+3	9.848142E-1
5.340250E+3	9.860744E-1
5.340500E+3	9.889334E-1
5.340750E+3	9.893634E-1
5.341000E+3	9.875173E-1
5.341250E+3	9.873893E-1
5.341500E+3	9.903712E-1
5.341750E+3	9.924634E-1
5.342000E+3	9.908738E-1
5.342250E+3	9.884481E-1
5.342500E+3	9.880243E-1
5.342750E+3	9.891384E-1
5.343000E+3	9.912068E-1
5.343250E+3	9.940348E-1
5.343500E+3	9.943288E-1
5.343750E+3	9.894939E-1
5.344000E+3	9.839427E-1
5.344250E+3	9.843829E-1
5.344500E+3	9.902125E-1
5.344750E+3	9.915218E-1
5.345000E+3	9.850709E-1
5.345250E+3	9.805613E-1
5.345500E+3	9.846346E-1
5.345750E+3	9.908847E-1
5.346000E+3	9.896808E-1
5.346250E+3	9.859402E-1
5.346500E+3	9.876303E-1
5.346750E+3	9.906697E-1
5.347000E+3	9.858131E-1
5.347250E+3	9.792226E-1
5.347500E+3	9.822074E-1
5.347750E+3	9.928365E-1
5.348000E+3	9.985807E-1
5.348250E+3	9.946133E-1
5.348500E+3	9.922250E-1
5.348750E+3	9.948380E-1
5.349000E+3	9.926508E-1
5.349250E+3	9.837846E-1
5.349500E+3	9.796413E-1
5.349750E+3	9.839784E-1
5.350000E+3	9.896582E-1
5.350250E+3	9.901999E-1
5.350500E+3	9.908505E-1
5.350750E+3	9.940976E-1
5.351000E+3	9.914999E-1
5.351250E+3	9.812983E-1
5.351500E+3	9.786339E-1
5.351750E+3	9.886813E-1
5.352000E+3	9.954729E-1
5.352250E+3	9.837113E-1
5.352500E+3	9.669918E-1
5.352750E+3	9.684655E-1
5.353000E+3	9.830840E-1
5.353250E+3	9.855677E-1
5.353500E+3	9.721533E-1
5.353750E+3	9.656016E-1
5.354000E+3	9.765215E-1
5.354250E+3	9.882665E-1
5.354500E+3	9.849463E-1
5.354750E+3	9.763759E-1
5.355000E+3	9.774868E-1
5.355250E+3	9.847499E-1
5.355500E+3	9.848865E-1
5.355750E+3	9.776605E-1
5.356000E+3	9.754756E-1
5.356250E+3	9.828191E-1
5.356500E+3	9.882743E-1
5.356750E+3	9.856957E-1
5.357000E+3	9.805024E-1
5.357250E+3	9.808912E-1
5.357500E+3	9.867687E-1
5.357750E+3	9.919679E-1
5.358000E+3	9.932293E-1
5.358250E+3	9.898624E-1
5.358500E+3	9.842413E-1
5.358750E+3	9.804814E-1
5.359000E+3	9.803525E-1
5.359250E+3	9.822564E-1
5.359500E+3	9.822871E-1
5.359750E+3	9.790994E-1
5.360000E+3	9.761310E-1
5.360250E+3	9.781247E-1
5.360500E+3	9.856034E-1
5.360750E+3	9.913034E-1
5.361000E+3	9.873330E-1
5.361250E+3	9.771441E-1
5.361500E+3	9.725016E-1
5.361750E+3	9.781687E-1
5.362000E+3	9.874461E-1
5.362250E+3	9.919393E-1
5.362500E+3	9.914943E-1
5.362750E+3	9.898837E-1
5.363000E+3	9.871488E-1
5.363250E+3	9.816248E-1
5.363500E+3	9.767088E-1
5.363750E+3	9.782765E-1
5.364000E+3	9.844227E-1
5.364250E+3	9.865743E-1
5.364500E+3	9.838974E-1
5.364750E+3	9.833686E-1
5.365000E+3	9.880317E-1
5.365250E+3	9.933084E-1
5.365500E+3	9.933349E-1
5.365750E+3	9.902681E-1
5.366000E+3	9.876340E-1
5.366250E+3	9.848060E-1
5.366500E+3	9.822743E-1
5.366750E+3	9.835996E-1
5.367000E+3	9.865585E-1
5.367250E+3	9.843188E-1
5.367500E+3	9.767087E-1
5.367750E+3	9.744902E-1
5.368000E+3	9.817515E-1
5.368250E+3	9.881051E-1
5.368500E+3	9.850352E-1
5.368750E+3	9.768688E-1
5.369000E+3	9.784572E-1
5.369250E+3	9.874128E-1
5.369500E+3	9.922792E-1
5.369750E+3	9.908853E-1
5.370000E+3	9.899003E-1
5.370250E+3	9.928107E-1
5.370500E+3	9.934771E-1
5.370750E+3	9.905836E-1
5.371000E+3	9.882487E-1
5.371250E+3	9.882245E-1
5.371500E+3	9.855158E-1
5.371750E+3	9.790701E-1
5.372000E+3	9.767817E-1
5.372250E+3	9.820967E-1
5.372500E+3	9.873545E-1
5.372750E+3	9.842152E-1
5.373000E+3	9.739157E-1
5.373250E+3	9.705128E-1
5.373500E+3	9.788147E-1
5.373750E+3	9.907304E-1
5.374000E+3	9.972947E-1
5.374250E+3	9.937925E-1
5.374500E+3	9.870264E-1
5.374750E+3	9.854437E-1
5.375000E+3	9.891454E-1
5.375250E+3	9.902811E-1
5.375500E+3	9.842608E-1
5.375750E+3	9.779463E-1
5.376000E+3	9.802760E-1
5.376250E+3	9.882598E-1
5.376500E+3	9.916148E-1
5.376750E+3	9.908298E-1
5.377000E+3	9.916791E-1
5.377250E+3	9.930925E-1
5.377500E+3	9.882547E-1
5.377750E+3	9.804282E-1
5.378000E+3	9.785320E-1
5.378250E+3	9.824377E-1
5.378500E+3	9.832206E-1
5.378750E+3	9.786712E-1
5.379000E+3	9.757103E-1
5.379250E+3	9.774137E-1
5.379500E+3	9.784596E-1
5.379750E+3	9.771296E-1
5.380000E+3	9.816268E-1
5.380250E+3	9.900918E-1
5.380500E+3	9.894307E-1
5.380750E+3	9.750231E-1
5.381000E+3	9.624387E-1
5.381250E+3	9.683687E-1
5.381500E+3	9.821533E-1
5.381750E+3	9.916495E-1
5.382000E+3	9.945478E-1
5.382250E+3	9.927886E-1
5.382500E+3	9.873990E-1
5.382750E+3	9.793612E-1
5.383000E+3	9.745750E-1
5.383250E+3	9.789417E-1
5.383500E+3	9.830809E-1
5.383750E+3	9.778340E-1
5.384000E+3	9.712767E-1
5.384250E+3	9.751516E-1
5.384500E+3	9.831009E-1
5.384750E+3	9.792202E-1
5.385000E+3	9.682825E-1
5.385250E+3	9.680245E-1
5.385500E+3	9.785170E-1
5.385750E+3	9.864622E-1
5.386000E+3	9.859239E-1
5.386250E+3	9.842773E-1
5.386500E+3	9.839836E-1
5.386750E+3	9.812642E-1
5.387000E+3	9.767286E-1
5.387250E+3	9.756647E-1
5.387500E+3	9.745484E-1
5.387750E+3	9.676574E-1
5.388000E+3	9.617579E-1
5.388250E+3	9.698199E-1
5.388500E+3	9.848492E-1
5.388750E+3	9.856081E-1
5.389000E+3	9.756082E-1
5.389250E+3	9.726530E-1
5.389500E+3	9.781541E-1
5.389750E+3	9.772423E-1
5.390000E+3	9.687523E-1
5.390250E+3	9.693896E-1
5.390500E+3	9.778676E-1
5.390750E+3	9.812634E-1
5.391000E+3	9.744632E-1
5.391250E+3	9.720751E-1
5.391500E+3	9.826366E-1
5.391750E+3	9.873606E-1
5.392000E+3	9.774250E-1
5.392250E+3	9.661747E-1
5.392500E+3	9.711425E-1
5.392750E+3	9.812581E-1
5.393000E+3	9.816268E-1
5.393250E+3	9.723182E-1
5.393500E+3	9.656186E-1
5.393750E+3	9.621764E-1
5.394000E+3	9.576510E-1
5.394250E+3	9.591194E-1
5.394500E+3	9.714609E-1
5.394750E+3	9.807420E-1
5.395000E+3	9.824376E-1
5.395250E+3	9.813121E-1
5.395500E+3	9.811031E-1
5.395750E+3	9.783981E-1
5.396000E+3	9.723295E-1
5.396250E+3	9.673242E-1
5.396500E+3	9.701342E-1
5.396750E+3	9.823254E-1
5.397000E+3	9.943673E-1
5.397250E+3	9.929550E-1
5.397500E+3	9.731731E-1
5.397750E+3	9.543956E-1
5.398000E+3	9.600555E-1
5.398250E+3	9.804734E-1
5.398500E+3	9.800387E-1
5.398750E+3	9.336940E-1
5.399000E+3	8.732876E-1
5.399250E+3	8.582357E-1
5.399500E+3	8.924041E-1
5.399750E+3	9.376157E-1
5.400000E+3	9.579031E-1
5.400250E+3	9.513788E-1
5.400500E+3	9.484119E-1
5.400750E+3	9.568614E-1
5.401000E+3	9.646233E-1
5.401250E+3	9.676372E-1
5.401500E+3	9.713383E-1
5.401750E+3	9.710808E-1
5.402000E+3	9.591551E-1
5.402250E+3	9.412631E-1
5.402500E+3	9.389823E-1
5.402750E+3	9.525072E-1
5.403000E+3	9.616440E-1
5.403250E+3	9.612016E-1
5.403500E+3	9.571932E-1
5.403750E+3	9.548037E-1
5.404000E+3	9.580569E-1
5.404250E+3	9.701525E-1
5.404500E+3	9.839109E-1
5.404750E+3	9.855606E-1
5.405000E+3	9.717657E-1
5.405250E+3	9.585914E-1
5.405500E+3	9.640932E-1
5.405750E+3	9.804242E-1
5.406000E+3	9.825383E-1
5.406250E+3	9.719179E-1
5.406500E+3	9.665909E-1
5.406750E+3	9.689735E-1
5.407000E+3	9.693859E-1
5.407250E+3	9.632291E-1
5.407500E+3	9.591794E-1
5.407750E+3	9.573170E-1
5.408000E+3	9.527953E-1
5.408250E+3	9.480636E-1
5.408500E+3	9.528929E-1
5.408750E+3	9.672394E-1
5.409000E+3	9.818849E-1
5.409250E+3	9.848830E-1
5.409500E+3	9.802536E-1
5.409750E+3	9.778966E-1
5.410000E+3	9.777976E-1
5.410250E+3	9.772956E-1
5.410500E+3	9.752589E-1
5.410750E+3	9.716435E-1
5.411000E+3	9.645134E-1
5.411250E+3	9.541595E-1
5.411500E+3	9.478023E-1
5.411750E+3	9.494263E-1
5.412000E+3	9.562763E-1
5.412250E+3	9.675420E-1
5.412500E+3	9.790620E-1
5.412750E+3	9.821911E-1
5.413000E+3	9.751706E-1
5.413250E+3	9.667131E-1
5.413500E+3	9.658624E-1
5.413750E+3	9.679277E-1
5.414000E+3	9.647929E-1
5.414250E+3	9.600308E-1
5.414500E+3	9.579728E-1
5.414750E+3	9.505537E-1
5.415000E+3	9.298828E-1
5.415250E+3	9.071912E-1
5.415500E+3	9.022722E-1
5.415750E+3	9.157871E-1
5.416000E+3	9.305086E-1
5.416250E+3	9.379561E-1
5.416500E+3	9.431011E-1
5.416750E+3	9.485376E-1
5.417000E+3	9.505853E-1
5.417250E+3	9.481661E-1
5.417500E+3	9.466867E-1
5.417750E+3	9.433408E-1
5.418000E+3	9.321439E-1
5.418250E+3	9.200879E-1
5.418500E+3	9.252627E-1
5.418750E+3	9.478082E-1
5.419000E+3	9.656479E-1
5.419250E+3	9.513555E-1
5.419500E+3	9.129272E-1
5.419750E+3	8.794209E-1
5.420000E+3	8.874637E-1
5.420250E+3	9.435190E-1
5.420500E+3	9.632332E-1
5.420750E+3	9.286586E-1
5.421000E+3	8.759113E-1
5.421250E+3	8.717477E-1
5.421500E+3	9.332937E-1
5.421750E+3	9.825454E-1
5.422000E+3	9.805499E-1
5.422250E+3	9.570877E-1
5.422500E+3	9.612975E-1
5.422750E+3	9.790986E-1
5.423000E+3	9.834324E-1
5.423250E+3	9.748113E-1
5.423500E+3	9.721384E-1
5.423750E+3	9.654139E-1
5.424000E+3	9.270218E-1
5.424250E+3	8.827661E-1
5.424500E+3	8.889714E-1
5.424750E+3	9.268661E-1
5.425000E+3	9.521306E-1
5.425250E+3	9.235547E-1
5.425500E+3	8.906819E-1
5.425750E+3	8.940040E-1
5.426000E+3	8.997089E-1
5.426250E+3	8.908935E-1
5.426500E+3	8.953213E-1
5.426750E+3	9.292970E-1
5.427000E+3	9.613265E-1
5.427250E+3	9.622700E-1
5.427500E+3	9.340380E-1
5.427750E+3	9.193691E-1
5.428000E+3	9.218626E-1
5.428250E+3	9.287683E-1
5.428500E+3	9.225868E-1
5.428750E+3	9.013735E-1
5.429000E+3	8.773750E-1
5.429250E+3	8.583095E-1
5.429500E+3	8.616057E-1
5.429750E+3	8.718527E-1
5.430000E+3	8.454146E-1
5.430250E+3	8.187674E-1
5.430500E+3	8.423580E-1
5.430750E+3	9.168626E-1
5.431000E+3	9.543950E-1
5.431250E+3	9.417090E-1
5.431500E+3	9.370453E-1
5.431750E+3	9.615714E-1
5.432000E+3	9.614347E-1
5.432250E+3	9.171986E-1
5.432500E+3	8.636717E-1
5.432750E+3	8.256122E-1
5.433000E+3	8.143449E-1
5.433250E+3	8.274164E-1
5.433500E+3	8.458721E-1
5.433750E+3	8.532873E-1
5.434000E+3	8.506679E-1
5.434250E+3	8.553863E-1
5.434500E+3	8.761202E-1
5.434750E+3	8.985617E-1
5.435000E+3	8.996347E-1
5.435250E+3	8.823173E-1
5.435500E+3	8.845758E-1
5.435750E+3	9.019411E-1
5.436000E+3	8.644608E-1
5.436250E+3	7.579754E-1
5.436500E+3	6.716597E-1
5.436750E+3	6.682555E-1
5.437000E+3	7.655121E-1
5.437250E+3	8.580017E-1
5.437500E+3	8.907129E-1
5.437750E+3	9.046987E-1
5.438000E+3	8.913503E-1
5.438250E+3	8.264788E-1
5.438500E+3	7.411117E-1
5.438750E+3	7.341249E-1
5.439000E+3	8.148193E-1
5.439250E+3	8.988110E-1
5.439500E+3	9.330821E-1
5.439750E+3	9.054124E-1
5.440000E+3	8.654712E-1
5.440250E+3	8.414752E-1
5.440500E+3	8.287099E-1
5.440750E+3	8.436104E-1
5.441000E+3	8.804409E-1
5.441250E+3	8.673159E-1
5.441500E+3	7.890328E-1
5.441750E+3	6.602164E-1
5.442000E+3	6.671520E-1
5.442250E+3	8.108877E-1
5.442500E+3	8.649064E-1
5.442750E+3	8.428620E-1
5.443000E+3	7.259846E-1
5.443250E+3	7.096209E-1
5.443500E+3	7.593486E-1
5.443750E+3	7.694409E-1
5.444000E+3	7.724869E-1
5.444250E+3	8.221770E-1
5.444500E+3	8.705362E-1
5.444750E+3	8.817702E-1
5.445000E+3	8.652038E-1
5.445250E+3	8.605276E-1
5.445500E+3	8.641943E-1
5.445750E+3	8.473685E-1
5.446000E+3	7.520248E-1
5.446250E+3	5.690141E-1
5.446500E+3	6.777455E-1
5.446750E+3	7.443245E-1
5.447000E+3	7.419635E-1
5.447250E+3	5.662177E-1
5.447500E+3	3.887845E-1
5.447750E+3	5.492356E-1
5.448000E+3	6.863245E-1
5.448250E+3	7.825832E-1
5.448500E+3	7.683795E-1
5.448750E+3	6.747308E-1
5.449000E+3	6.525955E-1
5.449250E+3	7.961607E-1
5.449500E+3	8.524888E-1
5.449750E+3	6.975362E-1
5.450000E+3	5.096763E-1
5.450250E+3	5.371080E-1
5.450500E+3	7.085399E-1
5.450750E+3	7.511364E-1
5.451000E+3	5.359159E-1
5.451250E+3	2.924934E-1
5.451500E+3	4.006754E-1
5.451750E+3	5.472402E-1
5.452000E+3	5.759577E-1
5.452250E+3	5.687094E-1
5.452500E+3	6.285416E-1
5.452750E+3	6.972250E-1
5.453000E+3	7.429446E-1
5.453250E+3	7.933435E-1
5.453500E+3	8.569479E-1
5.453750E+3	8.759176E-1
5.454000E+3	7.647490E-1
5.454250E+3	5.510052E-1
5.454500E+3	4.426011E-1
5.454750E+3	5.216166E-1
5.455000E+3	6.535627E-1
5.455250E+3	7.011022E-1
5.455500E+3	6.531057E-1
5.455750E+3	5.272828E-1
5.456000E+3	5.141435E-1
5.456250E+3	7.162196E-1
5.456500E+3	7.561192E-1
5.456750E+3	6.882971E-1
5.457000E+3	6.016261E-1
5.457250E+3	5.895253E-1
5.457500E+3	6.158258E-1
5.457750E+3	5.999002E-1
5.458000E+3	6.212815E-1
5.458250E+3	7.944932E-1
5.458500E+3	8.779622E-1
5.458750E+3	8.974392E-1
5.459000E+3	8.915761E-1
5.459250E+3	8.307107E-1
5.459500E+3	7.097553E-1
5.459750E+3	5.244034E-1
5.460000E+3	2.986547E-1
5.460250E+3	4.888363E-1
5.460500E+3	7.203573E-1
5.460750E+3	6.846697E-1
5.461000E+3	6.015258E-1
5.461250E+3	7.130445E-1
5.461500E+3	8.377450E-1
5.461750E+3	8.637637E-1
5.462000E+3	6.958577E-1
5.462250E+3	4.158927E-1
5.462500E+3	5.817116E-1
5.462750E+3	7.176370E-1
5.463000E+3	6.476482E-1
5.463250E+3	3.280709E-1
5.463500E+3	4.544779E-1
5.463750E+3	4.754642E-1
5.464000E+3	2.370412E-1
5.464250E+3	6.507014E-1
5.464500E+3	8.741519E-1
5.464750E+3	8.618323E-1
5.465000E+3	7.052356E-1
5.465250E+3	3.997800E-1
5.465500E+3	4.693954E-1
5.465750E+3	6.338620E-1
5.466000E+3	6.068208E-1
5.466250E+3	3.185745E-1
5.466500E+3	3.591350E-1
5.466750E+3	5.629663E-1
5.467000E+3	5.343059E-1
5.467250E+3	1.288002E-1
5.467500E+3	3.305561E-1
5.467750E+3	5.236399E-1
5.468000E+3	4.893927E-1
5.468250E+3	2.757674E-1
5.468500E+3	3.888339E-1
5.468750E+3	6.663855E-1
5.469000E+3	6.397031E-1
5.469250E+3	5.154891E-1
5.469500E+3	5.991706E-1
5.469750E+3	7.298329E-1
5.470000E+3	7.298567E-1
5.470250E+3	6.066496E-1
5.470500E+3	6.414424E-1
5.470750E+3	8.071933E-1
5.471000E+3	8.192552E-1
5.471250E+3	6.764876E-1
5.471500E+3	5.911186E-1
5.471750E+3	7.385357E-1
5.472000E+3	6.755075E-1
5.472250E+3	3.900087E-1
5.472500E+3	2.900162E-1
5.472750E+3	5.753235E-1
5.473000E+3	6.171637E-1
5.473250E+3	4.318125E-1
5.473500E+3	2.666824E-1
5.473750E+3	3.000396E-1
5.474000E+3	3.937655E-1
5.474250E+3	4.599092E-1
5.474500E+3	5.991625E-1
5.474750E+3	7.526528E-1
5.475000E+3	6.449839E-1
5.475250E+3	2.764527E-1
5.475500E+3	1.057455E-2
5.475750E+3	2.805631E-1
5.476000E+3	5.276887E-1
5.476250E+3	6.250287E-1
5.476500E+3	6.853736E-1
5.476750E+3	7.219253E-1
5.477000E+3	6.855566E-1
5.477250E+3	5.665209E-1
5.477500E+3	6.791604E-1
5.477750E+3	7.763324E-1
5.478000E+3	6.324257E-1
5.478250E+3	4.287536E-1
5.478500E+3	2.173167E-1
5.478750E+3	1.107365E-1
5.479000E+3	1.869714E-1
5.479250E+3	1.447140E-1
5.479500E+3	4.429098E-2
5.479750E+3	2.657574E-3
5.480000E+3	6.933144E-2
5.480250E+3	2.177018E-1
5.480500E+3	2.154812E-1
5.480750E+3	2.457384E-1
5.481000E+3	4.250787E-1
5.481250E+3	5.295475E-1
5.481500E+3	5.041382E-1
5.481750E+3	4.679861E-1
5.482000E+3	4.496763E-1
5.482250E+3	4.033322E-1
5.482500E+3	3.418393E-1
5.482750E+3	3.014063E-1
5.483000E+3	2.517897E-1
5.483250E+3	1.992373E-1
5.483500E+3	2.502098E-1
5.483750E+3	3.973226E-1
5.484000E+3	5.352106E-1
5.484250E+3	5.803014E-1
5.484500E+3	3.731069E-1
5.484750E+3	6.939410E-2
5.485000E+3	2.904393E-2
5.485250E+3	1.055172E-1
5.485500E+3	1.259169E-1
5.485750E+3	1.067135E-1
5.486000E+3	6.630617E-2
5.486250E+3	1.876747E-2
5.486500E+3	5.925233E-3
5.486750E+3	4.047870E-2
5.487000E+3	1.044938E-1
5.487250E+3	2.035976E-1
5.487500E+3	3.238002E-1
5.487750E+3	9.516700E-2
5.488000E+3	4.076991E-2
5.488250E+3	9.222827E-2
5.488500E+3	1.226758E-1
5.488750E+3	1.193173E-1
5.489000E+3	8.704183E-2
5.489250E+3	5.526209E-2
5.489500E+3	7.006092E-2
5.489750E+3	1.298506E-1
5.490000E+3	1.936424E-1
5.490250E+3	2.101702E-1
5.490500E+3	2.056756E-1
5.490750E+3	2.020404E-1
5.491000E+3	1.938287E-1
5.491250E+3	1.372321E-1
5.491500E+3	6.537971E-2
5.491750E+3	6.169422E-2
5.492000E+3	5.524622E-2
5.492250E+3	1.514787E-2
5.492500E+3	3.596410E-2
5.492750E+3	5.858015E-2
5.493000E+3	4.660509E-2
5.493250E+3	2.319321E-2
5.493500E+3	4.677083E-4
5.493750E+3	2.674905E-2
5.494000E+3	5.615960E-2
5.494250E+3	5.699984E-2
5.494500E+3	7.396523E-2
5.494750E+3	1.120659E-1
5.495000E+3	6.401754E-2
5.495250E+3	1.090585E-2
5.495500E+3	5.152485E-2
5.495750E+3	1.958477E-1
5.496000E+3	3.622961E-1
5.496250E+3	4.331589E-1
5.496500E+3	3.666083E-1
5.496750E+3	2.072712E-1
5.497000E+3	5.180659E-2
5.497250E+3	2.403067E-1
5.497500E+3	3.159610E-1
5.497750E+3	2.184850E-1
5.498000E+3	1.316592E-1
5.498250E+3	8.945815E-2
5.498500E+3	2.449404E-1
5.498750E+3	3.574417E-1
5.499000E+3	1.338121E-1
5.499250E+3	4.744097E-2
5.499500E+3	6.383421E-2
5.499750E+3	1.904709E-1
5.500000E+3	1.582140E-1
5.500250E+3	3.312428E-1
5.500500E+3	5.599504E-1
5.500750E+3	6.492878E-1
5.501000E+3	5.667027E-1
5.501250E+3	3.608975E-1
5.501500E+3	1.174907E-1
5.501750E+3	1.250333E-1
5.502000E+3	1.554338E-1
5.502250E+3	9.869299E-2
5.502500E+3	5.442095E-2
5.502750E+3	1.968321E-1
5.503000E+3	4.107463E-1
5.503250E+3	2.379463E-1
5.503500E+3	8.734648E-2
5.503750E+3	1.407538E-2
5.504000E+3	3.918304E-3
5.504250E+3	3.460930E-2
5.504500E+3	3.400341E-2
5.504750E+3	6.850700E-2
5.505000E+3	1.123910E-1
5.505250E+3	1.149225E-1
5.505500E+3	6.538584E-2
5.505750E+3	1.173714E-1
5.506000E+3	3.264227E-1
5.506250E+3	4.097371E-1
5.506500E+3	1.899017E-1
5.506750E+3	2.843621E-2
5.507000E+3	8.877402E-3
5.507250E+3	8.486301E-2
5.507500E+3	1.722471E-1
5.507750E+3	1.405908E-1
5.508000E+3	6.100311E-2
5.508250E+3	1.363256E-2
5.508500E+3	1.227113E-2
5.508750E+3	6.394060E-2
5.509000E+3	1.645316E-1
5.509250E+3	3.259522E-1
5.509500E+3	3.104537E-1
5.509750E+3	1.263885E-1
5.510000E+3	1.448674E-1
5.510250E+3	2.502129E-1
5.510500E+3	3.772965E-1
5.510750E+3	4.571718E-1
5.511000E+3	4.378169E-1
5.511250E+3	2.735318E-1
5.511500E+3	6.589979E-2
5.511750E+3	6.070588E-2
5.512000E+3	1.297484E-1
5.512250E+3	1.940506E-1
5.512500E+3	1.815389E-1
5.512750E+3	1.463798E-1
5.513000E+3	1.852062E-1
5.513250E+3	2.063587E-1
5.513500E+3	1.970020E-1
5.513750E+3	1.856704E-1
5.514000E+3	2.440018E-1
5.514250E+3	3.635730E-1
5.514500E+3	3.342212E-1
5.514750E+3	1.447898E-1
5.515000E+3	5.085798E-2
5.515250E+3	1.357311E-1
5.515500E+3	1.572963E-1
5.515750E+3	3.809267E-2
5.516000E+3	5.406391E-2
5.516250E+3	2.083522E-1
5.516500E+3	3.363180E-1
5.516750E+3	2.541351E-1
5.517000E+3	1.135739E-1
5.517250E+3	6.956653E-2
5.517500E+3	1.228579E-1
5.517750E+3	1.241516E-1
5.518000E+3	1.143031E-1
5.518250E+3	3.218361E-1
5.518500E+3	4.330844E-1
5.518750E+3	2.318938E-1
5.519000E+3	7.410109E-2
5.519250E+3	1.472292E-2
5.519500E+3	4.610128E-2
5.519750E+3	1.520534E-1
5.520000E+3	1.882787E-1
5.520250E+3	1.105473E-1
5.520500E+3	1.522944E-1
5.520750E+3	2.648420E-1
5.521000E+3	1.732466E-1
5.521250E+3	3.663519E-2
5.521500E+3	1.392678E-2
5.521750E+3	7.358013E-2
5.522000E+3	6.945816E-2
5.522250E+3	6.455112E-2
5.522500E+3	1.593529E-1
5.522750E+3	3.055913E-1
5.523000E+3	2.321518E-1
5.523250E+3	1.214195E-1
5.523500E+3	1.479162E-1
5.523750E+3	2.298400E-1
5.524000E+3	1.726890E-1
5.524250E+3	4.479521E-2
5.524500E+3	1.332915E-1
5.524750E+3	2.962406E-1
5.525000E+3	3.132036E-1
5.525250E+3	1.825774E-1
5.525500E+3	1.469661E-1
5.525750E+3	5.049596E-1
5.526000E+3	3.262977E-1
5.526250E+3	2.065530E-1
5.526500E+3	1.679290E-1
5.526750E+3	1.844097E-1
5.527000E+3	1.525335E-1
5.527250E+3	5.851704E-2
5.527500E+3	5.175605E-5
5.527750E+3	7.579195E-2
5.528000E+3	1.653382E-1
5.528250E+3	1.930450E-1
5.528500E+3	2.654191E-1
5.528750E+3	4.061979E-1
5.529000E+3	3.980167E-1
5.529250E+3	1.566971E-1
5.529500E+3	1.756724E-1
5.529750E+3	2.511094E-1
5.530000E+3	1.995177E-1
5.530250E+3	6.102776E-2
5.530500E+3	1.011801E-1
5.530750E+3	4.628286E-1
5.531000E+3	3.849653E-1
5.531250E+3	1.061526E-1
5.531500E+3	8.562987E-2
5.531750E+3	3.594274E-1
5.532000E+3	5.819721E-1
5.532250E+3	3.600470E-1
5.532500E+3	8.913393E-2
5.532750E+3	1.847122E-1
5.533000E+3	3.801442E-1
5.533250E+3	3.402383E-1
5.533500E+3	1.812439E-1
5.533750E+3	2.000687E-1
5.534000E+3	3.987361E-1
5.534250E+3	2.966449E-1
5.534500E+3	1.319584E-1
5.534750E+3	1.256343E-1
5.535000E+3	2.690419E-1
5.535250E+3	4.136153E-1
5.535500E+3	4.433503E-1
5.535750E+3	3.754245E-1
5.536000E+3	3.779284E-1
5.536250E+3	4.017353E-1
5.536500E+3	4.209230E-1
5.536750E+3	4.636565E-1
5.537000E+3	4.664960E-1
5.537250E+3	3.416115E-1
5.537500E+3	2.743183E-1
5.537750E+3	2.585126E-1
5.538000E+3	2.778015E-1
5.538250E+3	3.450730E-1
5.538500E+3	3.903774E-1
5.538750E+3	3.583324E-1
5.539000E+3	2.571037E-1
5.539250E+3	1.904267E-1
5.539500E+3	4.374173E-1
5.539750E+3	7.353585E-1
5.540000E+3	7.908492E-1
5.540250E+3	6.792247E-1
5.540500E+3	5.289180E-1
5.540750E+3	4.732661E-1
5.541000E+3	4.433723E-1
5.541250E+3	3.980591E-1
5.541500E+3	4.628356E-1
5.541750E+3	6.678223E-1
5.542000E+3	7.279282E-1
5.542250E+3	5.530584E-1
5.542500E+3	3.318855E-1
5.542750E+3	2.973707E-1
5.543000E+3	4.616337E-1
5.543250E+3	5.189523E-1
5.543500E+3	4.982884E-1
5.543750E+3	5.477356E-1
5.544000E+3	6.181934E-1
5.544250E+3	5.567299E-1
5.544500E+3	4.327620E-1
5.544750E+3	4.262821E-1
5.545000E+3	6.045062E-1
5.545250E+3	6.718008E-1
5.545500E+3	6.067611E-1
5.545750E+3	5.919935E-1
5.546000E+3	6.347706E-1
5.546250E+3	6.624540E-1
5.546500E+3	5.474626E-1
5.546750E+3	4.547048E-1
5.547000E+3	4.868010E-1
5.547250E+3	5.008075E-1
5.547500E+3	4.696350E-1
5.547750E+3	4.775866E-1
5.548000E+3	5.532713E-1
5.548250E+3	5.721510E-1
5.548500E+3	4.974531E-1
5.548750E+3	4.372541E-1
5.549000E+3	5.329343E-1
5.549250E+3	6.294972E-1
5.549500E+3	6.295588E-1
5.549750E+3	5.738765E-1
5.550000E+3	5.660779E-1
5.550250E+3	6.452069E-1
5.550500E+3	6.831827E-1
5.550750E+3	6.836085E-1
5.551000E+3	6.777711E-1
5.551250E+3	6.620233E-1
5.551500E+3	6.421442E-1
5.551750E+3	6.469306E-1
5.552000E+3	6.641363E-1
5.552250E+3	6.358277E-1
5.552500E+3	5.716331E-1
5.552750E+3	5.471228E-1
5.553000E+3	6.010856E-1
5.553250E+3	6.598325E-1
5.553500E+3	6.196816E-1
5.553750E+3	5.299372E-1
5.554000E+3	5.145764E-1
5.554250E+3	6.034033E-1
5.554500E+3	6.929293E-1
5.554750E+3	7.042741E-1
5.555000E+3	6.871883E-1
5.555250E+3	7.050092E-1
5.555500E+3	7.197023E-1
5.555750E+3	6.901605E-1
5.556000E+3	6.285374E-1
5.556250E+3	5.783047E-1
5.556500E+3	5.656895E-1
5.556750E+3	5.801620E-1
5.557000E+3	6.172402E-1
5.557250E+3	6.686248E-1
5.557500E+3	6.935403E-1
5.557750E+3	6.797624E-1
5.558000E+3	6.648931E-1
5.558250E+3	6.702437E-1
5.558500E+3	6.788799E-1
5.558750E+3	6.762719E-1
5.559000E+3	6.786687E-1
5.559250E+3	6.927947E-1
5.559500E+3	6.915592E-1
5.559750E+3	6.624348E-1
5.560000E+3	6.373802E-1
5.560250E+3	6.593496E-1
5.560500E+3	7.084417E-1
5.560750E+3	7.362177E-1
5.561000E+3	7.301780E-1
5.561250E+3	7.141656E-1
5.561500E+3	7.037189E-1
5.561750E+3	6.896965E-1
5.562000E+3	6.696960E-1
5.562250E+3	6.579798E-1
5.562500E+3	6.589579E-1
5.562750E+3	6.519195E-1
5.563000E+3	6.369947E-1
5.563250E+3	6.340305E-1
5.563500E+3	6.468560E-1
5.563750E+3	6.570161E-1
5.564000E+3	6.653829E-1
5.564250E+3	6.879279E-1
5.564500E+3	7.091216E-1
5.564750E+3	7.024918E-1
5.565000E+3	6.890112E-1
5.565250E+3	6.890768E-1
5.565500E+3	6.922924E-1
5.565750E+3	6.720150E-1
5.566000E+3	6.550070E-1
5.566250E+3	6.768935E-1
5.566500E+3	7.185608E-1
5.566750E+3	7.260381E-1
5.567000E+3	6.971563E-1
5.567250E+3	6.845215E-1
5.567500E+3	7.107468E-1
5.567750E+3	7.363777E-1
5.568000E+3	7.265135E-1
5.568250E+3	7.061525E-1
5.568500E+3	7.086159E-1
5.568750E+3	7.145854E-1
5.569000E+3	7.002445E-1
5.569250E+3	6.859896E-1
5.569500E+3	6.992807E-1
5.569750E+3	7.208017E-1
5.570000E+3	7.257960E-1
5.570250E+3	7.255633E-1
5.570500E+3	7.376319E-1
5.570750E+3	7.415389E-1
5.571000E+3	7.194995E-1
5.571250E+3	7.028301E-1
5.571500E+3	7.334555E-1
5.571750E+3	7.788341E-1
5.572000E+3	7.814068E-1
5.572250E+3	7.549177E-1
5.572500E+3	7.529615E-1
5.572750E+3	7.845449E-1
5.573000E+3	8.018970E-1
5.573250E+3	7.748586E-1
5.573500E+3	7.465610E-1
5.573750E+3	7.559734E-1
5.574000E+3	7.769264E-1
5.574250E+3	7.736529E-1
5.574500E+3	7.532567E-1
5.574750E+3	7.568565E-1
5.575000E+3	7.783373E-1
5.575250E+3	7.835807E-1
5.575500E+3	7.692137E-1
5.575750E+3	7.655795E-1
5.576000E+3	7.916653E-1
5.576250E+3	8.244955E-1
5.576500E+3	8.248689E-1
5.576750E+3	8.003739E-1
5.577000E+3	7.862438E-1
5.577250E+3	7.937373E-1
5.577500E+3	8.031061E-1
5.577750E+3	7.903688E-1
5.578000E+3	7.605506E-1
5.578250E+3	7.435091E-1
5.578500E+3	7.638213E-1
5.578750E+3	8.043021E-1
5.579000E+3	8.296751E-1
5.579250E+3	8.177090E-1
5.579500E+3	7.807800E-1
5.579750E+3	7.609545E-1
5.580000E+3	7.703151E-1
5.580250E+3	7.909511E-1
5.580500E+3	7.999723E-1
5.580750E+3	7.973661E-1
5.581000E+3	8.010713E-1
5.581250E+3	8.150139E-1
5.581500E+3	8.215366E-1
5.581750E+3	8.071256E-1
5.582000E+3	7.889924E-1
5.582250E+3	7.874293E-1
5.582500E+3	8.027009E-1
5.582750E+3	8.101523E-1
5.583000E+3	8.017086E-1
5.583250E+3	7.920338E-1
5.583500E+3	7.910317E-1
5.583750E+3	7.930318E-1
5.584000E+3	7.893900E-1
5.584250E+3	7.846939E-1
5.584500E+3	7.863346E-1
5.584750E+3	7.888138E-1
5.585000E+3	7.805901E-1
5.585250E+3	7.667947E-1
5.585500E+3	7.634537E-1
5.585750E+3	7.752776E-1
5.586000E+3	7.823121E-1
5.586250E+3	7.684965E-1
5.586500E+3	7.438724E-1
5.586750E+3	7.303378E-1
5.587000E+3	7.353421E-1
5.587250E+3	7.442967E-1
5.587500E+3	7.453714E-1
5.587750E+3	7.437980E-1
5.588000E+3	7.474239E-1
5.588250E+3	7.525816E-1
5.588500E+3	7.493091E-1
5.588750E+3	7.364741E-1
5.589000E+3	7.226012E-1
5.589250E+3	7.147157E-1
5.589500E+3	7.125615E-1
5.589750E+3	7.083086E-1
5.590000E+3	6.968491E-1
5.590250E+3	6.843899E-1
5.590500E+3	6.826203E-1
5.590750E+3	6.916512E-1
5.591000E+3	6.920395E-1
5.591250E+3	6.720950E-1
5.591500E+3	6.478606E-1
5.591750E+3	6.418646E-1
5.592000E+3	6.517302E-1
5.592250E+3	6.522065E-1
5.592500E+3	6.309608E-1
5.592750E+3	6.056143E-1
5.593000E+3	5.926254E-1
5.593250E+3	5.846180E-1
5.593500E+3	5.654292E-1
5.593750E+3	5.374619E-1
5.594000E+3	5.156306E-1
5.594250E+3	5.022917E-1
5.594500E+3	4.867875E-1
5.594750E+3	4.618735E-1
5.595000E+3	4.345975E-1
5.595250E+3	4.131277E-1
5.595500E+3	3.955076E-1
5.595750E+3	3.718611E-1
5.596000E+3	3.412245E-1
5.596250E+3	3.179476E-1
5.596500E+3	3.134221E-1
5.596750E+3	3.192364E-1
5.597000E+3	3.186606E-1
5.597250E+3	3.193028E-1
5.597500E+3	3.426264E-1
5.597750E+3	3.868789E-1
5.598000E+3	4.307479E-1
5.598250E+3	4.701264E-1
5.598500E+3	5.189241E-1
5.598750E+3	5.796706E-1
5.599000E+3	6.405022E-1
5.599250E+3	6.938661E-1
5.599500E+3	7.400093E-1
5.599750E+3	7.797774E-1
5.600000E+3	8.134198E-1
5.600250E+3	8.422136E-1
5.600500E+3	8.672777E-1
5.600750E+3	8.886499E-1
5.601000E+3	9.064802E-1
5.601250E+3	9.215230E-1
5.601500E+3	9.342142E-1
5.601750E+3	9.444002E-1
5.602000E+3	9.521488E-1
5.602250E+3	9.581305E-1
5.602500E+3	9.630634E-1
5.602750E+3	9.671836E-1
5.603000E+3	9.703854E-1
5.603250E+3	9.726659E-1
5.603500E+3	9.742773E-1
5.603750E+3	9.755250E-1
5.604000E+3	9.765576E-1
5.604250E+3	9.773664E-1
5.604500E+3	9.779057E-1
5.604750E+3	9.781689E-1
5.605000E+3	9.781987E-1
5.605250E+3	9.780676E-1
5.605500E+3	9.778295E-1
5.605750E+3	9.774829E-1
5.606000E+3	9.770089E-1
5.606250E+3	9.764444E-1
5.606500E+3	9.758689E-1
5.606750E+3	9.753088E-1
5.607000E+3	9.747036E-1
5.607250E+3	9.740086E-1
5.607500E+3	9.732920E-1
5.607750E+3	9.726600E-1
5.608000E+3	9.720832E-1
5.608250E+3	9.714047E-1
5.608500E+3	9.705896E-1
5.608750E+3	9.698568E-1
5.609000E+3	9.693990E-1
5.609250E+3	9.690478E-1
5.609500E+3	9.684581E-1
5.609750E+3	9.675995E-1
5.610000E+3	9.667780E-1
5.610250E+3	9.661361E-1
5.610500E+3	9.654828E-1
5.610750E+3	9.647308E-1
5.611000E+3	9.641129E-1
5.611250E+3	9.637639E-1
5.611500E+3	9.634560E-1
5.611750E+3	9.629820E-1
5.612000E+3	9.624289E-1
5.612250E+3	9.618437E-1
5.612500E+3	9.610881E-1
5.612750E+3	9.603150E-1
5.613000E+3	9.600270E-1
5.613250E+3	9.602320E-1
5.613500E+3	9.601280E-1
5.613750E+3	9.592162E-1
5.614000E+3	9.581825E-1
5.614250E+3	9.579264E-1
5.614500E+3	9.581913E-1
5.614750E+3	9.580527E-1
5.615000E+3	9.573958E-1
5.615250E+3	9.569150E-1
5.615500E+3	9.568317E-1
5.615750E+3	9.566661E-1
5.616000E+3	9.562911E-1
5.616250E+3	9.562611E-1
5.616500E+3	9.568352E-1
5.616750E+3	9.574296E-1
5.617000E+3	9.573512E-1
5.617250E+3	9.566520E-1
5.617500E+3	9.559752E-1
5.617750E+3	9.557463E-1
5.618000E+3	9.557208E-1
5.618250E+3	9.552809E-1
5.618500E+3	9.542632E-1
5.618750E+3	9.533653E-1
5.619000E+3	9.533172E-1
5.619250E+3	9.537857E-1
5.619500E+3	9.538778E-1
5.619750E+3	9.537052E-1
5.620000E+3	9.543219E-1
5.620250E+3	9.557814E-1
5.620500E+3	9.568009E-1
5.620750E+3	9.568547E-1
5.621000E+3	9.568396E-1
5.621250E+3	9.570959E-1
5.621500E+3	9.565027E-1
5.621750E+3	9.547240E-1
5.622000E+3	9.535487E-1
5.622250E+3	9.544148E-1
5.622500E+3	9.557679E-1
5.622750E+3	9.554901E-1
5.623000E+3	9.543283E-1
5.623250E+3	9.545200E-1
5.623500E+3	9.560571E-1
5.623750E+3	9.571068E-1
5.624000E+3	9.574090E-1
5.624250E+3	9.579516E-1
5.624500E+3	9.581701E-1
5.624750E+3	9.567047E-1
5.625000E+3	9.546851E-1
5.625250E+3	9.549230E-1
5.625500E+3	9.572599E-1
5.625750E+3	9.582974E-1
5.626000E+3	9.566419E-1
5.626250E+3	9.548064E-1
5.626500E+3	9.549721E-1
5.626750E+3	9.557496E-1
5.627000E+3	9.555817E-1
5.627250E+3	9.557488E-1
5.627500E+3	9.574848E-1
5.627750E+3	9.588370E-1
5.628000E+3	9.576404E-1
5.628250E+3	9.555439E-1
5.628500E+3	9.556818E-1
5.628750E+3	9.575604E-1
5.629000E+3	9.579591E-1
5.629250E+3	9.562570E-1
5.629500E+3	9.555355E-1
5.629750E+3	9.577910E-1
5.630000E+3	9.609968E-1
5.630250E+3	9.619386E-1
5.630500E+3	9.600039E-1
5.630750E+3	9.571815E-1
5.631000E+3	9.553229E-1
5.631250E+3	9.550778E-1
5.631500E+3	9.563646E-1
5.631750E+3	9.583293E-1
5.632000E+3	9.594466E-1
5.632250E+3	9.585947E-1
5.632500E+3	9.563453E-1
5.632750E+3	9.548827E-1
5.633000E+3	9.556806E-1
5.633250E+3	9.576986E-1
5.633500E+3	9.587290E-1
5.633750E+3	9.581075E-1
5.634000E+3	9.574178E-1
5.634250E+3	9.580415E-1
5.634500E+3	9.590760E-1
5.634750E+3	9.589906E-1
5.635000E+3	9.579464E-1
5.635250E+3	9.570617E-1
5.635500E+3	9.562764E-1
5.635750E+3	9.550071E-1
5.636000E+3	9.544046E-1
5.636250E+3	9.562071E-1
5.636500E+3	9.588896E-1
5.636750E+3	9.586563E-1
5.637000E+3	9.552058E-1
5.637250E+3	9.525255E-1
5.637500E+3	9.532515E-1
5.637750E+3	9.546423E-1
5.638000E+3	9.532538E-1
5.638250E+3	9.509133E-1
5.638500E+3	9.521993E-1
5.638750E+3	9.569338E-1
5.639000E+3	9.595077E-1
5.639250E+3	9.568225E-1
5.639500E+3	9.523572E-1
5.639750E+3	9.515260E-1
5.640000E+3	9.554319E-1
5.640250E+3	9.600907E-1
5.640500E+3	9.613450E-1
5.640750E+3	9.592424E-1
5.641000E+3	9.567902E-1
5.641250E+3	9.558459E-1
5.641500E+3	9.557011E-1
5.641750E+3	9.553823E-1
5.642000E+3	9.555215E-1
5.642250E+3	9.566947E-1
5.642500E+3	9.574113E-1
5.642750E+3	9.562456E-1
5.643000E+3	9.546685E-1
5.643250E+3	9.551114E-1
5.643500E+3	9.567119E-1
5.643750E+3	9.564171E-1
5.644000E+3	9.543000E-1
5.644250E+3	9.537780E-1
5.644500E+3	9.559499E-1
5.644750E+3	9.575856E-1
5.645000E+3	9.567518E-1
5.645250E+3	9.556968E-1
5.645500E+3	9.561564E-1
5.645750E+3	9.559749E-1
5.646000E+3	9.537029E-1
5.646250E+3	9.524503E-1
5.646500E+3	9.553424E-1
5.646750E+3	9.598738E-1
5.647000E+3	9.615504E-1
5.647250E+3	9.603358E-1
5.647500E+3	9.593203E-1
5.647750E+3	9.592814E-1
5.648000E+3	9.588274E-1
5.648250E+3	9.583990E-1
5.648500E+3	9.592821E-1
5.648750E+3	9.599559E-1
5.649000E+3	9.584658E-1
5.649250E+3	9.569764E-1
5.649500E+3	9.589997E-1
5.649750E+3	9.626017E-1
5.650000E+3	9.626105E-1
5.650250E+3	9.588857E-1
5.650500E+3	9.566189E-1
5.650750E+3	9.581299E-1
5.651000E+3	9.594995E-1
5.651250E+3	9.581932E-1
5.651500E+3	9.572952E-1
5.651750E+3	9.596982E-1
5.652000E+3	9.629120E-1
5.652250E+3	9.634048E-1
5.652500E+3	9.624676E-1
5.652750E+3	9.634123E-1
5.653000E+3	9.660272E-1
5.653250E+3	9.677444E-1
5.653500E+3	9.683170E-1
5.653750E+3	9.693941E-1
5.654000E+3	9.707220E-1
5.654250E+3	9.702889E-1
5.654500E+3	9.678088E-1
5.654750E+3	9.651955E-1
5.655000E+3	9.639138E-1
5.655250E+3	9.644575E-1
5.655500E+3	9.669358E-1
5.655750E+3	9.701404E-1
5.656000E+3	9.719277E-1
5.656250E+3	9.716935E-1
5.656500E+3	9.711551E-1
5.656750E+3	9.718267E-1
5.657000E+3	9.726237E-1
5.657250E+3	9.721260E-1
5.657500E+3	9.713191E-1
5.657750E+3	9.718942E-1
5.658000E+3	9.731146E-1
5.658250E+3	9.733108E-1
5.658500E+3	9.732817E-1
5.658750E+3	9.748520E-1
5.659000E+3	9.768826E-1
5.659250E+3	9.764894E-1
5.659500E+3	9.739059E-1
5.659750E+3	9.727406E-1
5.660000E+3	9.744261E-1
5.660250E+3	9.760860E-1
5.660500E+3	9.755876E-1
5.660750E+3	9.747704E-1
5.661000E+3	9.758855E-1
5.661250E+3	9.777035E-1
5.661500E+3	9.777992E-1
5.661750E+3	9.765518E-1
5.662000E+3	9.759609E-1
5.662250E+3	9.762450E-1
5.662500E+3	9.764443E-1
5.662750E+3	9.767621E-1
5.663000E+3	9.777079E-1
5.663250E+3	9.780314E-1
5.663500E+3	9.763899E-1
5.663750E+3	9.743543E-1
5.664000E+3	9.746361E-1
5.664250E+3	9.766984E-1
5.664500E+3	9.772987E-1
5.664750E+3	9.752317E-1
5.665000E+3	9.726335E-1
5.665250E+3	9.710109E-1
5.665500E+3	9.695069E-1
5.665750E+3	9.676564E-1
5.666000E+3	9.665717E-1
5.666250E+3	9.663437E-1
5.666500E+3	9.651283E-1
5.666750E+3	9.624283E-1
5.667000E+3	9.603944E-1
5.667250E+3	9.599729E-1
5.667500E+3	9.586827E-1
5.667750E+3	9.540408E-1
5.668000E+3	9.474054E-1
5.668250E+3	9.415811E-1
5.668500E+3	9.369253E-1
5.668750E+3	9.325544E-1
5.669000E+3	9.286697E-1
5.669250E+3	9.251489E-1
5.669500E+3	9.203616E-1
5.669750E+3	9.142789E-1
5.670000E+3	9.096587E-1
5.670250E+3	9.061733E-1
5.670500E+3	8.975377E-1
5.670750E+3	8.803822E-1
5.671000E+3	8.633507E-1
5.671250E+3	8.556236E-1
5.671500E+3	8.523751E-1
5.671750E+3	8.444790E-1
5.672000E+3	8.358432E-1
5.672250E+3	8.370925E-1
5.672500E+3	8.432831E-1
5.672750E+3	8.381631E-1
5.673000E+3	8.213431E-1
5.673250E+3	8.116983E-1
5.673500E+3	8.167529E-1
5.673750E+3	8.218398E-1
5.674000E+3	8.139623E-1
5.674250E+3	8.042298E-1
5.674500E+3	8.050885E-1
5.674750E+3	8.103338E-1
5.675000E+3	8.078748E-1
5.675250E+3	8.015517E-1
5.675500E+3	8.035264E-1
5.675750E+3	8.113888E-1
5.676000E+3	8.154129E-1
5.676250E+3	8.154601E-1
5.676500E+3	8.171971E-1
5.676750E+3	8.190646E-1
5.677000E+3	8.163743E-1
5.677250E+3	8.138708E-1
5.677500E+3	8.189625E-1
5.677750E+3	8.283268E-1
5.678000E+3	8.326993E-1
5.678250E+3	8.319088E-1
5.678500E+3	8.333908E-1
5.678750E+3	8.355137E-1
5.679000E+3	8.298945E-1
5.679250E+3	8.202089E-1
5.679500E+3	8.216185E-1
5.679750E+3	8.374946E-1
5.680000E+3	8.553519E-1
5.680250E+3	8.626121E-1
5.680500E+3	8.600011E-1
5.680750E+3	8.556285E-1
5.681000E+3	8.527611E-1
5.681250E+3	8.515315E-1
5.681500E+3	8.539754E-1
5.681750E+3	8.605138E-1
5.682000E+3	8.657820E-1
5.682250E+3	8.635509E-1
5.682500E+3	8.558366E-1
5.682750E+3	8.513589E-1
5.683000E+3	8.558761E-1
5.683250E+3	8.665939E-1
5.683500E+3	8.734565E-1
5.683750E+3	8.699341E-1
5.684000E+3	8.615524E-1
5.684250E+3	8.597177E-1
5.684500E+3	8.678105E-1
5.684750E+3	8.753618E-1
5.685000E+3	8.729185E-1
5.685250E+3	8.657846E-1
5.685500E+3	8.656806E-1
5.685750E+3	8.734445E-1
5.686000E+3	8.787581E-1
5.686250E+3	8.769906E-1
5.686500E+3	8.742154E-1
5.686750E+3	8.761125E-1
5.687000E+3	8.798902E-1
5.687250E+3	8.810940E-1
5.687500E+3	8.804376E-1
5.687750E+3	8.799552E-1
5.688000E+3	8.792619E-1
5.688250E+3	8.786124E-1
5.688500E+3	8.799976E-1
5.688750E+3	8.821336E-1
5.689000E+3	8.806013E-1
5.689250E+3	8.759818E-1
5.689500E+3	8.754197E-1
5.689750E+3	8.821115E-1
5.690000E+3	8.881998E-1
5.690250E+3	8.867037E-1
5.690500E+3	8.818015E-1
5.690750E+3	8.816799E-1
5.691000E+3	8.859956E-1
5.691250E+3	8.867232E-1
5.691500E+3	8.812924E-1
5.691750E+3	8.758661E-1
5.692000E+3	8.758008E-1
5.692250E+3	8.792989E-1
5.692500E+3	8.821310E-1
5.692750E+3	8.833901E-1
5.693000E+3	8.850342E-1
5.693250E+3	8.879249E-1
5.693500E+3	8.907043E-1
5.693750E+3	8.914722E-1
5.694000E+3	8.899393E-1
5.694250E+3	8.882520E-1
5.694500E+3	8.885285E-1
5.694750E+3	8.901401E-1
5.695000E+3	8.906535E-1
5.695250E+3	8.899640E-1
5.695500E+3	8.905217E-1
5.695750E+3	8.930659E-1
5.696000E+3	8.948300E-1
5.696250E+3	8.940564E-1
5.696500E+3	8.932197E-1
5.696750E+3	8.944648E-1
5.697000E+3	8.962267E-1
5.697250E+3	8.967304E-1
5.697500E+3	8.974202E-1
5.697750E+3	8.986849E-1
5.698000E+3	8.967326E-1
5.698250E+3	8.902432E-1
5.698500E+3	8.862932E-1
5.698750E+3	8.923759E-1
5.699000E+3	9.051992E-1
5.699250E+3	9.125048E-1
5.699500E+3	9.090481E-1
5.699750E+3	9.014450E-1
5.700000E+3	8.969362E-1
5.700250E+3	8.965686E-1
5.700500E+3	8.983674E-1
5.700750E+3	9.016920E-1
5.701000E+3	9.055969E-1
5.701250E+3	9.074735E-1
5.701500E+3	9.065952E-1
5.701750E+3	9.048636E-1
5.702000E+3	9.028163E-1
5.702250E+3	8.997027E-1
5.702500E+3	8.981144E-1
5.702750E+3	9.021550E-1
5.703000E+3	9.095662E-1
5.703250E+3	9.126880E-1
5.703500E+3	9.096192E-1
5.703750E+3	9.078326E-1
5.704000E+3	9.119755E-1
5.704250E+3	9.162672E-1
5.704500E+3	9.144153E-1
5.704750E+3	9.100930E-1
5.705000E+3	9.098116E-1
5.705250E+3	9.113206E-1
5.705500E+3	9.085657E-1
5.705750E+3	9.048791E-1
5.706000E+3	9.083714E-1
5.706250E+3	9.163042E-1
5.706500E+3	9.165252E-1
5.706750E+3	9.071456E-1
5.707000E+3	9.021793E-1
5.707250E+3	9.102967E-1
5.707500E+3	9.223908E-1
5.707750E+3	9.249425E-1
5.708000E+3	9.181439E-1
5.708250E+3	9.130293E-1
5.708500E+3	9.138947E-1
5.708750E+3	9.162572E-1
5.709000E+3	9.174804E-1
5.709250E+3	9.186119E-1
5.709500E+3	9.184256E-1
5.709750E+3	9.149923E-1
5.710000E+3	9.127679E-1
5.710250E+3	9.176405E-1
5.710500E+3	9.253567E-1
5.710750E+3	9.255470E-1
5.711000E+3	9.180740E-1
5.711250E+3	9.151785E-1
5.711500E+3	9.227371E-1
5.711750E+3	9.295925E-1
5.712000E+3	9.248866E-1
5.712250E+3	9.155084E-1
5.712500E+3	9.148887E-1
5.712750E+3	9.213381E-1
5.713000E+3	9.226488E-1
5.713250E+3	9.168006E-1
5.713500E+3	9.147786E-1
5.713750E+3	9.218542E-1
5.714000E+3	9.286866E-1
5.714250E+3	9.284272E-1
5.714500E+3	9.264590E-1
5.714750E+3	9.295036E-1
5.715000E+3	9.332955E-1
5.715250E+3	9.303368E-1
5.715500E+3	9.238007E-1
5.715750E+3	9.234718E-1
5.716000E+3	9.308483E-1
5.716250E+3	9.372469E-1
5.716500E+3	9.367158E-1
5.716750E+3	9.317381E-1
5.717000E+3	9.279649E-1
5.717250E+3	9.268333E-1
5.717500E+3	9.258707E-1
5.717750E+3	9.236861E-1
5.718000E+3	9.212130E-1
5.718250E+3	9.203178E-1
5.718500E+3	9.219722E-1
5.718750E+3	9.250854E-1
5.719000E+3	9.274678E-1
5.719250E+3	9.283466E-1
5.719500E+3	9.293091E-1
5.719750E+3	9.317014E-1
5.720000E+3	9.341531E-1
5.720250E+3	9.345504E-1
5.720500E+3	9.331014E-1
5.720750E+3	9.318312E-1
5.721000E+3	9.316975E-1
5.721250E+3	9.319121E-1
5.721500E+3	9.315303E-1
5.721750E+3	9.304943E-1
5.722000E+3	9.298587E-1
5.722250E+3	9.310517E-1
5.722500E+3	9.344848E-1
5.722750E+3	9.384670E-1
5.723000E+3	9.400768E-1
5.723250E+3	9.388027E-1
5.723500E+3	9.370565E-1
5.723750E+3	9.367045E-1
5.724000E+3	9.378342E-1
5.724250E+3	9.398630E-1
5.724500E+3	9.415371E-1
5.724750E+3	9.405879E-1
5.725000E+3	9.366684E-1
5.725250E+3	9.340694E-1
5.725500E+3	9.362998E-1
5.725750E+3	9.392480E-1
5.726000E+3	9.365853E-1
5.726250E+3	9.308720E-1
5.726500E+3	9.298109E-1
5.726750E+3	9.344745E-1
5.727000E+3	9.378494E-1
5.727250E+3	9.364607E-1
5.727500E+3	9.359895E-1
5.727750E+3	9.388275E-1
5.728000E+3	9.387220E-1
5.728250E+3	9.319289E-1
5.728500E+3	9.263197E-1
5.728750E+3	9.286965E-1
5.729000E+3	9.330880E-1
5.729250E+3	9.313815E-1
5.729500E+3	9.271287E-1
5.729750E+3	9.290691E-1
5.730000E+3	9.351951E-1
5.730250E+3	9.366479E-1
5.730500E+3	9.328424E-1
5.730750E+3	9.310810E-1
5.731000E+3	9.322469E-1
5.731250E+3	9.306034E-1
5.731500E+3	9.269632E-1
5.731750E+3	9.281693E-1
5.732000E+3	9.333974E-1
5.732250E+3	9.333195E-1
5.732500E+3	9.254015E-1
5.732750E+3	9.192424E-1
5.733000E+3	9.212751E-1
5.733250E+3	9.254049E-1
5.733500E+3	9.254072E-1
5.733750E+3	9.241269E-1
5.734000E+3	9.258286E-1
5.734250E+3	9.276402E-1
5.734500E+3	9.265976E-1
5.734750E+3	9.264170E-1
5.735000E+3	9.297350E-1
5.735250E+3	9.311585E-1
5.735500E+3	9.263451E-1
5.735750E+3	9.206283E-1
5.736000E+3	9.203434E-1
5.736250E+3	9.231440E-1
5.736500E+3	9.234727E-1
5.736750E+3	9.225502E-1
5.737000E+3	9.242326E-1
5.737250E+3	9.259197E-1
5.737500E+3	9.237916E-1
5.737750E+3	9.214971E-1
5.738000E+3	9.242192E-1
5.738250E+3	9.275534E-1
5.738500E+3	9.245025E-1
5.738750E+3	9.186089E-1
5.739000E+3	9.199605E-1
5.739250E+3	9.269633E-1
5.739500E+3	9.281255E-1
5.739750E+3	9.213460E-1
5.740000E+3	9.173459E-1
5.740250E+3	9.216601E-1
5.740500E+3	9.250655E-1
5.740750E+3	9.197980E-1
5.741000E+3	9.124074E-1
5.741250E+3	9.127848E-1
5.741500E+3	9.184214E-1
5.741750E+3	9.202126E-1
5.742000E+3	9.165164E-1
5.742250E+3	9.133016E-1
5.742500E+3	9.133783E-1
5.742750E+3	9.144970E-1
5.743000E+3	9.157832E-1
5.743250E+3	9.183830E-1
5.743500E+3	9.210923E-1
5.743750E+3	9.214800E-1
5.744000E+3	9.205426E-1
5.744250E+3	9.211972E-1
5.744500E+3	9.229336E-1
5.744750E+3	9.228881E-1
5.745000E+3	9.213830E-1
5.745250E+3	9.212089E-1
5.745500E+3	9.221541E-1
5.745750E+3	9.215831E-1
5.746000E+3	9.200307E-1
5.746250E+3	9.210932E-1
5.746500E+3	9.244947E-1
5.746750E+3	9.254586E-1
5.747000E+3	9.221227E-1
5.747250E+3	9.186050E-1
5.747500E+3	9.186555E-1
5.747750E+3	9.201408E-1
5.748000E+3	9.196247E-1
5.748250E+3	9.187130E-1
5.748500E+3	9.211297E-1
5.748750E+3	9.256342E-1
5.749000E+3	9.268763E-1
5.749250E+3	9.237883E-1
5.749500E+3	9.212052E-1
5.749750E+3	9.223353E-1
5.750000E+3	9.244147E-1
5.750250E+3	9.234500E-1
5.750500E+3	9.208107E-1
5.750750E+3	9.205044E-1
5.751000E+3	9.224558E-1
5.751250E+3	9.228354E-1
5.751500E+3	9.205826E-1
5.751750E+3	9.193125E-1
5.752000E+3	9.212403E-1
5.752250E+3	9.233695E-1
5.752500E+3	9.223758E-1
5.752750E+3	9.202708E-1
5.753000E+3	9.213945E-1
5.753250E+3	9.253282E-1
5.753500E+3	9.274686E-1
5.753750E+3	9.257966E-1
5.754000E+3	9.229055E-1
5.754250E+3	9.217063E-1
5.754500E+3	9.221848E-1
5.754750E+3	9.232483E-1
5.755000E+3	9.244783E-1
5.755250E+3	9.248738E-1
5.755500E+3	9.231672E-1
5.755750E+3	9.207101E-1
5.756000E+3	9.205149E-1
5.756250E+3	9.219672E-1
5.756500E+3	9.209343E-1
5.756750E+3	9.168444E-1
5.757000E+3	9.151892E-1
5.757250E+3	9.188670E-1
5.757500E+3	9.213081E-1
5.757750E+3	9.156284E-1
5.758000E+3	9.067116E-1
5.758250E+3	9.061605E-1
5.758500E+3	9.158929E-1
5.758750E+3	9.239214E-1
5.759000E+3	9.205796E-1
5.759250E+3	9.120590E-1
5.759500E+3	9.090846E-1
5.759750E+3	9.126563E-1
5.760000E+3	9.149806E-1
5.760250E+3	9.115771E-1
5.760500E+3	9.071257E-1
5.760750E+3	9.058596E-1
5.761000E+3	9.066454E-1
5.761250E+3	9.073522E-1
5.761500E+3	9.085872E-1
5.761750E+3	9.109991E-1
5.762000E+3	9.130173E-1
5.762250E+3	9.139191E-1
5.762500E+3	9.156701E-1
5.762750E+3	9.191738E-1
5.763000E+3	9.220715E-1
5.763250E+3	9.232096E-1
5.763500E+3	9.258909E-1
5.763750E+3	9.325543E-1
5.764000E+3	9.399107E-1
5.764250E+3	9.434759E-1
5.764500E+3	9.447443E-1
5.764750E+3	9.487424E-1
5.765000E+3	9.560801E-1
5.765250E+3	9.625005E-1
5.765500E+3	9.656486E-1
5.765750E+3	9.679622E-1
5.766000E+3	9.717866E-1
5.766250E+3	9.758152E-1
5.766500E+3	9.780117E-1
5.766750E+3	9.789577E-1
5.767000E+3	9.802019E-1
5.767250E+3	9.814758E-1
5.767500E+3	9.816304E-1
5.767750E+3	9.810637E-1
5.768000E+3	9.810790E-1
5.768250E+3	9.817455E-1
5.768500E+3	9.821203E-1
5.768750E+3	9.820253E-1
5.769000E+3	9.822449E-1
5.769250E+3	9.831007E-1
5.769500E+3	9.841000E-1
5.769750E+3	9.847353E-1
5.770000E+3	9.847858E-1
5.770250E+3	9.842776E-1
5.770500E+3	9.836213E-1
5.770750E+3	9.832773E-1
5.771000E+3	9.830453E-1
5.771250E+3	9.824490E-1
5.771500E+3	9.819884E-1
5.771750E+3	9.826611E-1
5.772000E+3	9.839342E-1
5.772250E+3	9.837193E-1
5.772500E+3	9.816892E-1
5.772750E+3	9.803006E-1
5.773000E+3	9.811049E-1
5.773250E+3	9.824752E-1
5.773500E+3	9.822166E-1
5.773750E+3	9.811466E-1
5.774000E+3	9.814079E-1
5.774250E+3	9.825701E-1
5.774500E+3	9.822601E-1
5.774750E+3	9.803458E-1
5.775000E+3	9.793056E-1
5.775250E+3	9.802363E-1
5.775500E+3	9.812380E-1
5.775750E+3	9.805144E-1
5.776000E+3	9.788657E-1
5.776250E+3	9.779762E-1
5.776500E+3	9.781482E-1
5.776750E+3	9.786274E-1
5.777000E+3	9.789924E-1
5.777250E+3	9.790677E-1
5.777500E+3	9.784317E-1
5.777750E+3	9.770793E-1
5.778000E+3	9.758496E-1
5.778250E+3	9.754872E-1
5.778500E+3	9.760094E-1
5.778750E+3	9.770729E-1
5.779000E+3	9.782287E-1
5.779250E+3	9.787862E-1
5.779500E+3	9.782482E-1
5.779750E+3	9.771510E-1
5.780000E+3	9.765378E-1
5.780250E+3	9.763417E-1
5.780500E+3	9.756053E-1
5.780750E+3	9.744050E-1
5.781000E+3	9.740911E-1
5.781250E+3	9.750359E-1
5.781500E+3	9.757124E-1
5.781750E+3	9.750042E-1
5.782000E+3	9.739159E-1
5.782250E+3	9.737816E-1
5.782500E+3	9.741701E-1
5.782750E+3	9.739225E-1
5.783000E+3	9.733013E-1
5.783250E+3	9.734287E-1
5.783500E+3	9.741218E-1
5.783750E+3	9.741040E-1
5.784000E+3	9.731245E-1
5.784250E+3	9.723033E-1
5.784500E+3	9.722790E-1
5.784750E+3	9.724813E-1
5.785000E+3	9.724498E-1
5.785250E+3	9.725779E-1
5.785500E+3	9.730675E-1
5.785750E+3	9.733123E-1
5.786000E+3	9.729664E-1
5.786250E+3	9.726476E-1
5.786500E+3	9.728749E-1
5.786750E+3	9.730889E-1
5.787000E+3	9.725711E-1
5.787250E+3	9.717767E-1
5.787500E+3	9.717243E-1
5.787750E+3	9.723733E-1
5.788000E+3	9.725421E-1
5.788250E+3	9.716757E-1
5.788500E+3	9.707668E-1
5.788750E+3	9.710080E-1
5.789000E+3	9.721451E-1
5.789250E+3	9.727715E-1
5.789500E+3	9.721392E-1
5.789750E+3	9.709636E-1
5.790000E+3	9.704036E-1
5.790250E+3	9.707295E-1
5.790500E+3	9.712445E-1
5.790750E+3	9.711932E-1
5.791000E+3	9.704591E-1
5.791250E+3	9.695602E-1
5.791500E+3	9.691668E-1
5.791750E+3	9.695868E-1
5.792000E+3	9.704717E-1
5.792250E+3	9.710887E-1
5.792500E+3	9.710856E-1
5.792750E+3	9.707424E-1
5.793000E+3	9.704047E-1
5.793250E+3	9.700259E-1
5.793500E+3	9.695213E-1
5.793750E+3	9.692086E-1
5.794000E+3	9.694114E-1
5.794250E+3	9.697988E-1
5.794500E+3	9.697123E-1
5.794750E+3	9.691453E-1
5.795000E+3	9.687832E-1
5.795250E+3	9.690421E-1
5.795500E+3	9.695978E-1
5.795750E+3	9.699908E-1
5.796000E+3	9.702241E-1
5.796250E+3	9.704885E-1
5.796500E+3	9.706735E-1
5.796750E+3	9.705429E-1
5.797000E+3	9.701980E-1
5.797250E+3	9.700422E-1
5.797500E+3	9.702753E-1
5.797750E+3	9.706532E-1
5.798000E+3	9.708177E-1
5.798250E+3	9.707415E-1
5.798500E+3	9.707038E-1
5.798750E+3	9.708306E-1
5.799000E+3	9.708698E-1
5.799250E+3	9.705900E-1
5.799500E+3	9.702593E-1
5.799750E+3	9.703361E-1
5.800000E+3	9.707441E-1
5.800250E+3	9.709406E-1
5.800500E+3	9.707834E-1
5.800750E+3	9.707511E-1
5.801000E+3	9.710577E-1
5.801250E+3	9.711832E-1
5.801500E+3	9.707476E-1
5.801750E+3	9.702546E-1
5.802000E+3	9.703581E-1
5.802250E+3	9.708228E-1
5.802500E+3	9.709314E-1
5.802750E+3	9.706152E-1
5.803000E+3	9.704111E-1
5.803250E+3	9.705381E-1
5.803500E+3	9.707274E-1
5.803750E+3	9.708543E-1
5.804000E+3	9.710397E-1
5.804250E+3	9.712391E-1
5.804500E+3	9.713793E-1
5.804750E+3	9.717097E-1
5.805000E+3	9.722936E-1
5.805250E+3	9.724235E-1
5.805500E+3	9.714759E-1
5.805750E+3	9.701810E-1
5.806000E+3	9.700117E-1
5.806250E+3	9.711423E-1
5.806500E+3	9.721331E-1
5.806750E+3	9.719689E-1
5.807000E+3	9.712593E-1
5.807250E+3	9.710324E-1
5.807500E+3	9.712681E-1
5.807750E+3	9.713805E-1
5.808000E+3	9.713561E-1
5.808250E+3	9.715767E-1
5.808500E+3	9.719960E-1
5.808750E+3	9.722153E-1
5.809000E+3	9.721176E-1
5.809250E+3	9.719039E-1
5.809500E+3	9.717532E-1
5.809750E+3	9.718050E-1
5.810000E+3	9.721730E-1
5.810250E+3	9.726346E-1
5.810500E+3	9.726670E-1
5.810750E+3	9.721525E-1
5.811000E+3	9.716658E-1
5.811250E+3	9.717221E-1
5.811500E+3	9.721084E-1
5.811750E+3	9.723419E-1
5.812000E+3	9.724019E-1
5.812250E+3	9.725634E-1
5.812500E+3	9.728234E-1
5.812750E+3	9.729570E-1
5.813000E+3	9.729371E-1
5.813250E+3	9.729068E-1
5.813500E+3	9.729097E-1
5.813750E+3	9.729373E-1
5.814000E+3	9.730335E-1
5.814250E+3	9.731172E-1
5.814500E+3	9.729917E-1
5.814750E+3	9.727527E-1
5.815000E+3	9.727937E-1
5.815250E+3	9.731339E-1
5.815500E+3	9.731910E-1
5.815750E+3	9.726562E-1
5.816000E+3	9.721183E-1
5.816250E+3	9.722929E-1
5.816500E+3	9.729889E-1
5.816750E+3	9.734443E-1
5.817000E+3	9.734418E-1
5.817250E+3	9.733952E-1
5.817500E+3	9.734921E-1
5.817750E+3	9.734756E-1
5.818000E+3	9.732772E-1
5.818250E+3	9.732179E-1
5.818500E+3	9.734359E-1
5.818750E+3	9.736507E-1
5.819000E+3	9.736504E-1
5.819250E+3	9.735602E-1
5.819500E+3	9.734937E-1
5.819750E+3	9.733389E-1
5.820000E+3	9.730687E-1
5.820250E+3	9.728980E-1
5.820500E+3	9.729387E-1
5.820750E+3	9.730016E-1
5.821000E+3	9.729403E-1
5.821250E+3	9.728952E-1
5.821500E+3	9.729955E-1
5.821750E+3	9.730887E-1
5.822000E+3	9.729873E-1
5.822250E+3	9.727587E-1
5.822500E+3	9.725661E-1
5.822750E+3	9.724206E-1
5.823000E+3	9.722809E-1
5.823250E+3	9.722075E-1
5.823500E+3	9.722308E-1
5.823750E+3	9.722539E-1
5.824000E+3	9.722596E-1
5.824250E+3	9.723883E-1
5.824500E+3	9.726031E-1
5.824750E+3	9.725552E-1
5.825000E+3	9.720879E-1
5.825250E+3	9.716284E-1
5.825500E+3	9.716738E-1
5.825750E+3	9.720396E-1
5.826000E+3	9.721014E-1
5.826250E+3	9.717201E-1
5.826500E+3	9.713959E-1
5.826750E+3	9.714419E-1
5.827000E+3	9.715323E-1
5.827250E+3	9.713004E-1
5.827500E+3	9.709297E-1
5.827750E+3	9.707887E-1
5.828000E+3	9.708217E-1
5.828250E+3	9.707185E-1
5.828500E+3	9.704780E-1
5.828750E+3	9.703697E-1
5.829000E+3	9.704275E-1
5.829250E+3	9.704073E-1
5.829500E+3	9.702492E-1
5.829750E+3	9.701921E-1
5.830000E+3	9.703341E-1
5.830250E+3	9.704204E-1
5.830500E+3	9.702369E-1
5.830750E+3	9.699469E-1
5.831000E+3	9.698187E-1
5.831250E+3	9.698229E-1
5.831500E+3	9.697385E-1
5.831750E+3	9.695357E-1
5.832000E+3	9.693992E-1
5.832250E+3	9.694179E-1
5.832500E+3	9.694766E-1
5.832750E+3	9.694643E-1
5.833000E+3	9.693947E-1
5.833250E+3	9.692913E-1
5.833500E+3	9.691312E-1
5.833750E+3	9.689636E-1
5.834000E+3	9.689155E-1
5.834250E+3	9.689845E-1
5.834500E+3	9.689753E-1
5.834750E+3	9.687710E-1
5.835000E+3	9.685423E-1
5.835250E+3	9.685194E-1
5.835500E+3	9.686431E-1
5.835750E+3	9.686440E-1
5.836000E+3	9.684380E-1
5.836250E+3	9.682281E-1
5.836500E+3	9.681779E-1
5.836750E+3	9.681860E-1
5.837000E+3	9.680897E-1
5.837250E+3	9.679242E-1
5.837500E+3	9.678277E-1
5.837750E+3	9.677968E-1
5.838000E+3	9.677095E-1
5.838250E+3	9.675519E-1
5.838500E+3	9.674604E-1
5.838750E+3	9.675272E-1
5.839000E+3	9.676773E-1
5.839250E+3	9.677686E-1
5.839500E+3	9.677381E-1
5.839750E+3	9.676321E-1
5.840000E+3	9.675426E-1
5.840250E+3	9.675088E-1
5.840500E+3	9.674480E-1
5.840750E+3	9.672280E-1
5.841000E+3	9.668795E-1
5.841250E+3	9.666647E-1
5.841500E+3	9.668092E-1
5.841750E+3	9.671935E-1
5.842000E+3	9.674483E-1
5.842250E+3	9.673741E-1
5.842500E+3	9.671432E-1
5.842750E+3	9.670495E-1
5.843000E+3	9.671909E-1
5.843250E+3	9.674525E-1
5.843500E+3	9.676712E-1
5.843750E+3	9.677382E-1
5.844000E+3	9.676472E-1
5.844250E+3	9.675226E-1
5.844500E+3	9.675325E-1
5.844750E+3	9.677010E-1
5.845000E+3	9.678658E-1
5.845250E+3	9.678815E-1
5.845500E+3	9.677942E-1
5.845750E+3	9.677520E-1
5.846000E+3	9.678065E-1
5.846250E+3	9.678815E-1
5.846500E+3	9.679031E-1
5.846750E+3	9.678863E-1
5.847000E+3	9.678967E-1
5.847250E+3	9.679568E-1
5.847500E+3	9.680058E-1
5.847750E+3	9.679700E-1
5.848000E+3	9.678914E-1
5.848250E+3	9.679284E-1
5.848500E+3	9.681730E-1
5.848750E+3	9.685245E-1
5.849000E+3	9.688117E-1
5.849250E+3	9.689765E-1
5.849500E+3	9.690394E-1
5.849750E+3	9.690119E-1
5.850000E+3	9.689909E-1
5.850250E+3	9.691664E-1
5.850500E+3	9.695114E-1
5.850750E+3	9.696413E-1
5.851000E+3	9.693274E-1
5.851250E+3	9.690174E-1
5.851500E+3	9.693172E-1
5.851750E+3	9.700029E-1
5.852000E+3	9.701881E-1
5.852250E+3	9.696379E-1
5.852500E+3	9.692310E-1
5.852750E+3	9.697261E-1
5.853000E+3	9.706477E-1
5.853250E+3	9.710230E-1
5.853500E+3	9.707691E-1
5.853750E+3	9.706077E-1
5.854000E+3	9.709023E-1
5.854250E+3	9.712910E-1
5.854500E+3	9.714404E-1
5.854750E+3	9.714116E-1
5.855000E+3	9.712205E-1
5.855250E+3	9.707572E-1
5.855500E+3	9.703358E-1
5.855750E+3	9.706140E-1
5.856000E+3	9.715891E-1
5.856250E+3	9.722709E-1
5.856500E+3	9.719649E-1
5.856750E+3	9.713445E-1
5.857000E+3	9.715672E-1
5.857250E+3	9.726132E-1
5.857500E+3	9.733118E-1
5.857750E+3	9.730370E-1
5.858000E+3	9.724896E-1
5.858250E+3	9.725794E-1
5.858500E+3	9.731831E-1
5.858750E+3	9.735647E-1
5.859000E+3	9.735536E-1
5.859250E+3	9.736307E-1
5.859500E+3	9.740327E-1
5.859750E+3	9.744281E-1
5.860000E+3	9.745635E-1
5.860250E+3	9.746774E-1
5.860500E+3	9.750411E-1
5.860750E+3	9.754889E-1
5.861000E+3	9.757091E-1
5.861250E+3	9.756822E-1
5.861500E+3	9.755447E-1
5.861750E+3	9.753049E-1
5.862000E+3	9.750353E-1
5.862250E+3	9.751067E-1
5.862500E+3	9.757780E-1
5.862750E+3	9.766466E-1
5.863000E+3	9.769815E-1
5.863250E+3	9.766679E-1
5.863500E+3	9.763768E-1
5.863750E+3	9.767253E-1
5.864000E+3	9.775731E-1
5.864250E+3	9.782607E-1
5.864500E+3	9.783700E-1
5.864750E+3	9.780730E-1
5.865000E+3	9.779142E-1
5.865250E+3	9.782944E-1
5.865500E+3	9.789792E-1
5.865750E+3	9.792725E-1
5.866000E+3	9.788798E-1
5.866250E+3	9.784222E-1
5.866500E+3	9.786516E-1
5.866750E+3	9.793094E-1
5.867000E+3	9.794904E-1
5.867250E+3	9.790820E-1
5.867500E+3	9.790190E-1
5.867750E+3	9.798328E-1
5.868000E+3	9.808421E-1
5.868250E+3	9.811805E-1
5.868500E+3	9.809655E-1
5.868750E+3	9.808452E-1
5.869000E+3	9.809296E-1
5.869250E+3	9.809289E-1
5.869500E+3	9.809156E-1
5.869750E+3	9.811634E-1
5.870000E+3	9.815095E-1
5.870250E+3	9.816517E-1
5.870500E+3	9.818516E-1
5.870750E+3	9.825412E-1
5.871000E+3	9.833728E-1
5.871250E+3	9.835140E-1
5.871500E+3	9.829507E-1
5.871750E+3	9.826287E-1
5.872000E+3	9.830623E-1
5.872250E+3	9.836929E-1
5.872500E+3	9.838576E-1
5.872750E+3	9.836906E-1
5.873000E+3	9.836139E-1
5.873250E+3	9.836370E-1
5.873500E+3	9.836664E-1
5.873750E+3	9.839322E-1
5.874000E+3	9.845462E-1
5.874250E+3	9.850734E-1
5.874500E+3	9.850703E-1
5.874750E+3	9.847338E-1
5.875000E+3	9.845614E-1
5.875250E+3	9.846380E-1
5.875500E+3	9.847405E-1
5.875750E+3	9.848791E-1
5.876000E+3	9.851694E-1
5.876250E+3	9.853848E-1
5.876500E+3	9.852330E-1
5.876750E+3	9.849750E-1
5.877000E+3	9.851144E-1
5.877250E+3	9.855873E-1
5.877500E+3	9.857625E-1
5.877750E+3	9.853442E-1
5.878000E+3	9.847150E-1
5.878250E+3	9.842089E-1
5.878500E+3	9.837062E-1
5.878750E+3	9.831265E-1
5.879000E+3	9.828169E-1
5.879250E+3	9.831301E-1
5.879500E+3	9.838778E-1
5.879750E+3	9.844647E-1
5.880000E+3	9.846597E-1
5.880250E+3	9.846626E-1
5.880500E+3	9.844745E-1
5.880750E+3	9.839281E-1
5.881000E+3	9.833105E-1
5.881250E+3	9.832667E-1
5.881500E+3	9.839047E-1
5.881750E+3	9.844619E-1
5.882000E+3	9.843121E-1
5.882250E+3	9.838672E-1
5.882500E+3	9.838031E-1
5.882750E+3	9.839763E-1
5.883000E+3	9.838311E-1
5.883250E+3	9.834993E-1
5.883500E+3	9.834976E-1
5.883750E+3	9.835320E-1
5.884000E+3	9.827999E-1
5.884250E+3	9.815876E-1
5.884500E+3	9.812726E-1
5.884750E+3	9.822425E-1
5.885000E+3	9.830226E-1
5.885250E+3	9.824601E-1
5.885500E+3	9.813897E-1
5.885750E+3	9.810529E-1
5.886000E+3	9.809894E-1
5.886250E+3	9.800354E-1
5.886500E+3	9.786535E-1
5.886750E+3	9.785222E-1
5.887000E+3	9.798424E-1
5.887250E+3	9.809351E-1
5.887500E+3	9.807585E-1
5.887750E+3	9.801047E-1
5.888000E+3	9.800394E-1
5.888250E+3	9.803436E-1
5.888500E+3	9.802075E-1
5.888750E+3	9.794382E-1
5.889000E+3	9.784212E-1
5.889250E+3	9.776483E-1
5.889500E+3	9.776258E-1
5.889750E+3	9.784769E-1
5.890000E+3	9.793287E-1
5.890250E+3	9.790573E-1
5.890500E+3	9.778192E-1
5.890750E+3	9.768920E-1
5.891000E+3	9.769185E-1
5.891250E+3	9.772033E-1
5.891500E+3	9.770736E-1
5.891750E+3	9.768763E-1
5.892000E+3	9.769404E-1
5.892250E+3	9.767070E-1
5.892500E+3	9.758259E-1
5.892750E+3	9.751744E-1
5.893000E+3	9.757009E-1
5.893250E+3	9.767622E-1
5.893500E+3	9.768142E-1
5.893750E+3	9.754697E-1
5.894000E+3	9.738832E-1
5.894250E+3	9.732769E-1
5.894500E+3	9.737513E-1
5.894750E+3	9.745177E-1
5.895000E+3	9.748260E-1
5.895250E+3	9.744627E-1
5.895500E+3	9.737138E-1
5.895750E+3	9.731386E-1
5.896000E+3	9.732064E-1
5.896250E+3	9.739588E-1
5.896500E+3	9.748976E-1
5.896750E+3	9.752113E-1
5.897000E+3	9.744830E-1
5.897250E+3	9.733521E-1
5.897500E+3	9.730625E-1
5.897750E+3	9.738423E-1
5.898000E+3	9.741736E-1
5.898250E+3	9.727348E-1
5.898500E+3	9.706676E-1
5.898750E+3	9.704042E-1
5.899000E+3	9.722113E-1
5.899250E+3	9.737475E-1
5.899500E+3	9.732782E-1
5.899750E+3	9.718597E-1
5.900000E+3	9.715873E-1
5.900250E+3	9.726258E-1
5.900500E+3	9.733391E-1
5.900750E+3	9.727617E-1
5.901000E+3	9.716464E-1
5.901250E+3	9.711547E-1
5.901500E+3	9.715696E-1
5.901750E+3	9.723226E-1
5.902000E+3	9.726759E-1
5.902250E+3	9.723326E-1
5.902500E+3	9.716872E-1
5.902750E+3	9.714417E-1
5.903000E+3	9.717726E-1
5.903250E+3	9.721860E-1
5.903500E+3	9.722725E-1
5.903750E+3	9.721739E-1
5.904000E+3	9.721441E-1
5.904250E+3	9.721548E-1
5.904500E+3	9.722264E-1
5.904750E+3	9.724843E-1
5.905000E+3	9.725393E-1
5.905250E+3	9.716066E-1
5.905500E+3	9.698004E-1
5.905750E+3	9.686159E-1
5.906000E+3	9.692078E-1
5.906250E+3	9.707354E-1
5.906500E+3	9.715059E-1
5.906750E+3	9.712275E-1
5.907000E+3	9.711657E-1
5.907250E+3	9.721218E-1
5.907500E+3	9.733159E-1
5.907750E+3	9.735096E-1
5.908000E+3	9.727072E-1
5.908250E+3	9.721011E-1
5.908500E+3	9.724096E-1
5.908750E+3	9.729564E-1
5.909000E+3	9.725458E-1
5.909250E+3	9.711656E-1
5.909500E+3	9.701710E-1
5.909750E+3	9.703874E-1
5.910000E+3	9.708074E-1
5.910250E+3	9.700729E-1
5.910500E+3	9.687373E-1
5.910750E+3	9.686950E-1
5.911000E+3	9.703778E-1
5.911250E+3	9.721079E-1
5.911500E+3	9.725986E-1
5.911750E+3	9.724654E-1
5.912000E+3	9.724608E-1
5.912250E+3	9.720577E-1
5.912500E+3	9.710775E-1
5.912750E+3	9.709346E-1
5.913000E+3	9.722899E-1
5.913250E+3	9.729687E-1
5.913500E+3	9.710021E-1
5.913750E+3	9.684525E-1
5.914000E+3	9.688672E-1
5.914250E+3	9.719612E-1
5.914500E+3	9.738081E-1
5.914750E+3	9.726300E-1
5.915000E+3	9.714864E-1
5.915250E+3	9.729752E-1
5.915500E+3	9.750940E-1
5.915750E+3	9.745051E-1
5.916000E+3	9.719815E-1
5.916250E+3	9.709490E-1
5.916500E+3	9.723022E-1
5.916750E+3	9.738121E-1
5.917000E+3	9.737655E-1
5.917250E+3	9.728264E-1
5.917500E+3	9.720568E-1
5.917750E+3	9.715960E-1
5.918000E+3	9.715187E-1
5.918250E+3	9.721229E-1
5.918500E+3	9.730267E-1
5.918750E+3	9.733646E-1
5.919000E+3	9.733532E-1
5.919250E+3	9.739938E-1
5.919500E+3	9.752568E-1
5.919750E+3	9.761046E-1
5.920000E+3	9.763163E-1
5.920250E+3	9.766923E-1
5.920500E+3	9.770126E-1
5.920750E+3	9.761276E-1
5.921000E+3	9.744573E-1
5.921250E+3	9.739306E-1
5.921500E+3	9.748563E-1
5.921750E+3	9.752608E-1
5.922000E+3	9.740242E-1
5.922250E+3	9.730134E-1
5.922500E+3	9.741344E-1
5.922750E+3	9.762500E-1
5.923000E+3	9.770409E-1
5.923250E+3	9.766948E-1
5.923500E+3	9.769581E-1
5.923750E+3	9.778585E-1
5.924000E+3	9.777741E-1
5.924250E+3	9.766671E-1
5.924500E+3	9.764541E-1
5.924750E+3	9.779162E-1
5.925000E+3	9.791904E-1
5.925250E+3	9.783731E-1
5.925500E+3	9.764187E-1
5.925750E+3	9.757395E-1
5.926000E+3	9.767857E-1
5.926250E+3	9.776230E-1
5.926500E+3	9.769393E-1
5.926750E+3	9.758786E-1
5.927000E+3	9.761766E-1
5.927250E+3	9.771690E-1
5.927500E+3	9.767298E-1
5.927750E+3	9.743698E-1
5.928000E+3	9.723848E-1
5.928250E+3	9.731017E-1
5.928500E+3	9.760453E-1
5.928750E+3	9.790557E-1
5.929000E+3	9.803603E-1
5.929250E+3	9.796743E-1
5.929500E+3	9.779821E-1
5.929750E+3	9.766569E-1
5.930000E+3	9.764375E-1
5.930250E+3	9.766853E-1
5.930500E+3	9.764223E-1
5.930750E+3	9.758714E-1
5.931000E+3	9.759488E-1
5.931250E+3	9.763423E-1
5.931500E+3	9.758432E-1
5.931750E+3	9.746313E-1
5.932000E+3	9.744344E-1
5.932250E+3	9.757474E-1
5.932500E+3	9.769035E-1
5.932750E+3	9.768111E-1
5.933000E+3	9.762227E-1
5.933250E+3	9.757655E-1
5.933500E+3	9.747788E-1
5.933750E+3	9.732459E-1
5.934000E+3	9.726576E-1
5.934250E+3	9.734447E-1
5.934500E+3	9.738863E-1
5.934750E+3	9.732822E-1
5.935000E+3	9.734159E-1
5.935250E+3	9.751342E-1
5.935500E+3	9.761332E-1
5.935750E+3	9.746927E-1
5.936000E+3	9.728787E-1
5.936250E+3	9.731821E-1
5.936500E+3	9.740988E-1
5.936750E+3	9.730937E-1
5.937000E+3	9.715115E-1
5.937250E+3	9.723580E-1
5.937500E+3	9.747699E-1
5.937750E+3	9.753260E-1
5.938000E+3	9.737837E-1
5.938250E+3	9.731638E-1
5.938500E+3	9.743156E-1
5.938750E+3	9.746729E-1
5.939000E+3	9.734244E-1
5.939250E+3	9.727554E-1
5.939500E+3	9.736254E-1
5.939750E+3	9.738279E-1
5.940000E+3	9.722788E-1
5.940250E+3	9.713351E-1
5.940500E+3	9.725151E-1
5.940750E+3	9.737333E-1
5.941000E+3	9.727591E-1
5.941250E+3	9.712376E-1
5.941500E+3	9.717409E-1
5.941750E+3	9.733193E-1
5.942000E+3	9.729345E-1
5.942250E+3	9.704649E-1
5.942500E+3	9.688478E-1
5.942750E+3	9.694184E-1
5.943000E+3	9.701124E-1
5.943250E+3	9.688758E-1
5.943500E+3	9.669793E-1
5.943750E+3	9.671269E-1
5.944000E+3	9.692606E-1
5.944250E+3	9.702322E-1
5.944500E+3	9.677242E-1
5.944750E+3	9.636157E-1
5.945000E+3	9.621368E-1
5.945250E+3	9.648585E-1
5.945500E+3	9.694999E-1
5.945750E+3	9.727130E-1
5.946000E+3	9.732912E-1
5.946250E+3	9.723185E-1
5.946500E+3	9.709001E-1
5.946750E+3	9.697315E-1
5.947000E+3	9.696869E-1
5.947250E+3	9.707898E-1
5.947500E+3	9.714384E-1
5.947750E+3	9.703402E-1
5.948000E+3	9.687300E-1
5.948250E+3	9.686534E-1
5.948500E+3	9.699090E-1
5.948750E+3	9.704451E-1
5.949000E+3	9.694085E-1
5.949250E+3	9.682569E-1
5.949500E+3	9.680496E-1
5.949750E+3	9.682067E-1
5.950000E+3	9.681409E-1
5.950250E+3	9.682243E-1
5.950500E+3	9.686562E-1
5.950750E+3	9.690725E-1
5.951000E+3	9.696533E-1
5.951250E+3	9.709369E-1
5.951500E+3	9.721932E-1
5.951750E+3	9.719754E-1
5.952000E+3	9.708177E-1
5.952250E+3	9.710978E-1
5.952500E+3	9.731415E-1
5.952750E+3	9.738838E-1
5.953000E+3	9.712614E-1
5.953250E+3	9.678763E-1
5.953500E+3	9.672025E-1
5.953750E+3	9.691506E-1
5.954000E+3	9.710199E-1
5.954250E+3	9.714430E-1
5.954500E+3	9.714888E-1
5.954750E+3	9.717796E-1
5.955000E+3	9.717356E-1
5.955250E+3	9.713931E-1
5.955500E+3	9.714568E-1
5.955750E+3	9.715600E-1
5.956000E+3	9.706266E-1
5.956250E+3	9.693373E-1
5.956500E+3	9.697741E-1
5.956750E+3	9.722119E-1
5.957000E+3	9.742784E-1
5.957250E+3	9.742750E-1
5.957500E+3	9.732310E-1
5.957750E+3	9.726659E-1
5.958000E+3	9.724810E-1
5.958250E+3	9.720092E-1
5.958500E+3	9.717329E-1
5.958750E+3	9.723723E-1
5.959000E+3	9.733039E-1
5.959250E+3	9.734338E-1
5.959500E+3	9.731515E-1
5.959750E+3	9.736634E-1
5.960000E+3	9.749518E-1
5.960250E+3	9.755836E-1
5.960500E+3	9.747595E-1
5.960750E+3	9.732828E-1
5.961000E+3	9.723022E-1
5.961250E+3	9.722353E-1
5.961500E+3	9.729737E-1
5.961750E+3	9.743237E-1
5.962000E+3	9.757611E-1
5.962250E+3	9.764113E-1
5.962500E+3	9.759739E-1
5.962750E+3	9.753275E-1
5.963000E+3	9.757292E-1
5.963250E+3	9.773986E-1
5.963500E+3	9.791633E-1
5.963750E+3	9.795646E-1
5.964000E+3	9.781044E-1
5.964250E+3	9.756524E-1
5.964500E+3	9.737198E-1
5.964750E+3	9.731921E-1
5.965000E+3	9.737896E-1
5.965250E+3	9.747818E-1
5.965500E+3	9.759688E-1
5.965750E+3	9.776092E-1
5.966000E+3	9.794939E-1
5.966250E+3	9.806530E-1
5.966500E+3	9.802556E-1
5.966750E+3	9.784121E-1
5.967000E+3	9.762820E-1
5.967250E+3	9.753501E-1
5.967500E+3	9.762208E-1
5.967750E+3	9.783521E-1
5.968000E+3	9.804234E-1
5.968250E+3	9.810832E-1
5.968500E+3	9.803807E-1
5.968750E+3	9.797062E-1
5.969000E+3	9.799576E-1
5.969250E+3	9.806635E-1
5.969500E+3	9.807948E-1
5.969750E+3	9.802112E-1
5.970000E+3	9.796970E-1
5.970250E+3	9.795018E-1
5.970500E+3	9.792349E-1
5.970750E+3	9.789420E-1
5.971000E+3	9.789891E-1
5.971250E+3	9.788996E-1
5.971500E+3	9.777403E-1
5.971750E+3	9.759995E-1
5.972000E+3	9.755799E-1
5.972250E+3	9.771254E-1
5.972500E+3	9.789077E-1
5.972750E+3	9.792727E-1
5.973000E+3	9.786339E-1
5.973250E+3	9.782426E-1
5.973500E+3	9.781853E-1
5.973750E+3	9.782176E-1
5.974000E+3	9.789269E-1
5.974250E+3	9.802520E-1
5.974500E+3	9.804017E-1
5.974750E+3	9.787920E-1
5.975000E+3	9.780195E-1
5.975250E+3	9.804600E-1
5.975500E+3	9.837983E-1
5.975750E+3	9.836298E-1
5.976000E+3	9.800222E-1
5.976250E+3	9.772005E-1
5.976500E+3	9.780551E-1
5.976750E+3	9.804651E-1
5.977000E+3	9.805796E-1
5.977250E+3	9.779259E-1
5.977500E+3	9.752863E-1
5.977750E+3	9.752127E-1
5.978000E+3	9.771944E-1
5.978250E+3	9.787341E-1
5.978500E+3	9.779089E-1
5.978750E+3	9.754325E-1
5.979000E+3	9.743018E-1
5.979250E+3	9.755216E-1
5.979500E+3	9.768547E-1
5.979750E+3	9.763717E-1
5.980000E+3	9.752184E-1
5.980250E+3	9.752284E-1
5.980500E+3	9.757686E-1
5.980750E+3	9.754027E-1
5.981000E+3	9.753173E-1
5.981250E+3	9.772804E-1
5.981500E+3	9.793647E-1
5.981750E+3	9.781114E-1
5.982000E+3	9.742101E-1
5.982250E+3	9.719945E-1
5.982500E+3	9.729031E-1
5.982750E+3	9.750232E-1
5.983000E+3	9.768760E-1
5.983250E+3	9.783128E-1
5.983500E+3	9.782782E-1
5.983750E+3	9.755912E-1
5.984000E+3	9.724212E-1
5.984250E+3	9.723198E-1
5.984500E+3	9.737870E-1
5.984750E+3	9.726612E-1
5.985000E+3	9.700204E-1
5.985250E+3	9.712410E-1
5.985500E+3	9.759975E-1
5.985750E+3	9.773051E-1
5.986000E+3	9.727934E-1
5.986250E+3	9.689866E-1
5.986500E+3	9.704149E-1
5.986750E+3	9.727417E-1
5.987000E+3	9.703959E-1
5.987250E+3	9.665466E-1
5.987500E+3	9.673948E-1
5.987750E+3	9.712100E-1
5.988000E+3	9.724151E-1
5.988250E+3	9.707043E-1
5.988500E+3	9.704267E-1
5.988750E+3	9.715237E-1
5.989000E+3	9.702234E-1
5.989250E+3	9.669955E-1
5.989500E+3	9.673292E-1
5.989750E+3	9.727496E-1
5.990000E+3	9.767997E-1
5.990250E+3	9.745580E-1
5.990500E+3	9.689433E-1
5.990750E+3	9.661637E-1
5.991000E+3	9.677407E-1
5.991250E+3	9.700893E-1
5.991500E+3	9.704214E-1
5.991750E+3	9.694415E-1
5.992000E+3	9.694192E-1
5.992250E+3	9.704038E-1
5.992500E+3	9.703796E-1
5.992750E+3	9.689145E-1
5.993000E+3	9.690234E-1
5.993250E+3	9.729222E-1
5.993500E+3	9.767526E-1
5.993750E+3	9.755318E-1
5.994000E+3	9.706335E-1
5.994250E+3	9.682224E-1
5.994500E+3	9.691989E-1
5.994750E+3	9.681318E-1
5.995000E+3	9.640738E-1
5.995250E+3	9.640735E-1
5.995500E+3	9.702177E-1
5.995750E+3	9.734502E-1
5.996000E+3	9.670703E-1
5.996250E+3	9.584294E-1
5.996500E+3	9.596644E-1
5.996750E+3	9.676764E-1
5.997000E+3	9.693446E-1
5.997250E+3	9.616206E-1
5.997500E+3	9.546636E-1
5.997750E+3	9.537076E-1
5.998000E+3	9.543282E-1
5.998250E+3	9.556209E-1
5.998500E+3	9.627062E-1
5.998750E+3	9.735926E-1
5.999000E+3	9.779011E-1
5.999250E+3	9.727145E-1
5.999500E+3	9.666453E-1
5.999750E+3	9.677923E-1
6.000000E+3	9.724259E-1
6.000250E+3	9.726423E-1
6.000500E+3	9.695943E-1
6.000750E+3	9.691905E-1
6.001000E+3	9.704077E-1
6.001250E+3	9.684797E-1
6.001500E+3	9.645025E-1
6.001750E+3	9.645665E-1
6.002000E+3	9.693707E-1
6.002250E+3	9.730611E-1
6.002500E+3	9.714638E-1
6.002750E+3	9.676726E-1
6.003000E+3	9.666028E-1
6.003250E+3	9.681685E-1
6.003500E+3	9.696706E-1
6.003750E+3	9.695218E-1
6.004000E+3	9.693557E-1
6.004250E+3	9.711478E-1
6.004500E+3	9.734974E-1
6.004750E+3	9.720922E-1
6.005000E+3	9.659514E-1
6.005250E+3	9.612596E-1
6.005500E+3	9.625806E-1
6.005750E+3	9.663073E-1
6.006000E+3	9.661751E-1
6.006250E+3	9.641343E-1
6.006500E+3	9.676297E-1
6.006750E+3	9.755883E-1
6.007000E+3	9.772590E-1
6.007250E+3	9.693371E-1
6.007500E+3	9.607056E-1
6.007750E+3	9.591494E-1
6.008000E+3	9.608229E-1
6.008250E+3	9.591660E-1
6.008500E+3	9.570964E-1
6.008750E+3	9.609508E-1
6.009000E+3	9.676776E-1
6.009250E+3	9.701955E-1
6.009500E+3	9.699617E-1
6.009750E+3	9.719461E-1
6.010000E+3	9.739622E-1
6.010250E+3	9.704518E-1
6.010500E+3	9.643521E-1
6.010750E+3	9.631401E-1
6.011000E+3	9.675239E-1
6.011250E+3	9.705158E-1
6.011500E+3	9.688163E-1
6.011750E+3	9.659290E-1
6.012000E+3	9.655038E-1
6.012250E+3	9.670978E-1
6.012500E+3	9.690155E-1
6.012750E+3	9.700737E-1
6.013000E+3	9.687375E-1
6.013250E+3	9.654049E-1
6.013500E+3	9.630640E-1
6.013750E+3	9.629060E-1
6.014000E+3	9.618671E-1
6.014250E+3	9.591357E-1
6.014500E+3	9.605278E-1
6.014750E+3	9.695729E-1
6.015000E+3	9.773823E-1
6.015250E+3	9.730068E-1
6.015500E+3	9.624048E-1
6.015750E+3	9.587106E-1
6.016000E+3	9.643444E-1
6.016250E+3	9.696361E-1
6.016500E+3	9.681398E-1
6.016750E+3	9.646364E-1
6.017000E+3	9.639990E-1
6.017250E+3	9.635587E-1
6.017500E+3	9.609559E-1
6.017750E+3	9.598305E-1
6.018000E+3	9.632509E-1
6.018250E+3	9.674032E-1
6.018500E+3	9.691705E-1
6.018750E+3	9.694764E-1
6.019000E+3	9.685890E-1
6.019250E+3	9.652235E-1
6.019500E+3	9.612931E-1
6.019750E+3	9.613905E-1
6.020000E+3	9.657203E-1
6.020250E+3	9.682697E-1
6.020500E+3	9.656691E-1
6.020750E+3	9.618284E-1
6.021000E+3	9.613701E-1
6.021250E+3	9.638927E-1
6.021500E+3	9.669417E-1
6.021750E+3	9.684622E-1
6.022000E+3	9.668658E-1
6.022250E+3	9.630936E-1
6.022500E+3	9.605708E-1
6.022750E+3	9.623065E-1
6.023000E+3	9.657282E-1
6.023250E+3	9.661114E-1
6.023500E+3	9.644282E-1
6.023750E+3	9.642399E-1
6.024000E+3	9.643749E-1
6.024250E+3	9.606227E-1
6.024500E+3	9.559881E-1
6.024750E+3	9.577731E-1
6.025000E+3	9.646442E-1
6.025250E+3	9.639029E-1
6.025500E+3	9.534242E-1
6.025750E+3	9.472496E-1
6.026000E+3	9.570373E-1
6.026250E+3	9.668492E-1
6.026500E+3	9.589968E-1
6.026750E+3	9.389209E-1
6.027000E+3	9.327083E-1
6.027250E+3	9.503614E-1
6.027500E+3	9.678972E-1
6.027750E+3	9.666272E-1
6.028000E+3	9.508017E-1
6.028250E+3	9.435685E-1
6.028500E+3	9.494761E-1
6.028750E+3	9.550723E-1
6.029000E+3	9.523275E-1
6.029250E+3	9.474341E-1
6.029500E+3	9.474389E-1
6.029750E+3	9.480302E-1
6.030000E+3	9.435611E-1
6.030250E+3	9.388639E-1
6.030500E+3	9.430845E-1
6.030750E+3	9.533746E-1
6.031000E+3	9.557101E-1
6.031250E+3	9.467916E-1
6.031500E+3	9.386467E-1
6.031750E+3	9.391842E-1
6.032000E+3	9.466282E-1
6.032250E+3	9.514539E-1
6.032500E+3	9.499493E-1
6.032750E+3	9.471035E-1
6.033000E+3	9.448088E-1
6.033250E+3	9.403821E-1
6.033500E+3	9.351352E-1
6.033750E+3	9.354797E-1
6.034000E+3	9.434493E-1
6.034250E+3	9.513968E-1
6.034500E+3	9.496306E-1
6.034750E+3	9.360415E-1
6.035000E+3	9.177720E-1
6.035250E+3	9.061361E-1
6.035500E+3	9.074515E-1
6.035750E+3	9.228568E-1
6.036000E+3	9.451581E-1
6.036250E+3	9.567241E-1
6.036500E+3	9.516409E-1
6.036750E+3	9.414879E-1
6.037000E+3	9.379284E-1
6.037250E+3	9.405501E-1
6.037500E+3	9.405584E-1
6.037750E+3	9.354156E-1
6.038000E+3	9.316359E-1
6.038250E+3	9.343387E-1
6.038500E+3	9.409932E-1
6.038750E+3	9.460304E-1
6.039000E+3	9.457038E-1
6.039250E+3	9.398819E-1
6.039500E+3	9.313940E-1
6.039750E+3	9.269436E-1
6.040000E+3	9.326539E-1
6.040250E+3	9.423725E-1
6.040500E+3	9.440674E-1
6.040750E+3	9.304982E-1
6.041000E+3	9.101113E-1
6.041250E+3	9.000616E-1
6.041500E+3	9.034637E-1
6.041750E+3	9.191403E-1
6.042000E+3	9.380764E-1
6.042250E+3	9.417241E-1
6.042500E+3	9.340039E-1
6.042750E+3	9.276768E-1
6.043000E+3	9.291237E-1
6.043250E+3	9.314267E-1
6.043500E+3	9.258694E-1
6.043750E+3	9.163726E-1
6.044000E+3	9.145404E-1
6.044250E+3	9.240672E-1
6.044500E+3	9.296702E-1
6.044750E+3	9.214386E-1
6.045000E+3	9.041622E-1
6.045250E+3	8.924795E-1
6.045500E+3	8.922036E-1
6.045750E+3	8.979679E-1
6.046000E+3	9.019147E-1
6.046250E+3	8.967200E-1
6.046500E+3	8.887856E-1
6.046750E+3	8.915152E-1
6.047000E+3	9.092342E-1
6.047250E+3	9.221165E-1
6.047500E+3	9.130361E-1
6.047750E+3	8.978415E-1
6.048000E+3	8.951751E-1
6.048250E+3	9.010139E-1
6.048500E+3	8.937597E-1
6.048750E+3	8.824643E-1
6.049000E+3	8.891141E-1
6.049250E+3	9.056890E-1
6.049500E+3	9.089251E-1
6.049750E+3	8.997256E-1
6.050000E+3	9.064926E-1
6.050250E+3	9.288690E-1
6.050500E+3	9.366434E-1
6.050750E+3	9.195116E-1
6.051000E+3	8.984271E-1
6.051250E+3	9.024719E-1
6.051500E+3	9.146799E-1
6.051750E+3	9.093503E-1
6.052000E+3	8.893285E-1
6.052250E+3	8.757112E-1
6.052500E+3	8.713695E-1
6.052750E+3	8.673831E-1
6.053000E+3	8.712632E-1
6.053250E+3	8.876609E-1
6.053500E+3	8.913414E-1
6.053750E+3	8.734009E-1
6.054000E+3	8.597292E-1
6.054250E+3	8.697625E-1
6.054500E+3	8.836443E-1
6.054750E+3	8.828553E-1
6.055000E+3	8.719008E-1
6.055250E+3	8.569004E-1
6.055500E+3	8.299174E-1
6.055750E+3	7.959228E-1
6.056000E+3	7.778478E-1
6.056250E+3	7.824256E-1
6.056500E+3	7.805272E-1
6.056750E+3	7.588970E-1
6.057000E+3	7.708441E-1
6.057250E+3	8.568188E-1
6.057500E+3	9.459711E-1
6.057750E+3	9.361508E-1
6.058000E+3	8.759321E-1
6.058250E+3	8.746072E-1
6.058500E+3	9.112862E-1
6.058750E+3	9.055107E-1
6.059000E+3	8.285631E-1
6.059250E+3	7.486915E-1
6.059500E+3	7.860634E-1
6.059750E+3	8.476451E-1
6.060000E+3	7.844740E-1
6.060250E+3	6.739609E-1
6.060500E+3	6.317163E-1
6.060750E+3	6.965204E-1
6.061000E+3	7.668637E-1
6.061250E+3	7.688849E-1
6.061500E+3	7.530476E-1
6.061750E+3	7.630651E-1
6.062000E+3	7.677057E-1
6.062250E+3	7.320566E-1
6.062500E+3	7.128012E-1
6.062750E+3	7.656298E-1
6.063000E+3	8.401264E-1
6.063250E+3	8.472073E-1
6.063500E+3	8.079588E-1
6.063750E+3	7.852183E-1
6.064000E+3	7.891194E-1
6.064250E+3	7.383521E-1
6.064500E+3	6.243648E-1
6.064750E+3	5.790870E-1
6.065000E+3	6.455598E-1
6.065250E+3	7.052451E-1
6.065500E+3	6.835461E-1
6.065750E+3	6.208271E-1
6.066000E+3	6.374059E-1
6.066250E+3	7.004853E-1
6.066500E+3	7.125082E-1
6.066750E+3	6.566942E-1
6.067000E+3	6.229170E-1
6.067250E+3	6.329884E-1
6.067500E+3	6.376812E-1
6.067750E+3	6.615420E-1
6.068000E+3	7.385579E-1
6.068250E+3	7.431366E-1
6.068500E+3	6.493639E-1
6.068750E+3	5.181908E-1
6.069000E+3	5.331008E-1
6.069250E+3	6.813909E-1
6.069500E+3	7.421094E-1
6.069750E+3	7.259282E-1
6.070000E+3	6.676435E-1
6.070250E+3	6.026965E-1
6.070500E+3	5.426425E-1
6.070750E+3	5.107310E-1
6.071000E+3	5.821214E-1
6.071250E+3	6.847503E-1
6.071500E+3	6.450998E-1
6.071750E+3	5.702519E-1
6.072000E+3	6.192892E-1
6.072250E+3	7.607788E-1
6.072500E+3	8.338723E-1
6.072750E+3	7.861596E-1
6.073000E+3	7.587494E-1
6.073250E+3	8.119598E-1
6.073500E+3	8.362841E-1
6.073750E+3	7.957439E-1
6.074000E+3	6.942099E-1
6.074250E+3	6.744332E-1
6.074500E+3	7.447423E-1
6.074750E+3	7.614554E-1
6.075000E+3	7.505021E-1
6.075250E+3	7.653011E-1
6.075500E+3	7.987700E-1
6.075750E+3	8.017660E-1
6.076000E+3	7.841576E-1
6.076250E+3	7.728583E-1
6.076500E+3	7.797701E-1
6.076750E+3	7.828129E-1
6.077000E+3	7.778153E-1
6.077250E+3	7.929798E-1
6.077500E+3	8.445156E-1
6.077750E+3	8.987430E-1
6.078000E+3	9.215994E-1
6.078250E+3	9.161920E-1
6.078500E+3	9.023636E-1
6.078750E+3	8.931624E-1
6.079000E+3	8.806100E-1
6.079250E+3	8.546090E-1
6.079500E+3	8.289745E-1
6.079750E+3	8.405861E-1
6.080000E+3	8.885069E-1
6.080250E+3	9.345467E-1
6.080500E+3	9.514406E-1
6.080750E+3	9.540455E-1
6.081000E+3	9.596538E-1
6.081250E+3	9.534898E-1
6.081500E+3	9.204486E-1
6.081750E+3	8.958264E-1
6.082000E+3	9.044486E-1
6.082250E+3	9.290527E-1
6.082500E+3	9.408052E-1
6.082750E+3	9.233289E-1
6.083000E+3	9.095578E-1
6.083250E+3	9.179605E-1
6.083500E+3	9.405110E-1
6.083750E+3	9.608218E-1
6.084000E+3	9.657489E-1
6.084250E+3	9.618266E-1
6.084500E+3	9.529533E-1
6.084750E+3	9.459493E-1
6.085000E+3	9.571096E-1
6.085250E+3	9.818950E-1
6.085500E+3	9.917142E-1
6.085750E+3	9.756782E-1
6.086000E+3	9.503791E-1
6.086250E+3	9.368445E-1
6.086500E+3	9.426383E-1
6.086750E+3	9.571858E-1
6.087000E+3	9.685748E-1
6.087250E+3	9.730330E-1
6.087500E+3	9.672685E-1
6.087750E+3	9.550383E-1
6.088000E+3	9.488536E-1
6.088250E+3	9.525436E-1
6.088500E+3	9.618693E-1
6.088750E+3	9.694225E-1
6.089000E+3	9.718426E-1
6.089250E+3	9.703075E-1
6.089500E+3	9.633811E-1
6.089750E+3	9.523996E-1
6.090000E+3	9.474124E-1
6.090250E+3	9.538793E-1
6.090500E+3	9.658613E-1
6.090750E+3	9.745199E-1
6.091000E+3	9.776043E-1
6.091250E+3	9.797710E-1
6.091500E+3	9.844982E-1
6.091750E+3	9.891356E-1
6.092000E+3	9.906846E-1
6.092250E+3	9.889598E-1
6.092500E+3	9.849864E-1
6.092750E+3	9.829613E-1
6.093000E+3	9.848923E-1
6.093250E+3	9.867037E-1
6.093500E+3	9.842624E-1
6.093750E+3	9.789982E-1
6.094000E+3	9.773642E-1
6.094250E+3	9.797636E-1
6.094500E+3	9.812025E-1
6.094750E+3	9.798315E-1
6.095000E+3	9.794902E-1
6.095250E+3	9.818779E-1
6.095500E+3	9.853531E-1
6.095750E+3	9.886769E-1
6.096000E+3	9.927009E-1
6.096250E+3	9.970240E-1
6.096500E+3	9.988107E-1
6.096750E+3	9.967215E-1
6.097000E+3	9.951393E-1
6.097250E+3	9.963242E-1
6.097500E+3	9.956780E-1
6.097750E+3	9.903661E-1
6.098000E+3	9.864457E-1
6.098250E+3	9.893775E-1
6.098500E+3	9.937979E-1
6.098750E+3	9.920346E-1
6.099000E+3	9.860990E-1
6.099250E+3	9.834818E-1
6.099500E+3	9.856092E-1
6.099750E+3	9.884286E-1
6.100000E+3	9.894182E-1
6.100250E+3	9.906516E-1
6.100500E+3	9.930653E-1
6.100750E+3	9.946579E-1
6.101000E+3	9.940122E-1
6.101250E+3	9.929850E-1
6.101500E+3	9.929683E-1
6.101750E+3	9.927089E-1
6.102000E+3	9.913556E-1
6.102250E+3	9.898042E-1
6.102500E+3	9.887029E-1
6.102750E+3	9.882413E-1
6.103000E+3	9.887297E-1
6.103250E+3	9.898767E-1
6.103500E+3	9.908761E-1
6.103750E+3	9.914488E-1
6.104000E+3	9.922791E-1
6.104250E+3	9.933976E-1
6.104500E+3	9.935934E-1
6.104750E+3	9.925179E-1
6.105000E+3	9.921743E-1
6.105250E+3	9.934537E-1
6.105500E+3	9.945444E-1
6.105750E+3	9.936438E-1
6.106000E+3	9.917744E-1
6.106250E+3	9.913719E-1
6.106500E+3	9.923200E-1
6.106750E+3	9.939879E-1
6.107000E+3	9.960434E-1
6.107250E+3	9.968281E-1
6.107500E+3	9.948912E-1
6.107750E+3	9.913237E-1
6.108000E+3	9.904795E-1
6.108250E+3	9.938747E-1
6.108500E+3	9.963151E-1
6.108750E+3	9.944108E-1
6.109000E+3	9.906725E-1
6.109250E+3	9.906080E-1
6.109500E+3	9.940546E-1
6.109750E+3	9.968377E-1
6.110000E+3	9.974696E-1
6.110250E+3	9.972039E-1
6.110500E+3	9.963464E-1
6.110750E+3	9.942562E-1
6.111000E+3	9.924529E-1
6.111250E+3	9.934035E-1
6.111500E+3	9.958689E-1
6.111750E+3	9.964069E-1
6.112000E+3	9.949488E-1
6.112250E+3	9.942316E-1
6.112500E+3	9.946155E-1
6.112750E+3	9.945399E-1
6.113000E+3	9.942425E-1
6.113250E+3	9.954636E-1
6.113500E+3	9.968047E-1
6.113750E+3	9.959990E-1
6.114000E+3	9.940976E-1
6.114250E+3	9.947007E-1
6.114500E+3	9.971275E-1
6.114750E+3	9.966090E-1
6.115000E+3	9.928285E-1
6.115250E+3	9.908985E-1
6.115500E+3	9.940354E-1
6.115750E+3	9.976728E-1
6.116000E+3	9.974364E-1
6.116250E+3	9.954758E-1
6.116500E+3	9.955849E-1
6.116750E+3	9.965521E-1
6.117000E+3	9.952840E-1
6.117250E+3	9.927641E-1
6.117500E+3	9.926196E-1
6.117750E+3	9.945424E-1
6.118000E+3	9.943631E-1
6.118250E+3	9.915309E-1
6.118500E+3	9.899644E-1
6.118750E+3	9.917810E-1
6.119000E+3	9.947232E-1
6.119250E+3	9.955308E-1
6.119500E+3	9.945595E-1
6.119750E+3	9.943827E-1
6.120000E+3	9.952247E-1
6.120250E+3	9.956382E-1
6.120500E+3	9.952754E-1
6.120750E+3	9.952252E-1
6.121000E+3	9.956910E-1
6.121250E+3	9.955149E-1
6.121500E+3	9.944679E-1
6.121750E+3	9.941553E-1
6.122000E+3	9.954960E-1
6.122250E+3	9.970264E-1
6.122500E+3	9.969956E-1
6.122750E+3	9.957343E-1
6.123000E+3	9.953898E-1
6.123250E+3	9.966911E-1
6.123500E+3	9.978213E-1
6.123750E+3	9.974179E-1
6.124000E+3	9.963925E-1
6.124250E+3	9.964075E-1
6.124500E+3	9.971963E-1
6.124750E+3	9.971071E-1
6.125000E+3	9.958199E-1
6.125250E+3	9.947894E-1
6.125500E+3	9.951823E-1
6.125750E+3	9.964068E-1
6.126000E+3	9.971154E-1
6.126250E+3	9.969597E-1
6.126500E+3	9.968295E-1
6.126750E+3	9.974763E-1
6.127000E+3	9.984438E-1
6.127250E+3	9.984910E-1
6.127500E+3	9.973020E-1
6.127750E+3	9.962292E-1
6.128000E+3	9.965844E-1
6.128250E+3	9.977736E-1
6.128500E+3	9.979032E-1
6.128750E+3	9.967112E-1
6.129000E+3	9.961303E-1
6.129250E+3	9.970955E-1
6.129500E+3	9.979121E-1
6.129750E+3	9.969191E-1
6.130000E+3	9.952392E-1
6.130250E+3	9.952609E-1
6.130500E+3	9.970496E-1
6.130750E+3	9.983244E-1
6.131000E+3	9.978615E-1
6.131250E+3	9.969124E-1
6.131500E+3	9.969705E-1
6.131750E+3	9.975191E-1
6.132000E+3	9.973066E-1
6.132250E+3	9.963390E-1
6.132500E+3	9.956998E-1
6.132750E+3	9.958704E-1
6.133000E+3	9.962353E-1
6.133250E+3	9.962600E-1
6.133500E+3	9.961049E-1
6.133750E+3	9.961410E-1
6.134000E+3	9.963359E-1
6.134250E+3	9.964284E-1
6.134500E+3	9.964514E-1
6.134750E+3	9.967427E-1
6.135000E+3	9.973004E-1
6.135250E+3	9.974627E-1
6.135500E+3	9.966041E-1
6.135750E+3	9.951650E-1
6.136000E+3	9.943989E-1
6.136250E+3	9.948804E-1
6.136500E+3	9.959736E-1
6.136750E+3	9.967064E-1
6.137000E+3	9.967813E-1
6.137250E+3	9.964356E-1
6.137500E+3	9.957613E-1
6.137750E+3	9.948960E-1
6.138000E+3	9.944086E-1
6.138250E+3	9.946730E-1
6.138500E+3	9.951815E-1
6.138750E+3	9.951599E-1
6.139000E+3	9.947397E-1
6.139250E+3	9.947190E-1
6.139500E+3	9.951569E-1
6.139750E+3	9.951740E-1
6.140000E+3	9.943432E-1
6.140250E+3	9.934678E-1
6.140500E+3	9.934936E-1
6.140750E+3	9.942267E-1
6.141000E+3	9.947794E-1
6.141250E+3	9.948094E-1
6.141500E+3	9.946208E-1
6.141750E+3	9.944089E-1
6.142000E+3	9.940496E-1
6.142250E+3	9.935859E-1
6.142500E+3	9.933437E-1
6.142750E+3	9.934329E-1
6.143000E+3	9.935214E-1
6.143250E+3	9.933396E-1
6.143500E+3	9.930690E-1
6.143750E+3	9.929757E-1
6.144000E+3	9.929714E-1
6.144250E+3	9.928896E-1
6.144500E+3	9.929412E-1
6.144750E+3	9.934053E-1
6.145000E+3	9.939249E-1
6.145250E+3	9.937391E-1
6.145500E+3	9.928182E-1
6.145750E+3	9.921154E-1
6.146000E+3	9.923320E-1
6.146250E+3	9.928643E-1
6.146500E+3	9.926583E-1
6.146750E+3	9.918471E-1
6.147000E+3	9.915519E-1
6.147250E+3	9.920724E-1
6.147500E+3	9.923699E-1
6.147750E+3	9.917076E-1
6.148000E+3	9.908558E-1
6.148250E+3	9.909208E-1
6.148500E+3	9.915697E-1
6.148750E+3	9.915749E-1
6.149000E+3	9.908507E-1
6.149250E+3	9.906000E-1
6.149500E+3	9.913438E-1
6.149750E+3	9.919612E-1
6.150000E+3	9.913925E-1
6.150250E+3	9.902985E-1
6.150500E+3	9.900980E-1
6.150750E+3	9.909491E-1
6.151000E+3	9.916267E-1
6.151250E+3	9.913623E-1
6.151500E+3	9.907230E-1
6.151750E+3	9.905791E-1
6.152000E+3	9.909463E-1
6.152250E+3	9.912473E-1
6.152500E+3	9.912784E-1
6.152750E+3	9.913587E-1
6.153000E+3	9.917215E-1
6.153250E+3	9.921412E-1
6.153500E+3	9.922308E-1
6.153750E+3	9.919097E-1
6.154000E+3	9.915136E-1
6.154250E+3	9.914422E-1
6.154500E+3	9.916982E-1
6.154750E+3	9.918803E-1
6.155000E+3	9.916899E-1
6.155250E+3	9.913422E-1
6.155500E+3	9.912933E-1
6.155750E+3	9.916408E-1
6.156000E+3	9.920572E-1
6.156250E+3	9.922914E-1
6.156500E+3	9.924444E-1
6.156750E+3	9.926687E-1
6.157000E+3	9.928723E-1
6.157250E+3	9.928973E-1
6.157500E+3	9.928032E-1
6.157750E+3	9.927815E-1
6.158000E+3	9.928774E-1
6.158250E+3	9.929759E-1
6.158500E+3	9.930140E-1
6.158750E+3	9.930460E-1
6.159000E+3	9.931168E-1
6.159250E+3	9.931933E-1
6.159500E+3	9.932397E-1
6.159750E+3	9.932692E-1
6.160000E+3	9.932977E-1
6.160250E+3	9.933068E-1
6.160500E+3	9.932786E-1
6.160750E+3	9.932373E-1
6.161000E+3	9.932384E-1
6.161250E+3	9.933209E-1
6.161500E+3	9.934621E-1
6.161750E+3	9.935743E-1
6.162000E+3	9.935828E-1
6.162250E+3	9.935302E-1
6.162500E+3	9.935516E-1
6.162750E+3	9.936954E-1
6.163000E+3	9.938259E-1
6.163250E+3	9.937822E-1
6.163500E+3	9.936202E-1
6.163750E+3	9.935775E-1
6.164000E+3	9.937588E-1
6.164250E+3	9.939870E-1
6.164500E+3	9.940363E-1
6.164750E+3	9.939244E-1
6.165000E+3	9.938570E-1
6.165250E+3	9.939216E-1
6.165500E+3	9.939955E-1
6.165750E+3	9.939645E-1
6.166000E+3	9.938824E-1
6.166250E+3	9.938544E-1
6.166500E+3	9.938876E-1
6.166750E+3	9.939486E-1
6.167000E+3	9.940594E-1
6.167250E+3	9.942164E-1
6.167500E+3	9.943031E-1
6.167750E+3	9.942208E-1
6.168000E+3	9.940527E-1
6.168250E+3	9.939695E-1
6.168500E+3	9.939988E-1
6.168750E+3	9.940415E-1
6.169000E+3	9.940773E-1
6.169250E+3	9.941610E-1
6.169500E+3	9.942393E-1
6.169750E+3	9.942014E-1
6.170000E+3	9.941326E-1
6.170250E+3	9.942583E-1
6.170500E+3	9.945572E-1
6.170750E+3	9.947128E-1
6.171000E+3	9.946061E-1
6.171250E+3	9.945528E-1
6.171500E+3	9.948071E-1
6.171750E+3	9.950905E-1
6.172000E+3	9.950049E-1
6.172250E+3	9.946984E-1
6.172500E+3	9.946916E-1
6.172750E+3	9.950797E-1
6.173000E+3	9.953936E-1
6.173250E+3	9.953344E-1
6.173500E+3	9.951604E-1
6.173750E+3	9.952081E-1
6.174000E+3	9.953748E-1
6.174250E+3	9.953781E-1
6.174500E+3	9.952487E-1
6.174750E+3	9.952373E-1
6.175000E+3	9.954048E-1
6.175250E+3	9.955942E-1
6.175500E+3	9.957065E-1
6.175750E+3	9.957512E-1
6.176000E+3	9.957147E-1
6.176250E+3	9.956098E-1
6.176500E+3	9.955853E-1
6.176750E+3	9.957621E-1
6.177000E+3	9.959907E-1
6.177250E+3	9.959757E-1
6.177500E+3	9.956791E-1
6.177750E+3	9.953817E-1
6.178000E+3	9.953427E-1
6.178250E+3	9.955805E-1
6.178500E+3	9.959449E-1
6.178750E+3	9.962496E-1
6.179000E+3	9.963116E-1
6.179250E+3	9.960402E-1
6.179500E+3	9.956104E-1
6.179750E+3	9.954020E-1
6.180000E+3	9.956096E-1
6.180250E+3	9.959991E-1
6.180500E+3	9.961583E-1
6.180750E+3	9.959531E-1
6.181000E+3	9.956381E-1
6.181250E+3	9.955314E-1
6.181500E+3	9.957038E-1
6.181750E+3	9.959423E-1
6.182000E+3	9.959201E-1
6.182250E+3	9.954785E-1
6.182500E+3	9.948681E-1
6.182750E+3	9.946530E-1
6.183000E+3	9.951444E-1
6.183250E+3	9.958704E-1
6.183500E+3	9.959356E-1
6.183750E+3	9.951020E-1
6.184000E+3	9.942109E-1
6.184250E+3	9.942260E-1
6.184500E+3	9.950211E-1
6.184750E+3	9.955929E-1
6.185000E+3	9.953764E-1
6.185250E+3	9.948089E-1
6.185500E+3	9.945472E-1
6.185750E+3	9.946147E-1
6.186000E+3	9.946550E-1
6.186250E+3	9.945834E-1
6.186500E+3	9.945487E-1
6.186750E+3	9.945307E-1
6.187000E+3	9.943913E-1
6.187250E+3	9.941852E-1
6.187500E+3	9.940820E-1
6.187750E+3	9.940629E-1
6.188000E+3	9.939850E-1
6.188250E+3	9.938484E-1
6.188500E+3	9.937204E-1
6.188750E+3	9.935514E-1
6.189000E+3	9.933306E-1
6.189250E+3	9.932701E-1
6.189500E+3	9.935457E-1
6.189750E+3	9.939897E-1
6.190000E+3	9.943037E-1
6.190250E+3	9.944808E-1
6.190500E+3	9.946909E-1
6.190750E+3	9.948521E-1
6.191000E+3	9.946948E-1
6.191250E+3	9.942480E-1
6.191500E+3	9.938876E-1
6.191750E+3	9.938784E-1
6.192000E+3	9.941635E-1
6.192250E+3	9.945226E-1
6.192500E+3	9.947732E-1
6.192750E+3	9.948972E-1
6.193000E+3	9.950381E-1
6.193250E+3	9.952681E-1
6.193500E+3	9.953420E-1
6.193750E+3	9.949885E-1
6.194000E+3	9.945297E-1
6.194250E+3	9.946300E-1
6.194500E+3	9.952940E-1
6.194750E+3	9.956787E-1
6.195000E+3	9.953081E-1
6.195250E+3	9.948934E-1
6.195500E+3	9.951416E-1
6.195750E+3	9.956568E-1
6.196000E+3	9.957548E-1
6.196250E+3	9.956750E-1
6.196500E+3	9.959955E-1
6.196750E+3	9.963106E-1
6.197000E+3	9.958315E-1
6.197250E+3	9.950158E-1
6.197500E+3	9.950576E-1
6.197750E+3	9.958093E-1
6.198000E+3	9.959505E-1
6.198250E+3	9.952662E-1
6.198500E+3	9.950047E-1
6.198750E+3	9.956988E-1
6.199000E+3	9.961656E-1
6.199250E+3	9.956330E-1
6.199500E+3	9.951619E-1
6.199750E+3	9.955547E-1
6.200000E+3	9.957815E-1
6.200250E+3	9.946858E-1
6.200500E+3	9.934059E-1
6.200750E+3	9.937610E-1
6.201000E+3	9.954698E-1
6.201250E+3	9.963907E-1
6.201500E+3	9.955189E-1
6.201750E+3	9.943840E-1
6.202000E+3	9.944062E-1
6.202250E+3	9.952300E-1
6.202500E+3	9.955982E-1
6.202750E+3	9.950203E-1
6.203000E+3	9.939738E-1
6.203250E+3	9.930135E-1
6.203500E+3	9.925312E-1
6.203750E+3	9.927014E-1
6.204000E+3	9.932610E-1
6.204250E+3	9.936813E-1
6.204500E+3	9.937037E-1
6.204750E+3	9.937119E-1
6.205000E+3	9.942349E-1
6.205250E+3	9.950657E-1
6.205500E+3	9.953434E-1
6.205750E+3	9.946804E-1
6.206000E+3	9.938281E-1
6.206250E+3	9.937284E-1
6.206500E+3	9.941124E-1
6.206750E+3	9.938499E-1
6.207000E+3	9.927899E-1
6.207250E+3	9.921725E-1
6.207500E+3	9.927609E-1
6.207750E+3	9.933846E-1
6.208000E+3	9.929399E-1
6.208250E+3	9.924055E-1
6.208500E+3	9.931476E-1
6.208750E+3	9.943862E-1
6.209000E+3	9.945099E-1
6.209250E+3	9.940383E-1
6.209500E+3	9.945076E-1
6.209750E+3	9.953016E-1
6.210000E+3	9.942414E-1
6.210250E+3	9.916740E-1
6.210500E+3	9.907542E-1
6.210750E+3	9.927299E-1
6.211000E+3	9.947747E-1
6.211250E+3	9.945766E-1
6.211500E+3	9.935784E-1
6.211750E+3	9.937740E-1
6.212000E+3	9.940166E-1
6.212250E+3	9.925231E-1
6.212500E+3	9.904321E-1
6.212750E+3	9.899273E-1
6.213000E+3	9.906791E-1
6.213250E+3	9.909468E-1
6.213500E+3	9.910559E-1
6.213750E+3	9.924379E-1
6.214000E+3	9.940333E-1
6.214250E+3	9.933773E-1
6.214500E+3	9.912485E-1
6.214750E+3	9.909106E-1
6.215000E+3	9.933823E-1
6.215250E+3	9.953623E-1
6.215500E+3	9.935785E-1
6.215750E+3	9.894506E-1
6.216000E+3	9.870348E-1
6.216250E+3	9.884693E-1
6.216500E+3	9.919049E-1
6.216750E+3	9.936685E-1
6.217000E+3	9.922801E-1
6.217250E+3	9.897431E-1
6.217500E+3	9.889043E-1
6.217750E+3	9.902645E-1
6.218000E+3	9.918134E-1
6.218250E+3	9.917080E-1
6.218500E+3	9.905798E-1
6.218750E+3	9.899660E-1
6.219000E+3	9.900498E-1
6.219250E+3	9.904227E-1
6.219500E+3	9.913273E-1
6.219750E+3	9.928160E-1
6.220000E+3	9.939062E-1
6.220250E+3	9.937572E-1
6.220500E+3	9.931327E-1
6.220750E+3	9.931453E-1
6.221000E+3	9.929947E-1
6.221250E+3	9.913449E-1
6.221500E+3	9.889918E-1
6.221750E+3	9.886553E-1
6.222000E+3	9.904444E-1
6.222250E+3	9.912571E-1
6.222500E+3	9.887574E-1
6.222750E+3	9.847862E-1
6.223000E+3	9.842192E-1
6.223250E+3	9.884135E-1
6.223500E+3	9.933629E-1
6.223750E+3	9.935408E-1
6.224000E+3	9.885636E-1
6.224250E+3	9.839994E-1
6.224500E+3	9.840477E-1
6.224750E+3	9.873134E-1
6.225000E+3	9.893837E-1
6.225250E+3	9.889908E-1
6.225500E+3	9.885249E-1
6.225750E+3	9.894997E-1
6.226000E+3	9.906372E-1
6.226250E+3	9.906328E-1
6.226500E+3	9.897582E-1
6.226750E+3	9.886319E-1
6.227000E+3	9.877950E-1
6.227250E+3	9.877488E-1
6.227500E+3	9.880181E-1
6.227750E+3	9.873664E-1
6.228000E+3	9.862689E-1
6.228250E+3	9.864476E-1
6.228500E+3	9.871608E-1
6.228750E+3	9.850765E-1
6.229000E+3	9.818670E-1
6.229250E+3	9.836293E-1
6.229500E+3	9.893213E-1
6.229750E+3	9.887031E-1
6.230000E+3	9.765179E-1
6.230250E+3	9.678312E-1
6.230500E+3	9.733244E-1
6.230750E+3	9.834114E-1
6.231000E+3	9.797490E-1
6.231250E+3	9.661830E-1
6.231500E+3	9.625509E-1
6.231750E+3	9.706430E-1
6.232000E+3	9.767595E-1
6.232250E+3	9.761124E-1
6.232500E+3	9.811569E-1
6.232750E+3	9.906193E-1
6.233000E+3	9.862763E-1
6.233250E+3	9.660933E-1
6.233500E+3	9.580616E-1
6.233750E+3	9.760134E-1
6.234000E+3	9.928941E-1
6.234250E+3	9.796808E-1
6.234500E+3	9.499360E-1
6.234750E+3	9.434957E-1
6.235000E+3	9.566537E-1
6.235250E+3	9.584627E-1
6.235500E+3	9.469056E-1
6.235750E+3	9.403901E-1
6.236000E+3	9.390092E-1
6.236250E+3	9.298279E-1
6.236500E+3	9.255558E-1
6.236750E+3	9.397750E-1
6.237000E+3	9.445538E-1
6.237250E+3	9.290629E-1
6.237500E+3	9.236557E-1
6.237750E+3	9.501140E-1
6.238000E+3	9.529239E-1
6.238250E+3	8.891560E-1
6.238500E+3	8.031908E-1
6.238750E+3	7.819986E-1
6.239000E+3	8.474533E-1
6.239250E+3	9.099999E-1
6.239500E+3	9.333522E-1
6.239750E+3	9.382097E-1
6.240000E+3	9.429625E-1
6.240250E+3	9.404384E-1
6.240500E+3	9.224326E-1
6.240750E+3	8.989834E-1
6.241000E+3	8.924210E-1
6.241250E+3	9.031044E-1
6.241500E+3	9.188898E-1
6.241750E+3	9.337933E-1
6.242000E+3	9.436820E-1
6.242250E+3	9.490627E-1
6.242500E+3	9.543476E-1
6.242750E+3	9.596029E-1
6.243000E+3	9.612981E-1
6.243250E+3	9.605863E-1
6.243500E+3	9.613828E-1
6.243750E+3	9.638612E-1
6.244000E+3	9.644210E-1
6.244250E+3	9.631877E-1
6.244500E+3	9.634184E-1
6.244750E+3	9.647188E-1
6.245000E+3	9.640120E-1
6.245250E+3	9.624810E-1
6.245500E+3	9.641311E-1
6.245750E+3	9.687213E-1
6.246000E+3	9.708807E-1
6.246250E+3	9.680289E-1
6.246500E+3	9.649477E-1
6.246750E+3	9.659573E-1
6.247000E+3	9.705236E-1
6.247250E+3	9.750442E-1
6.247500E+3	9.768220E-1
6.247750E+3	9.758729E-1
6.248000E+3	9.738923E-1
6.248250E+3	9.732992E-1
6.248500E+3	9.750207E-1
6.248750E+3	9.770547E-1
6.249000E+3	9.770568E-1
6.249250E+3	9.754847E-1
6.249500E+3	9.744506E-1
6.249750E+3	9.742535E-1
6.250000E+3	9.737920E-1
6.250250E+3	9.731451E-1
6.250500E+3	9.733653E-1
6.250750E+3	9.741715E-1
6.251000E+3	9.746558E-1
6.251250E+3	9.754933E-1
6.251500E+3	9.777651E-1
6.251750E+3	9.801005E-1
6.252000E+3	9.800192E-1
6.252250E+3	9.778945E-1
6.252500E+3	9.764814E-1
6.252750E+3	9.771439E-1
6.253000E+3	9.787279E-1
6.253250E+3	9.801252E-1
6.253500E+3	9.814846E-1
6.253750E+3	9.824707E-1
6.254000E+3	9.819192E-1
6.254250E+3	9.799568E-1
6.254500E+3	9.783570E-1
6.254750E+3	9.783067E-1
6.255000E+3	9.791126E-1
6.255250E+3	9.798837E-1
6.255500E+3	9.808152E-1
6.255750E+3	9.819031E-1
6.256000E+3	9.821787E-1
6.256250E+3	9.813988E-1
6.256500E+3	9.808881E-1
6.256750E+3	9.816111E-1
6.257000E+3	9.827265E-1
6.257250E+3	9.829451E-1
6.257500E+3	9.825124E-1
6.257750E+3	9.825090E-1
6.258000E+3	9.830197E-1
6.258250E+3	9.833405E-1
6.258500E+3	9.833314E-1
6.258750E+3	9.835078E-1
6.259000E+3	9.840486E-1
6.259250E+3	9.846449E-1
6.259500E+3	9.851143E-1
6.259750E+3	9.854190E-1
6.260000E+3	9.853624E-1
6.260250E+3	9.849517E-1
6.260500E+3	9.847682E-1
6.260750E+3	9.852856E-1
6.261000E+3	9.860429E-1
6.261250E+3	9.862191E-1
6.261500E+3	9.859064E-1
6.261750E+3	9.859705E-1
6.262000E+3	9.867059E-1
6.262250E+3	9.874067E-1
6.262500E+3	9.874737E-1
6.262750E+3	9.872602E-1
6.263000E+3	9.874086E-1
6.263250E+3	9.879197E-1
6.263500E+3	9.883460E-1
6.263750E+3	9.885489E-1
6.264000E+3	9.887392E-1
6.264250E+3	9.889491E-1
6.264500E+3	9.889755E-1
6.264750E+3	9.888356E-1
6.265000E+3	9.888610E-1
6.265250E+3	9.892089E-1
6.265500E+3	9.895911E-1
6.265750E+3	9.896815E-1
6.266000E+3	9.895847E-1
6.266250E+3	9.896686E-1
6.266500E+3	9.900424E-1
6.266750E+3	9.904403E-1
6.267000E+3	9.906233E-1
6.267250E+3	9.906679E-1
6.267500E+3	9.907884E-1
6.267750E+3	9.910435E-1
6.268000E+3	9.913198E-1
6.268250E+3	9.915028E-1
6.268500E+3	9.915537E-1
6.268750E+3	9.915027E-1
6.269000E+3	9.914618E-1
6.269250E+3	9.915566E-1
6.269500E+3	9.917806E-1
6.269750E+3	9.920091E-1
6.270000E+3	9.921932E-1
6.270250E+3	9.924118E-1
6.270500E+3	9.926588E-1
6.270750E+3	9.927771E-1
6.271000E+3	9.927344E-1
6.271250E+3	9.927569E-1
6.271500E+3	9.929707E-1
6.271750E+3	9.931363E-1
6.272000E+3	9.930343E-1
6.272250E+3	9.928999E-1
6.272500E+3	9.930679E-1
6.272750E+3	9.933454E-1
6.273000E+3	9.932769E-1
6.273250E+3	9.929624E-1
6.273500E+3	9.930178E-1
6.273750E+3	9.935964E-1
6.274000E+3	9.940626E-1
6.274250E+3	9.939117E-1
6.274500E+3	9.935007E-1
6.274750E+3	9.934620E-1
6.275000E+3	9.937996E-1
6.275250E+3	9.940352E-1
6.275500E+3	9.939910E-1
6.275750E+3	9.939078E-1
6.276000E+3	9.939120E-1
6.276250E+3	9.938660E-1
6.276500E+3	9.937351E-1
6.276750E+3	9.936970E-1
6.277000E+3	9.938127E-1
6.277250E+3	9.939003E-1
6.277500E+3	9.938181E-1
6.277750E+3	9.936726E-1
6.278000E+3	9.936492E-1
6.278250E+3	9.937575E-1
6.278500E+3	9.938362E-1
6.278750E+3	9.937800E-1
6.279000E+3	9.937076E-1
6.279250E+3	9.938264E-1
6.279500E+3	9.940574E-1
6.279750E+3	9.939903E-1
6.280000E+3	9.934322E-1
6.280250E+3	9.928223E-1
6.280500E+3	9.927790E-1
6.280750E+3	9.932160E-1
6.281000E+3	9.934476E-1
6.281250E+3	9.932359E-1
6.281500E+3	9.930745E-1
6.281750E+3	9.932767E-1
6.282000E+3	9.934120E-1
6.282250E+3	9.930895E-1
6.282500E+3	9.926752E-1
6.282750E+3	9.926659E-1
6.283000E+3	9.928179E-1
6.283250E+3	9.926140E-1
6.283500E+3	9.921975E-1
6.283750E+3	9.921482E-1
6.284000E+3	9.925083E-1
6.284250E+3	9.927179E-1
6.284500E+3	9.925125E-1
6.284750E+3	9.921848E-1
6.285000E+3	9.920396E-1
6.285250E+3	9.921018E-1
6.285500E+3	9.923095E-1
6.285750E+3	9.925151E-1
6.286000E+3	9.923784E-1
6.286250E+3	9.917932E-1
6.286500E+3	9.912499E-1
6.286750E+3	9.912128E-1
6.287000E+3	9.913904E-1
6.287250E+3	9.912117E-1
6.287500E+3	9.908386E-1
6.287750E+3	9.908798E-1
6.288000E+3	9.912849E-1
6.288250E+3	9.913962E-1
6.288500E+3	9.910988E-1
6.288750E+3	9.909585E-1
6.289000E+3	9.910607E-1
6.289250E+3	9.907550E-1
6.289500E+3	9.898482E-1
6.289750E+3	9.890908E-1
6.290000E+3	9.890750E-1
6.290250E+3	9.894461E-1
6.290500E+3	9.896375E-1
6.290750E+3	9.896096E-1
6.291000E+3	9.894256E-1
6.291250E+3	9.889719E-1
6.291500E+3	9.885106E-1
6.291750E+3	9.885698E-1
6.292000E+3	9.889092E-1
6.292250E+3	9.886755E-1
6.292500E+3	9.880287E-1
6.292750E+3	9.882306E-1
6.293000E+3	9.894540E-1
6.293250E+3	9.900719E-1
6.293500E+3	9.892115E-1
6.293750E+3	9.884114E-1
6.294000E+3	9.890522E-1
6.294250E+3	9.899170E-1
6.294500E+3	9.891723E-1
6.294750E+3	9.874723E-1
6.295000E+3	9.869521E-1
6.295250E+3	9.876929E-1
6.295500E+3	9.879369E-1
6.295750E+3	9.871847E-1
6.296000E+3	9.864650E-1
6.296250E+3	9.862582E-1
6.296500E+3	9.861910E-1
6.296750E+3	9.865897E-1
6.297000E+3	9.879024E-1
6.297250E+3	9.888903E-1
6.297500E+3	9.880442E-1
6.297750E+3	9.864696E-1
6.298000E+3	9.864692E-1
6.298250E+3	9.876057E-1
6.298500E+3	9.872540E-1
6.298750E+3	9.853082E-1
6.299000E+3	9.845892E-1
6.299250E+3	9.863370E-1
6.299500E+3	9.881429E-1
6.299750E+3	9.879359E-1
6.300000E+3	9.868239E-1
6.300250E+3	9.863571E-1
6.300500E+3	9.859658E-1
6.300750E+3	9.849017E-1
6.301000E+3	9.841491E-1
6.301250E+3	9.845991E-1
6.301500E+3	9.852851E-1
6.301750E+3	9.853661E-1
6.302000E+3	9.857031E-1
6.302250E+3	9.867922E-1
6.302500E+3	9.870443E-1
6.302750E+3	9.854507E-1
6.303000E+3	9.836710E-1
6.303250E+3	9.838880E-1
6.303500E+3	9.857462E-1
6.303750E+3	9.868943E-1
6.304000E+3	9.863557E-1
6.304250E+3	9.851684E-1
6.304500E+3	9.846667E-1
6.304750E+3	9.853299E-1
6.305000E+3	9.867950E-1
6.305250E+3	9.879056E-1
6.305500E+3	9.876757E-1
6.305750E+3	9.869644E-1
6.306000E+3	9.873980E-1
6.306250E+3	9.886659E-1
6.306500E+3	9.884226E-1
6.306750E+3	9.862575E-1
6.307000E+3	9.847342E-1
6.307250E+3	9.855862E-1
6.307500E+3	9.873080E-1
6.307750E+3	9.876005E-1
6.308000E+3	9.871454E-1
6.308250E+3	9.878471E-1
6.308500E+3	9.892131E-1
6.308750E+3	9.889972E-1
6.309000E+3	9.869805E-1
6.309250E+3	9.852453E-1
6.309500E+3	9.852627E-1
6.309750E+3	9.862213E-1
6.310000E+3	9.866477E-1
6.310250E+3	9.863522E-1
6.310500E+3	9.861021E-1
6.310750E+3	9.863661E-1
6.311000E+3	9.867886E-1
6.311250E+3	9.868146E-1
6.311500E+3	9.863918E-1
6.311750E+3	9.859680E-1
6.312000E+3	9.857037E-1
6.312250E+3	9.852288E-1
6.312500E+3	9.847311E-1
6.312750E+3	9.853946E-1
6.313000E+3	9.875220E-1
6.313250E+3	9.892543E-1
6.313500E+3	9.888116E-1
6.313750E+3	9.873034E-1
6.314000E+3	9.873478E-1
6.314250E+3	9.888013E-1
6.314500E+3	9.887813E-1
6.314750E+3	9.865498E-1
6.315000E+3	9.850238E-1
6.315250E+3	9.858000E-1
6.315500E+3	9.863885E-1
6.315750E+3	9.843926E-1
6.316000E+3	9.814162E-1
6.316250E+3	9.806087E-1
6.316500E+3	9.821166E-1
6.316750E+3	9.838207E-1
6.317000E+3	9.850881E-1
6.317250E+3	9.867277E-1
6.317500E+3	9.881800E-1
6.317750E+3	9.880128E-1
6.318000E+3	9.866859E-1
6.318250E+3	9.861212E-1
6.318500E+3	9.865994E-1
6.318750E+3	9.865445E-1
6.319000E+3	9.857917E-1
6.319250E+3	9.860325E-1
6.319500E+3	9.872811E-1
6.319750E+3	9.870685E-1
6.320000E+3	9.848054E-1
6.320250E+3	9.833612E-1
6.320500E+3	9.849244E-1
6.320750E+3	9.870161E-1
6.321000E+3	9.859534E-1
6.321250E+3	9.826907E-1
6.321500E+3	9.813266E-1
6.321750E+3	9.830049E-1
6.322000E+3	9.848366E-1
6.322250E+3	9.849306E-1
6.322500E+3	9.849078E-1
6.322750E+3	9.862948E-1
6.323000E+3	9.875546E-1
6.323250E+3	9.869164E-1
6.323500E+3	9.856217E-1
6.323750E+3	9.861236E-1
6.324000E+3	9.879349E-1
6.324250E+3	9.882975E-1
6.324500E+3	9.863139E-1
6.324750E+3	9.841699E-1
6.325000E+3	9.840151E-1
6.325250E+3	9.853055E-1
6.325500E+3	9.862070E-1
6.325750E+3	9.859852E-1
6.326000E+3	9.854119E-1
6.326250E+3	9.855784E-1
6.326500E+3	9.866225E-1
6.326750E+3	9.874859E-1
6.327000E+3	9.870097E-1
6.327250E+3	9.855154E-1
6.327500E+3	9.847740E-1
6.327750E+3	9.855156E-1
6.328000E+3	9.863086E-1
6.328250E+3	9.858882E-1
6.328500E+3	9.850237E-1
6.328750E+3	9.849884E-1
6.329000E+3	9.852204E-1
6.329250E+3	9.845430E-1
6.329500E+3	9.834028E-1
6.329750E+3	9.830118E-1
6.330000E+3	9.831244E-1
6.330250E+3	9.828104E-1
6.330500E+3	9.827435E-1
6.330750E+3	9.838707E-1
6.331000E+3	9.848821E-1
6.331250E+3	9.840958E-1
6.331500E+3	9.831647E-1
6.331750E+3	9.847460E-1
6.332000E+3	9.871314E-1
6.332250E+3	9.861331E-1
6.332500E+3	9.824847E-1
6.332750E+3	9.816648E-1
6.333000E+3	9.851908E-1
6.333250E+3	9.876493E-1
6.333500E+3	9.851672E-1
6.333750E+3	9.820892E-1
6.334000E+3	9.835410E-1
6.334250E+3	9.871371E-1
6.334500E+3	9.872816E-1
6.334750E+3	9.840332E-1
6.335000E+3	9.826544E-1
6.335250E+3	9.848005E-1
6.335500E+3	9.867967E-1
6.335750E+3	9.865527E-1
6.336000E+3	9.859183E-1
6.336250E+3	9.861275E-1
6.336500E+3	9.859470E-1
6.336750E+3	9.850802E-1
6.337000E+3	9.850759E-1
6.337250E+3	9.858831E-1
6.337500E+3	9.856393E-1
6.337750E+3	9.846392E-1
6.338000E+3	9.852045E-1
6.338250E+3	9.872083E-1
6.338500E+3	9.874578E-1
6.338750E+3	9.854776E-1
6.339000E+3	9.847375E-1
6.339250E+3	9.867149E-1
6.339500E+3	9.885023E-1
6.339750E+3	9.878050E-1
6.340000E+3	9.868397E-1
6.340250E+3	9.874414E-1
6.340500E+3	9.875759E-1
6.340750E+3	9.855291E-1
6.341000E+3	9.841980E-1
6.341250E+3	9.861981E-1
6.341500E+3	9.885634E-1
6.341750E+3	9.874124E-1
6.342000E+3	9.840736E-1
6.342250E+3	9.833367E-1
6.342500E+3	9.856450E-1
6.342750E+3	9.867331E-1
6.343000E+3	9.851165E-1
6.343250E+3	9.839661E-1
6.343500E+3	9.851991E-1
6.343750E+3	9.862577E-1
6.344000E+3	9.847726E-1
6.344250E+3	9.829244E-1
6.344500E+3	9.838608E-1
6.344750E+3	9.866886E-1
6.345000E+3	9.880041E-1
6.345250E+3	9.863886E-1
6.345500E+3	9.838793E-1
6.345750E+3	9.834586E-1
6.346000E+3	9.857499E-1
6.346250E+3	9.885461E-1
6.346500E+3	9.895546E-1
6.346750E+3	9.886827E-1
6.347000E+3	9.876898E-1
6.347250E+3	9.880642E-1
6.347500E+3	9.893469E-1
6.347750E+3	9.902111E-1
6.348000E+3	9.901151E-1
6.348250E+3	9.890808E-1
6.348500E+3	9.871906E-1
6.348750E+3	9.851283E-1
6.349000E+3	9.843115E-1
6.349250E+3	9.854065E-1
6.349500E+3	9.870800E-1
6.349750E+3	9.876949E-1
6.350000E+3	9.875188E-1
6.350250E+3	9.876895E-1
6.350500E+3	9.882217E-1
6.350750E+3	9.885349E-1
6.351000E+3	9.890264E-1
6.351250E+3	9.900950E-1
6.351500E+3	9.906252E-1
6.351750E+3	9.894290E-1
6.352000E+3	9.875876E-1
6.352250E+3	9.870607E-1
6.352500E+3	9.876370E-1
6.352750E+3	9.876047E-1
6.353000E+3	9.868984E-1
6.353250E+3	9.871131E-1
6.353500E+3	9.883931E-1
6.353750E+3	9.891296E-1
6.354000E+3	9.886488E-1
6.354250E+3	9.882406E-1
6.354500E+3	9.885755E-1
6.354750E+3	9.886466E-1
6.355000E+3	9.878380E-1
6.355250E+3	9.869290E-1
6.355500E+3	9.863516E-1
6.355750E+3	9.856186E-1
6.356000E+3	9.852678E-1
6.356250E+3	9.867972E-1
6.356500E+3	9.897138E-1
6.356750E+3	9.913848E-1
6.357000E+3	9.907985E-1
6.357250E+3	9.898396E-1
6.357500E+3	9.897981E-1
6.357750E+3	9.893758E-1
6.358000E+3	9.878944E-1
6.358250E+3	9.874360E-1
6.358500E+3	9.889992E-1
6.358750E+3	9.900887E-1
6.359000E+3	9.884373E-1
6.359250E+3	9.857822E-1
6.359500E+3	9.860256E-1
6.359750E+3	9.888790E-1
6.360000E+3	9.905597E-1
6.360250E+3	9.897552E-1
6.360500E+3	9.885853E-1
6.360750E+3	9.878988E-1
6.361000E+3	9.862846E-1
6.361250E+3	9.839439E-1
6.361500E+3	9.838077E-1
6.361750E+3	9.864373E-1
6.362000E+3	9.886292E-1
6.362250E+3	9.889518E-1
6.362500E+3	9.892790E-1
6.362750E+3	9.906773E-1
6.363000E+3	9.907559E-1
6.363250E+3	9.881048E-1
6.363500E+3	9.856818E-1
6.363750E+3	9.868968E-1
6.364000E+3	9.900294E-1
6.364250E+3	9.902493E-1
6.364500E+3	9.873605E-1
6.364750E+3	9.853364E-1
6.365000E+3	9.860479E-1
6.365250E+3	9.871738E-1
6.365500E+3	9.862885E-1
6.365750E+3	9.848083E-1
6.366000E+3	9.854605E-1
6.366250E+3	9.881759E-1
6.366500E+3	9.902532E-1
6.366750E+3	9.903031E-1
6.367000E+3	9.895326E-1
6.367250E+3	9.895293E-1
6.367500E+3	9.904555E-1
6.367750E+3	9.912659E-1
6.368000E+3	9.911091E-1
6.368250E+3	9.901046E-1
6.368500E+3	9.892142E-1
6.368750E+3	9.893303E-1
6.369000E+3	9.902492E-1
6.369250E+3	9.905604E-1
6.369500E+3	9.890822E-1
6.369750E+3	9.866437E-1
6.370000E+3	9.854402E-1
6.370250E+3	9.865833E-1
6.370500E+3	9.887262E-1
6.370750E+3	9.896686E-1
6.371000E+3	9.891708E-1
6.371250E+3	9.891766E-1
6.371500E+3	9.909515E-1
6.371750E+3	9.931195E-1
6.372000E+3	9.935210E-1
6.372250E+3	9.921547E-1
6.372500E+3	9.909930E-1
6.372750E+3	9.908895E-1
6.373000E+3	9.906232E-1
6.373250E+3	9.891420E-1
6.373500E+3	9.873456E-1
6.373750E+3	9.867574E-1
6.374000E+3	9.879231E-1
6.374250E+3	9.899327E-1
6.374500E+3	9.904426E-1
6.374750E+3	9.879237E-1
6.375000E+3	9.836318E-1
6.375250E+3	9.811778E-1
6.375500E+3	9.835069E-1
6.375750E+3	9.884803E-1
6.376000E+3	9.913578E-1
6.376250E+3	9.911728E-1
6.376500E+3	9.908613E-1
6.376750E+3	9.921412E-1
6.377000E+3	9.930071E-1
6.377250E+3	9.918507E-1
6.377500E+3	9.904415E-1
6.377750E+3	9.906487E-1
6.378000E+3	9.913875E-1
6.378250E+3	9.906364E-1
6.378500E+3	9.889616E-1
6.378750E+3	9.884486E-1
6.379000E+3	9.896054E-1
6.379250E+3	9.912680E-1
6.379500E+3	9.921716E-1
6.379750E+3	9.919406E-1
6.380000E+3	9.909897E-1
6.380250E+3	9.903722E-1
6.380500E+3	9.908679E-1
6.380750E+3	9.916205E-1
6.381000E+3	9.914639E-1
6.381250E+3	9.911372E-1
6.381500E+3	9.923725E-1
6.381750E+3	9.944653E-1
6.382000E+3	9.944684E-1
6.382250E+3	9.917884E-1
6.382500E+3	9.896928E-1
6.382750E+3	9.900093E-1
6.383000E+3	9.904972E-1
6.383250E+3	9.896874E-1
6.383500E+3	9.898643E-1
6.383750E+3	9.923232E-1
6.384000E+3	9.934412E-1
6.384250E+3	9.907004E-1
6.384500E+3	9.879522E-1
6.384750E+3	9.899499E-1
6.385000E+3	9.941881E-1
6.385250E+3	9.943879E-1
6.385500E+3	9.906563E-1
6.385750E+3	9.887894E-1
6.386000E+3	9.909887E-1
6.386250E+3	9.933213E-1
6.386500E+3	9.926120E-1
6.386750E+3	9.909935E-1
6.387000E+3	9.907540E-1
6.387250E+3	9.908863E-1
6.387500E+3	9.904649E-1
6.387750E+3	9.907571E-1
6.388000E+3	9.914669E-1
6.388250E+3	9.900039E-1
6.388500E+3	9.867709E-1
6.388750E+3	9.861946E-1
6.389000E+3	9.893197E-1
6.389250E+3	9.918063E-1
6.389500E+3	9.903483E-1
6.389750E+3	9.880457E-1
6.390000E+3	9.892874E-1
6.390250E+3	9.921069E-1
6.390500E+3	9.921952E-1
6.390750E+3	9.903276E-1
6.391000E+3	9.901813E-1
6.391250E+3	9.910446E-1
6.391500E+3	9.893135E-1
6.391750E+3	9.864215E-1
6.392000E+3	9.865477E-1
6.392250E+3	9.894496E-1
6.392500E+3	9.904790E-1
6.392750E+3	9.877233E-1
6.393000E+3	9.858122E-1
6.393250E+3	9.883179E-1
6.393500E+3	9.921932E-1
6.393750E+3	9.928556E-1
6.394000E+3	9.907997E-1
6.394250E+3	9.892463E-1
6.394500E+3	9.888133E-1
6.394750E+3	9.880357E-1
6.395000E+3	9.866570E-1
6.395250E+3	9.854327E-1
6.395500E+3	9.842530E-1
6.395750E+3	9.832905E-1
6.396000E+3	9.844230E-1
6.396250E+3	9.886814E-1
6.396500E+3	9.932273E-1
6.396750E+3	9.937688E-1
6.397000E+3	9.902278E-1
6.397250E+3	9.873466E-1
6.397500E+3	9.885983E-1
6.397750E+3	9.920144E-1
6.398000E+3	9.929373E-1
6.398250E+3	9.900276E-1
6.398500E+3	9.870867E-1
6.398750E+3	9.872530E-1
6.399000E+3	9.886675E-1
6.399250E+3	9.876106E-1
6.399500E+3	9.848772E-1
6.399750E+3	9.850260E-1
6.400000E+3	9.890202E-1
6.400250E+3	9.919893E-1
6.400500E+3	9.895799E-1
6.400750E+3	9.845287E-1
6.401000E+3	9.818899E-1
6.401250E+3	9.819557E-1
6.401500E+3	9.816286E-1
6.401750E+3	9.806385E-1
6.402000E+3	9.816718E-1
6.402250E+3	9.842344E-1
6.402500E+3	9.842556E-1
6.402750E+3	9.806864E-1
6.403000E+3	9.778009E-1
6.403250E+3	9.790151E-1
6.403500E+3	9.821083E-1
6.403750E+3	9.841910E-1
6.404000E+3	9.852723E-1
6.404250E+3	9.857003E-1
6.404500E+3	9.850558E-1
6.404750E+3	9.845535E-1
6.405000E+3	9.863082E-1
6.405250E+3	9.889086E-1
6.405500E+3	9.881733E-1
6.405750E+3	9.850160E-1
6.406000E+3	9.846828E-1
6.406250E+3	9.883427E-1
6.406500E+3	9.893336E-1
6.406750E+3	9.845345E-1
6.407000E+3	9.795118E-1
6.407250E+3	9.802439E-1
6.407500E+3	9.843651E-1
6.407750E+3	9.839568E-1
6.408000E+3	9.787860E-1
6.408250E+3	9.754595E-1
6.408500E+3	9.791006E-1
6.408750E+3	9.854810E-1
6.409000E+3	9.879711E-1
6.409250E+3	9.844658E-1
6.409500E+3	9.775687E-1
6.409750E+3	9.743163E-1
6.410000E+3	9.783876E-1
6.410250E+3	9.859358E-1
6.410500E+3	9.882929E-1
6.410750E+3	9.823367E-1
6.411000E+3	9.761104E-1
6.411250E+3	9.776012E-1
6.411500E+3	9.847393E-1
6.411750E+3	9.890117E-1
6.412000E+3	9.882352E-1
6.412250E+3	9.855898E-1
6.412500E+3	9.827221E-1
6.412750E+3	9.792665E-1
6.413000E+3	9.764110E-1
6.413250E+3	9.759831E-1
6.413500E+3	9.773299E-1
6.413750E+3	9.775805E-1
6.414000E+3	9.770309E-1
6.414250E+3	9.789704E-1
6.414500E+3	9.833784E-1
6.414750E+3	9.856197E-1
6.415000E+3	9.841784E-1
6.415250E+3	9.822384E-1
6.415500E+3	9.814509E-1
6.415750E+3	9.798119E-1
6.416000E+3	9.758400E-1
6.416250E+3	9.710847E-1
6.416500E+3	9.677372E-1
6.416750E+3	9.666927E-1
6.417000E+3	9.693295E-1
6.417250E+3	9.773195E-1
6.417500E+3	9.856028E-1
6.417750E+3	9.854355E-1
6.418000E+3	9.768554E-1
6.418250E+3	9.665650E-1
6.418500E+3	9.643491E-1
6.418750E+3	9.696430E-1
6.419000E+3	9.723097E-1
6.419250E+3	9.707598E-1
6.419500E+3	9.707961E-1
6.419750E+3	9.762758E-1
6.420000E+3	9.812758E-1
6.420250E+3	9.815247E-1
6.420500E+3	9.788308E-1
6.420750E+3	9.783562E-1
6.421000E+3	9.822951E-1
6.421250E+3	9.876236E-1
6.421500E+3	9.892759E-1
6.421750E+3	9.840108E-1
6.422000E+3	9.774072E-1
6.422250E+3	9.772094E-1
6.422500E+3	9.841660E-1
6.422750E+3	9.902758E-1
6.423000E+3	9.877810E-1
6.423250E+3	9.801588E-1
6.423500E+3	9.769865E-1
6.423750E+3	9.825685E-1
6.424000E+3	9.879369E-1
6.424250E+3	9.854507E-1
6.424500E+3	9.785454E-1
6.424750E+3	9.753402E-1
6.425000E+3	9.793883E-1
6.425250E+3	9.859518E-1
6.425500E+3	9.880490E-1
6.425750E+3	9.838150E-1
6.426000E+3	9.775462E-1
6.426250E+3	9.740499E-1
6.426500E+3	9.760652E-1
6.426750E+3	9.809080E-1
6.427000E+3	9.824582E-1
6.427250E+3	9.816079E-1
6.427500E+3	9.836547E-1
6.427750E+3	9.899221E-1
6.428000E+3	9.935596E-1
6.428250E+3	9.906556E-1
6.428500E+3	9.845781E-1
6.428750E+3	9.808027E-1
6.429000E+3	9.815913E-1
6.429250E+3	9.833065E-1
6.429500E+3	9.837745E-1
6.429750E+3	9.832710E-1
6.430000E+3	9.811893E-1
6.430250E+3	9.779483E-1
6.430500E+3	9.780118E-1
6.430750E+3	9.836175E-1
6.431000E+3	9.874163E-1
6.431250E+3	9.830428E-1
6.431500E+3	9.735056E-1
6.431750E+3	9.694408E-1
6.432000E+3	9.741997E-1
6.432250E+3	9.760043E-1
6.432500E+3	9.693757E-1
6.432750E+3	9.635350E-1
6.433000E+3	9.710802E-1
6.433250E+3	9.843173E-1
6.433500E+3	9.882378E-1
6.433750E+3	9.807988E-1
6.434000E+3	9.734849E-1
6.434250E+3	9.788218E-1
6.434500E+3	9.917655E-1
6.434750E+3	9.976380E-1
6.435000E+3	9.894642E-1
6.435250E+3	9.784372E-1
6.435500E+3	9.764388E-1
6.435750E+3	9.796976E-1
6.436000E+3	9.782329E-1
6.436250E+3	9.723468E-1
6.436500E+3	9.736740E-1
6.436750E+3	9.812965E-1
6.437000E+3	9.836532E-1
6.437250E+3	9.760302E-1
6.437500E+3	9.681036E-1
6.437750E+3	9.705623E-1
6.438000E+3	9.796459E-1
6.438250E+3	9.822775E-1
6.438500E+3	9.738555E-1
6.438750E+3	9.630669E-1
6.439000E+3	9.556517E-1
6.439250E+3	9.534175E-1
6.439500E+3	9.617452E-1
6.439750E+3	9.776174E-1
6.440000E+3	9.792894E-1
6.440250E+3	9.531468E-1
6.440500E+3	9.203367E-1
6.440750E+3	9.163857E-1
6.441000E+3	9.486946E-1
6.441250E+3	9.787494E-1
6.441500E+3	9.756036E-1
6.441750E+3	9.624513E-1
6.442000E+3	9.702742E-1
6.442250E+3	9.886254E-1
6.442500E+3	9.913875E-1
6.442750E+3	9.791062E-1
6.443000E+3	9.663859E-1
6.443250E+3	9.558085E-1
6.443500E+3	9.382377E-1
6.443750E+3	9.240631E-1
6.444000E+3	9.333477E-1
6.444250E+3	9.586438E-1
6.444500E+3	9.761336E-1
6.444750E+3	9.731028E-1
6.445000E+3	9.629707E-1
6.445250E+3	9.598445E-1
6.445500E+3	9.579817E-1
6.445750E+3	9.516316E-1
6.446000E+3	9.500966E-1
6.446250E+3	9.551941E-1
6.446500E+3	9.480505E-1
6.446750E+3	9.251225E-1
6.447000E+3	9.030877E-1
6.447250E+3	9.108202E-1
6.447500E+3	9.367584E-1
6.447750E+3	9.435658E-1
6.448000E+3	9.361651E-1
6.448250E+3	9.343442E-1
6.448500E+3	9.396204E-1
6.448750E+3	9.314634E-1
6.449000E+3	9.091296E-1
6.449250E+3	8.960726E-1
6.449500E+3	9.064844E-1
6.449750E+3	9.123826E-1
6.450000E+3	8.885558E-1
6.450250E+3	8.516816E-1
6.450500E+3	8.436613E-1
6.450750E+3	8.530508E-1
6.451000E+3	8.214674E-1
6.451250E+3	7.564216E-1
6.451500E+3	7.231036E-1
6.451750E+3	7.454329E-1
6.452000E+3	7.535225E-1
6.452250E+3	6.988106E-1
6.452500E+3	6.006911E-1
6.452750E+3	5.125246E-1
6.453000E+3	4.874836E-1
6.453250E+3	5.680499E-1
6.453500E+3	6.711014E-1
6.453750E+3	7.238799E-1
6.454000E+3	7.375208E-1
6.454250E+3	7.328246E-1
6.454500E+3	7.237117E-1
6.454750E+3	7.185436E-1
6.455000E+3	7.266962E-1
6.455250E+3	7.531404E-1
6.455500E+3	7.991774E-1
6.455750E+3	8.575309E-1
6.456000E+3	8.744402E-1
6.456250E+3	8.438450E-1
6.456500E+3	8.446064E-1
6.456750E+3	8.804100E-1
6.457000E+3	9.072492E-1
6.457250E+3	9.058440E-1
6.457500E+3	9.086696E-1
6.457750E+3	9.276981E-1
6.458000E+3	9.322686E-1
6.458250E+3	9.098840E-1
6.458500E+3	8.898057E-1
6.458750E+3	9.005489E-1
6.459000E+3	9.535399E-1
6.459250E+3	9.863263E-1
6.459500E+3	9.854427E-1
6.459750E+3	9.834227E-1
6.460000E+3	9.837864E-1
6.460250E+3	9.739205E-1
6.460500E+3	9.603122E-1
6.460750E+3	9.611606E-1
6.461000E+3	9.698607E-1
6.461250E+3	9.758006E-1
6.461500E+3	9.744595E-1
6.461750E+3	9.711529E-1
6.462000E+3	9.704943E-1
6.462250E+3	9.716509E-1
6.462500E+3	9.752858E-1
6.462750E+3	9.828294E-1
6.463000E+3	9.900338E-1
6.463250E+3	9.901623E-1
6.463500E+3	9.862286E-1
6.463750E+3	9.864387E-1
6.464000E+3	9.909865E-1
6.464250E+3	9.926009E-1
6.464500E+3	9.880487E-1
6.464750E+3	9.841035E-1
6.465000E+3	9.859417E-1
6.465250E+3	9.896083E-1
6.465500E+3	9.884100E-1
6.465750E+3	9.817281E-1
6.466000E+3	9.782872E-1
6.466250E+3	9.838871E-1
6.466500E+3	9.925189E-1
6.466750E+3	9.970484E-1
6.467000E+3	9.958168E-1
6.467250E+3	9.932500E-1
6.467500E+3	9.933113E-1
6.467750E+3	9.937563E-1
6.468000E+3	9.924674E-1
6.468250E+3	9.913478E-1
6.468500E+3	9.928351E-1
6.468750E+3	9.953160E-1
6.469000E+3	9.950682E-1
6.469250E+3	9.911482E-1
6.469500E+3	9.876385E-1
6.469750E+3	9.867093E-1
6.470000E+3	9.870945E-1
6.470250E+3	9.886018E-1
6.470500E+3	9.916188E-1
6.470750E+3	9.941572E-1
6.471000E+3	9.947741E-1
6.471250E+3	9.944853E-1
6.471500E+3	9.947745E-1
6.471750E+3	9.954787E-1
6.472000E+3	9.952635E-1
6.472250E+3	9.943064E-1
6.472500E+3	9.941906E-1
6.472750E+3	9.955352E-1
6.473000E+3	9.968942E-1
6.473250E+3	9.971650E-1
6.473500E+3	9.964577E-1
6.473750E+3	9.953090E-1
6.474000E+3	9.944774E-1
6.474250E+3	9.946404E-1
6.474500E+3	9.956604E-1
6.474750E+3	9.964000E-1
6.475000E+3	9.961688E-1
6.475250E+3	9.958319E-1
6.475500E+3	9.962493E-1
6.475750E+3	9.966875E-1
6.476000E+3	9.961849E-1
6.476250E+3	9.955460E-1
6.476500E+3	9.959115E-1
6.476750E+3	9.966881E-1
6.477000E+3	9.965065E-1
6.477250E+3	9.952116E-1
6.477500E+3	9.937083E-1
6.477750E+3	9.922361E-1
6.478000E+3	9.903484E-1
6.478250E+3	9.885655E-1
6.478500E+3	9.883670E-1
6.478750E+3	9.899803E-1
6.479000E+3	9.918691E-1
6.479250E+3	9.934053E-1
6.479500E+3	9.948321E-1
6.479750E+3	9.955571E-1
6.480000E+3	9.949594E-1
6.480250E+3	9.940979E-1
6.480500E+3	9.943811E-1
6.480750E+3	9.953681E-1
6.481000E+3	9.953693E-1
6.481250E+3	9.945504E-1
6.481500E+3	9.945092E-1
6.481750E+3	9.954040E-1
6.482000E+3	9.957739E-1
6.482250E+3	9.951164E-1
6.482500E+3	9.946964E-1
6.482750E+3	9.951671E-1
6.483000E+3	9.957217E-1
6.483250E+3	9.959140E-1
6.483500E+3	9.961431E-1
6.483750E+3	9.962006E-1
6.484000E+3	9.953219E-1
6.484250E+3	9.939460E-1
6.484500E+3	9.934534E-1
6.484750E+3	9.939256E-1
6.485000E+3	9.938802E-1
6.485250E+3	9.929943E-1
6.485500E+3	9.926212E-1
6.485750E+3	9.931974E-1
6.486000E+3	9.933066E-1
6.486250E+3	9.922510E-1
6.486500E+3	9.914795E-1
6.486750E+3	9.922031E-1
6.487000E+3	9.933376E-1
6.487250E+3	9.934137E-1
6.487500E+3	9.928923E-1
6.487750E+3	9.928677E-1
6.488000E+3	9.930607E-1
6.488250E+3	9.926078E-1
6.488500E+3	9.917583E-1
6.488750E+3	9.911443E-1
6.489000E+3	9.906240E-1
6.489250E+3	9.900610E-1
6.489500E+3	9.902302E-1
6.489750E+3	9.914823E-1
6.490000E+3	9.925377E-1
6.490250E+3	9.921368E-1
6.490500E+3	9.911106E-1
6.490750E+3	9.910632E-1
6.491000E+3	9.916864E-1
6.491250E+3	9.914776E-1
6.491500E+3	9.904309E-1
6.491750E+3	9.899589E-1
6.492000E+3	9.904960E-1
6.492250E+3	9.908217E-1
6.492500E+3	9.901588E-1
6.492750E+3	9.892224E-1
6.493000E+3	9.889031E-1
6.493250E+3	9.892263E-1
6.493500E+3	9.898702E-1
6.493750E+3	9.904962E-1
6.494000E+3	9.904181E-1
6.494250E+3	9.892892E-1
6.494500E+3	9.880968E-1
6.494750E+3	9.881884E-1
6.495000E+3	9.893065E-1
6.495250E+3	9.897335E-1
6.495500E+3	9.888792E-1
6.495750E+3	9.881220E-1
6.496000E+3	9.885667E-1
6.496250E+3	9.894061E-1
6.496500E+3	9.894454E-1
6.496750E+3	9.889125E-1
6.497000E+3	9.886409E-1
6.497250E+3	9.885502E-1
6.497500E+3	9.880599E-1
6.497750E+3	9.873919E-1
6.498000E+3	9.872922E-1
6.498250E+3	9.877970E-1
6.498500E+3	9.882112E-1
6.498750E+3	9.882296E-1
6.499000E+3	9.881624E-1
6.499250E+3	9.881879E-1
6.499500E+3	9.881476E-1
6.499750E+3	9.880548E-1
6.500000E+3	9.881427E-1
6.500250E+3	9.883636E-1
6.500500E+3	9.883737E-1
6.500750E+3	9.880631E-1
6.501000E+3	9.876528E-1
6.501250E+3	9.872552E-1
6.501500E+3	9.868168E-1
6.501750E+3	9.865073E-1
6.502000E+3	9.866597E-1
6.502250E+3	9.872101E-1
6.502500E+3	9.876470E-1
6.502750E+3	9.876913E-1
6.503000E+3	9.876312E-1
6.503250E+3	9.877985E-1
6.503500E+3	9.880805E-1
6.503750E+3	9.882067E-1
6.504000E+3	9.882087E-1
6.504250E+3	9.882799E-1
6.504500E+3	9.884069E-1
6.504750E+3	9.884489E-1
6.505000E+3	9.884452E-1
6.505250E+3	9.885652E-1
6.505500E+3	9.888139E-1
6.505750E+3	9.890222E-1
6.506000E+3	9.890972E-1
6.506250E+3	9.891078E-1
6.506500E+3	9.891345E-1
6.506750E+3	9.891824E-1
6.507000E+3	9.892605E-1
6.507250E+3	9.894109E-1
6.507500E+3	9.896098E-1
6.507750E+3	9.897396E-1
6.508000E+3	9.897427E-1
6.508250E+3	9.897472E-1
6.508500E+3	9.899339E-1
6.508750E+3	9.902837E-1
6.509000E+3	9.905766E-1
6.509250E+3	9.906793E-1
6.509500E+3	9.907137E-1
6.509750E+3	9.908576E-1
6.510000E+3	9.910978E-1
6.510250E+3	9.913165E-1
6.510500E+3	9.915164E-1
6.510750E+3	9.917709E-1
6.511000E+3	9.920174E-1
6.511250E+3	9.921197E-1
6.511500E+3	9.921121E-1
6.511750E+3	9.921737E-1
6.512000E+3	9.923544E-1
6.512250E+3	9.925379E-1
6.512500E+3	9.926865E-1
6.512750E+3	9.928938E-1
6.513000E+3	9.931680E-1
6.513250E+3	9.933893E-1
6.513500E+3	9.935126E-1
6.513750E+3	9.936017E-1
6.514000E+3	9.936594E-1
6.514250E+3	9.936584E-1
6.514500E+3	9.937299E-1
6.514750E+3	9.940324E-1
6.515000E+3	9.944124E-1
6.515250E+3	9.945283E-1
6.515500E+3	9.943691E-1
6.515750E+3	9.943014E-1
6.516000E+3	9.945459E-1
6.516250E+3	9.949230E-1
6.516500E+3	9.952061E-1
6.516750E+3	9.953775E-1
6.517000E+3	9.954319E-1
6.517250E+3	9.953292E-1
6.517500E+3	9.952644E-1
6.517750E+3	9.955526E-1
6.518000E+3	9.960857E-1
6.518250E+3	9.963418E-1
6.518500E+3	9.961334E-1
6.518750E+3	9.959064E-1
6.519000E+3	9.960618E-1
6.519250E+3	9.964206E-1
6.519500E+3	9.966712E-1
6.519750E+3	9.968644E-1
6.520000E+3	9.970901E-1
6.520250E+3	9.971471E-1
6.520500E+3	9.969766E-1
6.520750E+3	9.969798E-1
6.521000E+3	9.974032E-1
6.521250E+3	9.978180E-1
6.521500E+3	9.977482E-1
6.521750E+3	9.974413E-1
6.522000E+3	9.974489E-1
6.522250E+3	9.977260E-1
6.522500E+3	9.978019E-1
6.522750E+3	9.976672E-1
6.523000E+3	9.977337E-1
6.523250E+3	9.980582E-1
6.523500E+3	9.982547E-1
6.523750E+3	9.982202E-1
6.524000E+3	9.982768E-1
6.524250E+3	9.985307E-1
6.524500E+3	9.986946E-1
6.524750E+3	9.986492E-1
6.525000E+3	9.986116E-1
6.525250E+3	9.986306E-1
6.525500E+3	9.984691E-1
6.525750E+3	9.981392E-1
6.526000E+3	9.980177E-1
6.526250E+3	9.982280E-1
6.526500E+3	9.983925E-1
6.526750E+3	9.982613E-1
6.527000E+3	9.981361E-1
6.527250E+3	9.983494E-1
6.527500E+3	9.987061E-1
6.527750E+3	9.988636E-1
6.528000E+3	9.988971E-1
6.528250E+3	9.990680E-1
6.528500E+3	9.992853E-1
6.528750E+3	9.992374E-1
6.529000E+3	9.989474E-1
6.529250E+3	9.987507E-1
6.529500E+3	9.987715E-1
6.529750E+3	9.987627E-1
6.530000E+3	9.985487E-1
6.530250E+3	9.983200E-1
6.530500E+3	9.983390E-1
6.530750E+3	9.985231E-1
6.531000E+3	9.985795E-1
6.531250E+3	9.984401E-1
6.531500E+3	9.983534E-1
6.531750E+3	9.984969E-1
6.532000E+3	9.986830E-1
6.532250E+3	9.986463E-1
6.532500E+3	9.984551E-1
6.532750E+3	9.984159E-1
6.533000E+3	9.985915E-1
6.533250E+3	9.987205E-1
6.533500E+3	9.986504E-1
6.533750E+3	9.985656E-1
6.534000E+3	9.986102E-1
6.534250E+3	9.986304E-1
6.534500E+3	9.985194E-1
6.534750E+3	9.984628E-1
6.535000E+3	9.985294E-1
6.535250E+3	9.983891E-1
6.535500E+3	9.978907E-1
6.535750E+3	9.975488E-1
6.536000E+3	9.978620E-1
6.536250E+3	9.984307E-1
6.536500E+3	9.984226E-1
6.536750E+3	9.978533E-1
6.537000E+3	9.975341E-1
6.537250E+3	9.977351E-1
6.537500E+3	9.978547E-1
6.537750E+3	9.975872E-1
6.538000E+3	9.974936E-1
6.538250E+3	9.979252E-1
6.538500E+3	9.982676E-1
6.538750E+3	9.979401E-1
6.539000E+3	9.974672E-1
6.539250E+3	9.976269E-1
6.539500E+3	9.981121E-1
6.539750E+3	9.980164E-1
6.540000E+3	9.973473E-1
6.540250E+3	9.970122E-1
6.540500E+3	9.972929E-1
6.540750E+3	9.973783E-1
6.541000E+3	9.967609E-1
6.541250E+3	9.961214E-1
6.541500E+3	9.963317E-1
6.541750E+3	9.971439E-1
6.542000E+3	9.975657E-1
6.542250E+3	9.972201E-1
6.542500E+3	9.967105E-1
6.542750E+3	9.966541E-1
6.543000E+3	9.969351E-1
6.543250E+3	9.970893E-1
6.543500E+3	9.969411E-1
6.543750E+3	9.967173E-1
6.544000E+3	9.966109E-1
6.544250E+3	9.965462E-1
6.544500E+3	9.964175E-1
6.544750E+3	9.963226E-1
6.545000E+3	9.964058E-1
6.545250E+3	9.965799E-1
6.545500E+3	9.966247E-1
6.545750E+3	9.965111E-1
6.546000E+3	9.964412E-1
6.546250E+3	9.964998E-1
6.546500E+3	9.964880E-1
6.546750E+3	9.962345E-1
6.547000E+3	9.958842E-1
6.547250E+3	9.956813E-1
6.547500E+3	9.956257E-1
6.547750E+3	9.955263E-1
6.548000E+3	9.953137E-1
6.548250E+3	9.951441E-1
6.548500E+3	9.952230E-1
6.548750E+3	9.955782E-1
6.549000E+3	9.959680E-1
6.549250E+3	9.960191E-1
6.549500E+3	9.956102E-1
6.549750E+3	9.951684E-1
6.550000E+3	9.952773E-1
6.550250E+3	9.959018E-1
6.550500E+3	9.962956E-1
6.550750E+3	9.959634E-1
6.551000E+3	9.953703E-1
6.551250E+3	9.953201E-1
6.551500E+3	9.959396E-1
6.551750E+3	9.964713E-1
6.552000E+3	9.962178E-1
6.552250E+3	9.952792E-1
6.552500E+3	9.944007E-1
6.552750E+3	9.943413E-1
6.553000E+3	9.950322E-1
6.553250E+3	9.956103E-1
6.553500E+3	9.954191E-1
6.553750E+3	9.948369E-1
6.554000E+3	9.948179E-1
6.554250E+3	9.955085E-1
6.554500E+3	9.960623E-1
6.554750E+3	9.958977E-1
6.555000E+3	9.955624E-1
6.555250E+3	9.957374E-1
6.555500E+3	9.960857E-1
6.555750E+3	9.958953E-1
6.556000E+3	9.953248E-1
6.556250E+3	9.951819E-1
6.556500E+3	9.955983E-1
6.556750E+3	9.958479E-1
6.557000E+3	9.954904E-1
6.557250E+3	9.949618E-1
6.557500E+3	9.948873E-1
6.557750E+3	9.952938E-1
6.558000E+3	9.957725E-1
6.558250E+3	9.960351E-1
6.558500E+3	9.960481E-1
6.558750E+3	9.959427E-1
6.559000E+3	9.958628E-1
6.559250E+3	9.957422E-1
6.559500E+3	9.954147E-1
6.559750E+3	9.950524E-1
6.560000E+3	9.951294E-1
6.560250E+3	9.956163E-1
6.560500E+3	9.957338E-1
6.560750E+3	9.951443E-1
6.561000E+3	9.947067E-1
6.561250E+3	9.953207E-1
6.561500E+3	9.965027E-1
6.561750E+3	9.969666E-1
6.562000E+3	9.965709E-1
6.562250E+3	9.963549E-1
6.562500E+3	9.967021E-1
6.562750E+3	9.969046E-1
6.563000E+3	9.966560E-1
6.563250E+3	9.966328E-1
6.563500E+3	9.971165E-1
6.563750E+3	9.972320E-1
6.564000E+3	9.963979E-1
6.564250E+3	9.954310E-1
6.564500E+3	9.954165E-1
6.564750E+3	9.961766E-1
6.565000E+3	9.967109E-1
6.565250E+3	9.967358E-1
6.565500E+3	9.967386E-1
6.565750E+3	9.969242E-1
6.566000E+3	9.970381E-1
6.566250E+3	9.969952E-1
6.566500E+3	9.969444E-1
6.566750E+3	9.968973E-1
6.567000E+3	9.968522E-1
6.567250E+3	9.970427E-1
6.567500E+3	9.975070E-1
6.567750E+3	9.976838E-1
6.568000E+3	9.971411E-1
6.568250E+3	9.964355E-1
6.568500E+3	9.965035E-1
6.568750E+3	9.973639E-1
6.569000E+3	9.980724E-1
6.569250E+3	9.980348E-1
6.569500E+3	9.976416E-1
6.569750E+3	9.975320E-1
6.570000E+3	9.977433E-1
6.570250E+3	9.978892E-1
6.570500E+3	9.977577E-1
6.570750E+3	9.974863E-1
6.571000E+3	9.973510E-1
6.571250E+3	9.974415E-1
6.571500E+3	9.975757E-1
6.571750E+3	9.975441E-1
6.572000E+3	9.974277E-1
6.572250E+3	9.975203E-1
6.572500E+3	9.978493E-1
6.572750E+3	9.980555E-1
6.573000E+3	9.979310E-1
6.573250E+3	9.977274E-1
6.573500E+3	9.977346E-1
6.573750E+3	9.979103E-1
6.574000E+3	9.980832E-1
6.574250E+3	9.982210E-1
6.574500E+3	9.982599E-1
6.574750E+3	9.980256E-1
6.575000E+3	9.976118E-1
6.575250E+3	9.974418E-1
6.575500E+3	9.976754E-1
6.575750E+3	9.979110E-1
6.576000E+3	9.977981E-1
6.576250E+3	9.975699E-1
6.576500E+3	9.975024E-1
6.576750E+3	9.973562E-1
6.577000E+3	9.969391E-1
6.577250E+3	9.967283E-1
6.577500E+3	9.972752E-1
6.577750E+3	9.981979E-1
6.578000E+3	9.986351E-1
6.578250E+3	9.984564E-1
6.578500E+3	9.982114E-1
6.578750E+3	9.982168E-1
6.579000E+3	9.982940E-1
6.579250E+3	9.983356E-1
6.579500E+3	9.984196E-1
6.579750E+3	9.984206E-1
6.580000E+3	9.981632E-1
6.580250E+3	9.979031E-1
6.580500E+3	9.980390E-1
6.580750E+3	9.983859E-1
6.581000E+3	9.984190E-1
6.581250E+3	9.981619E-1
6.581500E+3	9.980850E-1
6.581750E+3	9.982066E-1
6.582000E+3	9.980512E-1
6.582250E+3	9.975578E-1
6.582500E+3	9.972404E-1
6.582750E+3	9.973398E-1
6.583000E+3	9.974498E-1
6.583250E+3	9.973461E-1
6.583500E+3	9.973984E-1
6.583750E+3	9.978433E-1
6.584000E+3	9.982678E-1
6.584250E+3	9.982306E-1
6.584500E+3	9.979106E-1
6.584750E+3	9.977614E-1
6.585000E+3	9.979254E-1
6.585250E+3	9.982519E-1
6.585500E+3	9.985629E-1
6.585750E+3	9.986532E-1
6.586000E+3	9.983897E-1
6.586250E+3	9.979865E-1
6.586500E+3	9.978219E-1
6.586750E+3	9.979061E-1
6.587000E+3	9.978890E-1
6.587250E+3	9.976749E-1
6.587500E+3	9.975586E-1
6.587750E+3	9.976793E-1
6.588000E+3	9.978035E-1
6.588250E+3	9.977587E-1
6.588500E+3	9.976715E-1
6.588750E+3	9.976430E-1
6.589000E+3	9.976374E-1
6.589250E+3	9.977372E-1
6.589500E+3	9.980370E-1
6.589750E+3	9.982833E-1
6.590000E+3	9.981479E-1
6.590250E+3	9.977977E-1
6.590500E+3	9.976949E-1
6.590750E+3	9.977986E-1
6.591000E+3	9.976828E-1
6.591250E+3	9.974389E-1
6.591500E+3	9.975764E-1
6.591750E+3	9.979886E-1
6.592000E+3	9.979549E-1
6.592250E+3	9.974109E-1
6.592500E+3	9.971469E-1
6.592750E+3	9.974088E-1
6.593000E+3	9.974141E-1
6.593250E+3	9.968366E-1
6.593500E+3	9.966102E-1
6.593750E+3	9.973266E-1
6.594000E+3	9.980100E-1
6.594250E+3	9.976305E-1
6.594500E+3	9.967964E-1
6.594750E+3	9.968758E-1
6.595000E+3	9.977035E-1
6.595250E+3	9.979712E-1
6.595500E+3	9.974138E-1
6.595750E+3	9.970364E-1
6.596000E+3	9.973973E-1
6.596250E+3	9.978052E-1
6.596500E+3	9.976476E-1
6.596750E+3	9.972921E-1
6.597000E+3	9.972677E-1
6.597250E+3	9.974780E-1
6.597500E+3	9.976589E-1
6.597750E+3	9.977546E-1
6.598000E+3	9.973969E-1
6.598250E+3	9.959524E-1
6.598500E+3	9.937892E-1
6.598750E+3	9.925468E-1
6.599000E+3	9.932514E-1
6.599250E+3	9.951548E-1
6.599500E+3	9.966466E-1
6.599750E+3	9.970452E-1
6.600000E+3	9.970839E-1
6.600250E+3	9.973714E-1
6.600500E+3	9.975625E-1
6.600750E+3	9.972590E-1
6.601000E+3	9.968124E-1
6.601250E+3	9.966295E-1
6.601500E+3	9.964298E-1
6.601750E+3	9.957620E-1
6.602000E+3	9.949634E-1
6.602250E+3	9.948567E-1
6.602500E+3	9.956011E-1
6.602750E+3	9.963873E-1
6.603000E+3	9.964939E-1
6.603250E+3	9.962571E-1
6.603500E+3	9.963749E-1
6.603750E+3	9.968286E-1
6.604000E+3	9.970180E-1
6.604250E+3	9.967896E-1
6.604500E+3	9.965792E-1
6.604750E+3	9.965585E-1
6.605000E+3	9.963741E-1
6.605250E+3	9.958843E-1
6.605500E+3	9.955430E-1
6.605750E+3	9.957325E-1
6.606000E+3	9.961389E-1
6.606250E+3	9.962320E-1
6.606500E+3	9.960155E-1
6.606750E+3	9.958836E-1
6.607000E+3	9.960639E-1
6.607250E+3	9.965442E-1
6.607500E+3	9.971797E-1
6.607750E+3	9.975499E-1
6.608000E+3	9.972394E-1
6.608250E+3	9.965490E-1
6.608500E+3	9.963685E-1
6.608750E+3	9.969861E-1
6.609000E+3	9.974673E-1
6.609250E+3	9.969734E-1
6.609500E+3	9.960286E-1
6.609750E+3	9.957089E-1
6.610000E+3	9.961118E-1
6.610250E+3	9.964684E-1
6.610500E+3	9.965863E-1
6.610750E+3	9.969698E-1
6.611000E+3	9.976441E-1
6.611250E+3	9.979450E-1
6.611500E+3	9.976385E-1
6.611750E+3	9.972944E-1
6.612000E+3	9.971964E-1
6.612250E+3	9.970050E-1
6.612500E+3	9.966348E-1
6.612750E+3	9.965017E-1
6.613000E+3	9.965662E-1
6.613250E+3	9.962480E-1
6.613500E+3	9.956383E-1
6.613750E+3	9.957690E-1
6.614000E+3	9.968801E-1
6.614250E+3	9.978091E-1
6.614500E+3	9.975499E-1
6.614750E+3	9.966380E-1
6.615000E+3	9.963311E-1
6.615250E+3	9.966904E-1
6.615500E+3	9.969113E-1
6.615750E+3	9.966931E-1
6.616000E+3	9.963633E-1
6.616250E+3	9.960603E-1
6.616500E+3	9.957683E-1
6.616750E+3	9.958323E-1
6.617000E+3	9.964779E-1
6.617250E+3	9.971859E-1
6.617500E+3	9.973123E-1
6.617750E+3	9.971179E-1
6.618000E+3	9.973508E-1
6.618250E+3	9.978919E-1
6.618500E+3	9.979799E-1
6.618750E+3	9.975266E-1
6.619000E+3	9.973148E-1
6.619250E+3	9.975597E-1
6.619500E+3	9.975929E-1
6.619750E+3	9.971042E-1
6.620000E+3	9.968005E-1
6.620250E+3	9.972051E-1
6.620500E+3	9.977965E-1
6.620750E+3	9.978586E-1
6.621000E+3	9.974273E-1
6.621250E+3	9.970053E-1
6.621500E+3	9.967367E-1
6.621750E+3	9.965906E-1
6.622000E+3	9.967519E-1
6.622250E+3	9.971857E-1
6.622500E+3	9.973494E-1
6.622750E+3	9.969794E-1
6.623000E+3	9.966944E-1
6.623250E+3	9.971799E-1
6.623500E+3	9.981098E-1
6.623750E+3	9.984533E-1
6.624000E+3	9.978442E-1
6.624250E+3	9.969459E-1
6.624500E+3	9.964155E-1
6.624750E+3	9.963294E-1
6.625000E+3	9.964633E-1
6.625250E+3	9.966629E-1
6.625500E+3	9.968488E-1
6.625750E+3	9.969665E-1
6.626000E+3	9.970712E-1
6.626250E+3	9.971940E-1
6.626500E+3	9.971102E-1
6.626750E+3	9.966316E-1
6.627000E+3	9.961376E-1
6.627250E+3	9.962891E-1
6.627500E+3	9.970963E-1
6.627750E+3	9.977597E-1
6.628000E+3	9.976674E-1
6.628250E+3	9.972539E-1
6.628500E+3	9.972932E-1
6.628750E+3	9.977397E-1
6.629000E+3	9.978531E-1
6.629250E+3	9.973448E-1
6.629500E+3	9.967949E-1
6.629750E+3	9.968051E-1
6.630000E+3	9.971921E-1
6.630250E+3	9.973552E-1
6.630500E+3	9.971259E-1
6.630750E+3	9.968472E-1
6.631000E+3	9.968242E-1
6.631250E+3	9.969914E-1
6.631500E+3	9.971399E-1
6.631750E+3	9.971312E-1
6.632000E+3	9.968965E-1
6.632250E+3	9.965184E-1
6.632500E+3	9.963030E-1
6.632750E+3	9.965542E-1
6.633000E+3	9.970936E-1
6.633250E+3	9.973071E-1
6.633500E+3	9.969944E-1
6.633750E+3	9.966662E-1
6.634000E+3	9.968303E-1
6.634250E+3	9.971650E-1
6.634500E+3	9.969860E-1
6.634750E+3	9.963725E-1
6.635000E+3	9.961469E-1
6.635250E+3	9.966703E-1
6.635500E+3	9.971954E-1
6.635750E+3	9.970346E-1
6.636000E+3	9.965808E-1
6.636250E+3	9.966443E-1
6.636500E+3	9.972344E-1
6.636750E+3	9.976334E-1
6.637000E+3	9.974975E-1
6.637250E+3	9.971773E-1
6.637500E+3	9.969584E-1
6.637750E+3	9.966661E-1
6.638000E+3	9.962516E-1
6.638250E+3	9.961275E-1
6.638500E+3	9.965149E-1
6.638750E+3	9.970472E-1
6.639000E+3	9.972860E-1
6.639250E+3	9.972846E-1
6.639500E+3	9.973119E-1
6.639750E+3	9.973038E-1
6.640000E+3	9.970918E-1
6.640250E+3	9.968734E-1
6.640500E+3	9.969566E-1
6.640750E+3	9.972214E-1
6.641000E+3	9.973044E-1
6.641250E+3	9.972156E-1
6.641500E+3	9.972615E-1
6.641750E+3	9.974202E-1
6.642000E+3	9.973654E-1
6.642250E+3	9.971035E-1
6.642500E+3	9.970466E-1
6.642750E+3	9.973289E-1
6.643000E+3	9.976299E-1
6.643250E+3	9.977360E-1
6.643500E+3	9.978179E-1
6.643750E+3	9.979961E-1
6.644000E+3	9.980520E-1
6.644250E+3	9.978391E-1
6.644500E+3	9.975729E-1
6.644750E+3	9.974339E-1
6.645000E+3	9.972820E-1
6.645250E+3	9.970382E-1
6.645500E+3	9.969867E-1
6.645750E+3	9.973551E-1
6.646000E+3	9.978774E-1
6.646250E+3	9.981261E-1
6.646500E+3	9.980398E-1
6.646750E+3	9.978333E-1
6.647000E+3	9.976146E-1
6.647250E+3	9.974031E-1
6.647500E+3	9.972946E-1
6.647750E+3	9.972983E-1
6.648000E+3	9.972354E-1
6.648250E+3	9.970866E-1
6.648500E+3	9.971373E-1
6.648750E+3	9.974806E-1
6.649000E+3	9.977143E-1
6.649250E+3	9.975459E-1
6.649500E+3	9.973796E-1
6.649750E+3	9.976695E-1
6.650000E+3	9.981192E-1
6.650250E+3	9.981062E-1
6.650500E+3	9.976897E-1
6.650750E+3	9.974988E-1
6.651000E+3	9.976226E-1
6.651250E+3	9.975299E-1
6.651500E+3	9.971291E-1
6.651750E+3	9.970373E-1
6.652000E+3	9.975646E-1
6.652250E+3	9.981512E-1
6.652500E+3	9.981872E-1
6.652750E+3	9.978637E-1
6.653000E+3	9.976646E-1
6.653250E+3	9.976261E-1
6.653500E+3	9.975564E-1
6.653750E+3	9.975076E-1
6.654000E+3	9.975879E-1
6.654250E+3	9.976375E-1
6.654500E+3	9.975208E-1
6.654750E+3	9.974607E-1
6.655000E+3	9.976993E-1
6.655250E+3	9.980884E-1
6.655500E+3	9.983551E-1
6.655750E+3	9.985001E-1
6.656000E+3	9.986193E-1
6.656250E+3	9.985439E-1
6.656500E+3	9.980869E-1
6.656750E+3	9.974940E-1
6.657000E+3	9.972218E-1
6.657250E+3	9.972805E-1
6.657500E+3	9.973463E-1
6.657750E+3	9.973746E-1
6.658000E+3	9.976026E-1
6.658250E+3	9.979884E-1
6.658500E+3	9.981601E-1
6.658750E+3	9.979572E-1
6.659000E+3	9.976251E-1
6.659250E+3	9.974429E-1
6.659500E+3	9.974132E-1
6.659750E+3	9.974612E-1
6.660000E+3	9.976251E-1
6.660250E+3	9.978559E-1
6.660500E+3	9.979278E-1
6.660750E+3	9.977758E-1
6.661000E+3	9.977086E-1
6.661250E+3	9.979647E-1
6.661500E+3	9.982603E-1
6.661750E+3	9.981619E-1
6.662000E+3	9.978068E-1
6.662250E+3	9.977671E-1
6.662500E+3	9.981377E-1
6.662750E+3	9.983682E-1
6.663000E+3	9.981039E-1
6.663250E+3	9.977842E-1
6.663500E+3	9.978768E-1
6.663750E+3	9.980145E-1
6.664000E+3	9.976053E-1
6.664250E+3	9.969666E-1
6.664500E+3	9.969927E-1
6.664750E+3	9.976145E-1
6.665000E+3	9.978056E-1
6.665250E+3	9.971855E-1
6.665500E+3	9.966978E-1
6.665750E+3	9.970888E-1
6.666000E+3	9.976113E-1
6.666250E+3	9.972807E-1
6.666500E+3	9.965923E-1
6.666750E+3	9.968056E-1
6.667000E+3	9.978228E-1
6.667250E+3	9.982185E-1
6.667500E+3	9.973479E-1
6.667750E+3	9.962706E-1
6.668000E+3	9.961956E-1
6.668250E+3	9.968690E-1
6.668500E+3	9.972326E-1
6.668750E+3	9.969376E-1
6.669000E+3	9.965253E-1
6.669250E+3	9.965866E-1
6.669500E+3	9.971089E-1
6.669750E+3	9.975135E-1
6.670000E+3	9.972767E-1
6.670250E+3	9.965114E-1
6.670500E+3	9.959480E-1
6.670750E+3	9.961228E-1
6.671000E+3	9.966124E-1
6.671250E+3	9.966007E-1
6.671500E+3	9.960146E-1
6.671750E+3	9.955331E-1
6.672000E+3	9.955151E-1
6.672250E+3	9.956552E-1
6.672500E+3	9.957408E-1
6.672750E+3	9.959067E-1
6.673000E+3	9.960286E-1
6.673250E+3	9.956976E-1
6.673500E+3	9.950323E-1
6.673750E+3	9.947074E-1
6.674000E+3	9.949140E-1
6.674250E+3	9.950802E-1
6.674500E+3	9.949613E-1
6.674750E+3	9.950923E-1
6.675000E+3	9.955951E-1
6.675250E+3	9.955557E-1
6.675500E+3	9.944441E-1
6.675750E+3	9.933474E-1
6.676000E+3	9.936612E-1
6.676250E+3	9.949181E-1
6.676500E+3	9.955117E-1
6.676750E+3	9.949959E-1
6.677000E+3	9.945409E-1
6.677250E+3	9.950723E-1
6.677500E+3	9.958927E-1
6.677750E+3	9.958285E-1
6.678000E+3	9.949016E-1
6.678250E+3	9.941352E-1
6.678500E+3	9.940570E-1
6.678750E+3	9.942457E-1
6.679000E+3	9.942095E-1
6.679250E+3	9.941000E-1
6.679500E+3	9.942367E-1
6.679750E+3	9.943619E-1
6.680000E+3	9.939588E-1
6.680250E+3	9.932317E-1
6.680500E+3	9.931099E-1
6.680750E+3	9.939151E-1
6.681000E+3	9.947586E-1
6.681250E+3	9.947307E-1
6.681500E+3	9.942450E-1
6.681750E+3	9.943114E-1
6.682000E+3	9.948054E-1
6.682250E+3	9.947173E-1
6.682500E+3	9.939947E-1
6.682750E+3	9.937949E-1
6.683000E+3	9.945962E-1
6.683250E+3	9.952965E-1
6.683500E+3	9.948428E-1
6.683750E+3	9.938654E-1
6.684000E+3	9.935986E-1
6.684250E+3	9.939810E-1
6.684500E+3	9.940451E-1
6.684750E+3	9.935366E-1
6.685000E+3	9.930561E-1
6.685250E+3	9.929630E-1
6.685500E+3	9.930853E-1
6.685750E+3	9.933233E-1
6.686000E+3	9.937457E-1
6.686250E+3	9.941883E-1
6.686500E+3	9.944213E-1
6.686750E+3	9.945656E-1
6.687000E+3	9.947341E-1
6.687250E+3	9.945946E-1
6.687500E+3	9.939700E-1
6.687750E+3	9.934599E-1
6.688000E+3	9.936309E-1
6.688250E+3	9.940104E-1
6.688500E+3	9.937880E-1
6.688750E+3	9.932056E-1
6.689000E+3	9.931786E-1
6.689250E+3	9.937118E-1
6.689500E+3	9.938533E-1
6.689750E+3	9.932219E-1
6.690000E+3	9.925967E-1
6.690250E+3	9.926455E-1
6.690500E+3	9.931368E-1
6.690750E+3	9.936445E-1
6.691000E+3	9.941541E-1
6.691250E+3	9.946366E-1
6.691500E+3	9.947134E-1
6.691750E+3	9.941986E-1
6.692000E+3	9.935341E-1
6.692250E+3	9.932688E-1
6.692500E+3	9.935374E-1
6.692750E+3	9.941375E-1
6.693000E+3	9.946250E-1
6.693250E+3	9.945141E-1
6.693500E+3	9.938592E-1
6.693750E+3	9.934812E-1
6.694000E+3	9.939756E-1
6.694250E+3	9.946357E-1
6.694500E+3	9.944140E-1
6.694750E+3	9.936368E-1
6.695000E+3	9.936161E-1
6.695250E+3	9.944925E-1
6.695500E+3	9.949316E-1
6.695750E+3	9.944117E-1
6.696000E+3	9.942101E-1
6.696250E+3	9.951722E-1
6.696500E+3	9.960762E-1
6.696750E+3	9.954166E-1
6.697000E+3	9.939036E-1
6.697250E+3	9.934954E-1
6.697500E+3	9.945155E-1
6.697750E+3	9.955640E-1
6.698000E+3	9.956283E-1
6.698250E+3	9.951729E-1
6.698500E+3	9.949132E-1
6.698750E+3	9.948111E-1
6.699000E+3	9.946902E-1
6.699250E+3	9.947324E-1
6.699500E+3	9.949746E-1
6.699750E+3	9.951253E-1
6.700000E+3	9.952168E-1
6.700250E+3	9.957519E-1
6.700500E+3	9.967899E-1
6.700750E+3	9.975541E-1
6.701000E+3	9.973786E-1
6.701250E+3	9.966939E-1
6.701500E+3	9.964194E-1
6.701750E+3	9.966690E-1
6.702000E+3	9.968074E-1
6.702250E+3	9.965182E-1
6.702500E+3	9.962094E-1
6.702750E+3	9.962858E-1
6.703000E+3	9.965320E-1
6.703250E+3	9.965514E-1
6.703500E+3	9.964552E-1
6.703750E+3	9.966385E-1
6.704000E+3	9.970944E-1
6.704250E+3	9.973526E-1
6.704500E+3	9.971953E-1
6.704750E+3	9.969696E-1
6.705000E+3	9.970758E-1
6.705250E+3	9.974733E-1
6.705500E+3	9.978193E-1
6.705750E+3	9.979555E-1
6.706000E+3	9.979859E-1
6.706250E+3	9.980290E-1
6.706500E+3	9.981415E-1
6.706750E+3	9.983570E-1
6.707000E+3	9.986140E-1
6.707250E+3	9.987545E-1
6.707500E+3	9.987427E-1
6.707750E+3	9.987294E-1
6.708000E+3	9.987759E-1
6.708250E+3	9.987443E-1
6.708500E+3	9.986215E-1
6.708750E+3	9.986640E-1
6.709000E+3	9.989776E-1
6.709250E+3	9.992448E-1
6.709500E+3	9.991661E-1
6.709750E+3	9.989066E-1
6.710000E+3	9.988142E-1
6.710250E+3	9.988888E-1
6.710500E+3	9.989227E-1
6.710750E+3	9.989730E-1
6.711000E+3	9.992143E-1
6.711250E+3	9.994690E-1
6.711500E+3	9.993637E-1
6.711750E+3	9.989198E-1
6.712000E+3	9.985683E-1
6.712250E+3	9.985615E-1
6.712500E+3	9.986400E-1
6.712750E+3	9.984476E-1
6.713000E+3	9.980163E-1
6.713250E+3	9.977216E-1
6.713500E+3	9.978143E-1
6.713750E+3	9.980632E-1
6.714000E+3	9.979929E-1
6.714250E+3	9.974816E-1
6.714500E+3	9.969972E-1
6.714750E+3	9.969613E-1
6.715000E+3	9.971056E-1
6.715250E+3	9.968780E-1
6.715500E+3	9.963405E-1
6.715750E+3	9.959870E-1
6.716000E+3	9.957624E-1
6.716250E+3	9.951215E-1
6.716500E+3	9.940689E-1
6.716750E+3	9.933194E-1
6.717000E+3	9.931072E-1
6.717250E+3	9.928914E-1
6.717500E+3	9.924345E-1
6.717750E+3	9.921349E-1
6.718000E+3	9.918702E-1
6.718250E+3	9.907463E-1
6.718500E+3	9.886441E-1
6.718750E+3	9.868842E-1
6.719000E+3	9.860610E-1
6.719250E+3	9.847903E-1
6.719500E+3	9.821088E-1
6.719750E+3	9.795922E-1
6.720000E+3	9.791570E-1
6.720250E+3	9.795260E-1
6.720500E+3	9.777323E-1
6.720750E+3	9.737584E-1
6.721000E+3	9.708474E-1
6.721250E+3	9.702495E-1
6.721500E+3	9.685653E-1
6.721750E+3	9.627080E-1
6.722000E+3	9.550402E-1
6.722250E+3	9.500491E-1
6.722500E+3	9.476429E-1
6.722750E+3	9.429623E-1
6.723000E+3	9.337106E-1
6.723250E+3	9.241649E-1
6.723500E+3	9.186967E-1
6.723750E+3	9.151453E-1
6.724000E+3	9.073351E-1
6.724250E+3	8.941975E-1
6.724500E+3	8.819993E-1
6.724750E+3	8.757773E-1
6.725000E+3	8.736566E-1
6.725250E+3	8.708710E-1
6.725500E+3	8.667777E-1
6.725750E+3	8.644690E-1
6.726000E+3	8.651933E-1
6.726250E+3	8.680569E-1
6.726500E+3	8.732624E-1
6.726750E+3	8.811777E-1
6.727000E+3	8.900792E-1
6.727250E+3	8.981441E-1
6.727500E+3	9.057184E-1
6.727750E+3	9.140774E-1
6.728000E+3	9.227300E-1
6.728250E+3	9.296352E-1
6.728500E+3	9.335533E-1
6.728750E+3	9.355287E-1
6.729000E+3	9.376837E-1
6.729250E+3	9.408289E-1
6.729500E+3	9.443703E-1
6.729750E+3	9.480019E-1
6.730000E+3	9.521957E-1
6.730250E+3	9.564750E-1
6.730500E+3	9.586910E-1
6.730750E+3	9.576689E-1
6.731000E+3	9.562806E-1
6.731250E+3	9.579746E-1
6.731500E+3	9.624185E-1
6.731750E+3	9.664116E-1
6.732000E+3	9.681161E-1
6.732250E+3	9.690097E-1
6.732500E+3	9.704398E-1
6.732750E+3	9.712741E-1
6.733000E+3	9.702829E-1
6.733250E+3	9.688831E-1
6.733500E+3	9.693323E-1
6.733750E+3	9.721093E-1
6.734000E+3	9.753913E-1
6.734250E+3	9.771575E-1
6.734500E+3	9.769805E-1
6.734750E+3	9.756603E-1
6.735000E+3	9.747521E-1
6.735250E+3	9.753956E-1
6.735500E+3	9.771910E-1
6.735750E+3	9.789591E-1
6.736000E+3	9.801444E-1
6.736250E+3	9.812150E-1
6.736500E+3	9.825341E-1
6.736750E+3	9.835331E-1
6.737000E+3	9.836988E-1
6.737250E+3	9.834924E-1
6.737500E+3	9.833599E-1
6.737750E+3	9.829379E-1
6.738000E+3	9.820351E-1
6.738250E+3	9.815203E-1
6.738500E+3	9.820253E-1
6.738750E+3	9.826153E-1
6.739000E+3	9.817379E-1
6.739250E+3	9.797379E-1
6.739500E+3	9.789771E-1
6.739750E+3	9.811025E-1
6.740000E+3	9.849681E-1
6.740250E+3	9.878268E-1
6.740500E+3	9.886348E-1
6.740750E+3	9.882301E-1
6.741000E+3	9.874036E-1
6.741250E+3	9.863453E-1
6.741500E+3	9.854954E-1
6.741750E+3	9.857323E-1
6.742000E+3	9.871415E-1
6.742250E+3	9.884423E-1
6.742500E+3	9.887516E-1
6.742750E+3	9.887762E-1
6.743000E+3	9.894917E-1
6.743250E+3	9.903129E-1
6.743500E+3	9.899692E-1
6.743750E+3	9.887151E-1
6.744000E+3	9.879158E-1
6.744250E+3	9.880255E-1
6.744500E+3	9.881822E-1
6.744750E+3	9.881103E-1
6.745000E+3	9.887063E-1
6.745250E+3	9.900746E-1
6.745500E+3	9.907386E-1
6.745750E+3	9.898775E-1
6.746000E+3	9.888083E-1
6.746250E+3	9.891777E-1
6.746500E+3	9.904241E-1
6.746750E+3	9.908198E-1
6.747000E+3	9.901491E-1
6.747250E+3	9.896260E-1
6.747500E+3	9.899303E-1
6.747750E+3	9.906285E-1
6.748000E+3	9.911937E-1
6.748250E+3	9.914425E-1
6.748500E+3	9.912185E-1
6.748750E+3	9.906132E-1
6.749000E+3	9.902852E-1
6.749250E+3	9.906304E-1
6.749500E+3	9.909406E-1
6.749750E+3	9.905930E-1
6.750000E+3	9.903141E-1
6.750250E+3	9.911656E-1
6.750500E+3	9.926106E-1
6.750750E+3	9.930528E-1
6.751000E+3	9.922382E-1
6.751250E+3	9.915146E-1
6.751500E+3	9.917601E-1
6.751750E+3	9.921481E-1
6.752000E+3	9.917334E-1
6.752250E+3	9.909505E-1
6.752500E+3	9.908928E-1
6.752750E+3	9.918421E-1
6.753000E+3	9.930785E-1
6.753250E+3	9.937803E-1
6.753500E+3	9.936427E-1
6.753750E+3	9.930119E-1
6.754000E+3	9.925303E-1
6.754250E+3	9.926160E-1
6.754500E+3	9.932527E-1
6.754750E+3	9.940516E-1
6.755000E+3	9.945420E-1
6.755250E+3	9.944560E-1
6.755500E+3	9.938750E-1
6.755750E+3	9.932637E-1
6.756000E+3	9.929734E-1
6.756250E+3	9.926926E-1
6.756500E+3	9.920722E-1
6.756750E+3	9.916613E-1
6.757000E+3	9.922004E-1
6.757250E+3	9.930310E-1
6.757500E+3	9.927680E-1
6.757750E+3	9.917653E-1
6.758000E+3	9.918809E-1
6.758250E+3	9.935530E-1
6.758500E+3	9.947833E-1
6.758750E+3	9.940447E-1
6.759000E+3	9.928096E-1
6.759250E+3	9.928865E-1
6.759500E+3	9.935675E-1
6.759750E+3	9.931110E-1
6.760000E+3	9.917285E-1
6.760250E+3	9.910731E-1
6.760500E+3	9.915225E-1
6.760750E+3	9.921258E-1
6.761000E+3	9.925677E-1
6.761250E+3	9.933279E-1
6.761500E+3	9.941386E-1
6.761750E+3	9.941844E-1
6.762000E+3	9.937035E-1
6.762250E+3	9.937277E-1
6.762500E+3	9.941448E-1
6.762750E+3	9.938730E-1
6.763000E+3	9.929067E-1
6.763250E+3	9.923958E-1
6.763500E+3	9.927676E-1
6.763750E+3	9.932336E-1
6.764000E+3	9.931180E-1
6.764250E+3	9.925904E-1
6.764500E+3	9.919639E-1
6.764750E+3	9.915345E-1
6.765000E+3	9.919261E-1
6.765250E+3	9.932615E-1
6.765500E+3	9.943627E-1
6.765750E+3	9.942012E-1
6.766000E+3	9.934433E-1
6.766250E+3	9.932047E-1
6.766500E+3	9.931607E-1
6.766750E+3	9.925706E-1
6.767000E+3	9.922954E-1
6.767250E+3	9.933803E-1
6.767500E+3	9.945241E-1
6.767750E+3	9.935106E-1
6.768000E+3	9.913213E-1
6.768250E+3	9.912289E-1
6.768500E+3	9.937498E-1
6.768750E+3	9.954578E-1
6.769000E+3	9.941472E-1
6.769250E+3	9.922695E-1
6.769500E+3	9.927349E-1
6.769750E+3	9.947013E-1
6.770000E+3	9.950907E-1
6.770250E+3	9.934532E-1
6.770500E+3	9.920363E-1
6.770750E+3	9.923193E-1
6.771000E+3	9.934957E-1
6.771250E+3	9.940335E-1
6.771500E+3	9.937021E-1
6.771750E+3	9.932298E-1
6.772000E+3	9.931832E-1
6.772250E+3	9.933738E-1
6.772500E+3	9.931374E-1
6.772750E+3	9.923267E-1
6.773000E+3	9.918406E-1
6.773250E+3	9.924003E-1
6.773500E+3	9.931231E-1
6.773750E+3	9.925995E-1
6.774000E+3	9.911939E-1
6.774250E+3	9.909567E-1
6.774500E+3	9.925170E-1
6.774750E+3	9.940647E-1
6.775000E+3	9.940440E-1
6.775250E+3	9.932256E-1
6.775500E+3	9.929794E-1
6.775750E+3	9.930184E-1
6.776000E+3	9.924106E-1
6.776250E+3	9.915622E-1
6.776500E+3	9.915432E-1
6.776750E+3	9.922009E-1
6.777000E+3	9.926040E-1
6.777250E+3	9.927429E-1
6.777500E+3	9.932721E-1
6.777750E+3	9.940521E-1
6.778000E+3	9.942911E-1
6.778250E+3	9.940396E-1
6.778500E+3	9.940455E-1
6.778750E+3	9.943318E-1
6.779000E+3	9.941998E-1
6.779250E+3	9.935740E-1
6.779500E+3	9.931345E-1
6.779750E+3	9.930753E-1
6.780000E+3	9.929896E-1
6.780250E+3	9.927622E-1
6.780500E+3	9.927173E-1
6.780750E+3	9.928714E-1
6.781000E+3	9.929207E-1
6.781250E+3	9.929837E-1
6.781500E+3	9.934769E-1
6.781750E+3	9.942308E-1
6.782000E+3	9.944550E-1
6.782250E+3	9.937855E-1
6.782500E+3	9.927686E-1
6.782750E+3	9.921253E-1
6.783000E+3	9.921545E-1
6.783250E+3	9.927175E-1
6.783500E+3	9.932827E-1
6.783750E+3	9.932151E-1
6.784000E+3	9.925254E-1
6.784250E+3	9.920900E-1
6.784500E+3	9.926448E-1
6.784750E+3	9.937562E-1
6.785000E+3	9.943223E-1
6.785250E+3	9.940212E-1
6.785500E+3	9.934116E-1
6.785750E+3	9.929544E-1
6.786000E+3	9.927622E-1
6.786250E+3	9.929924E-1
6.786500E+3	9.937269E-1
6.786750E+3	9.944612E-1
6.787000E+3	9.943823E-1
6.787250E+3	9.935136E-1
6.787500E+3	9.928100E-1
6.787750E+3	9.929226E-1
6.788000E+3	9.935486E-1
6.788250E+3	9.939895E-1
6.788500E+3	9.939686E-1
6.788750E+3	9.936238E-1
6.789000E+3	9.931685E-1
6.789250E+3	9.927703E-1
6.789500E+3	9.925014E-1
6.789750E+3	9.924019E-1
6.790000E+3	9.925941E-1
6.790250E+3	9.931137E-1
6.790500E+3	9.936598E-1
6.790750E+3	9.938490E-1
6.791000E+3	9.936548E-1
6.791250E+3	9.935043E-1
6.791500E+3	9.937760E-1
6.791750E+3	9.943180E-1
6.792000E+3	9.947215E-1
6.792250E+3	9.947833E-1
6.792500E+3	9.946094E-1
6.792750E+3	9.944758E-1
6.793000E+3	9.946525E-1
6.793250E+3	9.950675E-1
6.793500E+3	9.952386E-1
6.793750E+3	9.949701E-1
6.794000E+3	9.947902E-1
6.794250E+3	9.951075E-1
6.794500E+3	9.952592E-1
6.794750E+3	9.944686E-1
6.795000E+3	9.934803E-1
6.795250E+3	9.936528E-1
6.795500E+3	9.943894E-1
6.795750E+3	9.937183E-1
6.796000E+3	9.917513E-1
6.796250E+3	9.912254E-1
6.796500E+3	9.932880E-1
6.796750E+3	9.953974E-1
6.797000E+3	9.948675E-1
6.797250E+3	9.929705E-1
6.797500E+3	9.926478E-1
6.797750E+3	9.937784E-1
6.798000E+3	9.940280E-1
6.798250E+3	9.929107E-1
6.798500E+3	9.924579E-1
6.798750E+3	9.933958E-1
6.799000E+3	9.941797E-1
6.799250E+3	9.938523E-1
6.799500E+3	9.936023E-1
6.799750E+3	9.943592E-1
6.800000E+3	9.951102E-1
6.800250E+3	9.946942E-1
6.800500E+3	9.936102E-1
6.800750E+3	9.930243E-1
6.801000E+3	9.932301E-1
6.801250E+3	9.938578E-1
6.801500E+3	9.945378E-1
6.801750E+3	9.948704E-1
6.802000E+3	9.945277E-1
6.802250E+3	9.939353E-1
6.802500E+3	9.939723E-1
6.802750E+3	9.945206E-1
6.803000E+3	9.946758E-1
6.803250E+3	9.942544E-1
6.803500E+3	9.940195E-1
6.803750E+3	9.941916E-1
6.804000E+3	9.941382E-1
6.804250E+3	9.936780E-1
6.804500E+3	9.934277E-1
6.804750E+3	9.935830E-1
6.805000E+3	9.936354E-1
6.805250E+3	9.935859E-1
6.805500E+3	9.939186E-1
6.805750E+3	9.943716E-1
6.806000E+3	9.942645E-1
6.806250E+3	9.939904E-1
6.806500E+3	9.943521E-1
6.806750E+3	9.946899E-1
6.807000E+3	9.935328E-1
6.807250E+3	9.916360E-1
6.807500E+3	9.915374E-1
6.807750E+3	9.933231E-1
6.808000E+3	9.942727E-1
6.808250E+3	9.929498E-1
6.808500E+3	9.915844E-1
6.808750E+3	9.923627E-1
6.809000E+3	9.939415E-1
6.809250E+3	9.940995E-1
6.809500E+3	9.933581E-1
6.809750E+3	9.935997E-1
6.810000E+3	9.945379E-1
6.810250E+3	9.944633E-1
6.810500E+3	9.933870E-1
6.810750E+3	9.928608E-1
6.811000E+3	9.930910E-1
6.811250E+3	9.928347E-1
6.811500E+3	9.919967E-1
6.811750E+3	9.918152E-1
6.812000E+3	9.923216E-1
6.812250E+3	9.920769E-1
6.812500E+3	9.907747E-1
6.812750E+3	9.899130E-1
6.813000E+3	9.904013E-1
6.813250E+3	9.912137E-1
6.813500E+3	9.914240E-1
6.813750E+3	9.915654E-1
6.814000E+3	9.920833E-1
6.814250E+3	9.921948E-1
6.814500E+3	9.914257E-1
6.814750E+3	9.907282E-1
6.815000E+3	9.908650E-1
6.815250E+3	9.909653E-1
6.815500E+3	9.899784E-1
6.815750E+3	9.887008E-1
6.816000E+3	9.885669E-1
6.816250E+3	9.893849E-1
6.816500E+3	9.897471E-1
6.816750E+3	9.894036E-1
6.817000E+3	9.893703E-1
6.817250E+3	9.897966E-1
6.817500E+3	9.896614E-1
6.817750E+3	9.889219E-1
6.818000E+3	9.889034E-1
6.818250E+3	9.901431E-1
6.818500E+3	9.910911E-1
6.818750E+3	9.903231E-1
6.819000E+3	9.888088E-1
6.819250E+3	9.883555E-1
6.819500E+3	9.891861E-1
6.819750E+3	9.901060E-1
6.820000E+3	9.905798E-1
6.820250E+3	9.909856E-1
6.820500E+3	9.912874E-1
6.820750E+3	9.910792E-1
6.821000E+3	9.907066E-1
6.821250E+3	9.908566E-1
6.821500E+3	9.912443E-1
6.821750E+3	9.909737E-1
6.822000E+3	9.901541E-1
6.822250E+3	9.897261E-1
6.822500E+3	9.896718E-1
6.822750E+3	9.890439E-1
6.823000E+3	9.880221E-1
6.823250E+3	9.881253E-1
6.823500E+3	9.896797E-1
6.823750E+3	9.910290E-1
6.824000E+3	9.907301E-1
6.824250E+3	9.895009E-1
6.824500E+3	9.890082E-1
6.824750E+3	9.894909E-1
6.825000E+3	9.900249E-1
6.825250E+3	9.901316E-1
6.825500E+3	9.900828E-1
6.825750E+3	9.900593E-1
6.826000E+3	9.899656E-1
6.826250E+3	9.898613E-1
6.826500E+3	9.898445E-1
6.826750E+3	9.898453E-1
6.827000E+3	9.900538E-1
6.827250E+3	9.909492E-1
6.827500E+3	9.923156E-1
6.827750E+3	9.929775E-1
6.828000E+3	9.924268E-1
6.828250E+3	9.916822E-1
6.828500E+3	9.917303E-1
6.828750E+3	9.919594E-1
6.829000E+3	9.911662E-1
6.829250E+3	9.896910E-1
6.829500E+3	9.890219E-1
6.829750E+3	9.897259E-1
6.830000E+3	9.908471E-1
6.830250E+3	9.913817E-1
6.830500E+3	9.914409E-1
6.830750E+3	9.916474E-1
6.831000E+3	9.923123E-1
6.831250E+3	9.932466E-1
6.831500E+3	9.939108E-1
6.831750E+3	9.938342E-1
6.832000E+3	9.931830E-1
6.832250E+3	9.927863E-1
6.832500E+3	9.930616E-1
6.832750E+3	9.934002E-1
6.833000E+3	9.932716E-1
6.833250E+3	9.931047E-1
6.833500E+3	9.933969E-1
6.833750E+3	9.935917E-1
6.834000E+3	9.930278E-1
6.834250E+3	9.923373E-1
6.834500E+3	9.925691E-1
6.834750E+3	9.934546E-1
6.835000E+3	9.938193E-1
6.835250E+3	9.935173E-1
6.835500E+3	9.935714E-1
6.835750E+3	9.942529E-1
6.836000E+3	9.946071E-1
6.836250E+3	9.942064E-1
6.836500E+3	9.939141E-1
6.836750E+3	9.943774E-1
6.837000E+3	9.949983E-1
6.837250E+3	9.949872E-1
6.837500E+3	9.945865E-1
6.837750E+3	9.943612E-1
6.838000E+3	9.942233E-1
6.838250E+3	9.939238E-1
6.838500E+3	9.938320E-1
6.838750E+3	9.943809E-1
6.839000E+3	9.952610E-1
6.839250E+3	9.958351E-1
6.839500E+3	9.958641E-1
6.839750E+3	9.957032E-1
6.840000E+3	9.957393E-1
6.840250E+3	9.958669E-1
6.840500E+3	9.956712E-1
6.840750E+3	9.950009E-1
6.841000E+3	9.943628E-1
6.841250E+3	9.944973E-1
6.841500E+3	9.953858E-1
6.841750E+3	9.960671E-1
6.842000E+3	9.959008E-1
6.842250E+3	9.955120E-1
6.842500E+3	9.958174E-1
6.842750E+3	9.965727E-1
6.843000E+3	9.967592E-1
6.843250E+3	9.962018E-1
6.843500E+3	9.958446E-1
6.843750E+3	9.962290E-1
6.844000E+3	9.967932E-1
6.844250E+3	9.969440E-1
6.844500E+3	9.967980E-1
6.844750E+3	9.966558E-1
6.845000E+3	9.964544E-1
6.845250E+3	9.961837E-1
6.845500E+3	9.962205E-1
6.845750E+3	9.966931E-1
6.846000E+3	9.971082E-1
6.846250E+3	9.969973E-1
6.846500E+3	9.966041E-1
6.846750E+3	9.965594E-1
6.847000E+3	9.969444E-1
6.847250E+3	9.972897E-1
6.847500E+3	9.971981E-1
6.847750E+3	9.967749E-1
6.848000E+3	9.965062E-1
6.848250E+3	9.966985E-1
6.848500E+3	9.971660E-1
6.848750E+3	9.973466E-1
6.849000E+3	9.969272E-1
6.849250E+3	9.962378E-1
6.849500E+3	9.958463E-1
6.849750E+3	9.960266E-1
6.850000E+3	9.965379E-1
6.850250E+3	9.969221E-1
6.850500E+3	9.969046E-1
6.850750E+3	9.965703E-1
6.851000E+3	9.963409E-1
6.851250E+3	9.964956E-1
6.851500E+3	9.967653E-1
6.851750E+3	9.967236E-1
6.852000E+3	9.964589E-1
6.852250E+3	9.963257E-1
6.852500E+3	9.961709E-1
6.852750E+3	9.956154E-1
6.853000E+3	9.949492E-1
6.853250E+3	9.947246E-1
6.853500E+3	9.945361E-1
6.853750E+3	9.936360E-1
6.854000E+3	9.927735E-1
6.854250E+3	9.935495E-1
6.854500E+3	9.956669E-1
6.854750E+3	9.965842E-1
6.855000E+3	9.950681E-1
6.855250E+3	9.934163E-1
6.855500E+3	9.939309E-1
6.855750E+3	9.953989E-1
6.856000E+3	9.950406E-1
6.856250E+3	9.930513E-1
6.856500E+3	9.921124E-1
6.856750E+3	9.931175E-1
6.857000E+3	9.941431E-1
6.857250E+3	9.936747E-1
6.857500E+3	9.927070E-1
6.857750E+3	9.926898E-1
6.858000E+3	9.935684E-1
6.858250E+3	9.943357E-1
6.858500E+3	9.942305E-1
6.858750E+3	9.930808E-1
6.859000E+3	9.915194E-1
6.859250E+3	9.909266E-1
6.859500E+3	9.919671E-1
6.859750E+3	9.933338E-1
6.860000E+3	9.934491E-1
6.860250E+3	9.928399E-1
6.860500E+3	9.930153E-1
6.860750E+3	9.938266E-1
6.861000E+3	9.937370E-1
6.861250E+3	9.926746E-1
6.861500E+3	9.921369E-1
6.861750E+3	9.924985E-1
6.862000E+3	9.925609E-1
6.862250E+3	9.919649E-1
6.862500E+3	9.918286E-1
6.862750E+3	9.924606E-1
6.863000E+3	9.927532E-1
6.863250E+3	9.924056E-1
6.863500E+3	9.924095E-1
6.863750E+3	9.927275E-1
6.864000E+3	9.919412E-1
6.864250E+3	9.901716E-1
6.864500E+3	9.895503E-1
6.864750E+3	9.907970E-1
6.865000E+3	9.917529E-1
6.865250E+3	9.908014E-1
6.865500E+3	9.897834E-1
6.865750E+3	9.907381E-1
6.866000E+3	9.924184E-1
6.866250E+3	9.924697E-1
6.866500E+3	9.914131E-1
6.866750E+3	9.914143E-1
6.867000E+3	9.923503E-1
6.867250E+3	9.921611E-1
6.867500E+3	9.905651E-1
6.867750E+3	9.896199E-1
6.868000E+3	9.903142E-1
6.868250E+3	9.912210E-1
6.868500E+3	9.911992E-1
6.868750E+3	9.909130E-1
6.869000E+3	9.911784E-1
6.869250E+3	9.914507E-1
6.869500E+3	9.911120E-1
6.869750E+3	9.907565E-1
6.870000E+3	9.911698E-1
6.870250E+3	9.918997E-1
6.870500E+3	9.918329E-1
6.870750E+3	9.909274E-1
6.871000E+3	9.901577E-1
6.871250E+3	9.902632E-1
6.871500E+3	9.907764E-1
6.871750E+3	9.906614E-1
6.872000E+3	9.898738E-1
6.872250E+3	9.895811E-1
6.872500E+3	9.906197E-1
6.872750E+3	9.920452E-1
6.873000E+3	9.923973E-1
6.873250E+3	9.918025E-1
6.873500E+3	9.916771E-1
6.873750E+3	9.923977E-1
6.874000E+3	9.926707E-1
6.874250E+3	9.917901E-1
6.874500E+3	9.908324E-1
6.874750E+3	9.909439E-1
6.875000E+3	9.914445E-1
6.875250E+3	9.911448E-1
6.875500E+3	9.904462E-1
6.875750E+3	9.904594E-1
6.876000E+3	9.910831E-1
6.876250E+3	9.914608E-1
6.876500E+3	9.916991E-1
6.876750E+3	9.923194E-1
6.877000E+3	9.926907E-1
6.877250E+3	9.919129E-1
6.877500E+3	9.908966E-1
6.877750E+3	9.913541E-1
6.878000E+3	9.929597E-1
6.878250E+3	9.936015E-1
6.878500E+3	9.925262E-1
6.878750E+3	9.913656E-1
6.879000E+3	9.915285E-1
6.879250E+3	9.923348E-1
6.879500E+3	9.925157E-1
6.879750E+3	9.920695E-1
6.880000E+3	9.916189E-1
6.880250E+3	9.912143E-1
6.880500E+3	9.908460E-1
6.880750E+3	9.910615E-1
6.881000E+3	9.920204E-1
6.881250E+3	9.927922E-1
6.881500E+3	9.925909E-1
6.881750E+3	9.920685E-1
6.882000E+3	9.923002E-1
6.882250E+3	9.930464E-1
6.882500E+3	9.931835E-1
6.882750E+3	9.924681E-1
6.883000E+3	9.919246E-1
6.883250E+3	9.923544E-1
6.883500E+3	9.932592E-1
6.883750E+3	9.935758E-1
6.884000E+3	9.930139E-1
6.884250E+3	9.922753E-1
6.884500E+3	9.920491E-1
6.884750E+3	9.922709E-1
6.885000E+3	9.923936E-1
6.885250E+3	9.922767E-1
6.885500E+3	9.924323E-1
6.885750E+3	9.930879E-1
6.886000E+3	9.934824E-1
6.886250E+3	9.927621E-1
6.886500E+3	9.913986E-1
6.886750E+3	9.907979E-1
6.887000E+3	9.915164E-1
6.887250E+3	9.924912E-1
6.887500E+3	9.924406E-1
6.887750E+3	9.913573E-1
6.888000E+3	9.902387E-1
6.888250E+3	9.899712E-1
6.888500E+3	9.906454E-1
6.888750E+3	9.917292E-1
6.889000E+3	9.925235E-1
6.889250E+3	9.925442E-1
6.889500E+3	9.918664E-1
6.889750E+3	9.910273E-1
6.890000E+3	9.905430E-1
6.890250E+3	9.906478E-1
6.890500E+3	9.912789E-1
6.890750E+3	9.920183E-1
6.891000E+3	9.922375E-1
6.891250E+3	9.917243E-1
6.891500E+3	9.909601E-1
6.891750E+3	9.904459E-1
6.892000E+3	9.901440E-1
6.892250E+3	9.898823E-1
6.892500E+3	9.898527E-1
6.892750E+3	9.901099E-1
6.893000E+3	9.900976E-1
6.893250E+3	9.895146E-1
6.893500E+3	9.892127E-1
6.893750E+3	9.900860E-1
6.894000E+3	9.913747E-1
6.894250E+3	9.913871E-1
6.894500E+3	9.899758E-1
6.894750E+3	9.888118E-1
6.895000E+3	9.889028E-1
6.895250E+3	9.893442E-1
6.895500E+3	9.891016E-1
6.895750E+3	9.886605E-1
6.896000E+3	9.889221E-1
6.896250E+3	9.894550E-1
6.896500E+3	9.892080E-1
6.896750E+3	9.883897E-1
6.897000E+3	9.882313E-1
6.897250E+3	9.890285E-1
6.897500E+3	9.895183E-1
6.897750E+3	9.887934E-1
6.898000E+3	9.875994E-1
6.898250E+3	9.873281E-1
6.898500E+3	9.880281E-1
6.898750E+3	9.880533E-1
6.899000E+3	9.864045E-1
6.899250E+3	9.844345E-1
6.899500E+3	9.843541E-1
6.899750E+3	9.862367E-1
6.900000E+3	9.877992E-1
6.900250E+3	9.874332E-1
6.900500E+3	9.862795E-1
6.900750E+3	9.862190E-1
6.901000E+3	9.868175E-1
6.901250E+3	9.863790E-1
6.901500E+3	9.851883E-1
6.901750E+3	9.852556E-1
6.902000E+3	9.867005E-1
6.902250E+3	9.870215E-1
6.902500E+3	9.848849E-1
6.902750E+3	9.825043E-1
6.903000E+3	9.825491E-1
6.903250E+3	9.843799E-1
6.903500E+3	9.850194E-1
6.903750E+3	9.833463E-1
6.904000E+3	9.813146E-1
6.904250E+3	9.807193E-1
6.904500E+3	9.813053E-1
6.904750E+3	9.821229E-1
6.905000E+3	9.830060E-1
6.905250E+3	9.839855E-1
6.905500E+3	9.843730E-1
6.905750E+3	9.835840E-1
6.906000E+3	9.824574E-1
6.906250E+3	9.823294E-1
6.906500E+3	9.830424E-1
6.906750E+3	9.831637E-1
6.907000E+3	9.820633E-1
6.907250E+3	9.808810E-1
6.907500E+3	9.807277E-1
6.907750E+3	9.811701E-1
6.908000E+3	9.811532E-1
6.908250E+3	9.806958E-1
6.908500E+3	9.805368E-1
6.908750E+3	9.805851E-1
6.909000E+3	9.801855E-1
6.909250E+3	9.796639E-1
6.909500E+3	9.801100E-1
6.909750E+3	9.813624E-1
6.910000E+3	9.818864E-1
6.910250E+3	9.809608E-1
6.910500E+3	9.797523E-1
6.910750E+3	9.792984E-1
6.911000E+3	9.790859E-1
6.911250E+3	9.786097E-1
6.911500E+3	9.786765E-1
6.911750E+3	9.797708E-1
6.912000E+3	9.804937E-1
6.912250E+3	9.794720E-1
6.912500E+3	9.778962E-1
6.912750E+3	9.779697E-1
6.913000E+3	9.795782E-1
6.913250E+3	9.806621E-1
6.913500E+3	9.804281E-1
6.913750E+3	9.801764E-1
6.914000E+3	9.806706E-1
6.914250E+3	9.810364E-1
6.914500E+3	9.807204E-1
6.914750E+3	9.805758E-1
6.915000E+3	9.811249E-1
6.915250E+3	9.813591E-1
6.915500E+3	9.804768E-1
6.915750E+3	9.796049E-1
6.916000E+3	9.803356E-1
6.916250E+3	9.821716E-1
6.916500E+3	9.831259E-1
6.916750E+3	9.824562E-1
6.917000E+3	9.815802E-1
6.917250E+3	9.820440E-1
6.917500E+3	9.835741E-1
6.917750E+3	9.846769E-1
6.918000E+3	9.845882E-1
6.918250E+3	9.841610E-1
6.918500E+3	9.844060E-1
6.918750E+3	9.848660E-1
6.919000E+3	9.843480E-1
6.919250E+3	9.829918E-1
6.919500E+3	9.824684E-1
6.919750E+3	9.836126E-1
6.920000E+3	9.850278E-1
6.920250E+3	9.850517E-1
6.920500E+3	9.842256E-1
6.920750E+3	9.843074E-1
6.921000E+3	9.854484E-1
6.921250E+3	9.860109E-1
6.921500E+3	9.852471E-1
6.921750E+3	9.845311E-1
6.922000E+3	9.852548E-1
6.922250E+3	9.866602E-1
6.922500E+3	9.870750E-1
6.922750E+3	9.863984E-1
6.923000E+3	9.861156E-1
6.923250E+3	9.870136E-1
6.923500E+3	9.879944E-1
6.923750E+3	9.877911E-1
6.924000E+3	9.867978E-1
6.924250E+3	9.865745E-1
6.924500E+3	9.875574E-1
6.924750E+3	9.883574E-1
6.925000E+3	9.878423E-1
6.925250E+3	9.868425E-1
6.925500E+3	9.869752E-1
6.925750E+3	9.882344E-1
6.926000E+3	9.890859E-1
6.926250E+3	9.888615E-1
6.926500E+3	9.885560E-1
6.926750E+3	9.888415E-1
6.927000E+3	9.889643E-1
6.927250E+3	9.882626E-1
6.927500E+3	9.874365E-1
6.927750E+3	9.871115E-1
6.928000E+3	9.865413E-1
6.928250E+3	9.851874E-1
6.928500E+3	9.843378E-1
6.928750E+3	9.852760E-1
6.929000E+3	9.868242E-1
6.929250E+3	9.869497E-1
6.929500E+3	9.862083E-1
6.929750E+3	9.868473E-1
6.930000E+3	9.887748E-1
6.930250E+3	9.895883E-1
6.930500E+3	9.885430E-1
6.930750E+3	9.878368E-1
6.931000E+3	9.888278E-1
6.931250E+3	9.900601E-1
6.931500E+3	9.901640E-1
6.931750E+3	9.900028E-1
6.932000E+3	9.906063E-1
6.932250E+3	9.912034E-1
6.932500E+3	9.909896E-1
6.932750E+3	9.909841E-1
6.933000E+3	9.922692E-1
6.933250E+3	9.938003E-1
6.933500E+3	9.939871E-1
6.933750E+3	9.932237E-1
6.934000E+3	9.930720E-1
6.934250E+3	9.937707E-1
6.934500E+3	9.943308E-1
6.934750E+3	9.945066E-1
6.935000E+3	9.948769E-1
6.935250E+3	9.953829E-1
6.935500E+3	9.953939E-1
6.935750E+3	9.950397E-1
6.936000E+3	9.950819E-1
6.936250E+3	9.955719E-1
6.936500E+3	9.958325E-1
6.936750E+3	9.956888E-1
6.937000E+3	9.955947E-1
6.937250E+3	9.956759E-1
6.937500E+3	9.956617E-1
6.937750E+3	9.956487E-1
6.938000E+3	9.959970E-1
6.938250E+3	9.965675E-1
6.938500E+3	9.969068E-1
6.938750E+3	9.970252E-1
6.939000E+3	9.971940E-1
6.939250E+3	9.972432E-1
6.939500E+3	9.969386E-1
6.939750E+3	9.967542E-1
6.940000E+3	9.972430E-1
6.940250E+3	9.979465E-1
6.940500E+3	9.979809E-1
6.940750E+3	9.974533E-1
6.941000E+3	9.973144E-1
6.941250E+3	9.978046E-1
6.941500E+3	9.981841E-1
6.941750E+3	9.980404E-1
6.942000E+3	9.977989E-1
6.942250E+3	9.977730E-1
6.942500E+3	9.976947E-1
6.942750E+3	9.974364E-1
6.943000E+3	9.973100E-1
6.943250E+3	9.973879E-1
6.943500E+3	9.973366E-1
6.943750E+3	9.971144E-1
6.944000E+3	9.971217E-1
6.944250E+3	9.974101E-1
6.944500E+3	9.975325E-1
6.944750E+3	9.973230E-1
6.945000E+3	9.971357E-1
6.945250E+3	9.971420E-1
6.945500E+3	9.970728E-1
6.945750E+3	9.968607E-1
6.946000E+3	9.968337E-1
6.946250E+3	9.970298E-1
6.946500E+3	9.969970E-1
6.946750E+3	9.965801E-1
6.947000E+3	9.962751E-1
6.947250E+3	9.964338E-1
6.947500E+3	9.966782E-1
6.947750E+3	9.965296E-1
6.948000E+3	9.960893E-1
6.948250E+3	9.957879E-1
6.948500E+3	9.957305E-1
6.948750E+3	9.956461E-1
6.949000E+3	9.953049E-1
6.949250E+3	9.947557E-1
6.949500E+3	9.942975E-1
6.949750E+3	9.942189E-1
6.950000E+3	9.944041E-1
6.950250E+3	9.943601E-1
6.950500E+3	9.938622E-1
6.950750E+3	9.932873E-1
6.951000E+3	9.930078E-1
6.951250E+3	9.927763E-1
6.951500E+3	9.922776E-1
6.951750E+3	9.918830E-1
6.952000E+3	9.920789E-1
6.952250E+3	9.924881E-1
6.952500E+3	9.923163E-1
6.952750E+3	9.915900E-1
6.953000E+3	9.910160E-1
6.953250E+3	9.907421E-1
6.953500E+3	9.902993E-1
6.953750E+3	9.896614E-1
6.954000E+3	9.892810E-1
6.954250E+3	9.891017E-1
6.954500E+3	9.887014E-1
6.954750E+3	9.883506E-1
6.955000E+3	9.886336E-1
6.955250E+3	9.890189E-1
6.955500E+3	9.883847E-1
6.955750E+3	9.869727E-1
6.956000E+3	9.863444E-1
6.956250E+3	9.868559E-1
6.956500E+3	9.869969E-1
6.956750E+3	9.861155E-1
6.957000E+3	9.855011E-1
6.957250E+3	9.858912E-1
6.957500E+3	9.859328E-1
6.957750E+3	9.848357E-1
6.958000E+3	9.843330E-1
6.958250E+3	9.859552E-1
6.958500E+3	9.876917E-1
6.958750E+3	9.865719E-1
6.959000E+3	9.832890E-1
6.959250E+3	9.814546E-1
6.959500E+3	9.824471E-1
6.959750E+3	9.838016E-1
6.960000E+3	9.834683E-1
6.960250E+3	9.824457E-1
6.960500E+3	9.822979E-1
6.960750E+3	9.824507E-1
6.961000E+3	9.816834E-1
6.961250E+3	9.805296E-1
6.961500E+3	9.803063E-1
6.961750E+3	9.808529E-1
6.962000E+3	9.809937E-1
6.962250E+3	9.805441E-1
6.962500E+3	9.803621E-1
6.962750E+3	9.807279E-1
6.963000E+3	9.810460E-1
6.963250E+3	9.810319E-1
6.963500E+3	9.810203E-1
6.963750E+3	9.811165E-1
6.964000E+3	9.809596E-1
6.964250E+3	9.804306E-1
6.964500E+3	9.798672E-1
6.964750E+3	9.794694E-1
6.965000E+3	9.790923E-1
6.965250E+3	9.786863E-1
6.965500E+3	9.784967E-1
6.965750E+3	9.787251E-1
6.966000E+3	9.792936E-1
6.966250E+3	9.799113E-1
6.966500E+3	9.801819E-1
6.966750E+3	9.798366E-1
6.967000E+3	9.790954E-1
6.967250E+3	9.785805E-1
6.967500E+3	9.785947E-1
6.967750E+3	9.787643E-1
6.968000E+3	9.786855E-1
6.968250E+3	9.785781E-1
6.968500E+3	9.788400E-1
6.968750E+3	9.792377E-1
6.969000E+3	9.791367E-1
6.969250E+3	9.784297E-1
6.969500E+3	9.777316E-1
6.969750E+3	9.775867E-1
6.970000E+3	9.779407E-1
6.970250E+3	9.784414E-1
6.970500E+3	9.788494E-1
6.970750E+3	9.790740E-1
6.971000E+3	9.791265E-1
6.971250E+3	9.791458E-1
6.971500E+3	9.792365E-1
6.971750E+3	9.792707E-1
6.972000E+3	9.791028E-1
6.972250E+3	9.789207E-1
6.972500E+3	9.790355E-1
6.972750E+3	9.793473E-1
6.973000E+3	9.794209E-1
6.973250E+3	9.791223E-1
6.973500E+3	9.788230E-1
6.973750E+3	9.788289E-1
6.974000E+3	9.790109E-1
6.974250E+3	9.791848E-1
6.974500E+3	9.794588E-1
6.974750E+3	9.799464E-1
6.975000E+3	9.804333E-1
6.975250E+3	9.806348E-1
6.975500E+3	9.805997E-1
6.975750E+3	9.805615E-1
6.976000E+3	9.805376E-1
6.976250E+3	9.804123E-1
6.976500E+3	9.803162E-1
6.976750E+3	9.805533E-1
6.977000E+3	9.811096E-1
6.977250E+3	9.815330E-1
6.977500E+3	9.814713E-1
6.977750E+3	9.811209E-1
6.978000E+3	9.809407E-1
6.978250E+3	9.811023E-1
6.978500E+3	9.814023E-1
6.978750E+3	9.816676E-1
6.979000E+3	9.819915E-1
6.979250E+3	9.824406E-1
6.979500E+3	9.827504E-1
6.979750E+3	9.826046E-1
6.980000E+3	9.821633E-1
6.980250E+3	9.819961E-1
6.980500E+3	9.824004E-1
6.980750E+3	9.829950E-1
6.981000E+3	9.832335E-1
6.981250E+3	9.831104E-1
6.981500E+3	9.830683E-1
6.981750E+3	9.833304E-1
6.982000E+3	9.836518E-1
6.982250E+3	9.837757E-1
6.982500E+3	9.837812E-1
6.982750E+3	9.838503E-1
6.983000E+3	9.839659E-1
6.983250E+3	9.840218E-1
6.983500E+3	9.840405E-1
6.983750E+3	9.840951E-1
6.984000E+3	9.841594E-1
6.984250E+3	9.842041E-1
6.984500E+3	9.843192E-1
6.984750E+3	9.845828E-1
6.985000E+3	9.849207E-1
6.985250E+3	9.852389E-1
6.985500E+3	9.855639E-1
6.985750E+3	9.858912E-1
6.986000E+3	9.860465E-1
6.986250E+3	9.859192E-1
6.986500E+3	9.857251E-1
6.986750E+3	9.857956E-1
6.987000E+3	9.861294E-1
6.987250E+3	9.863892E-1
6.987500E+3	9.863575E-1
6.987750E+3	9.861788E-1
6.988000E+3	9.861366E-1
6.988250E+3	9.863711E-1
6.988500E+3	9.868339E-1
6.988750E+3	9.873259E-1
6.989000E+3	9.875588E-1
6.989250E+3	9.874004E-1
6.989500E+3	9.871100E-1
6.989750E+3	9.871400E-1
6.990000E+3	9.876156E-1
6.990250E+3	9.881767E-1
6.990500E+3	9.884568E-1
6.990750E+3	9.884984E-1
6.991000E+3	9.885566E-1
6.991250E+3	9.887001E-1
6.991500E+3	9.888197E-1
6.991750E+3	9.889205E-1
6.992000E+3	9.891375E-1
6.992250E+3	9.894706E-1
6.992500E+3	9.897267E-1
6.992750E+3	9.897946E-1
6.993000E+3	9.897997E-1
6.993250E+3	9.899020E-1
6.993500E+3	9.900788E-1
6.993750E+3	9.902180E-1
6.994000E+3	9.903169E-1
6.994250E+3	9.904511E-1
6.994500E+3	9.906060E-1
6.994750E+3	9.907003E-1
6.995000E+3	9.907709E-1
6.995250E+3	9.909612E-1
6.995500E+3	9.912780E-1
6.995750E+3	9.915237E-1
6.996000E+3	9.915796E-1
6.996250E+3	9.916130E-1
6.996500E+3	9.918293E-1
6.996750E+3	9.921257E-1
6.997000E+3	9.922276E-1
6.997250E+3	9.921320E-1
6.997500E+3	9.921536E-1
6.997750E+3	9.924580E-1
6.998000E+3	9.928188E-1
6.998250E+3	9.929743E-1
6.998500E+3	9.929956E-1
6.998750E+3	9.931073E-1
6.999000E+3	9.933108E-1
6.999250E+3	9.934394E-1
6.999500E+3	9.934827E-1
6.999750E+3	9.935885E-1
7.000000E+3	9.937748E-1
7.000250E+3	9.938958E-1
7.000500E+3	9.939175E-1
7.000750E+3	9.939944E-1
7.001000E+3	9.942038E-1
7.001250E+3	9.944084E-1
7.001500E+3	9.944799E-1
7.001750E+3	9.944958E-1
7.002000E+3	9.945906E-1
7.002250E+3	9.947421E-1
7.002500E+3	9.948470E-1
7.002750E+3	9.949138E-1
7.003000E+3	9.950365E-1
7.003250E+3	9.952169E-1
7.003500E+3	9.953587E-1
7.003750E+3	9.954306E-1
7.004000E+3	9.955150E-1
7.004250E+3	9.956677E-1
7.004500E+3	9.958304E-1
7.004750E+3	9.959362E-1
7.005000E+3	9.960218E-1
7.005250E+3	9.961658E-1
7.005500E+3	9.963636E-1
7.005750E+3	9.965410E-1
7.006000E+3	9.966700E-1
7.006250E+3	9.967909E-1
7.006500E+3	9.969265E-1
7.006750E+3	9.970513E-1
7.007000E+3	9.971557E-1
7.007250E+3	9.972663E-1
7.007500E+3	9.973795E-1
7.007750E+3	9.974433E-1
7.008000E+3	9.974375E-1
7.008250E+3	9.974161E-1
7.008500E+3	9.974291E-1
7.008750E+3	9.974470E-1
7.009000E+3	9.974037E-1
7.009250E+3	9.972813E-1
7.009500E+3	9.971147E-1
7.009750E+3	9.969388E-1
7.010000E+3	9.967682E-1
7.010250E+3	9.966113E-1
7.010500E+3	9.964629E-1
7.010750E+3	9.962860E-1
7.011000E+3	9.960426E-1
7.011250E+3	9.957498E-1
7.011500E+3	9.954791E-1
7.011750E+3	9.952811E-1
7.012000E+3	9.951305E-1
7.012250E+3	9.949691E-1
7.012500E+3	9.947870E-1
7.012750E+3	9.946252E-1
7.013000E+3	9.945063E-1
7.013250E+3	9.944048E-1
7.013500E+3	9.942995E-1
7.013750E+3	9.942114E-1
7.014000E+3	9.941587E-1
7.014250E+3	9.941113E-1
7.014500E+3	9.940355E-1
7.014750E+3	9.939647E-1
7.015000E+3	9.939667E-1
7.015250E+3	9.940372E-1
7.015500E+3	9.940821E-1
7.015750E+3	9.940330E-1
7.016000E+3	9.939436E-1
7.016250E+3	9.939285E-1
7.016500E+3	9.940244E-1
7.016750E+3	9.941516E-1
7.017000E+3	9.942175E-1
7.017250E+3	9.942202E-1
7.017500E+3	9.942244E-1
7.017750E+3	9.942527E-1
7.018000E+3	9.942477E-1
7.018250E+3	9.941651E-1
7.018500E+3	9.940686E-1
7.018750E+3	9.940697E-1
7.019000E+3	9.941757E-1
7.019250E+3	9.942685E-1
7.019500E+3	9.942708E-1
7.019750E+3	9.942607E-1
7.020000E+3	9.943449E-1
7.020250E+3	9.944791E-1
7.020500E+3	9.945238E-1
7.020750E+3	9.944554E-1
7.021000E+3	9.944002E-1
7.021250E+3	9.944400E-1
7.021500E+3	9.945041E-1
7.021750E+3	9.945028E-1
7.022000E+3	9.944605E-1
7.022250E+3	9.944434E-1
7.022500E+3	9.944424E-1
7.022750E+3	9.944137E-1
7.023000E+3	9.943728E-1
7.023250E+3	9.943612E-1
7.023500E+3	9.943689E-1
7.023750E+3	9.943683E-1
7.024000E+3	9.943729E-1
7.024250E+3	9.943852E-1
7.024500E+3	9.943476E-1
7.024750E+3	9.942427E-1
7.025000E+3	9.941753E-1
7.025250E+3	9.942381E-1
7.025500E+3	9.943433E-1
7.025750E+3	9.943305E-1
7.026000E+3	9.942145E-1
7.026250E+3	9.941656E-1
7.026500E+3	9.942411E-1
7.026750E+3	9.943057E-1
7.027000E+3	9.942635E-1
7.027250E+3	9.942060E-1
7.027500E+3	9.942451E-1
7.027750E+3	9.943325E-1
7.028000E+3	9.943609E-1
7.028250E+3	9.943452E-1
7.028500E+3	9.943755E-1
7.028750E+3	9.944551E-1
7.029000E+3	9.945074E-1
7.029250E+3	9.945066E-1
7.029500E+3	9.944858E-1
7.029750E+3	9.944412E-1
7.030000E+3	9.943487E-1
7.030250E+3	9.942733E-1
7.030500E+3	9.943230E-1
7.030750E+3	9.944554E-1
7.031000E+3	9.944632E-1
7.031250E+3	9.942459E-1
7.031500E+3	9.940038E-1
7.031750E+3	9.940148E-1
7.032000E+3	9.942531E-1
7.032250E+3	9.944092E-1
7.032500E+3	9.943179E-1
7.032750E+3	9.941951E-1
7.033000E+3	9.943192E-1
7.033250E+3	9.946156E-1
7.033500E+3	9.947689E-1
7.033750E+3	9.947025E-1
7.034000E+3	9.946789E-1
7.034250E+3	9.948538E-1
7.034500E+3	9.949948E-1
7.034750E+3	9.948324E-1
7.035000E+3	9.945001E-1
7.035250E+3	9.943669E-1
7.035500E+3	9.945278E-1
7.035750E+3	9.947086E-1
7.036000E+3	9.947000E-1
7.036250E+3	9.946104E-1
7.036500E+3	9.946119E-1
7.036750E+3	9.946643E-1
7.037000E+3	9.946435E-1
7.037250E+3	9.945886E-1
7.037500E+3	9.946413E-1
7.037750E+3	9.948165E-1
7.038000E+3	9.949830E-1
7.038250E+3	9.950535E-1
7.038500E+3	9.950604E-1
7.038750E+3	9.950584E-1
7.039000E+3	9.950479E-1
7.039250E+3	9.950057E-1
7.039500E+3	9.949270E-1
7.039750E+3	9.948308E-1
7.040000E+3	9.947674E-1
7.040250E+3	9.948106E-1
7.040500E+3	9.949842E-1
7.040750E+3	9.951946E-1
7.041000E+3	9.952988E-1
7.041250E+3	9.952576E-1
7.041500E+3	9.951840E-1
7.041750E+3	9.952165E-1
7.042000E+3	9.953702E-1
7.042250E+3	9.955525E-1
7.042500E+3	9.956912E-1
7.042750E+3	9.957893E-1
7.043000E+3	9.958526E-1
7.043250E+3	9.958357E-1
7.043500E+3	9.957224E-1
7.043750E+3	9.956146E-1
7.044000E+3	9.956363E-1
7.044250E+3	9.957692E-1
7.044500E+3	9.958859E-1
7.044750E+3	9.959262E-1
7.045000E+3	9.959466E-1
7.045250E+3	9.959826E-1
7.045500E+3	9.959964E-1
7.045750E+3	9.959964E-1
7.046000E+3	9.960673E-1
7.046250E+3	9.962005E-1
7.046500E+3	9.962408E-1
7.046750E+3	9.961031E-1
7.047000E+3	9.959339E-1
7.047250E+3	9.959250E-1
7.047500E+3	9.960504E-1
7.047750E+3	9.961324E-1
7.048000E+3	9.960945E-1
7.048250E+3	9.960257E-1
7.048500E+3	9.960421E-1
7.048750E+3	9.961894E-1
7.049000E+3	9.964149E-1
7.049250E+3	9.965617E-1
7.049500E+3	9.964933E-1
7.049750E+3	9.962886E-1
7.050000E+3	9.961725E-1
7.050250E+3	9.961868E-1
7.050500E+3	9.961306E-1
7.050750E+3	9.959604E-1
7.051000E+3	9.959705E-1
7.051250E+3	9.963119E-1
7.051500E+3	9.966131E-1
7.051750E+3	9.964241E-1
7.052000E+3	9.959408E-1
7.052250E+3	9.957826E-1
7.052500E+3	9.961009E-1
7.052750E+3	9.964406E-1
7.053000E+3	9.964569E-1
7.053250E+3	9.963454E-1
7.053500E+3	9.963870E-1
7.053750E+3	9.964878E-1
7.054000E+3	9.964270E-1
7.054250E+3	9.962441E-1
7.054500E+3	9.960995E-1
7.054750E+3	9.959937E-1
7.055000E+3	9.958763E-1
7.055250E+3	9.958274E-1
7.055500E+3	9.958860E-1
7.055750E+3	9.958858E-1
7.056000E+3	9.956999E-1
7.056250E+3	9.954967E-1
7.056500E+3	9.955110E-1
7.056750E+3	9.956828E-1
7.057000E+3	9.957700E-1
7.057250E+3	9.957164E-1
7.057500E+3	9.956563E-1
7.057750E+3	9.956282E-1
7.058000E+3	9.955370E-1
7.058250E+3	9.953958E-1
7.058500E+3	9.953639E-1
7.058750E+3	9.954993E-1
7.059000E+3	9.956595E-1
7.059250E+3	9.957033E-1
7.059500E+3	9.956464E-1
7.059750E+3	9.955570E-1
7.060000E+3	9.954329E-1
7.060250E+3	9.952585E-1
7.060500E+3	9.950961E-1
7.060750E+3	9.950315E-1
7.061000E+3	9.950604E-1
7.061250E+3	9.950897E-1
7.061500E+3	9.950331E-1
7.061750E+3	9.948831E-1
7.062000E+3	9.947127E-1
7.062250E+3	9.946151E-1
7.062500E+3	9.946318E-1
7.062750E+3	9.947163E-1
7.063000E+3	9.947724E-1
7.063250E+3	9.947593E-1
7.063500E+3	9.947312E-1
7.063750E+3	9.947010E-1
7.064000E+3	9.944918E-1
7.064250E+3	9.938960E-1
7.064500E+3	9.930789E-1
7.064750E+3	9.926549E-1
7.065000E+3	9.930582E-1
7.065250E+3	9.938733E-1
7.065500E+3	9.942338E-1
7.065750E+3	9.939338E-1
7.066000E+3	9.937023E-1
7.066250E+3	9.941327E-1
7.066500E+3	9.947776E-1
7.066750E+3	9.947866E-1
7.067000E+3	9.941815E-1
7.067250E+3	9.937731E-1
7.067500E+3	9.939034E-1
7.067750E+3	9.940485E-1
7.068000E+3	9.937513E-1
7.068250E+3	9.933599E-1
7.068500E+3	9.933658E-1
7.068750E+3	9.935645E-1
7.069000E+3	9.934150E-1
7.069250E+3	9.929275E-1
7.069500E+3	9.926602E-1
7.069750E+3	9.928494E-1
7.070000E+3	9.931252E-1
7.070250E+3	9.931617E-1
7.070500E+3	9.931688E-1
7.070750E+3	9.934965E-1
7.071000E+3	9.940159E-1
7.071250E+3	9.942041E-1
7.071500E+3	9.938159E-1
7.071750E+3	9.932403E-1
7.072000E+3	9.930388E-1
7.072250E+3	9.932634E-1
7.072500E+3	9.934210E-1
7.072750E+3	9.931468E-1
7.073000E+3	9.926593E-1
7.073250E+3	9.923817E-1
7.073500E+3	9.923906E-1
7.073750E+3	9.924630E-1
7.074000E+3	9.925427E-1
7.074250E+3	9.927602E-1
7.074500E+3	9.930210E-1
7.074750E+3	9.930263E-1
7.075000E+3	9.928096E-1
7.075250E+3	9.927832E-1
7.075500E+3	9.930490E-1
7.075750E+3	9.932030E-1
7.076000E+3	9.930579E-1
7.076250E+3	9.930440E-1
7.076500E+3	9.934607E-1
7.076750E+3	9.938324E-1
7.077000E+3	9.936366E-1
7.077250E+3	9.932732E-1
7.077500E+3	9.934379E-1
7.077750E+3	9.938271E-1
7.078000E+3	9.933790E-1
7.078250E+3	9.919489E-1
7.078500E+3	9.908168E-1
7.078750E+3	9.910688E-1
7.079000E+3	9.922855E-1
7.079250E+3	9.932289E-1
7.079500E+3	9.932956E-1
7.079750E+3	9.928561E-1
7.080000E+3	9.925451E-1
7.080250E+3	9.926930E-1
7.080500E+3	9.932123E-1
7.080750E+3	9.936424E-1
7.081000E+3	9.935349E-1
7.081250E+3	9.930856E-1
7.081500E+3	9.930290E-1
7.081750E+3	9.935752E-1
7.082000E+3	9.939650E-1
7.082250E+3	9.936008E-1
7.082500E+3	9.929907E-1
7.082750E+3	9.929259E-1
7.083000E+3	9.931950E-1
7.083250E+3	9.930764E-1
7.083500E+3	9.928277E-1
7.083750E+3	9.934043E-1
7.084000E+3	9.946941E-1
7.084250E+3	9.953056E-1
7.084500E+3	9.946678E-1
7.084750E+3	9.939519E-1
7.085000E+3	9.941906E-1
7.085250E+3	9.946802E-1
7.085500E+3	9.942511E-1
7.085750E+3	9.932997E-1
7.086000E+3	9.930831E-1
7.086250E+3	9.935618E-1
7.086500E+3	9.935439E-1
7.086750E+3	9.927826E-1
7.087000E+3	9.925140E-1
7.087250E+3	9.934735E-1
7.087500E+3	9.946859E-1
7.087750E+3	9.949760E-1
7.088000E+3	9.945927E-1
7.088250E+3	9.945220E-1
7.088500E+3	9.948843E-1
7.088750E+3	9.949614E-1
7.089000E+3	9.944534E-1
7.089250E+3	9.938759E-1
7.089500E+3	9.938074E-1
7.089750E+3	9.942773E-1
7.090000E+3	9.948747E-1
7.090250E+3	9.950992E-1
7.090500E+3	9.946814E-1
7.090750E+3	9.939495E-1
7.091000E+3	9.937056E-1
7.091250E+3	9.943221E-1
7.091500E+3	9.952405E-1
7.091750E+3	9.956669E-1
7.092000E+3	9.955480E-1
7.092250E+3	9.953883E-1
7.092500E+3	9.953078E-1
7.092750E+3	9.949864E-1
7.093000E+3	9.944809E-1
7.093250E+3	9.944143E-1
7.093500E+3	9.949576E-1
7.093750E+3	9.953978E-1
7.094000E+3	9.950547E-1
7.094250E+3	9.942991E-1
7.094500E+3	9.941656E-1
7.094750E+3	9.949308E-1
7.095000E+3	9.957630E-1
7.095250E+3	9.957888E-1
7.095500E+3	9.951657E-1
7.095750E+3	9.947648E-1
7.096000E+3	9.950421E-1
7.096250E+3	9.956601E-1
7.096500E+3	9.960875E-1
7.096750E+3	9.961842E-1
7.097000E+3	9.960457E-1
7.097250E+3	9.957404E-1
7.097500E+3	9.954706E-1
7.097750E+3	9.955465E-1
7.098000E+3	9.958774E-1
7.098250E+3	9.959095E-1
7.098500E+3	9.953741E-1
7.098750E+3	9.947646E-1
7.099000E+3	9.947079E-1
7.099250E+3	9.951532E-1
7.099500E+3	9.956354E-1
7.099750E+3	9.960660E-1
7.100000E+3	9.965637E-1
7.100250E+3	9.967796E-1
7.100500E+3	9.962400E-1
7.100750E+3	9.953564E-1
7.101000E+3	9.951042E-1
7.101250E+3	9.956125E-1
7.101500E+3	9.960003E-1
7.101750E+3	9.956580E-1
7.102000E+3	9.950491E-1
7.102250E+3	9.948224E-1
7.102500E+3	9.949414E-1
7.102750E+3	9.951073E-1
7.103000E+3	9.953468E-1
7.103250E+3	9.957695E-1
7.103500E+3	9.961444E-1
7.103750E+3	9.961261E-1
7.104000E+3	9.956634E-1
7.104250E+3	9.949756E-1
7.104500E+3	9.943900E-1
7.104750E+3	9.942403E-1
7.105000E+3	9.945544E-1
7.105250E+3	9.949369E-1
7.105500E+3	9.950611E-1
7.105750E+3	9.951021E-1
7.106000E+3	9.953301E-1
7.106250E+3	9.954868E-1
7.106500E+3	9.951912E-1
7.106750E+3	9.946837E-1
7.107000E+3	9.945288E-1
7.107250E+3	9.947008E-1
7.107500E+3	9.948129E-1
7.107750E+3	9.949687E-1
7.108000E+3	9.953659E-1
7.108250E+3	9.953837E-1
7.108500E+3	9.943376E-1
7.108750E+3	9.929354E-1
7.109000E+3	9.926164E-1
7.109250E+3	9.933885E-1
7.109500E+3	9.938972E-1
7.109750E+3	9.938265E-1
7.110000E+3	9.942994E-1
7.110250E+3	9.954750E-1
7.110500E+3	9.957109E-1
7.110750E+3	9.942720E-1
7.111000E+3	9.928340E-1
7.111250E+3	9.930928E-1
7.111500E+3	9.943530E-1
7.111750E+3	9.948598E-1
7.112000E+3	9.944801E-1
7.112250E+3	9.942778E-1
7.112500E+3	9.943956E-1
7.112750E+3	9.941943E-1
7.113000E+3	9.938927E-1
7.113250E+3	9.942584E-1
7.113500E+3	9.948719E-1
7.113750E+3	9.944643E-1
7.114000E+3	9.930930E-1
7.114250E+3	9.923474E-1
7.114500E+3	9.930562E-1
7.114750E+3	9.942170E-1
7.115000E+3	9.946246E-1
7.115250E+3	9.943754E-1
7.115500E+3	9.942084E-1
7.115750E+3	9.942752E-1
7.116000E+3	9.942031E-1
7.116250E+3	9.939180E-1
7.116500E+3	9.937794E-1
7.116750E+3	9.939870E-1
7.117000E+3	9.941712E-1
7.117250E+3	9.937183E-1
7.117500E+3	9.926278E-1
7.117750E+3	9.917627E-1
7.118000E+3	9.918613E-1
7.118250E+3	9.925039E-1
7.118500E+3	9.927267E-1
7.118750E+3	9.926114E-1
7.119000E+3	9.931234E-1
7.119250E+3	9.941926E-1
7.119500E+3	9.944094E-1
7.119750E+3	9.933556E-1
7.120000E+3	9.926409E-1
7.120250E+3	9.935056E-1
7.120500E+3	9.946964E-1
7.120750E+3	9.943115E-1
7.121000E+3	9.927146E-1
7.121250E+3	9.918485E-1
7.121500E+3	9.922387E-1
7.121750E+3	9.924444E-1
7.122000E+3	9.918442E-1
7.122250E+3	9.916627E-1
7.122500E+3	9.925815E-1
7.122750E+3	9.933541E-1
7.123000E+3	9.928234E-1
7.123250E+3	9.917973E-1
7.123500E+3	9.917401E-1
7.123750E+3	9.925813E-1
7.124000E+3	9.931033E-1
7.124250E+3	9.929759E-1
7.124500E+3	9.929837E-1
7.124750E+3	9.933915E-1
7.125000E+3	9.932687E-1
7.125250E+3	9.919469E-1
7.125500E+3	9.903920E-1
7.125750E+3	9.902567E-1
7.126000E+3	9.916554E-1
7.126250E+3	9.929136E-1
7.126500E+3	9.926529E-1
7.126750E+3	9.915028E-1
7.127000E+3	9.911691E-1
7.127250E+3	9.919216E-1
7.127500E+3	9.923796E-1
7.127750E+3	9.918245E-1
7.128000E+3	9.911844E-1
7.128250E+3	9.914378E-1
7.128500E+3	9.922162E-1
7.128750E+3	9.925403E-1
7.129000E+3	9.922623E-1
7.129250E+3	9.918548E-1
7.129500E+3	9.915195E-1
7.129750E+3	9.913344E-1
7.130000E+3	9.914676E-1
7.130250E+3	9.916060E-1
7.130500E+3	9.910599E-1
7.130750E+3	9.900952E-1
7.131000E+3	9.901505E-1
7.131250E+3	9.915472E-1
7.131500E+3	9.925011E-1
7.131750E+3	9.916573E-1
7.132000E+3	9.902449E-1
7.132250E+3	9.901757E-1
7.132500E+3	9.908945E-1
7.132750E+3	9.905827E-1
7.133000E+3	9.894204E-1
7.133250E+3	9.893451E-1
7.133500E+3	9.907814E-1
7.133750E+3	9.918097E-1
7.134000E+3	9.912843E-1
7.134250E+3	9.904166E-1
7.134500E+3	9.905762E-1
7.134750E+3	9.914282E-1
7.135000E+3	9.919612E-1
7.135250E+3	9.918662E-1
7.135500E+3	9.912533E-1
7.135750E+3	9.902588E-1
7.136000E+3	9.892764E-1
7.136250E+3	9.885227E-1
7.136500E+3	9.874851E-1
7.136750E+3	9.860005E-1
7.137000E+3	9.855578E-1
7.137250E+3	9.874805E-1
7.137500E+3	9.904236E-1
7.137750E+3	9.914864E-1
7.138000E+3	9.901237E-1
7.138250E+3	9.891641E-1
7.138500E+3	9.903603E-1
7.138750E+3	9.920563E-1
7.139000E+3	9.922691E-1
7.139250E+3	9.916319E-1
7.139500E+3	9.915462E-1
7.139750E+3	9.914881E-1
7.140000E+3	9.903993E-1
7.140250E+3	9.891138E-1
7.140500E+3	9.890635E-1
7.140750E+3	9.896590E-1
7.141000E+3	9.894313E-1
7.141250E+3	9.885769E-1
7.141500E+3	9.882801E-1
7.141750E+3	9.883856E-1
7.142000E+3	9.879937E-1
7.142250E+3	9.875328E-1
7.142500E+3	9.880578E-1
7.142750E+3	9.889013E-1
7.143000E+3	9.885278E-1
7.143250E+3	9.872998E-1
7.143500E+3	9.869954E-1
7.143750E+3	9.877367E-1
7.144000E+3	9.879341E-1
7.144250E+3	9.871755E-1
7.144500E+3	9.869679E-1
7.144750E+3	9.879253E-1
7.145000E+3	9.884951E-1
7.145250E+3	9.877059E-1
7.145500E+3	9.868687E-1
7.145750E+3	9.874959E-1
7.146000E+3	9.887630E-1
7.146250E+3	9.891327E-1
7.146500E+3	9.886177E-1
7.146750E+3	9.882093E-1
7.147000E+3	9.882255E-1
7.147250E+3	9.883838E-1
7.147500E+3	9.888685E-1
7.147750E+3	9.898368E-1
7.148000E+3	9.905847E-1
7.148250E+3	9.905091E-1
7.148500E+3	9.902454E-1
7.148750E+3	9.906248E-1
7.149000E+3	9.909125E-1
7.149250E+3	9.898351E-1
7.149500E+3	9.879448E-1
7.149750E+3	9.874641E-1
7.150000E+3	9.891103E-1
7.150250E+3	9.907760E-1
7.150500E+3	9.905427E-1
7.150750E+3	9.891715E-1
7.151000E+3	9.888121E-1
7.151250E+3	9.899710E-1
7.151500E+3	9.911074E-1
7.151750E+3	9.907988E-1
7.152000E+3	9.895097E-1
7.152250E+3	9.887867E-1
7.152500E+3	9.893503E-1
7.152750E+3	9.904447E-1
7.153000E+3	9.906900E-1
7.153250E+3	9.898311E-1
7.153500E+3	9.891842E-1
7.153750E+3	9.898963E-1
7.154000E+3	9.911008E-1
7.154250E+3	9.909317E-1
7.154500E+3	9.895162E-1
7.154750E+3	9.892953E-1
7.155000E+3	9.914040E-1
7.155250E+3	9.934485E-1
7.155500E+3	9.925660E-1
7.155750E+3	9.894389E-1
7.156000E+3	9.877073E-1
7.156250E+3	9.890444E-1
7.156500E+3	9.912276E-1
7.156750E+3	9.918673E-1
7.157000E+3	9.918041E-1
7.157250E+3	9.929751E-1
7.157500E+3	9.947024E-1
7.157750E+3	9.946657E-1
7.158000E+3	9.925726E-1
7.158250E+3	9.906309E-1
7.158500E+3	9.905172E-1
7.158750E+3	9.916067E-1
7.159000E+3	9.923408E-1
7.159250E+3	9.922351E-1
7.159500E+3	9.917810E-1
7.159750E+3	9.914399E-1
7.160000E+3	9.913841E-1
7.160250E+3	9.916018E-1
7.160500E+3	9.918978E-1
7.160750E+3	9.920625E-1
7.161000E+3	9.921623E-1
7.161250E+3	9.924169E-1
7.161500E+3	9.928121E-1
7.161750E+3	9.931642E-1
7.162000E+3	9.934710E-1
7.162250E+3	9.938022E-1
7.162500E+3	9.940198E-1
7.162750E+3	9.940096E-1
7.163000E+3	9.939783E-1
7.163250E+3	9.940198E-1
7.163500E+3	9.938258E-1
7.163750E+3	9.933459E-1
7.164000E+3	9.932373E-1
7.164250E+3	9.938686E-1
7.164500E+3	9.945319E-1
7.164750E+3	9.943542E-1
7.165000E+3	9.938287E-1
7.165250E+3	9.941038E-1
7.165500E+3	9.950410E-1
7.165750E+3	9.952488E-1
7.166000E+3	9.943440E-1
7.166250E+3	9.938222E-1
7.166500E+3	9.946350E-1
7.166750E+3	9.957964E-1
7.167000E+3	9.955190E-1
7.167250E+3	9.940614E-1
7.167500E+3	9.934380E-1
7.167750E+3	9.945917E-1
7.168000E+3	9.961204E-1
7.168250E+3	9.959794E-1
7.168500E+3	9.945171E-1
7.168750E+3	9.938232E-1
7.169000E+3	9.946295E-1
7.169250E+3	9.947777E-1
7.169500E+3	9.925541E-1
7.169750E+3	9.898491E-1
7.170000E+3	9.898050E-1
7.170250E+3	9.924506E-1
7.170500E+3	9.945630E-1
7.170750E+3	9.943161E-1
7.171000E+3	9.935651E-1
7.171250E+3	9.943422E-1
7.171500E+3	9.956147E-1
7.171750E+3	9.956399E-1
7.172000E+3	9.947211E-1
7.172250E+3	9.940515E-1
7.172500E+3	9.933497E-1
7.172750E+3	9.920811E-1
7.173000E+3	9.914437E-1
7.173250E+3	9.925019E-1
7.173500E+3	9.936540E-1
7.173750E+3	9.931708E-1
7.174000E+3	9.923640E-1
7.174250E+3	9.933196E-1
7.174500E+3	9.948689E-1
7.174750E+3	9.943915E-1
7.175000E+3	9.925788E-1
7.175250E+3	9.921017E-1
7.175500E+3	9.925363E-1
7.175750E+3	9.910643E-1
7.176000E+3	9.882588E-1
7.176250E+3	9.879315E-1
7.176500E+3	9.906328E-1
7.176750E+3	9.921036E-1
7.177000E+3	9.905754E-1
7.177250E+3	9.897597E-1
7.177500E+3	9.921122E-1
7.177750E+3	9.945850E-1
7.178000E+3	9.938776E-1
7.178250E+3	9.922241E-1
7.178500E+3	9.929154E-1
7.178750E+3	9.942051E-1
7.179000E+3	9.926749E-1
7.179250E+3	9.896188E-1
7.179500E+3	9.891770E-1
7.179750E+3	9.913344E-1
7.180000E+3	9.921232E-1
7.180250E+3	9.903061E-1
7.180500E+3	9.884478E-1
7.180750E+3	9.884400E-1
7.181000E+3	9.893412E-1
7.181250E+3	9.898407E-1
7.181500E+3	9.898406E-1
7.181750E+3	9.892276E-1
7.182000E+3	9.880879E-1
7.182250E+3	9.878697E-1
7.182500E+3	9.896654E-1
7.182750E+3	9.918341E-1
7.183000E+3	9.918851E-1
7.183250E+3	9.903656E-1
7.183500E+3	9.898957E-1
7.183750E+3	9.908525E-1
7.184000E+3	9.909179E-1
7.184250E+3	9.893882E-1
7.184500E+3	9.880846E-1
7.184750E+3	9.880884E-1
7.185000E+3	9.888474E-1
7.185250E+3	9.899677E-1
7.185500E+3	9.911925E-1
7.185750E+3	9.909169E-1
7.186000E+3	9.880097E-1
7.186250E+3	9.850245E-1
7.186500E+3	9.853310E-1
7.186750E+3	9.885088E-1
7.187000E+3	9.906130E-1
7.187250E+3	9.894153E-1
7.187500E+3	9.873698E-1
7.187750E+3	9.865195E-1
7.188000E+3	9.860334E-1
7.188250E+3	9.851784E-1
7.188500E+3	9.848522E-1
7.188750E+3	9.851213E-1
7.189000E+3	9.846716E-1
7.189250E+3	9.834204E-1
7.189500E+3	9.828100E-1
7.189750E+3	9.824644E-1
7.190000E+3	9.804105E-1
7.190250E+3	9.774113E-1
7.190500E+3	9.769019E-1
7.190750E+3	9.798505E-1
7.191000E+3	9.829283E-1
7.191250E+3	9.829592E-1
7.191500E+3	9.812156E-1
7.191750E+3	9.803777E-1
7.192000E+3	9.808390E-1
7.192250E+3	9.822799E-1
7.192500E+3	9.846414E-1
7.192750E+3	9.864203E-1
7.193000E+3	9.855109E-1
7.193250E+3	9.819935E-1
7.193500E+3	9.792354E-1
7.193750E+3	9.796370E-1
7.194000E+3	9.805712E-1
7.194250E+3	9.801904E-1
7.194500E+3	9.803878E-1
7.194750E+3	9.825592E-1
7.195000E+3	9.840365E-1
7.195250E+3	9.828978E-1
7.195500E+3	9.815285E-1
7.195750E+3	9.827093E-1
7.196000E+3	9.848261E-1
7.196250E+3	9.851012E-1
7.196500E+3	9.841753E-1
7.196750E+3	9.835588E-1
7.197000E+3	9.821581E-1
7.197250E+3	9.794400E-1
7.197500E+3	9.784031E-1
7.197750E+3	9.803440E-1
7.198000E+3	9.797336E-1
7.198250E+3	9.711442E-1
7.198500E+3	9.596824E-1
7.198750E+3	9.566481E-1
7.199000E+3	9.630698E-1
7.199250E+3	9.698348E-1
7.199500E+3	9.717119E-1
7.199750E+3	9.719413E-1
7.200000E+3	9.749454E-1
7.200250E+3	9.781755E-1
7.200500E+3	9.780186E-1
7.200750E+3	9.768944E-1
7.201000E+3	9.792804E-1
7.201250E+3	9.842207E-1
7.201500E+3	9.867047E-1
7.201750E+3	9.847551E-1
7.202000E+3	9.815585E-1
7.202250E+3	9.805774E-1
7.202500E+3	9.822334E-1
7.202750E+3	9.846796E-1
7.203000E+3	9.860791E-1
7.203250E+3	9.864017E-1
7.203500E+3	9.864942E-1
7.203750E+3	9.864450E-1
7.204000E+3	9.852355E-1
7.204250E+3	9.826954E-1
7.204500E+3	9.804584E-1
7.204750E+3	9.805230E-1
7.205000E+3	9.828777E-1
7.205250E+3	9.852336E-1
7.205500E+3	9.863379E-1
7.205750E+3	9.867125E-1
7.206000E+3	9.867637E-1
7.206250E+3	9.866678E-1
7.206500E+3	9.876542E-1
7.206750E+3	9.905981E-1
7.207000E+3	9.932306E-1
7.207250E+3	9.925953E-1
7.207500E+3	9.892476E-1
7.207750E+3	9.868278E-1
7.208000E+3	9.872570E-1
7.208250E+3	9.883810E-1
7.208500E+3	9.882900E-1
7.208750E+3	9.880750E-1
7.209000E+3	9.891042E-1
7.209250E+3	9.899974E-1
7.209500E+3	9.894999E-1
7.209750E+3	9.885986E-1
7.210000E+3	9.884824E-1
7.210250E+3	9.881438E-1
7.210500E+3	9.866977E-1
7.210750E+3	9.857184E-1
7.211000E+3	9.871404E-1
7.211250E+3	9.899265E-1
7.211500E+3	9.913528E-1
7.211750E+3	9.908613E-1
7.212000E+3	9.897421E-1
7.212250E+3	9.885410E-1
7.212500E+3	9.870764E-1
7.212750E+3	9.861573E-1
7.213000E+3	9.867939E-1
7.213250E+3	9.880528E-1
7.213500E+3	9.884560E-1
7.213750E+3	9.881405E-1
7.214000E+3	9.881245E-1
7.214250E+3	9.882545E-1
7.214500E+3	9.876984E-1
7.214750E+3	9.869548E-1
7.215000E+3	9.870240E-1
7.215250E+3	9.873554E-1
7.215500E+3	9.866973E-1
7.215750E+3	9.854310E-1
7.216000E+3	9.852787E-1
7.216250E+3	9.863970E-1
7.216500E+3	9.871867E-1
7.216750E+3	9.869056E-1
7.217000E+3	9.866390E-1
7.217250E+3	9.874065E-1
7.217500E+3	9.885908E-1
7.217750E+3	9.889018E-1
7.218000E+3	9.881174E-1
7.218250E+3	9.872632E-1
7.218500E+3	9.872402E-1
7.218750E+3	9.878896E-1
7.219000E+3	9.880119E-1
7.219250E+3	9.870290E-1
7.219500E+3	9.861471E-1
7.219750E+3	9.873323E-1
7.220000E+3	9.905090E-1
7.220250E+3	9.926808E-1
7.220500E+3	9.921064E-1
7.220750E+3	9.901259E-1
7.221000E+3	9.891844E-1
7.221250E+3	9.893320E-1
7.221500E+3	9.886517E-1
7.221750E+3	9.869063E-1
7.222000E+3	9.865433E-1
7.222250E+3	9.889208E-1
7.222500E+3	9.914665E-1
7.222750E+3	9.906687E-1
7.223000E+3	9.861889E-1
7.223250E+3	9.830557E-1
7.223500E+3	9.844832E-1
7.223750E+3	9.877972E-1
7.224000E+3	9.890104E-1
7.224250E+3	9.881228E-1
7.224500E+3	9.888339E-1
7.224750E+3	9.912993E-1
7.225000E+3	9.912490E-1
7.225250E+3	9.866788E-1
7.225500E+3	9.833060E-1
7.225750E+3	9.855457E-1
7.226000E+3	9.896494E-1
7.226250E+3	9.892261E-1
7.226500E+3	9.855440E-1
7.226750E+3	9.857393E-1
7.227000E+3	9.896301E-1
7.227250E+3	9.909372E-1
7.227500E+3	9.876113E-1
7.227750E+3	9.856879E-1
7.228000E+3	9.888081E-1
7.228250E+3	9.924557E-1
7.228500E+3	9.921118E-1
7.228750E+3	9.891231E-1
7.229000E+3	9.870246E-1
7.229250E+3	9.855746E-1
7.229500E+3	9.833117E-1
7.229750E+3	9.821912E-1
7.230000E+3	9.841696E-1
7.230250E+3	9.868862E-1
7.230500E+3	9.875396E-1
7.230750E+3	9.877183E-1
7.231000E+3	9.893234E-1
7.231250E+3	9.900813E-1
7.231500E+3	9.875290E-1
7.231750E+3	9.848832E-1
7.232000E+3	9.864088E-1
7.232250E+3	9.893077E-1
7.232500E+3	9.892158E-1
7.232750E+3	9.877212E-1
7.233000E+3	9.888168E-1
7.233250E+3	9.905211E-1
7.233500E+3	9.880311E-1
7.233750E+3	9.830722E-1
7.234000E+3	9.817896E-1
7.234250E+3	9.848394E-1
7.234500E+3	9.860214E-1
7.234750E+3	9.833832E-1
7.235000E+3	9.825667E-1
7.235250E+3	9.867903E-1
7.235500E+3	9.916009E-1
7.235750E+3	9.921614E-1
7.236000E+3	9.901707E-1
7.236250E+3	9.891018E-1
7.236500E+3	9.888616E-1
7.236750E+3	9.885854E-1
7.237000E+3	9.893342E-1
7.237250E+3	9.908488E-1
7.237500E+3	9.896715E-1
7.237750E+3	9.845120E-1
7.238000E+3	9.792097E-1
7.238250E+3	9.775607E-1
7.238500E+3	9.793128E-1
7.238750E+3	9.819424E-1
7.239000E+3	9.832676E-1
7.239250E+3	9.821957E-1
7.239500E+3	9.794710E-1
7.239750E+3	9.786041E-1
7.240000E+3	9.824908E-1
7.240250E+3	9.877729E-1
7.240500E+3	9.886571E-1
7.240750E+3	9.856230E-1
7.241000E+3	9.847901E-1
7.241250E+3	9.878597E-1
7.241500E+3	9.903384E-1
7.241750E+3	9.901692E-1
7.242000E+3	9.905542E-1
7.242250E+3	9.925550E-1
7.242500E+3	9.922932E-1
7.242750E+3	9.890582E-1
7.243000E+3	9.871785E-1
7.243250E+3	9.890488E-1
7.243500E+3	9.901413E-1
7.243750E+3	9.874633E-1
7.244000E+3	9.856549E-1
7.244250E+3	9.881217E-1
7.244500E+3	9.899329E-1
7.244750E+3	9.858506E-1
7.245000E+3	9.814053E-1
7.245250E+3	9.840882E-1
7.245500E+3	9.911908E-1
7.245750E+3	9.934738E-1
7.246000E+3	9.895417E-1
7.246250E+3	9.868613E-1
7.246500E+3	9.882745E-1
7.246750E+3	9.897712E-1
7.247000E+3	9.891543E-1
7.247250E+3	9.895387E-1
7.247500E+3	9.919332E-1
7.247750E+3	9.923273E-1
7.248000E+3	9.890219E-1
7.248250E+3	9.859407E-1
7.248500E+3	9.868578E-1
7.248750E+3	9.900180E-1
7.249000E+3	9.913614E-1
7.249250E+3	9.907815E-1
7.249500E+3	9.903383E-1
7.249750E+3	9.906578E-1
7.250000E+3	9.906039E-1
7.250250E+3	9.897667E-1
7.250500E+3	9.893162E-1
7.250750E+3	9.905747E-1
7.251000E+3	9.930894E-1
7.251250E+3	9.939028E-1
7.251500E+3	9.909618E-1
7.251750E+3	9.863540E-1
7.252000E+3	9.847275E-1
7.252250E+3	9.871464E-1
7.252500E+3	9.896142E-1
7.252750E+3	9.887846E-1
7.253000E+3	9.867959E-1
7.253250E+3	9.870043E-1
7.253500E+3	9.877418E-1
7.253750E+3	9.858342E-1
7.254000E+3	9.830388E-1
7.254250E+3	9.832438E-1
7.254500E+3	9.854441E-1
7.254750E+3	9.863890E-1
7.255000E+3	9.860378E-1
7.255250E+3	9.874056E-1
7.255500E+3	9.898838E-1
7.255750E+3	9.890860E-1
7.256000E+3	9.840546E-1
7.256250E+3	9.803636E-1
7.256500E+3	9.833910E-1
7.256750E+3	9.906533E-1
7.257000E+3	9.943832E-1
7.257250E+3	9.923128E-1
7.257500E+3	9.887223E-1
7.257750E+3	9.880238E-1
7.258000E+3	9.906450E-1
7.258250E+3	9.929542E-1
7.258500E+3	9.923003E-1
7.258750E+3	9.890566E-1
7.259000E+3	9.863854E-1
7.259250E+3	9.874891E-1
7.259500E+3	9.913246E-1
7.259750E+3	9.936744E-1
7.260000E+3	9.917061E-1
7.260250E+3	9.880184E-1
7.260500E+3	9.868304E-1
7.260750E+3	9.888488E-1
7.261000E+3	9.908338E-1
7.261250E+3	9.897054E-1
7.261500E+3	9.871286E-1
7.261750E+3	9.867977E-1
7.262000E+3	9.897036E-1
7.262250E+3	9.924520E-1
7.262500E+3	9.920623E-1
7.262750E+3	9.899258E-1
7.263000E+3	9.894860E-1
7.263250E+3	9.901665E-1
7.263500E+3	9.887551E-1
7.263750E+3	9.847357E-1
7.264000E+3	9.812429E-1
7.264250E+3	9.811015E-1
7.264500E+3	9.815506E-1
7.264750E+3	9.801098E-1
7.265000E+3	9.794501E-1
7.265250E+3	9.828036E-1
7.265500E+3	9.876913E-1
7.265750E+3	9.903861E-1
7.266000E+3	9.901839E-1
7.266250E+3	9.888831E-1
7.266500E+3	9.877415E-1
7.266750E+3	9.862452E-1
7.267000E+3	9.843066E-1
7.267250E+3	9.830891E-1
7.267500E+3	9.833297E-1
7.267750E+3	9.846895E-1
7.268000E+3	9.865470E-1
7.268250E+3	9.876163E-1
7.268500E+3	9.869034E-1
7.268750E+3	9.856347E-1
7.269000E+3	9.859803E-1
7.269250E+3	9.872179E-1
7.269500E+3	9.855532E-1
7.269750E+3	9.800279E-1
7.270000E+3	9.745773E-1
7.270250E+3	9.742752E-1
7.270500E+3	9.789067E-1
7.270750E+3	9.840219E-1
7.271000E+3	9.866394E-1
7.271250E+3	9.866893E-1
7.271500E+3	9.863304E-1
7.271750E+3	9.874258E-1
7.272000E+3	9.896682E-1
7.272250E+3	9.904657E-1
7.272500E+3	9.872405E-1
7.272750E+3	9.814252E-1
7.273000E+3	9.779559E-1
7.273250E+3	9.797355E-1
7.273500E+3	9.829518E-1
7.273750E+3	9.819946E-1
7.274000E+3	9.776145E-1
7.274250E+3	9.751872E-1
7.274500E+3	9.770974E-1
7.274750E+3	9.804108E-1
7.275000E+3	9.816042E-1
7.275250E+3	9.809269E-1
7.275500E+3	9.807388E-1
7.275750E+3	9.815947E-1
7.276000E+3	9.819546E-1
7.276250E+3	9.807611E-1
7.276500E+3	9.797665E-1
7.276750E+3	9.812203E-1
7.277000E+3	9.838514E-1
7.277250E+3	9.835337E-1
7.277500E+3	9.794805E-1
7.277750E+3	9.770698E-1
7.278000E+3	9.808526E-1
7.278250E+3	9.863305E-1
7.278500E+3	9.860738E-1
7.278750E+3	9.811775E-1
7.279000E+3	9.796302E-1
7.279250E+3	9.848108E-1
7.279500E+3	9.891933E-1
7.279750E+3	9.878516E-1
7.280000E+3	9.851157E-1
7.280250E+3	9.864303E-1
7.280500E+3	9.890973E-1
7.280750E+3	9.875537E-1
7.281000E+3	9.841382E-1
7.281250E+3	9.839337E-1
7.281500E+3	9.855540E-1
7.281750E+3	9.833371E-1
7.282000E+3	9.782986E-1
7.282250E+3	9.775129E-1
7.282500E+3	9.817496E-1
7.282750E+3	9.844786E-1
7.283000E+3	9.834733E-1
7.283250E+3	9.828763E-1
7.283500E+3	9.850552E-1
7.283750E+3	9.866621E-1
7.284000E+3	9.862490E-1
7.284250E+3	9.864771E-1
7.284500E+3	9.874655E-1
7.284750E+3	9.855340E-1
7.285000E+3	9.813857E-1
7.285250E+3	9.806814E-1
7.285500E+3	9.841816E-1
7.285750E+3	9.847605E-1
7.286000E+3	9.795896E-1
7.286250E+3	9.757684E-1
7.286500E+3	9.792799E-1
7.286750E+3	9.860902E-1
7.287000E+3	9.863390E-1
7.287250E+3	9.803703E-1
7.287500E+3	9.764933E-1
7.287750E+3	9.780743E-1
7.288000E+3	9.817356E-1
7.288250E+3	9.834961E-1
7.288500E+3	9.842745E-1
7.288750E+3	9.864573E-1
7.289000E+3	9.892299E-1
7.289250E+3	9.904260E-1
7.289500E+3	9.889790E-1
7.289750E+3	9.854335E-1
7.290000E+3	9.822177E-1
7.290250E+3	9.810566E-1
7.290500E+3	9.815759E-1
7.290750E+3	9.823649E-1
7.291000E+3	9.823521E-1
7.291250E+3	9.825296E-1
7.291500E+3	9.841834E-1
7.291750E+3	9.868258E-1
7.292000E+3	9.872682E-1
7.292250E+3	9.833962E-1
7.292500E+3	9.781408E-1
7.292750E+3	9.756672E-1
7.293000E+3	9.798219E-1
7.293250E+3	9.878909E-1
7.293500E+3	9.914786E-1
7.293750E+3	9.880099E-1
7.294000E+3	9.830198E-1
7.294250E+3	9.843788E-1
7.294500E+3	9.889269E-1
7.294750E+3	9.884825E-1
7.295000E+3	9.825257E-1
7.295250E+3	9.808702E-1
7.295500E+3	9.871437E-1
7.295750E+3	9.930200E-1
7.296000E+3	9.900575E-1
7.296250E+3	9.800681E-1
7.296500E+3	9.762585E-1
7.296750E+3	9.810271E-1
7.297000E+3	9.867697E-1
7.297250E+3	9.869501E-1
7.297500E+3	9.825766E-1
7.297750E+3	9.803492E-1
7.298000E+3	9.826353E-1
7.298250E+3	9.873667E-1
7.298500E+3	9.898651E-1
7.298750E+3	9.867218E-1
7.299000E+3	9.795112E-1
7.299250E+3	9.747255E-1
7.299500E+3	9.778405E-1
7.299750E+3	9.825919E-1
7.300000E+3	9.803933E-1
7.300250E+3	9.755349E-1
7.300500E+3	9.771619E-1
7.300750E+3	9.832734E-1
7.301000E+3	9.807104E-1
7.301250E+3	9.684384E-1
7.301500E+3	9.636142E-1
7.301750E+3	9.747576E-1
7.302000E+3	9.885676E-1
7.302250E+3	9.866328E-1
7.302500E+3	9.742224E-1
7.302750E+3	9.721823E-1
7.303000E+3	9.825425E-1
7.303250E+3	9.870704E-1
7.303500E+3	9.763000E-1
7.303750E+3	9.634468E-1
7.304000E+3	9.619026E-1
7.304250E+3	9.683139E-1
7.304500E+3	9.716629E-1
7.304750E+3	9.698448E-1
7.305000E+3	9.696228E-1
7.305250E+3	9.714583E-1
7.305500E+3	9.689474E-1
7.305750E+3	9.637474E-1
7.306000E+3	9.639515E-1
7.306250E+3	9.722467E-1
7.306500E+3	9.813544E-1
7.306750E+3	9.832100E-1
7.307000E+3	9.804554E-1
7.307250E+3	9.783995E-1
7.307500E+3	9.763633E-1
7.307750E+3	9.717032E-1
7.308000E+3	9.672216E-1
7.308250E+3	9.673314E-1
7.308500E+3	9.700106E-1
7.308750E+3	9.697683E-1
7.309000E+3	9.660134E-1
7.309250E+3	9.653018E-1
7.309500E+3	9.711551E-1
7.309750E+3	9.797845E-1
7.310000E+3	9.851522E-1
7.310250E+3	9.853400E-1
7.310500E+3	9.836693E-1
7.310750E+3	9.820390E-1
7.311000E+3	9.794559E-1
7.311250E+3	9.768845E-1
7.311500E+3	9.775065E-1
7.311750E+3	9.810437E-1
7.312000E+3	9.823541E-1
7.312250E+3	9.791059E-1
7.312500E+3	9.749287E-1
7.312750E+3	9.741711E-1
7.313000E+3	9.759027E-1
7.313250E+3	9.758281E-1
7.313500E+3	9.739336E-1
7.313750E+3	9.723199E-1
7.314000E+3	9.707140E-1
7.314250E+3	9.690717E-1
7.314500E+3	9.706580E-1
7.314750E+3	9.766560E-1
7.315000E+3	9.804385E-1
7.315250E+3	9.761772E-1
7.315500E+3	9.715123E-1
7.315750E+3	9.764521E-1
7.316000E+3	9.833794E-1
7.316250E+3	9.763581E-1
7.316500E+3	9.618907E-1
7.316750E+3	9.613989E-1
7.317000E+3	9.772495E-1
7.317250E+3	9.841924E-1
7.317500E+3	9.706210E-1
7.317750E+3	9.591708E-1
7.318000E+3	9.693919E-1
7.318250E+3	9.799674E-1
7.318500E+3	9.623418E-1
7.318750E+3	9.296103E-1
7.319000E+3	9.158067E-1
7.319250E+3	9.360725E-1
7.319500E+3	9.688620E-1
7.319750E+3	9.811635E-1
7.320000E+3	9.732788E-1
7.320250E+3	9.646265E-1
7.320500E+3	9.586388E-1
7.320750E+3	9.517610E-1
7.321000E+3	9.520127E-1
7.321250E+3	9.648938E-1
7.321500E+3	9.758959E-1
7.321750E+3	9.717370E-1
7.322000E+3	9.621443E-1
7.322250E+3	9.638866E-1
7.322500E+3	9.745699E-1
7.322750E+3	9.784394E-1
7.323000E+3	9.702927E-1
7.323250E+3	9.644301E-1
7.323500E+3	9.709675E-1
7.323750E+3	9.794251E-1
7.324000E+3	9.786482E-1
7.324250E+3	9.734863E-1
7.324500E+3	9.699602E-1
7.324750E+3	9.683874E-1
7.325000E+3	9.687019E-1
7.325250E+3	9.712260E-1
7.325500E+3	9.722986E-1
7.325750E+3	9.667778E-1
7.326000E+3	9.564397E-1
7.326250E+3	9.539237E-1
7.326500E+3	9.627489E-1
7.326750E+3	9.710577E-1
7.327000E+3	9.695290E-1
7.327250E+3	9.672346E-1
7.327500E+3	9.750359E-1
7.327750E+3	9.875204E-1
7.328000E+3	9.834337E-1
7.328250E+3	9.615547E-1
7.328500E+3	9.493552E-1
7.328750E+3	9.551086E-1
7.329000E+3	9.699744E-1
7.329250E+3	9.757706E-1
7.329500E+3	9.713244E-1
7.329750E+3	9.695868E-1
7.330000E+3	9.718461E-1
7.330250E+3	9.672472E-1
7.330500E+3	9.558629E-1
7.330750E+3	9.542744E-1
7.331000E+3	9.652603E-1
7.331250E+3	9.706810E-1
7.331500E+3	9.592514E-1
7.331750E+3	9.466341E-1
7.332000E+3	9.508052E-1
7.332250E+3	9.592592E-1
7.332500E+3	9.512765E-1
7.332750E+3	9.384564E-1
7.333000E+3	9.474000E-1
7.333250E+3	9.769221E-1
7.333500E+3	9.886346E-1
7.333750E+3	9.708677E-1
7.334000E+3	9.517297E-1
7.334250E+3	9.555235E-1
7.334500E+3	9.660372E-1
7.334750E+3	9.611027E-1
7.335000E+3	9.479524E-1
7.335250E+3	9.502036E-1
7.335500E+3	9.654730E-1
7.335750E+3	9.710068E-1
7.336000E+3	9.664009E-1
7.336250E+3	9.671485E-1
7.336500E+3	9.748270E-1
7.336750E+3	9.763248E-1
7.337000E+3	9.737139E-1
7.337250E+3	9.763297E-1
7.337500E+3	9.780063E-1
7.337750E+3	9.656070E-1
7.338000E+3	9.458184E-1
7.338250E+3	9.421855E-1
7.338500E+3	9.519182E-1
7.338750E+3	9.532476E-1
7.339000E+3	9.427957E-1
7.339250E+3	9.415970E-1
7.339500E+3	9.575502E-1
7.339750E+3	9.692580E-1
7.340000E+3	9.648877E-1
7.340250E+3	9.565190E-1
7.340500E+3	9.555708E-1
7.340750E+3	9.528413E-1
7.341000E+3	9.429100E-1
7.341250E+3	9.409422E-1
7.341500E+3	9.516875E-1
7.341750E+3	9.600952E-1
7.342000E+3	9.547988E-1
7.342250E+3	9.467983E-1
7.342500E+3	9.529598E-1
7.342750E+3	9.656203E-1
7.343000E+3	9.701386E-1
7.343250E+3	9.676991E-1
7.343500E+3	9.699627E-1
7.343750E+3	9.746194E-1
7.344000E+3	9.711128E-1
7.344250E+3	9.594320E-1
7.344500E+3	9.541915E-1
7.344750E+3	9.531004E-1
7.345000E+3	9.474455E-1
7.345250E+3	9.445513E-1
7.345500E+3	9.557875E-1
7.345750E+3	9.705350E-1
7.346000E+3	9.752302E-1
7.346250E+3	9.661605E-1
7.346500E+3	9.585709E-1
7.346750E+3	9.599956E-1
7.347000E+3	9.614296E-1
7.347250E+3	9.600599E-1
7.347500E+3	9.621595E-1
7.347750E+3	9.650608E-1
7.348000E+3	9.591748E-1
7.348250E+3	9.411668E-1
7.348500E+3	9.286368E-1
7.348750E+3	9.404212E-1
7.349000E+3	9.592529E-1
7.349250E+3	9.675984E-1
7.349500E+3	9.652205E-1
7.349750E+3	9.635665E-1
7.350000E+3	9.674069E-1
7.350250E+3	9.701133E-1
7.350500E+3	9.662801E-1
7.350750E+3	9.580372E-1
7.351000E+3	9.456132E-1
7.351250E+3	9.309662E-1
7.351500E+3	9.269100E-1
7.351750E+3	9.377998E-1
7.352000E+3	9.492773E-1
7.352250E+3	9.511831E-1
7.352500E+3	9.452852E-1
7.352750E+3	9.449858E-1
7.353000E+3	9.515493E-1
7.353250E+3	9.556388E-1
7.353500E+3	9.524061E-1
7.353750E+3	9.450431E-1
7.354000E+3	9.407621E-1
7.354250E+3	9.403691E-1
7.354500E+3	9.413872E-1
7.354750E+3	9.422735E-1
7.355000E+3	9.416194E-1
7.355250E+3	9.387556E-1
7.355500E+3	9.347309E-1
7.355750E+3	9.303389E-1
7.356000E+3	9.256821E-1
7.356250E+3	9.226294E-1
7.356500E+3	9.226215E-1
7.356750E+3	9.220224E-1
7.357000E+3	9.196182E-1
7.357250E+3	9.225921E-1
7.357500E+3	9.376938E-1
7.357750E+3	9.511955E-1
7.358000E+3	9.480999E-1
7.358250E+3	9.341059E-1
7.358500E+3	9.291793E-1
7.358750E+3	9.402838E-1
7.359000E+3	9.463096E-1
7.359250E+3	9.375470E-1
7.359500E+3	9.276685E-1
7.359750E+3	9.341696E-1
7.360000E+3	9.449543E-1
7.360250E+3	9.383894E-1
7.360500E+3	9.202328E-1
7.360750E+3	9.204271E-1
7.361000E+3	9.395742E-1
7.361250E+3	9.495631E-1
7.361500E+3	9.423093E-1
7.361750E+3	9.394143E-1
7.362000E+3	9.507254E-1
7.362250E+3	9.532488E-1
7.362500E+3	9.307408E-1
7.362750E+3	8.977764E-1
7.363000E+3	8.961318E-1
7.363250E+3	9.231807E-1
7.363500E+3	9.430227E-1
7.363750E+3	9.419086E-1
7.364000E+3	9.294270E-1
7.364250E+3	9.193832E-1
7.364500E+3	9.160159E-1
7.364750E+3	9.211000E-1
7.365000E+3	9.331900E-1
7.365250E+3	9.419320E-1
7.365500E+3	9.388659E-1
7.365750E+3	9.319361E-1
7.366000E+3	9.298883E-1
7.366250E+3	9.233011E-1
7.366500E+3	9.037301E-1
7.366750E+3	8.848331E-1
7.367000E+3	8.966627E-1
7.367250E+3	9.300754E-1
7.367500E+3	9.413333E-1
7.367750E+3	9.217570E-1
7.368000E+3	9.006609E-1
7.368250E+3	9.082026E-1
7.368500E+3	9.341278E-1
7.368750E+3	9.381899E-1
7.369000E+3	9.201502E-1
7.369250E+3	9.114124E-1
7.369500E+3	9.251871E-1
7.369750E+3	9.432740E-1
7.370000E+3	9.446903E-1
7.370250E+3	9.367998E-1
7.370500E+3	9.364722E-1
7.370750E+3	9.435518E-1
7.371000E+3	9.427319E-1
7.371250E+3	9.309307E-1
7.371500E+3	9.151850E-1
7.371750E+3	9.085407E-1
7.372000E+3	9.160594E-1
7.372250E+3	9.198222E-1
7.372500E+3	9.163855E-1
7.372750E+3	9.179202E-1
7.373000E+3	9.285032E-1
7.373250E+3	9.280079E-1
7.373500E+3	9.108804E-1
7.373750E+3	9.006703E-1
7.374000E+3	9.227020E-1
7.374250E+3	9.504311E-1
7.374500E+3	9.466478E-1
7.374750E+3	9.160168E-1
7.375000E+3	8.909113E-1
7.375250E+3	8.890935E-1
7.375500E+3	8.925742E-1
7.375750E+3	8.945357E-1
7.376000E+3	9.086400E-1
7.376250E+3	9.267609E-1
7.376500E+3	9.176693E-1
7.376750E+3	8.883206E-1
7.377000E+3	8.722303E-1
7.377250E+3	8.869660E-1
7.377500E+3	9.010443E-1
7.377750E+3	8.951315E-1
7.378000E+3	8.870441E-1
7.378250E+3	8.908595E-1
7.378500E+3	8.902178E-1
7.378750E+3	8.770934E-1
7.379000E+3	8.753853E-1
7.379250E+3	8.975814E-1
7.379500E+3	9.117500E-1
7.379750E+3	8.925490E-1
7.380000E+3	8.701774E-1
7.380250E+3	8.872350E-1
7.380500E+3	9.200216E-1
7.380750E+3	9.112785E-1
7.381000E+3	8.656225E-1
7.381250E+3	8.580222E-1
7.381500E+3	8.960386E-1
7.381750E+3	9.236480E-1
7.382000E+3	9.110289E-1
7.382250E+3	8.937377E-1
7.382500E+3	8.985445E-1
7.382750E+3	9.066641E-1
7.383000E+3	8.831934E-1
7.383250E+3	8.321416E-1
7.383500E+3	8.026617E-1
7.383750E+3	8.005218E-1
7.384000E+3	8.208072E-1
7.384250E+3	8.593452E-1
7.384500E+3	8.934154E-1
7.384750E+3	9.056721E-1
7.385000E+3	8.951407E-1
7.385250E+3	8.797196E-1
7.385500E+3	8.706452E-1
7.385750E+3	8.613182E-1
7.386000E+3	8.579745E-1
7.386250E+3	8.740452E-1
7.386500E+3	8.809760E-1
7.386750E+3	8.579757E-1
7.387000E+3	8.105392E-1
7.387250E+3	7.814390E-1
7.387500E+3	8.043671E-1
7.387750E+3	8.314537E-1
7.388000E+3	8.322685E-1
7.388250E+3	8.176860E-1
7.388500E+3	8.204272E-1
7.388750E+3	8.344859E-1
7.389000E+3	8.403385E-1
7.389250E+3	8.429408E-1
7.389500E+3	8.487720E-1
7.389750E+3	8.477502E-1
7.390000E+3	8.380463E-1
7.390250E+3	8.345240E-1
7.390500E+3	8.329217E-1
7.390750E+3	8.159223E-1
7.391000E+3	7.900857E-1
7.391250E+3	7.945446E-1
7.391500E+3	8.329991E-1
7.391750E+3	8.695932E-1
7.392000E+3	8.645162E-1
7.392250E+3	8.130388E-1
7.392500E+3	8.025824E-1
7.392750E+3	8.294323E-1
7.393000E+3	8.420806E-1
7.393250E+3	8.117019E-1
7.393500E+3	7.719966E-1
7.393750E+3	7.676701E-1
7.394000E+3	7.931868E-1
7.394250E+3	8.405279E-1
7.394500E+3	8.796008E-1
7.394750E+3	8.749763E-1
7.395000E+3	8.390891E-1
7.395250E+3	7.981119E-1
7.395500E+3	7.731406E-1
7.395750E+3	7.840637E-1
7.396000E+3	8.361834E-1
7.396250E+3	8.711681E-1
7.396500E+3	8.497513E-1
7.396750E+3	8.016523E-1
7.397000E+3	7.596867E-1
7.397250E+3	7.716635E-1
7.397500E+3	8.314172E-1
7.397750E+3	8.508766E-1
7.398000E+3	8.221621E-1
7.398250E+3	7.883114E-1
7.398500E+3	7.985666E-1
7.398750E+3	8.241224E-1
7.399000E+3	7.979405E-1
7.399250E+3	7.436805E-1
7.399500E+3	7.120068E-1
7.399750E+3	7.586085E-1
7.400000E+3	8.439024E-1
7.400250E+3	8.353313E-1
7.400500E+3	7.837434E-1
7.400750E+3	7.408083E-1
7.401000E+3	7.192558E-1
7.401250E+3	7.159135E-1
7.401500E+3	7.128543E-1
7.401750E+3	7.095231E-1
7.402000E+3	7.171962E-1
7.402250E+3	7.452477E-1
7.402500E+3	7.710822E-1
7.402750E+3	7.705851E-1
7.403000E+3	7.604306E-1
7.403250E+3	7.491165E-1
7.403500E+3	7.253342E-1
7.403750E+3	6.937638E-1
7.404000E+3	6.712891E-1
7.404250E+3	6.540763E-1
7.404500E+3	6.453462E-1
7.404750E+3	6.531372E-1
7.405000E+3	6.465730E-1
7.405250E+3	5.926236E-1
7.405500E+3	5.126329E-1
7.405750E+3	4.975206E-1
7.406000E+3	6.332552E-1
7.406250E+3	7.429295E-1
7.406500E+3	7.306498E-1
7.406750E+3	6.855939E-1
7.407000E+3	7.159815E-1
7.407250E+3	7.865138E-1
7.407500E+3	8.071904E-1
7.407750E+3	7.234390E-1
7.408000E+3	6.291054E-1
7.408250E+3	7.273000E-1
7.408500E+3	7.648357E-1
7.408750E+3	6.603713E-1
7.409000E+3	4.448100E-1
7.409250E+3	5.248439E-1
7.409500E+3	6.890560E-1
7.409750E+3	7.239248E-1
7.410000E+3	6.491695E-1
7.410250E+3	6.045276E-1
7.410500E+3	6.878500E-1
7.410750E+3	7.401852E-1
7.411000E+3	7.274255E-1
7.411250E+3	6.826925E-1
7.411500E+3	6.866183E-1
7.411750E+3	6.807739E-1
7.412000E+3	5.789981E-1
7.412250E+3	4.658204E-1
7.412500E+3	4.745106E-1
7.412750E+3	5.263731E-1
7.413000E+3	5.304559E-1
7.413250E+3	5.214184E-1
7.413500E+3	5.814677E-1
7.413750E+3	6.571272E-1
7.414000E+3	6.526685E-1
7.414250E+3	6.083692E-1
7.414500E+3	6.037953E-1
7.414750E+3	6.488766E-1
7.415000E+3	6.771013E-1
7.415250E+3	6.521986E-1
7.415500E+3	6.359906E-1
7.415750E+3	6.422600E-1
7.416000E+3	6.460502E-1
7.416250E+3	6.311488E-1
7.416500E+3	6.257483E-1
7.416750E+3	6.386871E-1
7.417000E+3	6.450925E-1
7.417250E+3	6.175515E-1
7.417500E+3	6.037534E-1
7.417750E+3	6.153498E-1
7.418000E+3	6.253131E-1
7.418250E+3	5.915130E-1
7.418500E+3	4.936259E-1
7.418750E+3	4.387334E-1
7.419000E+3	4.874583E-1
7.419250E+3	5.946713E-1
7.419500E+3	6.547794E-1
7.419750E+3	6.442470E-1
7.420000E+3	6.100776E-1
7.420250E+3	5.874202E-1
7.420500E+3	5.345172E-1
7.420750E+3	4.472082E-1
7.421000E+3	3.800884E-1
7.421250E+3	3.610815E-1
7.421500E+3	3.914289E-1
7.421750E+3	3.983015E-1
7.422000E+3	3.721624E-1
7.422250E+3	3.830482E-1
7.422500E+3	4.277146E-1
7.422750E+3	4.373035E-1
7.423000E+3	4.356785E-1
7.423250E+3	5.204768E-1
7.423500E+3	6.642603E-1
7.423750E+3	7.072746E-1
7.424000E+3	6.313294E-1
7.424250E+3	5.273900E-1
7.424500E+3	4.969509E-1
7.424750E+3	4.738876E-1
7.425000E+3	4.009460E-1
7.425250E+3	3.290982E-1
7.425500E+3	3.099604E-1
7.425750E+3	3.400883E-1
7.426000E+3	3.700268E-1
7.426250E+3	4.257226E-1
7.426500E+3	5.382016E-1
7.426750E+3	6.073514E-1
7.427000E+3	5.883938E-1
7.427250E+3	5.318476E-1
7.427500E+3	4.591849E-1
7.427750E+3	3.567838E-1
7.428000E+3	2.713827E-1
7.428250E+3	2.888098E-1
7.428500E+3	3.819273E-1
7.428750E+3	4.454827E-1
7.429000E+3	4.177143E-1
7.429250E+3	3.781768E-1
7.429500E+3	4.253223E-1
7.429750E+3	4.597024E-1
7.430000E+3	4.062236E-1
7.430250E+3	3.323812E-1
7.430500E+3	3.278347E-1
7.430750E+3	3.504110E-1
7.431000E+3	3.324025E-1
7.431250E+3	2.540020E-1
7.431500E+3	1.751175E-1
7.431750E+3	1.388958E-1
7.432000E+3	1.366621E-1
7.432250E+3	2.124619E-1
7.432500E+3	3.901077E-1
7.432750E+3	3.981433E-1
7.433000E+3	2.698948E-1
7.433250E+3	2.038650E-1
7.433500E+3	2.646343E-1
7.433750E+3	3.560545E-1
7.434000E+3	2.786417E-1
7.434250E+3	2.133095E-1
7.434500E+3	2.480964E-1
7.434750E+3	3.160293E-1
7.435000E+3	3.020842E-1
7.435250E+3	2.056958E-1
7.435500E+3	1.414927E-1
7.435750E+3	1.497629E-1
7.436000E+3	1.300856E-1
7.436250E+3	8.393069E-2
7.436500E+3	8.628213E-2
7.436750E+3	1.379245E-1
7.437000E+3	1.397477E-1
7.437250E+3	6.043888E-2
7.437500E+3	4.480867E-2
7.437750E+3	1.033529E-1
7.438000E+3	1.333645E-1
7.438250E+3	9.903902E-2
7.438500E+3	2.701879E-2
7.438750E+3	8.691197E-2
7.439000E+3	2.266658E-1
7.439250E+3	2.362283E-1
7.439500E+3	1.999282E-1
7.439750E+3	1.495316E-1
7.440000E+3	1.234042E-1
7.440250E+3	1.418451E-1
7.440500E+3	1.473611E-1
7.440750E+3	1.245641E-1
7.441000E+3	7.926398E-2
7.441250E+3	8.166765E-2
7.441500E+3	1.067281E-1
7.441750E+3	1.020085E-1
7.442000E+3	7.851887E-2
7.442250E+3	4.906133E-2
7.442500E+3	5.332174E-2
7.442750E+3	7.574080E-2
7.443000E+3	6.296454E-2
7.443250E+3	7.629007E-2
7.443500E+3	1.422225E-1
7.443750E+3	1.696794E-1
7.444000E+3	1.081460E-1
7.444250E+3	2.032312E-2
7.444500E+3	4.004754E-2
7.444750E+3	2.010040E-1
7.445000E+3	2.168308E-1
7.445250E+3	1.879397E-1
7.445500E+3	1.625172E-1
7.445750E+3	1.462484E-1
7.446000E+3	1.229458E-1
7.446250E+3	9.247243E-2
7.446500E+3	6.463902E-2
7.446750E+3	5.244152E-2
7.447000E+3	5.592633E-2
7.447250E+3	4.908394E-2
7.447500E+3	5.722666E-2
7.447750E+3	1.377894E-1
7.448000E+3	2.175613E-1
7.448250E+3	1.855893E-1
7.448500E+3	1.527955E-1
7.448750E+3	2.406539E-1
7.449000E+3	3.890303E-1
7.449250E+3	2.970783E-1
7.449500E+3	2.161172E-1
7.449750E+3	2.189418E-1
7.450000E+3	2.929600E-1
7.450250E+3	2.769951E-1
7.450500E+3	2.094660E-1
7.450750E+3	1.998174E-1
7.451000E+3	2.560956E-1
7.451250E+3	2.446392E-1
7.451500E+3	1.586562E-1
7.451750E+3	1.924837E-1
7.452000E+3	3.388692E-1
7.452250E+3	4.686399E-1
7.452500E+3	3.386868E-1
7.452750E+3	1.432771E-1
7.453000E+3	2.172673E-1
7.453250E+3	3.192473E-1
7.453500E+3	3.183536E-1
7.453750E+3	1.612086E-1
7.454000E+3	1.288395E-1
7.454250E+3	2.499438E-1
7.454500E+3	2.670864E-1
7.454750E+3	1.588551E-1
7.455000E+3	8.211537E-2
7.455250E+3	2.575692E-1
7.455500E+3	3.762152E-1
7.455750E+3	3.951594E-1
7.456000E+3	3.440730E-1
7.456250E+3	2.182817E-1
7.456500E+3	1.138030E-1
7.456750E+3	1.785768E-1
7.457000E+3	3.273342E-1
7.457250E+3	4.241051E-1
7.457500E+3	3.832144E-1
7.457750E+3	1.742516E-1
7.458000E+3	4.373298E-2
7.458250E+3	1.159383E-1
7.458500E+3	2.214905E-1
7.458750E+3	3.235766E-1
7.459000E+3	4.270012E-1
7.459250E+3	4.639802E-1
7.459500E+3	4.014084E-1
7.459750E+3	2.989136E-1
7.460000E+3	3.116381E-1
7.460250E+3	4.093584E-1
7.460500E+3	4.442490E-1
7.460750E+3	3.784748E-1
7.461000E+3	2.291567E-1
7.461250E+3	2.086695E-1
7.461500E+3	2.994293E-1
7.461750E+3	2.318091E-1
7.462000E+3	9.299705E-2
7.462250E+3	7.507947E-2
7.462500E+3	2.018498E-1
7.462750E+3	2.787503E-1
7.463000E+3	2.710013E-1
7.463250E+3	2.777620E-1
7.463500E+3	3.692069E-1
7.463750E+3	4.311439E-1
7.464000E+3	3.352801E-1
7.464250E+3	2.775359E-1
7.464500E+3	2.756862E-1
7.464750E+3	2.929865E-1
7.465000E+3	2.655616E-1
7.465250E+3	2.238064E-1
7.465500E+3	2.605115E-1
7.465750E+3	3.720390E-1
7.466000E+3	5.251634E-1
7.466250E+3	5.732122E-1
7.466500E+3	5.481093E-1
7.466750E+3	5.726258E-1
7.467000E+3	5.724763E-1
7.467250E+3	4.553700E-1
7.467500E+3	3.443305E-1
7.467750E+3	3.428797E-1
7.468000E+3	4.122093E-1
7.468250E+3	4.338769E-1
7.468500E+3	3.522268E-1
7.468750E+3	3.068266E-1
7.469000E+3	3.484033E-1
7.469250E+3	4.063402E-1
7.469500E+3	4.211162E-1
7.469750E+3	3.939335E-1
7.470000E+3	3.984904E-1
7.470250E+3	4.023512E-1
7.470500E+3	3.699631E-1
7.470750E+3	3.372150E-1
7.471000E+3	3.669810E-1
7.471250E+3	3.865526E-1
7.471500E+3	3.400212E-1
7.471750E+3	2.977609E-1
7.472000E+3	3.641584E-1
7.472250E+3	5.055411E-1
7.472500E+3	5.366378E-1
7.472750E+3	4.159624E-1
7.473000E+3	3.637563E-1
7.473250E+3	4.035645E-1
7.473500E+3	4.507087E-1
7.473750E+3	4.790227E-1
7.474000E+3	5.284874E-1
7.474250E+3	5.996321E-1
7.474500E+3	6.597665E-1
7.474750E+3	6.754676E-1
7.475000E+3	6.064428E-1
7.475250E+3	5.827861E-1
7.475500E+3	6.102726E-1
7.475750E+3	6.332240E-1
7.476000E+3	5.992353E-1
7.476250E+3	5.083922E-1
7.476500E+3	4.847421E-1
7.476750E+3	5.115744E-1
7.477000E+3	5.423303E-1
7.477250E+3	5.669978E-1
7.477500E+3	5.979305E-1
7.477750E+3	6.496233E-1
7.478000E+3	6.844709E-1
7.478250E+3	6.634033E-1
7.478500E+3	6.235195E-1
7.478750E+3	5.991854E-1
7.479000E+3	6.038141E-1
7.479250E+3	6.066473E-1
7.479500E+3	5.753076E-1
7.479750E+3	5.093049E-1
7.480000E+3	4.985592E-1
7.480250E+3	5.737759E-1
7.480500E+3	6.580787E-1
7.480750E+3	7.296544E-1
7.481000E+3	7.129598E-1
7.481250E+3	5.939058E-1
7.481500E+3	5.025812E-1
7.481750E+3	4.734663E-1
7.482000E+3	5.491419E-1
7.482250E+3	6.429418E-1
7.482500E+3	6.591136E-1
7.482750E+3	6.501390E-1
7.483000E+3	6.501390E-1
7.483250E+3	6.346000E-1
7.483500E+3	5.975831E-1
7.483750E+3	5.702287E-1
7.484000E+3	6.225321E-1
7.484250E+3	7.489417E-1
7.484500E+3	7.928169E-1
7.484750E+3	7.926222E-1
7.485000E+3	8.160616E-1
7.485250E+3	8.566064E-1
7.485500E+3	8.520437E-1
7.485750E+3	8.198756E-1
7.486000E+3	7.806163E-1
7.486250E+3	7.402938E-1
7.486500E+3	7.067937E-1
7.486750E+3	6.723518E-1
7.487000E+3	6.145880E-1
7.487250E+3	5.390947E-1
7.487500E+3	5.132846E-1
7.487750E+3	5.713488E-1
7.488000E+3	6.815463E-1
7.488250E+3	7.532532E-1
7.488500E+3	7.387276E-1
7.488750E+3	7.116915E-1
7.489000E+3	7.287924E-1
7.489250E+3	7.550048E-1
7.489500E+3	7.356640E-1
7.489750E+3	7.072150E-1
7.490000E+3	7.736620E-1
7.490250E+3	8.616104E-1
7.490500E+3	8.442632E-1
7.490750E+3	7.473691E-1
7.491000E+3	6.804807E-1
7.491250E+3	7.676261E-1
7.491500E+3	8.710570E-1
7.491750E+3	8.568460E-1
7.492000E+3	7.797226E-1
7.492250E+3	7.611645E-1
7.492500E+3	8.205458E-1
7.492750E+3	8.743003E-1
7.493000E+3	8.742563E-1
7.493250E+3	8.382745E-1
7.493500E+3	8.020115E-1
7.493750E+3	7.758184E-1
7.494000E+3	7.902540E-1
7.494250E+3	8.438200E-1
7.494500E+3	8.766808E-1
7.494750E+3	8.752348E-1
7.495000E+3	8.290799E-1
7.495250E+3	7.741961E-1
7.495500E+3	7.905341E-1
7.495750E+3	8.142153E-1
7.496000E+3	8.142800E-1
7.496250E+3	8.079719E-1
7.496500E+3	8.215484E-1
7.496750E+3	8.446669E-1
7.497000E+3	8.594165E-1
7.497250E+3	8.704161E-1
7.497500E+3	8.894188E-1
7.497750E+3	9.099491E-1
7.498000E+3	9.083678E-1
7.498250E+3	8.844138E-1
7.498500E+3	8.698484E-1
7.498750E+3	8.647485E-1
7.499000E+3	8.375178E-1
7.499250E+3	7.762117E-1
7.499500E+3	7.511624E-1
7.499750E+3	7.926086E-1
7.500000E+3	8.533795E-1
7.500250E+3	8.829588E-1
7.500500E+3	8.706198E-1
7.500750E+3	8.518002E-1
7.501000E+3	8.635505E-1
7.501250E+3	8.929127E-1
7.501500E+3	8.957992E-1
7.501750E+3	8.662842E-1
7.502000E+3	8.133802E-1
7.502250E+3	7.791343E-1
7.502500E+3	7.961488E-1
7.502750E+3	8.121905E-1
7.503000E+3	7.930222E-1
7.503250E+3	7.570127E-1
7.503500E+3	7.710888E-1
7.503750E+3	8.260014E-1
7.504000E+3	8.783458E-1
7.504250E+3	8.799097E-1
7.504500E+3	8.244374E-1
7.504750E+3	7.873916E-1
7.505000E+3	7.928366E-1
7.505250E+3	8.307172E-1
7.505500E+3	8.622589E-1
7.505750E+3	8.682451E-1
7.506000E+3	8.637140E-1
7.506250E+3	8.464353E-1
7.506500E+3	8.261394E-1
7.506750E+3	8.334899E-1
7.507000E+3	8.661184E-1
7.507250E+3	8.905649E-1
7.507500E+3	8.717628E-1
7.507750E+3	8.421966E-1
7.508000E+3	8.439115E-1
7.508250E+3	8.537301E-1
7.508500E+3	8.333852E-1
7.508750E+3	7.871154E-1
7.509000E+3	7.632308E-1
7.509250E+3	7.748610E-1
7.509500E+3	7.986689E-1
7.509750E+3	8.105939E-1
7.510000E+3	8.072178E-1
7.510250E+3	7.997205E-1
7.510500E+3	8.054610E-1
7.510750E+3	8.337174E-1
7.511000E+3	8.658149E-1
7.511250E+3	8.728282E-1
7.511500E+3	8.563503E-1
7.511750E+3	8.541208E-1
7.512000E+3	8.719205E-1
7.512250E+3	8.804032E-1
7.512500E+3	8.623712E-1
7.512750E+3	8.496245E-1
7.513000E+3	8.706203E-1
7.513250E+3	8.681616E-1
7.513500E+3	8.141881E-1
7.513750E+3	7.625558E-1
7.514000E+3	8.053500E-1
7.514250E+3	8.984783E-1
7.514500E+3	9.274899E-1
7.514750E+3	8.718499E-1
7.515000E+3	8.100998E-1
7.515250E+3	8.175294E-1
7.515500E+3	8.490760E-1
7.515750E+3	8.421736E-1
7.516000E+3	8.185900E-1
7.516250E+3	8.459375E-1
7.516500E+3	8.851985E-1
7.516750E+3	8.789838E-1
7.517000E+3	8.304790E-1
7.517250E+3	8.229360E-1
7.517500E+3	8.475672E-1
7.517750E+3	8.261681E-1
7.518000E+3	7.469332E-1
7.518250E+3	6.991991E-1
7.518500E+3	7.777037E-1
7.518750E+3	8.805634E-1
7.519000E+3	9.101824E-1
7.519250E+3	8.588275E-1
7.519500E+3	8.043719E-1
7.519750E+3	8.089556E-1
7.520000E+3	8.313739E-1
7.520250E+3	8.226855E-1
7.520500E+3	7.993014E-1
7.520750E+3	8.054910E-1
7.521000E+3	8.391709E-1
7.521250E+3	8.566410E-1
7.521500E+3	8.411651E-1
7.521750E+3	8.229555E-1
7.522000E+3	8.257024E-1
7.522250E+3	8.395799E-1
7.522500E+3	8.355529E-1
7.522750E+3	8.198872E-1
7.523000E+3	8.096919E-1
7.523250E+3	8.221564E-1
7.523500E+3	8.571316E-1
7.523750E+3	8.775256E-1
7.524000E+3	8.720656E-1
7.524250E+3	8.479299E-1
7.524500E+3	8.289650E-1
7.524750E+3	8.382716E-1
7.525000E+3	8.554197E-1
7.525250E+3	8.541315E-1
7.525500E+3	8.308075E-1
7.525750E+3	8.153724E-1
7.526000E+3	8.208318E-1
7.526250E+3	8.347282E-1
7.526500E+3	8.460651E-1
7.526750E+3	8.595980E-1
7.527000E+3	8.805334E-1
7.527250E+3	8.941958E-1
7.527500E+3	8.812050E-1
7.527750E+3	8.559299E-1
7.528000E+3	8.517647E-1
7.528250E+3	8.688545E-1
7.528500E+3	8.773209E-1
7.528750E+3	8.547199E-1
7.529000E+3	8.403642E-1
7.529250E+3	8.622130E-1
7.529500E+3	8.981437E-1
7.529750E+3	9.059520E-1
7.530000E+3	8.703414E-1
7.530250E+3	8.340361E-1
7.530500E+3	8.417064E-1
7.530750E+3	8.616468E-1
7.531000E+3	8.654600E-1
7.531250E+3	8.631946E-1
7.531500E+3	8.761862E-1
7.531750E+3	9.027306E-1
7.532000E+3	9.060058E-1
7.532250E+3	8.901970E-1
7.532500E+3	8.674558E-1
7.532750E+3	8.481366E-1
7.533000E+3	8.467246E-1
7.533250E+3	8.552635E-1
7.533500E+3	8.593187E-1
7.533750E+3	8.594727E-1
7.534000E+3	8.653571E-1
7.534250E+3	8.814545E-1
7.534500E+3	9.022490E-1
7.534750E+3	9.172665E-1
7.535000E+3	9.235227E-1
7.535250E+3	9.313023E-1
7.535500E+3	9.404712E-1
7.535750E+3	9.336240E-1
7.536000E+3	9.108136E-1
7.536250E+3	8.966848E-1
7.536500E+3	9.031557E-1
7.536750E+3	9.207103E-1
7.537000E+3	9.230840E-1
7.537250E+3	9.103736E-1
7.537500E+3	8.999667E-1
7.537750E+3	8.936771E-1
7.538000E+3	8.845873E-1
7.538250E+3	8.774086E-1
7.538500E+3	8.795259E-1
7.538750E+3	8.942040E-1
7.539000E+3	9.201952E-1
7.539250E+3	9.390554E-1
7.539500E+3	9.458183E-1
7.539750E+3	9.466002E-1
7.540000E+3	9.334743E-1
7.540250E+3	9.038042E-1
7.540500E+3	8.790001E-1
7.540750E+3	8.639351E-1
7.541000E+3	8.574982E-1
7.541250E+3	8.751554E-1
7.541500E+3	9.106431E-1
7.541750E+3	9.416355E-1
7.542000E+3	9.576701E-1
7.542250E+3	9.515440E-1
7.542500E+3	9.360735E-1
7.542750E+3	9.330509E-1
7.543000E+3	9.388410E-1
7.543250E+3	9.399557E-1
7.543500E+3	9.311469E-1
7.543750E+3	9.173551E-1
7.544000E+3	9.040694E-1
7.544250E+3	9.036322E-1
7.544500E+3	9.250408E-1
7.544750E+3	9.495666E-1
7.545000E+3	9.596183E-1
7.545250E+3	9.546523E-1
7.545500E+3	9.497861E-1
7.545750E+3	9.527842E-1
7.546000E+3	9.459939E-1
7.546250E+3	9.206835E-1
7.546500E+3	9.002318E-1
7.546750E+3	9.132740E-1
7.547000E+3	9.367016E-1
7.547250E+3	9.358373E-1
7.547500E+3	9.179398E-1
7.547750E+3	9.129878E-1
7.548000E+3	9.257142E-1
7.548250E+3	9.387702E-1
7.548500E+3	9.450677E-1
7.548750E+3	9.521860E-1
7.549000E+3	9.591217E-1
7.549250E+3	9.527039E-1
7.549500E+3	9.327965E-1
7.549750E+3	9.221873E-1
7.550000E+3	9.354269E-1
7.550250E+3	9.520865E-1
7.550500E+3	9.462506E-1
7.550750E+3	9.272589E-1
7.551000E+3	9.193639E-1
7.551250E+3	9.268802E-1
7.551500E+3	9.359297E-1
7.551750E+3	9.350573E-1
7.552000E+3	9.327384E-1
7.552250E+3	9.402109E-1
7.552500E+3	9.489870E-1
7.552750E+3	9.411716E-1
7.553000E+3	9.166689E-1
7.553250E+3	9.012149E-1
7.553500E+3	9.079610E-1
7.553750E+3	9.147591E-1
7.554000E+3	9.033798E-1
7.554250E+3	8.883932E-1
7.554500E+3	8.971453E-1
7.554750E+3	9.194317E-1
7.555000E+3	9.196795E-1
7.555250E+3	9.003402E-1
7.555500E+3	8.873897E-1
7.555750E+3	8.867313E-1
7.556000E+3	8.813600E-1
7.556250E+3	8.700972E-1
7.556500E+3	8.731731E-1
7.556750E+3	8.930514E-1
7.557000E+3	9.053921E-1
7.557250E+3	8.964752E-1
7.557500E+3	8.912853E-1
7.557750E+3	8.973329E-1
7.558000E+3	8.985536E-1
7.558250E+3	8.870323E-1
7.558500E+3	8.909460E-1
7.558750E+3	9.111232E-1
7.559000E+3	9.081135E-1
7.559250E+3	8.845197E-1
7.559500E+3	8.724959E-1
7.559750E+3	9.032568E-1
7.560000E+3	9.267145E-1
7.560250E+3	8.956208E-1
7.560500E+3	8.548332E-1
7.560750E+3	8.618686E-1
7.561000E+3	8.940310E-1
7.561250E+3	8.812489E-1
7.561500E+3	8.381276E-1
7.561750E+3	8.344869E-1
7.562000E+3	8.753461E-1
7.562250E+3	8.985282E-1
7.562500E+3	8.729596E-1
7.562750E+3	8.515145E-1
7.563000E+3	8.712373E-1
7.563250E+3	8.857214E-1
7.563500E+3	8.589795E-1
7.563750E+3	8.280710E-1
7.564000E+3	8.455089E-1
7.564250E+3	8.694393E-1
7.564500E+3	8.668339E-1
7.564750E+3	8.609867E-1
7.565000E+3	8.771753E-1
7.565250E+3	8.823081E-1
7.565500E+3	8.535681E-1
7.565750E+3	8.264772E-1
7.566000E+3	8.334852E-1
7.566250E+3	8.503101E-1
7.566500E+3	8.338818E-1
7.566750E+3	8.117307E-1
7.567000E+3	8.210205E-1
7.567250E+3	8.307192E-1
7.567500E+3	7.786584E-1
7.567750E+3	7.055856E-1
7.568000E+3	6.695132E-1
7.568250E+3	6.765202E-1
7.568500E+3	6.885612E-1
7.568750E+3	6.867178E-1
7.569000E+3	6.859784E-1
7.569250E+3	6.713988E-1
7.569500E+3	6.094478E-1
7.569750E+3	5.452583E-1
7.570000E+3	5.386863E-1
7.570250E+3	5.121455E-1
7.570500E+3	3.657119E-1
7.570750E+3	2.047448E-1
7.571000E+3	1.418749E-1
7.571250E+3	1.322127E-1
7.571500E+3	1.383864E-1
7.571750E+3	1.723304E-1
7.572000E+3	2.192485E-1
7.572250E+3	2.765356E-1
7.572500E+3	3.643539E-1
7.572750E+3	4.543522E-1
7.573000E+3	5.202930E-1
7.573250E+3	5.804832E-1
7.573500E+3	6.377261E-1
7.573750E+3	6.820452E-1
7.574000E+3	7.289208E-1
7.574250E+3	7.923585E-1
7.574500E+3	8.484804E-1
7.574750E+3	8.611825E-1
7.575000E+3	8.503749E-1
7.575250E+3	8.564905E-1
7.575500E+3	8.800874E-1
7.575750E+3	8.910563E-1
7.576000E+3	8.800068E-1
7.576250E+3	8.670269E-1
7.576500E+3	8.632871E-1
7.576750E+3	8.647226E-1
7.577000E+3	8.667333E-1
7.577250E+3	8.727883E-1
7.577500E+3	8.873153E-1
7.577750E+3	9.070210E-1
7.578000E+3	9.207670E-1
7.578250E+3	9.228409E-1
7.578500E+3	9.160685E-1
7.578750E+3	9.107279E-1
7.579000E+3	9.177690E-1
7.579250E+3	9.298049E-1
7.579500E+3	9.318925E-1
7.579750E+3	9.253819E-1
7.580000E+3	9.250837E-1
7.580250E+3	9.284358E-1
7.580500E+3	9.171290E-1
7.580750E+3	8.933130E-1
7.581000E+3	8.848799E-1
7.581250E+3	9.089749E-1
7.581500E+3	9.386552E-1
7.581750E+3	9.387603E-1
7.582000E+3	9.204376E-1
7.582250E+3	9.160481E-1
7.582500E+3	9.273339E-1
7.582750E+3	9.347069E-1
7.583000E+3	9.317579E-1
7.583250E+3	9.245368E-1
7.583500E+3	9.174508E-1
7.583750E+3	9.137678E-1
7.584000E+3	9.212563E-1
7.584250E+3	9.427562E-1
7.584500E+3	9.615995E-1
7.584750E+3	9.584373E-1
7.585000E+3	9.414549E-1
7.585250E+3	9.256622E-1
7.585500E+3	9.193446E-1
7.585750E+3	9.222276E-1
7.586000E+3	9.260138E-1
7.586250E+3	9.229894E-1
7.586500E+3	9.050500E-1
7.586750E+3	8.827584E-1
7.587000E+3	8.834618E-1
7.587250E+3	9.042868E-1
7.587500E+3	9.277243E-1
7.587750E+3	9.327305E-1
7.588000E+3	9.286161E-1
7.588250E+3	9.354000E-1
7.588500E+3	9.487742E-1
7.588750E+3	9.465079E-1
7.589000E+3	9.253788E-1
7.589250E+3	9.136222E-1
7.589500E+3	9.195603E-1
7.589750E+3	9.322340E-1
7.590000E+3	9.337266E-1
7.590250E+3	9.294498E-1
7.590500E+3	9.325860E-1
7.590750E+3	9.450919E-1
7.591000E+3	9.472421E-1
7.591250E+3	9.314993E-1
7.591500E+3	9.143895E-1
7.591750E+3	9.053389E-1
7.592000E+3	9.081140E-1
7.592250E+3	9.110875E-1
7.592500E+3	9.055489E-1
7.592750E+3	8.985844E-1
7.593000E+3	8.975174E-1
7.593250E+3	9.007058E-1
7.593500E+3	9.055438E-1
7.593750E+3	9.199067E-1
7.594000E+3	9.455961E-1
7.594250E+3	9.603405E-1
7.594500E+3	9.501269E-1
7.594750E+3	9.340356E-1
7.595000E+3	9.347449E-1
7.595250E+3	9.451930E-1
7.595500E+3	9.389048E-1
7.595750E+3	9.078205E-1
7.596000E+3	8.801257E-1
7.596250E+3	8.791949E-1
7.596500E+3	8.903005E-1
7.596750E+3	8.982278E-1
7.597000E+3	9.045312E-1
7.597250E+3	9.083665E-1
7.597500E+3	9.014438E-1
7.597750E+3	8.916986E-1
7.598000E+3	9.008719E-1
7.598250E+3	9.305782E-1
7.598500E+3	9.467865E-1
7.598750E+3	9.217774E-1
7.599000E+3	8.940198E-1
7.599250E+3	8.960144E-1
7.599500E+3	9.124819E-1
7.599750E+3	9.132995E-1
7.600000E+3	9.007426E-1
7.600250E+3	9.087053E-1
7.600500E+3	9.298942E-1
7.600750E+3	9.316591E-1
7.601000E+3	9.055948E-1
7.601250E+3	8.913975E-1
7.601500E+3	9.081270E-1
7.601750E+3	9.198918E-1
7.602000E+3	9.006889E-1
7.602250E+3	8.760508E-1
7.602500E+3	8.840764E-1
7.602750E+3	9.171773E-1
7.603000E+3	9.230019E-1
7.603250E+3	8.956086E-1
7.603500E+3	8.795275E-1
7.603750E+3	8.976339E-1
7.604000E+3	9.243335E-1
7.604250E+3	9.277184E-1
7.604500E+3	9.161171E-1
7.604750E+3	9.117362E-1
7.605000E+3	9.170423E-1
7.605250E+3	9.141726E-1
7.605500E+3	8.994156E-1
7.605750E+3	8.865815E-1
7.606000E+3	8.885976E-1
7.606250E+3	9.039847E-1
7.606500E+3	9.179885E-1
7.606750E+3	9.202955E-1
7.607000E+3	9.181583E-1
7.607250E+3	9.234088E-1
7.607500E+3	9.342718E-1
7.607750E+3	9.350150E-1
7.608000E+3	9.173356E-1
7.608250E+3	9.025515E-1
7.608500E+3	9.051422E-1
7.608750E+3	9.148852E-1
7.609000E+3	9.156174E-1
7.609250E+3	9.098913E-1
7.609500E+3	9.114926E-1
7.609750E+3	9.176651E-1
7.610000E+3	9.142785E-1
7.610250E+3	9.028538E-1
7.610500E+3	9.033553E-1
7.610750E+3	9.207009E-1
7.611000E+3	9.338690E-1
7.611250E+3	9.265283E-1
7.611500E+3	9.102370E-1
7.611750E+3	9.024915E-1
7.612000E+3	9.059865E-1
7.612250E+3	9.100781E-1
7.612500E+3	9.096344E-1
7.612750E+3	9.067538E-1
7.613000E+3	9.016113E-1
7.613250E+3	8.968474E-1
7.613500E+3	8.998445E-1
7.613750E+3	9.102962E-1
7.614000E+3	9.204260E-1
7.614250E+3	9.220471E-1
7.614500E+3	9.106143E-1
7.614750E+3	8.943348E-1
7.615000E+3	8.853916E-1
7.615250E+3	8.890668E-1
7.615500E+3	9.054146E-1
7.615750E+3	9.194502E-1
7.616000E+3	9.151814E-1
7.616250E+3	9.044045E-1
7.616500E+3	9.028150E-1
7.616750E+3	9.086617E-1
7.617000E+3	9.078416E-1
7.617250E+3	9.035872E-1
7.617500E+3	9.144614E-1
7.617750E+3	9.370165E-1
7.618000E+3	9.397247E-1
7.618250E+3	9.194844E-1
7.618500E+3	9.015389E-1
7.618750E+3	9.057430E-1
7.619000E+3	9.195384E-1
7.619250E+3	9.187831E-1
7.619500E+3	9.114242E-1
7.619750E+3	9.120033E-1
7.620000E+3	9.187967E-1
7.620250E+3	9.172303E-1
7.620500E+3	9.104919E-1
7.620750E+3	9.118815E-1
7.621000E+3	9.179906E-1
7.621250E+3	9.094498E-1
7.621500E+3	8.900142E-1
7.621750E+3	8.835342E-1
7.622000E+3	8.999157E-1
7.622250E+3	9.210528E-1
7.622500E+3	9.273711E-1
7.622750E+3	9.210317E-1
7.623000E+3	9.108409E-1
7.623250E+3	9.024377E-1
7.623500E+3	9.002985E-1
7.623750E+3	9.073674E-1
7.624000E+3	9.199432E-1
7.624250E+3	9.283665E-1
7.624500E+3	9.295765E-1
7.624750E+3	9.305605E-1
7.625000E+3	9.336233E-1
7.625250E+3	9.312750E-1
7.625500E+3	9.213631E-1
7.625750E+3	9.120150E-1
7.626000E+3	9.090694E-1
7.626250E+3	9.090176E-1
7.626500E+3	9.084774E-1
7.626750E+3	9.123132E-1
7.627000E+3	9.237654E-1
7.627250E+3	9.339473E-1
7.627500E+3	9.307338E-1
7.627750E+3	9.180470E-1
7.628000E+3	9.102629E-1
7.628250E+3	9.151603E-1
7.628500E+3	9.284434E-1
7.628750E+3	9.373211E-1
7.629000E+3	9.334236E-1
7.629250E+3	9.218898E-1
7.629500E+3	9.148288E-1
7.629750E+3	9.216039E-1
7.630000E+3	9.377259E-1
7.630250E+3	9.451426E-1
7.630500E+3	9.385256E-1
7.630750E+3	9.301827E-1
7.631000E+3	9.296907E-1
7.631250E+3	9.333594E-1
7.631500E+3	9.319131E-1
7.631750E+3	9.288668E-1
7.632000E+3	9.324746E-1
7.632250E+3	9.409359E-1
7.632500E+3	9.452731E-1
7.632750E+3	9.431153E-1
7.633000E+3	9.448277E-1
7.633250E+3	9.537118E-1
7.633500E+3	9.620888E-1
7.633750E+3	9.593316E-1
7.634000E+3	9.463310E-1
7.634250E+3	9.390704E-1
7.634500E+3	9.432034E-1
7.634750E+3	9.523989E-1
7.635000E+3	9.569508E-1
7.635250E+3	9.517451E-1
7.635500E+3	9.420281E-1
7.635750E+3	9.364264E-1
7.636000E+3	9.399397E-1
7.636250E+3	9.503592E-1
7.636500E+3	9.613062E-1
7.636750E+3	9.685429E-1
7.637000E+3	9.706523E-1
7.637250E+3	9.686527E-1
7.637500E+3	9.660490E-1
7.637750E+3	9.655752E-1
7.638000E+3	9.671331E-1
7.638250E+3	9.692059E-1
7.638500E+3	9.707389E-1
7.638750E+3	9.709910E-1
7.639000E+3	9.684979E-1
7.639250E+3	9.629807E-1
7.639500E+3	9.582936E-1
7.639750E+3	9.589110E-1
7.640000E+3	9.620934E-1
7.640250E+3	9.621886E-1
7.640500E+3	9.608045E-1
7.640750E+3	9.653021E-1
7.641000E+3	9.741097E-1
7.641250E+3	9.776877E-1
7.641500E+3	9.736435E-1
7.641750E+3	9.702331E-1
7.642000E+3	9.738369E-1
7.642250E+3	9.769999E-1
7.642500E+3	9.731298E-1
7.642750E+3	9.685713E-1
7.643000E+3	9.728360E-1
7.643250E+3	9.800132E-1
7.643500E+3	9.775249E-1
7.643750E+3	9.661923E-1
7.644000E+3	9.614406E-1
7.644250E+3	9.695815E-1
7.644500E+3	9.792943E-1
7.644750E+3	9.797842E-1
7.645000E+3	9.735434E-1
7.645250E+3	9.704185E-1
7.645500E+3	9.720217E-1
7.645750E+3	9.739637E-1
7.646000E+3	9.748220E-1
7.646250E+3	9.767041E-1
7.646500E+3	9.794129E-1
7.646750E+3	9.802686E-1
7.647000E+3	9.779677E-1
7.647250E+3	9.752874E-1
7.647500E+3	9.747299E-1
7.647750E+3	9.754215E-1
7.648000E+3	9.759169E-1
7.648250E+3	9.761290E-1
7.648500E+3	9.766697E-1
7.648750E+3	9.775748E-1
7.649000E+3	9.783909E-1
7.649250E+3	9.788436E-1
7.649500E+3	9.786884E-1
7.649750E+3	9.769045E-1
7.650000E+3	9.727029E-1
7.650250E+3	9.680445E-1
7.650500E+3	9.665035E-1
7.650750E+3	9.688287E-1
7.651000E+3	9.719908E-1
7.651250E+3	9.733776E-1
7.651500E+3	9.745505E-1
7.651750E+3	9.781696E-1
7.652000E+3	9.827654E-1
7.652250E+3	9.838854E-1
7.652500E+3	9.810314E-1
7.652750E+3	9.784407E-1
7.653000E+3	9.787270E-1
7.653250E+3	9.803690E-1
7.653500E+3	9.815800E-1
7.653750E+3	9.821108E-1
7.654000E+3	9.812115E-1
7.654250E+3	9.779215E-1
7.654500E+3	9.736982E-1
7.654750E+3	9.717971E-1
7.655000E+3	9.733265E-1
7.655250E+3	9.758874E-1
7.655500E+3	9.776634E-1
7.655750E+3	9.788166E-1
7.656000E+3	9.790094E-1
7.656250E+3	9.777791E-1
7.656500E+3	9.767300E-1
7.656750E+3	9.772459E-1
7.657000E+3	9.770449E-1
7.657250E+3	9.728972E-1
7.657500E+3	9.677181E-1
7.657750E+3	9.686687E-1
7.658000E+3	9.765332E-1
7.658250E+3	9.829836E-1
7.658500E+3	9.822800E-1
7.658750E+3	9.778035E-1
7.659000E+3	9.756938E-1
7.659250E+3	9.761223E-1
7.659500E+3	9.750745E-1
7.659750E+3	9.720575E-1
7.660000E+3	9.699343E-1
7.660250E+3	9.700226E-1
7.660500E+3	9.707069E-1
7.660750E+3	9.706158E-1
7.661000E+3	9.702040E-1
7.661250E+3	9.701703E-1
7.661500E+3	9.707524E-1
7.661750E+3	9.721461E-1
7.662000E+3	9.736627E-1
7.662250E+3	9.739164E-1
7.662500E+3	9.730357E-1
7.662750E+3	9.726827E-1
7.663000E+3	9.735750E-1
7.663250E+3	9.743317E-1
7.663500E+3	9.741537E-1
7.663750E+3	9.739460E-1
7.664000E+3	9.735759E-1
7.664250E+3	9.711655E-1
7.664500E+3	9.670528E-1
7.664750E+3	9.650775E-1
7.665000E+3	9.675958E-1
7.665250E+3	9.698181E-1
7.665500E+3	9.676896E-1
7.665750E+3	9.647063E-1
7.666000E+3	9.674748E-1
7.666250E+3	9.746240E-1
7.666500E+3	9.777280E-1
7.666750E+3	9.745897E-1
7.667000E+3	9.703995E-1
7.667250E+3	9.703712E-1
7.667500E+3	9.716501E-1
7.667750E+3	9.696884E-1
7.668000E+3	9.659927E-1
7.668250E+3	9.656881E-1
7.668500E+3	9.685295E-1
7.668750E+3	9.698759E-1
7.669000E+3	9.683465E-1
7.669250E+3	9.667472E-1
7.669500E+3	9.665601E-1
7.669750E+3	9.658602E-1
7.670000E+3	9.640718E-1
7.670250E+3	9.635616E-1
7.670500E+3	9.657083E-1
7.670750E+3	9.685159E-1
7.671000E+3	9.702762E-1
7.671250E+3	9.713688E-1
7.671500E+3	9.721210E-1
7.671750E+3	9.716769E-1
7.672000E+3	9.700501E-1
7.672250E+3	9.691594E-1
7.672500E+3	9.698903E-1
7.672750E+3	9.701502E-1
7.673000E+3	9.683511E-1
7.673250E+3	9.658774E-1
7.673500E+3	9.651511E-1
7.673750E+3	9.664302E-1
7.674000E+3	9.685214E-1
7.674250E+3	9.707050E-1
7.674500E+3	9.721042E-1
7.674750E+3	9.715611E-1
7.675000E+3	9.698268E-1
7.675250E+3	9.698039E-1
7.675500E+3	9.718239E-1
7.675750E+3	9.718918E-1
7.676000E+3	9.674260E-1
7.676250E+3	9.626255E-1
7.676500E+3	9.635807E-1
7.676750E+3	9.689343E-1
7.677000E+3	9.731880E-1
7.677250E+3	9.742233E-1
7.677500E+3	9.747777E-1
7.677750E+3	9.770512E-1
7.678000E+3	9.789261E-1
7.678250E+3	9.772369E-1
7.678500E+3	9.722510E-1
7.678750E+3	9.672072E-1
7.679000E+3	9.650511E-1
7.679250E+3	9.668617E-1
7.679500E+3	9.705375E-1
7.679750E+3	9.723128E-1
7.680000E+3	9.716084E-1
7.680250E+3	9.719431E-1
7.680500E+3	9.754710E-1
7.680750E+3	9.784378E-1
7.681000E+3	9.765241E-1
7.681250E+3	9.721616E-1
7.681500E+3	9.712647E-1
7.681750E+3	9.744413E-1
7.682000E+3	9.767403E-1
7.682250E+3	9.763036E-1
7.682500E+3	9.771276E-1
7.682750E+3	9.811129E-1
7.683000E+3	9.842350E-1
7.683250E+3	9.827822E-1
7.683500E+3	9.793208E-1
7.683750E+3	9.781239E-1
7.684000E+3	9.793681E-1
7.684250E+3	9.809450E-1
7.684500E+3	9.823412E-1
7.684750E+3	9.837416E-1
7.685000E+3	9.838721E-1
7.685250E+3	9.822727E-1
7.685500E+3	9.816038E-1
7.685750E+3	9.836479E-1
7.686000E+3	9.858867E-1
7.686250E+3	9.856000E-1
7.686500E+3	9.845227E-1
7.686750E+3	9.858409E-1
7.687000E+3	9.884133E-1
7.687250E+3	9.886052E-1
7.687500E+3	9.862394E-1
7.687750E+3	9.847774E-1
7.688000E+3	9.850957E-1
7.688250E+3	9.848926E-1
7.688500E+3	9.835930E-1
7.688750E+3	9.835568E-1
7.689000E+3	9.856933E-1
7.689250E+3	9.879093E-1
7.689500E+3	9.887311E-1
7.689750E+3	9.893236E-1
7.690000E+3	9.906694E-1
7.690250E+3	9.915237E-1
7.690500E+3	9.907325E-1
7.690750E+3	9.894110E-1
7.691000E+3	9.891971E-1
7.691250E+3	9.898770E-1
7.691500E+3	9.904286E-1
7.691750E+3	9.907079E-1
7.692000E+3	9.909055E-1
7.692250E+3	9.906704E-1
7.692500E+3	9.898766E-1
7.692750E+3	9.892294E-1
7.693000E+3	9.893183E-1
7.693250E+3	9.898899E-1
7.693500E+3	9.906033E-1
7.693750E+3	9.914092E-1
7.694000E+3	9.918140E-1
7.694250E+3	9.911032E-1
7.694500E+3	9.898113E-1
7.694750E+3	9.894149E-1
7.695000E+3	9.901321E-1
7.695250E+3	9.906156E-1
7.695500E+3	9.901186E-1
7.695750E+3	9.895336E-1
7.696000E+3	9.895591E-1
7.696250E+3	9.895335E-1
7.696500E+3	9.889797E-1
7.696750E+3	9.887492E-1
7.697000E+3	9.894727E-1
7.697250E+3	9.902942E-1
7.697500E+3	9.903921E-1
7.697750E+3	9.903353E-1
7.698000E+3	9.908089E-1
7.698250E+3	9.911581E-1
7.698500E+3	9.905003E-1
7.698750E+3	9.894102E-1
7.699000E+3	9.890385E-1
7.699250E+3	9.891627E-1
7.699500E+3	9.886689E-1
7.699750E+3	9.876661E-1
7.700000E+3	9.874743E-1
7.700250E+3	9.884550E-1
7.700500E+3	9.892956E-1
7.700750E+3	9.887754E-1
7.701000E+3	9.872830E-1
7.701250E+3	9.861318E-1
7.701500E+3	9.859772E-1
7.701750E+3	9.863936E-1
7.702000E+3	9.866405E-1
7.702250E+3	9.864484E-1
7.702500E+3	9.861024E-1
7.702750E+3	9.858877E-1
7.703000E+3	9.856468E-1
7.703250E+3	9.851076E-1
7.703500E+3	9.844869E-1
7.703750E+3	9.842575E-1
7.704000E+3	9.843373E-1
7.704250E+3	9.841379E-1
7.704500E+3	9.835634E-1
7.704750E+3	9.832997E-1
7.705000E+3	9.837492E-1
7.705250E+3	9.843483E-1
7.705500E+3	9.843727E-1
7.705750E+3	9.838827E-1
7.706000E+3	9.833964E-1
7.706250E+3	9.830943E-1
7.706500E+3	9.828691E-1
7.706750E+3	9.827078E-1
7.707000E+3	9.825360E-1
7.707250E+3	9.821255E-1
7.707500E+3	9.816101E-1
7.707750E+3	9.815796E-1
7.708000E+3	9.821169E-1
7.708250E+3	9.823459E-1
7.708500E+3	9.816478E-1
7.708750E+3	9.807365E-1
7.709000E+3	9.806480E-1
7.709250E+3	9.811326E-1
7.709500E+3	9.810961E-1
7.709750E+3	9.803900E-1
7.710000E+3	9.799974E-1
7.710250E+3	9.803946E-1
7.710500E+3	9.808837E-1
7.710750E+3	9.808426E-1
7.711000E+3	9.806080E-1
7.711250E+3	9.806184E-1
7.711500E+3	9.805706E-1
7.711750E+3	9.801382E-1
7.712000E+3	9.798331E-1
7.712250E+3	9.803048E-1
7.712500E+3	9.812235E-1
7.712750E+3	9.816441E-1
7.713000E+3	9.813609E-1
7.713250E+3	9.810728E-1
7.713500E+3	9.811719E-1
7.713750E+3	9.811903E-1
7.714000E+3	9.806987E-1
7.714250E+3	9.800976E-1
7.714500E+3	9.800382E-1
7.714750E+3	9.804929E-1
7.715000E+3	9.808734E-1
7.715250E+3	9.809368E-1
7.715500E+3	9.810139E-1
7.715750E+3	9.813025E-1
7.716000E+3	9.814831E-1
7.716250E+3	9.812908E-1
7.716500E+3	9.810703E-1
7.716750E+3	9.813392E-1
7.717000E+3	9.819826E-1
7.717250E+3	9.823314E-1
7.717500E+3	9.820998E-1
7.717750E+3	9.817990E-1
7.718000E+3	9.820320E-1
7.718250E+3	9.826950E-1
7.718500E+3	9.831918E-1
7.718750E+3	9.832511E-1
7.719000E+3	9.831608E-1
7.719250E+3	9.832562E-1
7.719500E+3	9.834947E-1
7.719750E+3	9.836428E-1
7.720000E+3	9.836517E-1
7.720250E+3	9.836734E-1
7.720500E+3	9.838118E-1
7.720750E+3	9.840129E-1
7.721000E+3	9.841829E-1
7.721250E+3	9.843183E-1
7.721500E+3	9.844977E-1
7.721750E+3	9.847745E-1
7.722000E+3	9.851002E-1
7.722250E+3	9.853738E-1
7.722500E+3	9.855761E-1
7.722750E+3	9.858025E-1
7.723000E+3	9.861151E-1
7.723250E+3	9.864242E-1
7.723500E+3	9.865995E-1
7.723750E+3	9.866630E-1
7.724000E+3	9.867628E-1
7.724250E+3	9.869728E-1
7.724500E+3	9.872296E-1
7.724750E+3	9.874653E-1
7.725000E+3	9.876815E-1
7.725250E+3	9.878708E-1
7.725500E+3	9.879992E-1
7.725750E+3	9.881146E-1
7.726000E+3	9.883373E-1
7.726250E+3	9.886691E-1
7.726500E+3	9.889435E-1
7.726750E+3	9.890682E-1
7.727000E+3	9.891926E-1
7.727250E+3	9.894867E-1
7.727500E+3	9.898524E-1
7.727750E+3	9.900487E-1
7.728000E+3	9.900566E-1
7.728250E+3	9.901107E-1
7.728500E+3	9.903587E-1
7.728750E+3	9.906900E-1
7.729000E+3	9.909592E-1
7.729250E+3	9.911905E-1
7.729500E+3	9.914568E-1
7.729750E+3	9.917067E-1
7.730000E+3	9.918549E-1
7.730250E+3	9.919390E-1
7.730500E+3	9.920496E-1
7.730750E+3	9.921735E-1
7.731000E+3	9.922438E-1
7.731250E+3	9.923002E-1
7.731500E+3	9.924569E-1
7.731750E+3	9.927318E-1
7.732000E+3	9.930334E-1
7.732250E+3	9.933082E-1
7.732500E+3	9.935752E-1
7.732750E+3	9.938160E-1
7.733000E+3	9.939670E-1
7.733250E+3	9.940451E-1
7.733500E+3	9.941548E-1
7.733750E+3	9.943279E-1
7.734000E+3	9.944781E-1
7.734250E+3	9.945736E-1
7.734500E+3	9.947356E-1
7.734750E+3	9.950541E-1
7.735000E+3	9.954016E-1
7.735250E+3	9.955664E-1
7.735500E+3	9.955431E-1
7.735750E+3	9.955464E-1
7.736000E+3	9.957019E-1
7.736250E+3	9.958739E-1
7.736500E+3	9.958837E-1
7.736750E+3	9.957887E-1
7.737000E+3	9.958003E-1
7.737250E+3	9.959724E-1
7.737500E+3	9.961314E-1
7.737750E+3	9.961570E-1
7.738000E+3	9.961688E-1
7.738250E+3	9.963291E-1
7.738500E+3	9.965796E-1
7.738750E+3	9.967222E-1
7.739000E+3	9.967118E-1
7.739250E+3	9.966950E-1
7.739500E+3	9.967744E-1
7.739750E+3	9.968867E-1
7.740000E+3	9.969358E-1
7.740250E+3	9.969154E-1
7.740500E+3	9.968609E-1
7.740750E+3	9.967981E-1
7.741000E+3	9.967670E-1
7.741250E+3	9.967957E-1
7.741500E+3	9.968303E-1
7.741750E+3	9.967893E-1
7.742000E+3	9.967082E-1
7.742250E+3	9.967078E-1
7.742500E+3	9.967991E-1
7.742750E+3	9.968591E-1
7.743000E+3	9.968374E-1
7.743250E+3	9.968289E-1
7.743500E+3	9.968800E-1
7.743750E+3	9.968869E-1
7.744000E+3	9.967828E-1
7.744250E+3	9.966767E-1
7.744500E+3	9.966951E-1
7.744750E+3	9.968082E-1
7.745000E+3	9.969144E-1
7.745250E+3	9.969802E-1
7.745500E+3	9.969866E-1
7.745750E+3	9.968691E-1
7.746000E+3	9.966428E-1
7.746250E+3	9.964645E-1
7.746500E+3	9.964378E-1
7.746750E+3	9.964618E-1
7.747000E+3	9.964000E-1
7.747250E+3	9.962893E-1
7.747500E+3	9.962279E-1
7.747750E+3	9.961768E-1
7.748000E+3	9.960586E-1
7.748250E+3	9.959476E-1
7.748500E+3	9.959470E-1
7.748750E+3	9.959659E-1
7.749000E+3	9.958542E-1
7.749250E+3	9.957058E-1
7.749500E+3	9.957625E-1
7.749750E+3	9.960130E-1
7.750000E+3	9.961624E-1
7.750250E+3	9.960601E-1
7.750500E+3	9.959031E-1
7.750750E+3	9.959089E-1
7.751000E+3	9.960011E-1
7.751250E+3	9.959857E-1
7.751500E+3	9.958744E-1
7.751750E+3	9.958356E-1
7.752000E+3	9.959207E-1
7.752250E+3	9.960155E-1
7.752500E+3	9.960279E-1
7.752750E+3	9.959867E-1
7.753000E+3	9.959549E-1
7.753250E+3	9.959472E-1
7.753500E+3	9.959345E-1
7.753750E+3	9.958813E-1
7.754000E+3	9.958082E-1
7.754250E+3	9.958274E-1
7.754500E+3	9.960278E-1
7.754750E+3	9.962850E-1
7.755000E+3	9.963323E-1
7.755250E+3	9.961275E-1
7.755500E+3	9.959874E-1
7.755750E+3	9.961884E-1
7.756000E+3	9.965552E-1
7.756250E+3	9.966900E-1
7.756500E+3	9.965213E-1
7.756750E+3	9.963762E-1
7.757000E+3	9.964959E-1
7.757250E+3	9.967213E-1
7.757500E+3	9.967917E-1
7.757750E+3	9.967124E-1
7.758000E+3	9.966759E-1
7.758250E+3	9.967614E-1
7.758500E+3	9.968791E-1
7.758750E+3	9.969382E-1
7.759000E+3	9.969266E-1
7.759250E+3	9.968780E-1
7.759500E+3	9.968563E-1
7.759750E+3	9.969160E-1
7.760000E+3	9.970009E-1
7.760250E+3	9.969537E-1
7.760500E+3	9.967303E-1
7.760750E+3	9.965176E-1
7.761000E+3	9.965033E-1
7.761250E+3	9.965971E-1
7.761500E+3	9.965338E-1
7.761750E+3	9.962121E-1
7.762000E+3	9.957907E-1
7.762250E+3	9.954586E-1
7.762500E+3	9.952390E-1
7.762750E+3	9.950336E-1
7.763000E+3	9.947381E-1
7.763250E+3	9.943070E-1
7.763500E+3	9.937809E-1
7.763750E+3	9.932001E-1
7.764000E+3	9.924483E-1
7.764250E+3	9.913360E-1
7.764500E+3	9.899586E-1
7.764750E+3	9.887151E-1
7.765000E+3	9.877109E-1
7.765250E+3	9.863950E-1
7.765500E+3	9.841908E-1
7.765750E+3	9.814482E-1
7.766000E+3	9.792355E-1
7.766250E+3	9.780609E-1
7.766500E+3	9.772229E-1
7.766750E+3	9.755562E-1
7.767000E+3	9.726800E-1
7.767250E+3	9.694212E-1
7.767500E+3	9.667946E-1
7.767750E+3	9.644010E-1
7.768000E+3	9.604602E-1
7.768250E+3	9.542810E-1
7.768500E+3	9.480930E-1
7.768750E+3	9.444961E-1
7.769000E+3	9.422222E-1
7.769250E+3	9.376265E-1
7.769500E+3	9.306475E-1
7.769750E+3	9.251569E-1
7.770000E+3	9.217912E-1
7.770250E+3	9.153968E-1
7.770500E+3	9.036454E-1
7.770750E+3	8.923991E-1
7.771000E+3	8.860394E-1
7.771250E+3	8.785133E-1
7.771500E+3	8.629023E-1
7.771750E+3	8.456271E-1
7.772000E+3	8.365382E-1
7.772250E+3	8.310146E-1
7.772500E+3	8.168497E-1
7.772750E+3	7.963107E-1
7.773000E+3	7.846605E-1
7.773250E+3	7.827922E-1
7.773500E+3	7.753038E-1
7.773750E+3	7.555526E-1
7.774000E+3	7.359415E-1
7.774250E+3	7.240506E-1
7.774500E+3	7.089576E-1
7.774750E+3	6.825508E-1
7.775000E+3	6.574080E-1
7.775250E+3	6.471743E-1
7.775500E+3	6.425031E-1
7.775750E+3	6.279324E-1
7.776000E+3	6.038843E-1
7.776250E+3	5.795033E-1
7.776500E+3	5.584676E-1
7.776750E+3	5.411115E-1
7.777000E+3	5.286279E-1
7.777250E+3	5.162952E-1
7.777500E+3	4.939004E-1
7.777750E+3	4.640575E-1
7.778000E+3	4.442368E-1
7.778250E+3	4.370100E-1
7.778500E+3	4.257448E-1
7.778750E+3	4.000680E-1
7.779000E+3	3.731950E-1
7.779250E+3	3.599413E-1
7.779500E+3	3.521639E-1
7.779750E+3	3.355294E-1
7.780000E+3	3.138380E-1
7.780250E+3	3.009960E-1
7.780500E+3	2.963429E-1
7.780750E+3	2.880047E-1
7.781000E+3	2.706359E-1
7.781250E+3	2.494350E-1
7.781500E+3	2.315718E-1
7.781750E+3	2.202897E-1
7.782000E+3	2.153966E-1
7.782250E+3	2.136124E-1
7.782500E+3	2.102489E-1
7.782750E+3	2.047973E-1
7.783000E+3	2.010558E-1
7.783250E+3	1.982595E-1
7.783500E+3	1.905559E-1
7.783750E+3	1.787368E-1
7.784000E+3	1.725268E-1
7.784250E+3	1.768215E-1
7.784500E+3	1.833150E-1
7.784750E+3	1.827922E-1
7.785000E+3	1.798019E-1
7.785250E+3	1.827942E-1
7.785500E+3	1.904999E-1
7.785750E+3	1.955310E-1
7.786000E+3	1.975039E-1
7.786250E+3	2.020432E-1
7.786500E+3	2.075468E-1
7.786750E+3	2.075734E-1
7.787000E+3	2.043631E-1
7.787250E+3	2.078973E-1
7.787500E+3	2.206940E-1
7.787750E+3	2.342336E-1
7.788000E+3	2.419621E-1
7.788250E+3	2.464790E-1
7.788500E+3	2.518366E-1
7.788750E+3	2.573479E-1
7.789000E+3	2.618447E-1
7.789250E+3	2.665077E-1
7.789500E+3	2.711543E-1
7.789750E+3	2.740828E-1
7.790000E+3	2.769361E-1
7.790250E+3	2.828038E-1
7.790500E+3	2.895399E-1
7.790750E+3	2.923449E-1
7.791000E+3	2.933174E-1
7.791250E+3	3.001892E-1
7.791500E+3	3.135270E-1
7.791750E+3	3.244946E-1
7.792000E+3	3.276319E-1
7.792250E+3	3.284983E-1
7.792500E+3	3.339396E-1
7.792750E+3	3.412425E-1
7.793000E+3	3.435930E-1
7.793250E+3	3.415770E-1
7.793500E+3	3.420548E-1
7.793750E+3	3.483702E-1
7.794000E+3	3.573818E-1
7.794250E+3	3.646280E-1
7.794500E+3	3.688299E-1
7.794750E+3	3.712472E-1
7.795000E+3	3.732414E-1
7.795250E+3	3.753465E-1
7.795500E+3	3.772140E-1
7.795750E+3	3.783624E-1
7.796000E+3	3.795287E-1
7.796250E+3	3.821439E-1
7.796500E+3	3.858294E-1
7.796750E+3	3.880289E-1
7.797000E+3	3.877628E-1
7.797250E+3	3.877339E-1
7.797500E+3	3.904382E-1
7.797750E+3	3.941834E-1
7.798000E+3	3.956037E-1
7.798250E+3	3.950660E-1
7.798500E+3	3.962263E-1
7.798750E+3	4.002824E-1
7.799000E+3	4.042096E-1
7.799250E+3	4.057240E-1
7.799500E+3	4.063811E-1
7.799750E+3	4.084341E-1
7.800000E+3	4.117242E-1
7.800250E+3	4.151488E-1
7.800500E+3	4.186343E-1
7.800750E+3	4.216672E-1
7.801000E+3	4.224710E-1
7.801250E+3	4.211460E-1
7.801500E+3	4.214490E-1
7.801750E+3	4.261278E-1
7.802000E+3	4.316141E-1
7.802250E+3	4.321450E-1
7.802500E+3	4.280145E-1
7.802750E+3	4.256352E-1
7.803000E+3	4.290633E-1
7.803250E+3	4.348567E-1
7.803500E+3	4.376699E-1
7.803750E+3	4.370732E-1
7.804000E+3	4.368209E-1
7.804250E+3	4.392226E-1
7.804500E+3	4.429485E-1
7.804750E+3	4.458604E-1
7.805000E+3	4.475624E-1
7.805250E+3	4.492319E-1
7.805500E+3	4.520081E-1
7.805750E+3	4.557262E-1
7.806000E+3	4.587621E-1
7.806250E+3	4.595722E-1
7.806500E+3	4.586303E-1
7.806750E+3	4.585676E-1
7.807000E+3	4.617998E-1
7.807250E+3	4.674188E-1
7.807500E+3	4.723151E-1
7.807750E+3	4.749799E-1
7.808000E+3	4.767375E-1
7.808250E+3	4.795244E-1
7.808500E+3	4.828804E-1
7.808750E+3	4.847131E-1
7.809000E+3	4.848399E-1
7.809250E+3	4.860080E-1
7.809500E+3	4.899010E-1
7.809750E+3	4.947495E-1
7.810000E+3	4.982119E-1
7.810250E+3	5.009526E-1
7.810500E+3	5.052090E-1
7.810750E+3	5.100223E-1
7.811000E+3	5.117633E-1
7.811250E+3	5.093401E-1
7.811500E+3	5.073338E-1
7.811750E+3	5.106900E-1
7.812000E+3	5.189417E-1
7.812250E+3	5.276246E-1
7.812500E+3	5.329088E-1
7.812750E+3	5.361667E-1
7.813000E+3	5.426264E-1
7.813250E+3	5.537804E-1
7.813500E+3	5.618683E-1
7.813750E+3	5.575340E-1
7.814000E+3	5.453263E-1
7.814250E+3	5.416950E-1
7.814500E+3	5.547291E-1
7.814750E+3	5.706597E-1
7.815000E+3	5.712906E-1
7.815250E+3	5.607648E-1
7.815500E+3	5.578046E-1
7.815750E+3	5.684996E-1
7.816000E+3	5.797337E-1
7.816250E+3	5.821778E-1
7.816500E+3	5.849436E-1
7.816750E+3	5.974833E-1
7.817000E+3	6.128316E-1
7.817250E+3	6.193465E-1
7.817500E+3	6.183322E-1
7.817750E+3	6.185633E-1
7.818000E+3	6.209454E-1
7.818250E+3	6.209053E-1
7.818500E+3	6.204559E-1
7.818750E+3	6.257745E-1
7.819000E+3	6.350832E-1
7.819250E+3	6.410805E-1
7.819500E+3	6.435921E-1
7.819750E+3	6.487509E-1
7.820000E+3	6.580402E-1
7.820250E+3	6.658289E-1
7.820500E+3	6.688811E-1
7.820750E+3	6.695841E-1
7.821000E+3	6.706498E-1
7.821250E+3	6.735451E-1
7.821500E+3	6.793671E-1
7.821750E+3	6.861892E-1
7.822000E+3	6.890101E-1
7.822250E+3	6.873378E-1
7.822500E+3	6.883384E-1
7.822750E+3	6.961802E-1
7.823000E+3	7.037886E-1
7.823250E+3	7.041644E-1
7.823500E+3	7.036910E-1
7.823750E+3	7.116317E-1
7.824000E+3	7.231148E-1
7.824250E+3	7.262565E-1
7.824500E+3	7.236520E-1
7.824750E+3	7.298973E-1
7.825000E+3	7.460539E-1
7.825250E+3	7.561126E-1
7.825500E+3	7.517883E-1
7.825750E+3	7.454718E-1
7.826000E+3	7.520125E-1
7.826250E+3	7.657281E-1
7.826500E+3	7.710514E-1
7.826750E+3	7.665258E-1
7.827000E+3	7.660461E-1
7.827250E+3	7.772833E-1
7.827500E+3	7.899290E-1
7.827750E+3	7.927227E-1
7.828000E+3	7.872933E-1
7.828250E+3	7.852506E-1
7.828500E+3	7.918162E-1
7.828750E+3	7.998935E-1
7.829000E+3	8.027644E-1
7.829250E+3	8.028606E-1
7.829500E+3	8.059971E-1
7.829750E+3	8.104968E-1
7.830000E+3	8.107443E-1
7.830250E+3	8.082139E-1
7.830500E+3	8.106275E-1
7.830750E+3	8.178176E-1
7.831000E+3	8.215145E-1
7.831250E+3	8.191599E-1
7.831500E+3	8.190971E-1
7.831750E+3	8.270631E-1
7.832000E+3	8.369011E-1
7.832250E+3	8.419409E-1
7.832500E+3	8.447980E-1
7.832750E+3	8.489679E-1
7.833000E+3	8.501329E-1
7.833250E+3	8.452866E-1
7.833500E+3	8.428825E-1
7.833750E+3	8.497156E-1
7.834000E+3	8.565769E-1
7.834250E+3	8.527476E-1
7.834500E+3	8.444743E-1
7.834750E+3	8.464256E-1
7.835000E+3	8.574905E-1
7.835250E+3	8.620226E-1
7.835500E+3	8.546190E-1
7.835750E+3	8.483674E-1
7.836000E+3	8.536874E-1
7.836250E+3	8.649973E-1
7.836500E+3	8.705924E-1
7.836750E+3	8.687359E-1
7.837000E+3	8.666454E-1
7.837250E+3	8.689167E-1
7.837500E+3	8.715989E-1
7.837750E+3	8.676506E-1
7.838000E+3	8.566963E-1
7.838250E+3	8.461710E-1
7.838500E+3	8.473849E-1
7.838750E+3	8.605991E-1
7.839000E+3	8.716011E-1
7.839250E+3	8.738055E-1
7.839500E+3	8.731275E-1
7.839750E+3	8.745519E-1
7.840000E+3	8.737715E-1
7.840250E+3	8.681901E-1
7.840500E+3	8.653446E-1
7.840750E+3	8.701801E-1
7.841000E+3	8.741261E-1
7.841250E+3	8.698278E-1
7.841500E+3	8.634678E-1
7.841750E+3	8.647023E-1
7.842000E+3	8.675313E-1
7.842250E+3	8.606128E-1
7.842500E+3	8.472618E-1
7.842750E+3	8.410475E-1
7.843000E+3	8.458652E-1
7.843250E+3	8.513347E-1
7.843500E+3	8.524592E-1
7.843750E+3	8.542729E-1
7.844000E+3	8.592024E-1
7.844250E+3	8.622415E-1
7.844500E+3	8.606922E-1
7.844750E+3	8.565112E-1
7.845000E+3	8.510806E-1
7.845250E+3	8.458926E-1
7.845500E+3	8.442818E-1
7.845750E+3	8.447393E-1
7.846000E+3	8.394981E-1
7.846250E+3	8.273798E-1
7.846500E+3	8.210197E-1
7.846750E+3	8.281267E-1
7.847000E+3	8.355348E-1
7.847250E+3	8.307865E-1
7.847500E+3	8.213166E-1
7.847750E+3	8.235333E-1
7.848000E+3	8.354462E-1
7.848250E+3	8.386104E-1
7.848500E+3	8.281914E-1
7.848750E+3	8.169801E-1
7.849000E+3	8.148228E-1
7.849250E+3	8.152166E-1
7.849500E+3	8.083058E-1
7.849750E+3	7.966563E-1
7.850000E+3	7.890140E-1
7.850250E+3	7.890822E-1
7.850500E+3	7.927242E-1
7.850750E+3	7.938027E-1
7.851000E+3	7.929317E-1
7.851250E+3	7.975155E-1
7.851500E+3	8.100124E-1
7.851750E+3	8.145127E-1
7.852000E+3	7.948223E-1
7.852250E+3	7.628315E-1
7.852500E+3	7.471038E-1
7.852750E+3	7.604742E-1
7.853000E+3	7.800362E-1
7.853250E+3	7.774711E-1
7.853500E+3	7.583570E-1
7.853750E+3	7.490882E-1
7.854000E+3	7.592772E-1
7.854250E+3	7.778399E-1
7.854500E+3	7.937063E-1
7.854750E+3	7.988364E-1
7.855000E+3	7.880595E-1
7.855250E+3	7.698051E-1
7.855500E+3	7.611714E-1
7.855750E+3	7.672590E-1
7.856000E+3	7.709722E-1
7.856250E+3	7.591843E-1
7.856500E+3	7.464402E-1
7.856750E+3	7.445517E-1
7.857000E+3	7.398864E-1
7.857250E+3	7.232990E-1
7.857500E+3	7.176154E-1
7.857750E+3	7.380442E-1
7.858000E+3	7.530598E-1
7.858250E+3	7.320736E-1
7.858500E+3	7.001199E-1
7.858750E+3	7.020897E-1
7.859000E+3	7.370142E-1
7.859250E+3	7.550602E-1
7.859500E+3	7.288451E-1
7.859750E+3	7.038524E-1
7.860000E+3	7.138067E-1
7.860250E+3	7.341251E-1
7.860500E+3	7.367343E-1
7.860750E+3	7.301328E-1
7.861000E+3	7.337728E-1
7.861250E+3	7.383757E-1
7.861500E+3	7.295622E-1
7.861750E+3	7.180143E-1
7.862000E+3	7.231758E-1
7.862250E+3	7.374881E-1
7.862500E+3	7.385939E-1
7.862750E+3	7.232564E-1
7.863000E+3	7.108143E-1
7.863250E+3	7.143781E-1
7.863500E+3	7.246307E-1
7.863750E+3	7.255387E-1
7.864000E+3	7.166541E-1
7.864250E+3	7.124145E-1
7.864500E+3	7.223925E-1
7.864750E+3	7.381481E-1
7.865000E+3	7.411946E-1
7.865250E+3	7.327805E-1
7.865500E+3	7.329006E-1
7.865750E+3	7.451399E-1
7.866000E+3	7.453015E-1
7.866250E+3	7.236530E-1
7.866500E+3	7.071074E-1
7.866750E+3	7.197516E-1
7.867000E+3	7.417844E-1
7.867250E+3	7.404912E-1
7.867500E+3	7.293761E-1
7.867750E+3	7.333584E-1
7.868000E+3	7.392167E-1
7.868250E+3	7.190059E-1
7.868500E+3	6.914285E-1
7.868750E+3	6.973137E-1
7.869000E+3	7.305314E-1
7.869250E+3	7.390650E-1
7.869500E+3	7.177783E-1
7.869750E+3	7.111935E-1
7.870000E+3	7.323777E-1
7.870250E+3	7.497648E-1
7.870500E+3	7.493722E-1
7.870750E+3	7.559620E-1
7.871000E+3	7.713505E-1
7.871250E+3	7.614024E-1
7.871500E+3	7.296694E-1
7.871750E+3	7.240452E-1
7.872000E+3	7.520777E-1
7.872250E+3	7.679312E-1
7.872500E+3	7.401637E-1
7.872750E+3	7.175235E-1
7.873000E+3	7.377334E-1
7.873250E+3	7.652299E-1
7.873500E+3	7.557548E-1
7.873750E+3	7.305537E-1
7.874000E+3	7.330781E-1
7.874250E+3	7.505845E-1
7.874500E+3	7.507298E-1
7.874750E+3	7.457343E-1
7.875000E+3	7.631174E-1
7.875250E+3	7.863415E-1
7.875500E+3	7.873364E-1
7.875750E+3	7.788212E-1
7.876000E+3	7.846377E-1
7.876250E+3	7.950489E-1
7.876500E+3	7.881235E-1
7.876750E+3	7.754274E-1
7.877000E+3	7.831643E-1
7.877250E+3	7.929205E-1
7.877500E+3	7.730851E-1
7.877750E+3	7.341643E-1
7.878000E+3	7.210790E-1
7.878250E+3	7.386407E-1
7.878500E+3	7.543352E-1
7.878750E+3	7.558756E-1
7.879000E+3	7.624796E-1
7.879250E+3	7.839431E-1
7.879500E+3	8.132722E-1
7.879750E+3	8.361174E-1
7.880000E+3	8.323525E-1
7.880250E+3	8.008152E-1
7.880500E+3	7.686246E-1
7.880750E+3	7.661377E-1
7.881000E+3	7.858117E-1
7.881250E+3	7.848666E-1
7.881500E+3	7.643634E-1
7.881750E+3	7.651692E-1
7.882000E+3	7.975184E-1
7.882250E+3	8.150488E-1
7.882500E+3	7.836778E-1
7.882750E+3	7.539296E-1
7.883000E+3	7.699547E-1
7.883250E+3	7.887376E-1
7.883500E+3	7.616205E-1
7.883750E+3	7.186217E-1
7.884000E+3	7.260312E-1
7.884250E+3	7.704374E-1
7.884500E+3	7.975085E-1
7.884750E+3	7.970364E-1
7.885000E+3	8.003152E-1
7.885250E+3	8.083628E-1
7.885500E+3	7.946220E-1
7.885750E+3	7.647031E-1
7.886000E+3	7.481306E-1
7.886250E+3	7.546654E-1
7.886500E+3	7.679409E-1
7.886750E+3	7.827651E-1
7.887000E+3	7.976023E-1
7.887250E+3	7.917305E-1
7.887500E+3	7.649816E-1
7.887750E+3	7.571131E-1
7.888000E+3	7.811016E-1
7.888250E+3	7.991536E-1
7.888500E+3	7.829294E-1
7.888750E+3	7.683221E-1
7.889000E+3	7.904179E-1
7.889250E+3	8.080493E-1
7.889500E+3	7.586058E-1
7.889750E+3	6.766876E-1
7.890000E+3	6.451309E-1
7.890250E+3	6.786477E-1
7.890500E+3	7.254430E-1
7.890750E+3	7.513888E-1
7.891000E+3	7.650161E-1
7.891250E+3	7.658236E-1
7.891500E+3	7.480016E-1
7.891750E+3	7.375826E-1
7.892000E+3	7.653193E-1
7.892250E+3	8.123182E-1
7.892500E+3	8.059547E-1
7.892750E+3	7.402097E-1
7.893000E+3	6.937367E-1
7.893250E+3	7.113956E-1
7.893500E+3	7.467013E-1
7.893750E+3	7.391375E-1
7.894000E+3	7.152217E-1
7.894250E+3	7.312794E-1
7.894500E+3	7.888877E-1
7.894750E+3	8.296895E-1
7.895000E+3	8.177658E-1
7.895250E+3	7.703045E-1
7.895500E+3	7.402886E-1
7.895750E+3	7.485667E-1
7.896000E+3	7.522672E-1
7.896250E+3	7.354178E-1
7.896500E+3	7.289106E-1
7.896750E+3	7.544262E-1
7.897000E+3	7.769122E-1
7.897250E+3	7.595637E-1
7.897500E+3	7.292296E-1
7.897750E+3	7.329397E-1
7.898000E+3	7.572760E-1
7.898250E+3	7.627842E-1
7.898500E+3	7.495296E-1
7.898750E+3	7.583805E-1
7.899000E+3	7.936627E-1
7.899250E+3	8.110459E-1
7.899500E+3	7.841773E-1
7.899750E+3	7.509483E-1
7.900000E+3	7.496784E-1
7.900250E+3	7.480611E-1
7.900500E+3	7.087007E-1
7.900750E+3	6.591129E-1
7.901000E+3	6.444129E-1
7.901250E+3	6.533878E-1
7.901500E+3	6.594715E-1
7.901750E+3	6.636658E-1
7.902000E+3	6.724427E-1
7.902250E+3	6.708844E-1
7.902500E+3	6.521415E-1
7.902750E+3	6.392435E-1
7.903000E+3	6.475481E-1
7.903250E+3	6.499670E-1
7.903500E+3	6.329735E-1
7.903750E+3	6.219536E-1
7.904000E+3	6.310101E-1
7.904250E+3	6.264336E-1
7.904500E+3	5.945723E-1
7.904750E+3	5.753158E-1
7.905000E+3	5.819955E-1
7.905250E+3	5.693031E-1
7.905500E+3	5.329968E-1
7.905750E+3	5.418770E-1
7.906000E+3	5.975954E-1
7.906250E+3	6.214038E-1
7.906500E+3	5.589873E-1
7.906750E+3	5.136238E-1
7.907000E+3	5.482818E-1
7.907250E+3	5.893076E-1
7.907500E+3	5.747870E-1
7.907750E+3	5.539551E-1
7.908000E+3	6.108146E-1
7.908250E+3	6.809984E-1
7.908500E+3	6.772345E-1
7.908750E+3	6.138988E-1
7.909000E+3	5.869624E-1
7.909250E+3	6.299473E-1
7.909500E+3	6.595447E-1
7.909750E+3	6.308611E-1
7.910000E+3	6.102387E-1
7.910250E+3	6.152529E-1
7.910500E+3	6.341810E-1
7.910750E+3	6.588988E-1
7.911000E+3	6.848283E-1
7.911250E+3	7.091915E-1
7.911500E+3	7.355704E-1
7.911750E+3	7.729092E-1
7.912000E+3	8.122826E-1
7.912250E+3	8.326904E-1
7.912500E+3	8.309812E-1
7.912750E+3	8.253004E-1
7.913000E+3	8.345036E-1
7.913250E+3	8.438841E-1
7.913500E+3	8.284264E-1
7.913750E+3	8.112062E-1
7.914000E+3	8.287380E-1
7.914250E+3	8.645329E-1
7.914500E+3	8.703625E-1
7.914750E+3	8.416063E-1
7.915000E+3	8.316624E-1
7.915250E+3	8.532834E-1
7.915500E+3	8.773604E-1
7.915750E+3	8.782084E-1
7.916000E+3	8.723475E-1
7.916250E+3	8.814265E-1
7.916500E+3	8.963429E-1
7.916750E+3	9.036699E-1
7.917000E+3	9.072402E-1
7.917250E+3	9.208495E-1
7.917500E+3	9.418131E-1
7.917750E+3	9.564803E-1
7.918000E+3	9.603884E-1
7.918250E+3	9.552675E-1
7.918500E+3	9.413266E-1
7.918750E+3	9.256940E-1
7.919000E+3	9.219123E-1
7.919250E+3	9.318020E-1
7.919500E+3	9.449362E-1
7.919750E+3	9.509390E-1
7.920000E+3	9.490657E-1
7.920250E+3	9.444274E-1
7.920500E+3	9.402517E-1
7.920750E+3	9.396523E-1
7.921000E+3	9.454409E-1
7.921250E+3	9.555736E-1
7.921500E+3	9.645270E-1
7.921750E+3	9.679237E-1
7.922000E+3	9.682395E-1
7.922250E+3	9.696780E-1
7.922500E+3	9.709004E-1
7.922750E+3	9.701083E-1
7.923000E+3	9.699487E-1
7.923250E+3	9.721256E-1
7.923500E+3	9.725381E-1
7.923750E+3	9.685151E-1
7.924000E+3	9.644847E-1
7.924250E+3	9.661317E-1
7.924500E+3	9.722077E-1
7.924750E+3	9.771722E-1
7.925000E+3	9.787727E-1
7.925250E+3	9.777796E-1
7.925500E+3	9.745100E-1
7.925750E+3	9.712367E-1
7.926000E+3	9.727145E-1
7.926250E+3	9.791137E-1
7.926500E+3	9.834947E-1
7.926750E+3	9.812600E-1
7.927000E+3	9.776749E-1
7.927250E+3	9.792630E-1
7.927500E+3	9.835377E-1
7.927750E+3	9.826243E-1
7.928000E+3	9.768726E-1
7.928250E+3	9.746809E-1
7.928500E+3	9.795447E-1
7.928750E+3	9.853668E-1
7.929000E+3	9.853841E-1
7.929250E+3	9.820291E-1
7.929500E+3	9.810575E-1
7.929750E+3	9.833398E-1
7.930000E+3	9.850576E-1
7.930250E+3	9.848026E-1
7.930500E+3	9.852819E-1
7.930750E+3	9.879506E-1
7.931000E+3	9.902712E-1
7.931250E+3	9.896299E-1
7.931500E+3	9.868309E-1
7.931750E+3	9.845897E-1
7.932000E+3	9.851610E-1
7.932250E+3	9.876771E-1
7.932500E+3	9.897856E-1
7.932750E+3	9.906997E-1
7.933000E+3	9.909087E-1
7.933250E+3	9.909428E-1
7.933500E+3	9.904995E-1
7.933750E+3	9.890999E-1
7.934000E+3	9.872334E-1
7.934250E+3	9.863380E-1
7.934500E+3	9.871809E-1
7.934750E+3	9.890123E-1
7.935000E+3	9.905425E-1
7.935250E+3	9.908402E-1
7.935500E+3	9.900610E-1
7.935750E+3	9.894191E-1
7.936000E+3	9.898264E-1
7.936250E+3	9.905808E-1
7.936500E+3	9.899457E-1
7.936750E+3	9.877346E-1
7.937000E+3	9.861204E-1
7.937250E+3	9.868102E-1
7.937500E+3	9.886553E-1
7.937750E+3	9.893553E-1
7.938000E+3	9.888243E-1
7.938250E+3	9.889623E-1
7.938500E+3	9.902043E-1
7.938750E+3	9.908278E-1
7.939000E+3	9.899828E-1
7.939250E+3	9.894405E-1
7.939500E+3	9.907532E-1
7.939750E+3	9.924756E-1
7.940000E+3	9.921183E-1
7.940250E+3	9.895294E-1
7.940500E+3	9.869769E-1
7.940750E+3	9.859733E-1
7.941000E+3	9.861061E-1
7.941250E+3	9.866636E-1
7.941500E+3	9.874564E-1
7.941750E+3	9.880101E-1
7.942000E+3	9.874370E-1
7.942250E+3	9.857396E-1
7.942500E+3	9.844413E-1
7.942750E+3	9.848370E-1
7.943000E+3	9.861695E-1
7.943250E+3	9.866615E-1
7.943500E+3	9.856627E-1
7.943750E+3	9.841678E-1
7.944000E+3	9.833285E-1
7.944250E+3	9.832155E-1
7.944500E+3	9.833319E-1
7.944750E+3	9.834322E-1
7.945000E+3	9.833510E-1
7.945250E+3	9.826735E-1
7.945500E+3	9.813506E-1
7.945750E+3	9.803323E-1
7.946000E+3	9.807316E-1
7.946250E+3	9.821362E-1
7.946500E+3	9.828108E-1
7.946750E+3	9.820426E-1
7.947000E+3	9.811194E-1
7.947250E+3	9.813760E-1
7.947500E+3	9.821204E-1
7.947750E+3	9.818152E-1
7.948000E+3	9.805421E-1
7.948250E+3	9.797942E-1
7.948500E+3	9.800679E-1
7.948750E+3	9.801684E-1
7.949000E+3	9.793047E-1
7.949250E+3	9.783478E-1
7.949500E+3	9.782962E-1
7.949750E+3	9.785641E-1
7.950000E+3	9.780078E-1
7.950250E+3	9.768477E-1
7.950500E+3	9.762516E-1
7.950750E+3	9.765095E-1
7.951000E+3	9.768092E-1
7.951250E+3	9.766619E-1
7.951500E+3	9.764797E-1
7.951750E+3	9.765604E-1
7.952000E+3	9.764802E-1
7.952250E+3	9.758441E-1
7.952500E+3	9.749691E-1
7.952750E+3	9.744349E-1
7.953000E+3	9.742964E-1
7.953250E+3	9.741027E-1
7.953500E+3	9.734889E-1
7.953750E+3	9.725136E-1
7.954000E+3	9.716094E-1
7.954250E+3	9.713405E-1
7.954500E+3	9.719098E-1
7.954750E+3	9.727751E-1
7.955000E+3	9.731146E-1
7.955250E+3	9.727048E-1
7.955500E+3	9.720491E-1
7.955750E+3	9.716503E-1
7.956000E+3	9.714976E-1
7.956250E+3	9.714423E-1
7.956500E+3	9.716107E-1
7.956750E+3	9.720602E-1
7.957000E+3	9.723836E-1
7.957250E+3	9.721448E-1
7.957500E+3	9.715358E-1
7.957750E+3	9.711343E-1
7.958000E+3	9.710677E-1
7.958250E+3	9.709001E-1
7.958500E+3	9.704268E-1
7.958750E+3	9.700824E-1
7.959000E+3	9.703011E-1
7.959250E+3	9.708438E-1
7.959500E+3	9.711286E-1
7.959750E+3	9.710288E-1
7.960000E+3	9.709726E-1
7.960250E+3	9.712865E-1
7.960500E+3	9.717653E-1
7.960750E+3	9.719986E-1
7.961000E+3	9.719007E-1
7.961250E+3	9.717562E-1
7.961500E+3	9.717895E-1
7.961750E+3	9.718428E-1
7.962000E+3	9.716131E-1
7.962250E+3	9.711553E-1
7.962500E+3	9.709320E-1
7.962750E+3	9.712095E-1
7.963000E+3	9.715865E-1
7.963250E+3	9.714800E-1
7.963500E+3	9.709863E-1
7.963750E+3	9.708242E-1
7.964000E+3	9.713467E-1
7.964250E+3	9.720714E-1
7.964500E+3	9.724294E-1
7.964750E+3	9.724867E-1
7.965000E+3	9.725674E-1
7.965250E+3	9.725954E-1
7.965500E+3	9.723094E-1
7.965750E+3	9.718530E-1
7.966000E+3	9.716241E-1
7.966250E+3	9.716661E-1
7.966500E+3	9.716955E-1
7.966750E+3	9.716337E-1
7.967000E+3	9.716278E-1
7.967250E+3	9.716883E-1
7.967500E+3	9.718132E-1
7.967750E+3	9.723439E-1
7.968000E+3	9.735865E-1
7.968250E+3	9.750684E-1
7.968500E+3	9.757110E-1
7.968750E+3	9.749718E-1
7.969000E+3	9.735086E-1
7.969250E+3	9.725303E-1
7.969500E+3	9.727354E-1
7.969750E+3	9.738686E-1
7.970000E+3	9.750779E-1
7.970250E+3	9.756845E-1
7.970500E+3	9.757608E-1
7.970750E+3	9.758976E-1
7.971000E+3	9.762773E-1
7.971250E+3	9.764810E-1
7.971500E+3	9.764184E-1
7.971750E+3	9.767169E-1
7.972000E+3	9.776117E-1
7.972250E+3	9.782301E-1
7.972500E+3	9.778130E-1
7.972750E+3	9.769986E-1
7.973000E+3	9.769353E-1
7.973250E+3	9.774779E-1
7.973500E+3	9.776704E-1
7.973750E+3	9.775494E-1
7.974000E+3	9.779927E-1
7.974250E+3	9.789594E-1
7.974500E+3	9.794969E-1
7.974750E+3	9.794888E-1
7.975000E+3	9.798385E-1
7.975250E+3	9.806873E-1
7.975500E+3	9.809900E-1
7.975750E+3	9.803717E-1
7.976000E+3	9.799310E-1
7.976250E+3	9.803401E-1
7.976500E+3	9.808108E-1
7.976750E+3	9.808300E-1
7.977000E+3	9.812988E-1
7.977250E+3	9.827283E-1
7.977500E+3	9.836150E-1
7.977750E+3	9.822587E-1
7.978000E+3	9.794564E-1
7.978250E+3	9.778337E-1
7.978500E+3	9.784952E-1
7.978750E+3	9.801261E-1
7.979000E+3	9.811383E-1
7.979250E+3	9.813487E-1
7.979500E+3	9.814110E-1
7.979750E+3	9.814952E-1
7.980000E+3	9.814075E-1
7.980250E+3	9.814424E-1
7.980500E+3	9.821285E-1
7.980750E+3	9.831262E-1
7.981000E+3	9.831773E-1
7.981250E+3	9.816684E-1
7.981500E+3	9.797720E-1
7.981750E+3	9.792084E-1
7.982000E+3	9.800513E-1
7.982250E+3	9.806768E-1
7.982500E+3	9.800580E-1
7.982750E+3	9.791499E-1
7.983000E+3	9.792856E-1
7.983250E+3	9.803420E-1
7.983500E+3	9.813918E-1
7.983750E+3	9.821251E-1
7.984000E+3	9.826996E-1
7.984250E+3	9.828562E-1
7.984500E+3	9.823613E-1
7.984750E+3	9.819029E-1
7.985000E+3	9.822201E-1
7.985250E+3	9.825575E-1
7.985500E+3	9.814352E-1
7.985750E+3	9.790534E-1
7.986000E+3	9.775832E-1
7.986250E+3	9.782435E-1
7.986500E+3	9.797301E-1
7.986750E+3	9.800958E-1
7.987000E+3	9.793222E-1
7.987250E+3	9.793024E-1
7.987500E+3	9.808739E-1
7.987750E+3	9.822301E-1
7.988000E+3	9.810584E-1
7.988250E+3	9.779918E-1
7.988500E+3	9.763000E-1
7.988750E+3	9.775323E-1
7.989000E+3	9.795654E-1
7.989250E+3	9.797815E-1
7.989500E+3	9.780776E-1
7.989750E+3	9.757010E-1
7.990000E+3	9.731049E-1
7.990250E+3	9.706699E-1
7.990500E+3	9.699675E-1
7.990750E+3	9.719338E-1
7.991000E+3	9.743997E-1
7.991250E+3	9.741776E-1
7.991500E+3	9.723108E-1
7.991750E+3	9.722891E-1
7.992000E+3	9.741014E-1
7.992250E+3	9.742443E-1
7.992500E+3	9.712060E-1
7.992750E+3	9.672950E-1
7.993000E+3	9.647718E-1
7.993250E+3	9.642842E-1
7.993500E+3	9.662791E-1
7.993750E+3	9.697300E-1
7.994000E+3	9.703703E-1
7.994250E+3	9.646169E-1
7.994500E+3	9.569776E-1
7.994750E+3	9.563906E-1
7.995000E+3	9.622927E-1
7.995250E+3	9.654761E-1
7.995500E+3	9.618089E-1
7.995750E+3	9.579674E-1
7.996000E+3	9.595799E-1
7.996250E+3	9.616563E-1
7.996500E+3	9.586981E-1
7.996750E+3	9.546100E-1
7.997000E+3	9.554833E-1
7.997250E+3	9.594432E-1
7.997500E+3	9.612274E-1
7.997750E+3	9.611858E-1
7.998000E+3	9.623988E-1
7.998250E+3	9.633443E-1
7.998500E+3	9.610201E-1
7.998750E+3	9.578178E-1
7.999000E+3	9.577032E-1
7.999250E+3	9.592107E-1
7.999500E+3	9.586991E-1
7.999750E+3	9.569728E-1
8.000000E+3	9.569031E-1
8.000250E+3	9.577732E-1
8.000500E+3	9.573561E-1
8.000750E+3	9.567542E-1
8.001000E+3	9.577679E-1
8.001250E+3	9.582367E-1
8.001500E+3	9.557252E-1
8.001750E+3	9.533501E-1
8.002000E+3	9.552384E-1
8.002250E+3	9.587499E-1
8.002500E+3	9.578956E-1
8.002750E+3	9.528708E-1
8.003000E+3	9.505012E-1
8.003250E+3	9.532229E-1
8.003500E+3	9.558005E-1
8.003750E+3	9.542909E-1
8.004000E+3	9.515123E-1
8.004250E+3	9.510360E-1
8.004500E+3	9.510191E-1
8.004750E+3	9.487725E-1
8.005000E+3	9.463049E-1
8.005250E+3	9.465722E-1
8.005500E+3	9.482824E-1
8.005750E+3	9.486327E-1
8.006000E+3	9.479982E-1
8.006250E+3	9.482111E-1
8.006500E+3	9.485822E-1
8.006750E+3	9.475244E-1
8.007000E+3	9.459915E-1
8.007250E+3	9.457471E-1
8.007500E+3	9.460566E-1
8.007750E+3	9.452693E-1
8.008000E+3	9.437821E-1
8.008250E+3	9.429946E-1
8.008500E+3	9.428404E-1
8.008750E+3	9.424726E-1
8.009000E+3	9.419166E-1
8.009250E+3	9.415027E-1
8.009500E+3	9.415869E-1
8.009750E+3	9.431610E-1
8.010000E+3	9.462016E-1
8.010250E+3	9.481382E-1
8.010500E+3	9.466982E-1
8.010750E+3	9.441667E-1
8.011000E+3	9.445758E-1
8.011250E+3	9.458806E-1
8.011500E+3	9.428464E-1
8.011750E+3	9.366752E-1
8.012000E+3	9.350379E-1
8.012250E+3	9.394909E-1
8.012500E+3	9.431424E-1
8.012750E+3	9.421998E-1
8.013000E+3	9.414316E-1
8.013250E+3	9.437885E-1
8.013500E+3	9.445076E-1
8.013750E+3	9.414822E-1
8.014000E+3	9.412447E-1
8.014250E+3	9.477148E-1
8.014500E+3	9.523025E-1
8.014750E+3	9.475717E-1
8.015000E+3	9.403194E-1
8.015250E+3	9.411188E-1
8.015500E+3	9.467613E-1
8.015750E+3	9.461101E-1
8.016000E+3	9.392147E-1
8.016250E+3	9.360980E-1
8.016500E+3	9.390616E-1
8.016750E+3	9.414608E-1
8.017000E+3	9.404690E-1
8.017250E+3	9.412552E-1
8.017500E+3	9.458661E-1
8.017750E+3	9.491998E-1
8.018000E+3	9.485026E-1
8.018250E+3	9.467174E-1
8.018500E+3	9.460249E-1
8.018750E+3	9.449446E-1
8.019000E+3	9.432264E-1
8.019250E+3	9.428690E-1
8.019500E+3	9.429661E-1
8.019750E+3	9.406653E-1
8.020000E+3	9.379193E-1
8.020250E+3	9.395909E-1
8.020500E+3	9.448484E-1
8.020750E+3	9.484129E-1
8.021000E+3	9.496005E-1
8.021250E+3	9.521582E-1
8.021500E+3	9.548086E-1
8.021750E+3	9.517859E-1
8.022000E+3	9.439143E-1
8.022250E+3	9.402441E-1
8.022500E+3	9.449014E-1
8.022750E+3	9.513879E-1
8.023000E+3	9.533040E-1
8.023250E+3	9.531441E-1
8.023500E+3	9.556462E-1
8.023750E+3	9.591178E-1
8.024000E+3	9.595267E-1
8.024250E+3	9.572562E-1
8.024500E+3	9.559832E-1
8.024750E+3	9.572495E-1
8.025000E+3	9.600684E-1
8.025250E+3	9.630430E-1
8.025500E+3	9.639622E-1
8.025750E+3	9.609624E-1
8.026000E+3	9.557691E-1
8.026250E+3	9.528528E-1
8.026500E+3	9.538775E-1
8.026750E+3	9.562980E-1
8.027000E+3	9.591698E-1
8.027250E+3	9.638648E-1
8.027500E+3	9.682186E-1
8.027750E+3	9.669644E-1
8.028000E+3	9.602998E-1
8.028250E+3	9.553546E-1
8.028500E+3	9.561479E-1
8.028750E+3	9.585677E-1
8.029000E+3	9.591822E-1
8.029250E+3	9.611138E-1
8.029500E+3	9.671681E-1
8.029750E+3	9.726243E-1
8.030000E+3	9.719666E-1
8.030250E+3	9.671165E-1
8.030500E+3	9.637872E-1
8.030750E+3	9.642291E-1
8.031000E+3	9.658741E-1
8.031250E+3	9.671014E-1
8.031500E+3	9.681949E-1
8.031750E+3	9.685238E-1
8.032000E+3	9.674566E-1
8.032250E+3	9.662880E-1
8.032500E+3	9.660643E-1
8.032750E+3	9.663865E-1
8.033000E+3	9.674784E-1
8.033250E+3	9.702027E-1
8.033500E+3	9.723881E-1
8.033750E+3	9.695177E-1
8.034000E+3	9.620932E-1
8.034250E+3	9.580436E-1
8.034500E+3	9.623246E-1
8.034750E+3	9.697258E-1
8.035000E+3	9.721383E-1
8.035250E+3	9.693360E-1
8.035500E+3	9.671815E-1
8.035750E+3	9.684509E-1
8.036000E+3	9.705577E-1
8.036250E+3	9.712852E-1
8.036500E+3	9.708429E-1
8.036750E+3	9.689979E-1
8.037000E+3	9.656459E-1
8.037250E+3	9.631674E-1
8.037500E+3	9.633518E-1
8.037750E+3	9.643239E-1
8.038000E+3	9.641759E-1
8.038250E+3	9.656269E-1
8.038500E+3	9.715429E-1
8.038750E+3	9.764324E-1
8.039000E+3	9.723731E-1
8.039250E+3	9.613201E-1
8.039500E+3	9.536985E-1
8.039750E+3	9.564134E-1
8.040000E+3	9.632620E-1
8.040250E+3	9.634212E-1
8.040500E+3	9.577425E-1
8.040750E+3	9.567352E-1
8.041000E+3	9.642699E-1
8.041250E+3	9.704664E-1
8.041500E+3	9.672886E-1
8.041750E+3	9.583349E-1
8.042000E+3	9.533530E-1
8.042250E+3	9.555770E-1
8.042500E+3	9.581160E-1
8.042750E+3	9.559186E-1
8.043000E+3	9.506597E-1
8.043250E+3	9.460948E-1
8.043500E+3	9.441552E-1
8.043750E+3	9.464597E-1
8.044000E+3	9.539969E-1
8.044250E+3	9.620319E-1
8.044500E+3	9.622994E-1
8.044750E+3	9.523865E-1
8.045000E+3	9.402444E-1
8.045250E+3	9.360275E-1
8.045500E+3	9.378744E-1
8.045750E+3	9.372489E-1
8.046000E+3	9.325629E-1
8.046250E+3	9.301439E-1
8.046500E+3	9.330800E-1
8.046750E+3	9.364534E-1
8.047000E+3	9.376124E-1
8.047250E+3	9.388928E-1
8.047500E+3	9.405637E-1
8.047750E+3	9.384825E-1
8.048000E+3	9.314482E-1
8.048250E+3	9.244626E-1
8.048500E+3	9.218138E-1
8.048750E+3	9.225908E-1
8.049000E+3	9.245494E-1
8.049250E+3	9.275301E-1
8.049500E+3	9.301963E-1
8.049750E+3	9.288728E-1
8.050000E+3	9.234406E-1
8.050250E+3	9.195651E-1
8.050500E+3	9.211369E-1
8.050750E+3	9.245957E-1
8.051000E+3	9.258000E-1
8.051250E+3	9.272824E-1
8.051500E+3	9.314397E-1
8.051750E+3	9.327470E-1
8.052000E+3	9.250967E-1
8.052250E+3	9.138446E-1
8.052500E+3	9.104892E-1
8.052750E+3	9.148918E-1
8.053000E+3	9.146798E-1
8.053250E+3	9.044417E-1
8.053500E+3	8.917624E-1
8.053750E+3	8.852583E-1
8.054000E+3	8.840059E-1
8.054250E+3	8.828124E-1
8.054500E+3	8.829266E-1
8.054750E+3	8.876423E-1
8.055000E+3	8.917069E-1
8.055250E+3	8.873308E-1
8.055500E+3	8.788552E-1
8.055750E+3	8.785252E-1
8.056000E+3	8.874007E-1
8.056250E+3	8.928016E-1
8.056500E+3	8.868594E-1
8.056750E+3	8.754646E-1
8.057000E+3	8.665577E-1
8.057250E+3	8.603753E-1
8.057500E+3	8.567075E-1
8.057750E+3	8.597289E-1
8.058000E+3	8.667990E-1
8.058250E+3	8.649117E-1
8.058500E+3	8.496328E-1
8.058750E+3	8.354719E-1
8.059000E+3	8.373286E-1
8.059250E+3	8.463097E-1
8.059500E+3	8.472064E-1
8.059750E+3	8.419611E-1
8.060000E+3	8.435043E-1
8.060250E+3	8.507562E-1
8.060500E+3	8.517035E-1
8.060750E+3	8.418466E-1
8.061000E+3	8.326583E-1
8.061250E+3	8.333192E-1
8.061500E+3	8.379712E-1
8.061750E+3	8.410309E-1
8.062000E+3	8.406738E-1
8.062250E+3	8.355046E-1
8.062500E+3	8.270813E-1
8.062750E+3	8.213681E-1
8.063000E+3	8.230022E-1
8.063250E+3	8.221972E-1
8.063500E+3	8.083192E-1
8.063750E+3	7.948098E-1
8.064000E+3	8.030993E-1
8.064250E+3	8.271089E-1
8.064500E+3	8.316624E-1
8.064750E+3	8.100252E-1
8.065000E+3	7.954664E-1
8.065250E+3	8.099430E-1
8.065500E+3	8.289702E-1
8.065750E+3	8.221574E-1
8.066000E+3	8.011191E-1
8.066250E+3	7.951508E-1
8.066500E+3	8.014272E-1
8.066750E+3	7.983508E-1
8.067000E+3	7.881434E-1
8.067250E+3	7.889958E-1
8.067500E+3	7.999431E-1
8.067750E+3	8.043035E-1
8.068000E+3	7.997025E-1
8.068250E+3	7.989362E-1
8.068500E+3	8.022459E-1
8.068750E+3	8.012779E-1
8.069000E+3	7.984311E-1
8.069250E+3	8.006191E-1
8.069500E+3	7.966340E-1
8.069750E+3	7.769019E-1
8.070000E+3	7.631554E-1
8.070250E+3	7.866498E-1
8.070500E+3	8.239427E-1
8.070750E+3	8.270053E-1
8.071000E+3	7.862581E-1
8.071250E+3	7.427285E-1
8.071500E+3	7.337389E-1
8.071750E+3	7.419853E-1
8.072000E+3	7.388924E-1
8.072250E+3	7.342348E-1
8.072500E+3	7.488995E-1
8.072750E+3	7.693526E-1
8.073000E+3	7.664419E-1
8.073250E+3	7.417513E-1
8.073500E+3	7.260382E-1
8.073750E+3	7.300089E-1
8.074000E+3	7.406065E-1
8.074250E+3	7.419651E-1
8.074500E+3	7.305308E-1
8.074750E+3	7.175379E-1
8.075000E+3	7.214210E-1
8.075250E+3	7.478581E-1
8.075500E+3	7.701662E-1
8.075750E+3	7.648382E-1
8.076000E+3	7.452323E-1
8.076250E+3	7.424931E-1
8.076500E+3	7.619724E-1
8.076750E+3	7.673728E-1
8.077000E+3	7.306717E-1
8.077250E+3	6.763331E-1
8.077500E+3	6.539807E-1
8.077750E+3	6.758361E-1
8.078000E+3	7.064803E-1
8.078250E+3	7.134502E-1
8.078500E+3	7.020310E-1
8.078750E+3	6.937140E-1
8.079000E+3	6.956307E-1
8.079250E+3	6.982681E-1
8.079500E+3	6.887834E-1
8.079750E+3	6.662462E-1
8.080000E+3	6.425980E-1
8.080250E+3	6.246788E-1
8.080500E+3	6.116189E-1
8.080750E+3	6.049410E-1
8.081000E+3	6.050096E-1
8.081250E+3	6.035510E-1
8.081500E+3	5.994346E-1
8.081750E+3	6.058045E-1
8.082000E+3	6.291368E-1
8.082250E+3	6.371290E-1
8.082500E+3	6.006831E-1
8.082750E+3	5.432486E-1
8.083000E+3	5.138983E-1
8.083250E+3	5.341543E-1
8.083500E+3	5.528596E-1
8.083750E+3	5.344668E-1
8.084000E+3	5.109936E-1
8.084250E+3	5.239594E-1
8.084500E+3	5.533267E-1
8.084750E+3	5.327560E-1
8.085000E+3	4.762356E-1
8.085250E+3	4.453952E-1
8.085500E+3	4.698914E-1
8.085750E+3	5.028892E-1
8.086000E+3	4.820071E-1
8.086250E+3	4.323114E-1
8.086500E+3	4.189153E-1
8.086750E+3	4.543297E-1
8.087000E+3	4.842146E-1
8.087250E+3	4.784304E-1
8.087500E+3	4.655573E-1
8.087750E+3	4.768001E-1
8.088000E+3	4.904517E-1
8.088250E+3	4.818714E-1
8.088500E+3	4.710877E-1
8.088750E+3	4.865117E-1
8.089000E+3	5.108692E-1
8.089250E+3	5.220455E-1
8.089500E+3	5.223149E-1
8.089750E+3	5.225754E-1
8.090000E+3	5.208503E-1
8.090250E+3	5.168473E-1
8.090500E+3	5.255923E-1
8.090750E+3	5.577798E-1
8.091000E+3	5.832576E-1
8.091250E+3	5.838349E-1
8.091500E+3	5.792374E-1
8.091750E+3	5.844286E-1
8.092000E+3	5.885712E-1
8.092250E+3	5.897453E-1
8.092500E+3	6.115291E-1
8.092750E+3	6.573991E-1
8.093000E+3	6.821418E-1
8.093250E+3	6.655780E-1
8.093500E+3	6.418289E-1
8.093750E+3	6.463420E-1
8.094000E+3	6.675417E-1
8.094250E+3	6.692782E-1
8.094500E+3	6.568314E-1
8.094750E+3	6.643775E-1
8.095000E+3	6.960753E-1
8.095250E+3	7.181904E-1
8.095500E+3	7.193799E-1
8.095750E+3	7.246163E-1
8.096000E+3	7.476215E-1
8.096250E+3	7.671695E-1
8.096500E+3	7.660344E-1
8.096750E+3	7.585373E-1
8.097000E+3	7.643760E-1
8.097250E+3	7.793010E-1
8.097500E+3	7.876979E-1
8.097750E+3	7.890495E-1
8.098000E+3	7.938658E-1
8.098250E+3	8.016878E-1
8.098500E+3	8.027906E-1
8.098750E+3	7.968631E-1
8.099000E+3	7.971913E-1
8.099250E+3	8.100433E-1
8.099500E+3	8.273423E-1
8.099750E+3	8.388191E-1
8.100000E+3	8.442882E-1
8.100250E+3	8.493986E-1
8.100500E+3	8.549291E-1
8.100750E+3	8.592863E-1
8.101000E+3	8.646587E-1
8.101250E+3	8.723451E-1
8.101500E+3	8.763723E-1
8.101750E+3	8.705285E-1
8.102000E+3	8.615217E-1
8.102250E+3	8.614965E-1
8.102500E+3	8.696299E-1
8.102750E+3	8.751491E-1
8.103000E+3	8.746824E-1
8.103250E+3	8.787909E-1
8.103500E+3	8.925284E-1
8.103750E+3	9.054254E-1
8.104000E+3	9.054670E-1
8.104250E+3	8.973787E-1
8.104500E+3	8.959650E-1
8.104750E+3	9.040853E-1
8.105000E+3	9.125525E-1
8.105250E+3	9.157107E-1
8.105500E+3	9.175978E-1
8.105750E+3	9.215273E-1
8.106000E+3	9.243911E-1
8.106250E+3	9.238667E-1
8.106500E+3	9.232691E-1
8.106750E+3	9.256148E-1
8.107000E+3	9.283925E-1
8.107250E+3	9.288966E-1
8.107500E+3	9.292479E-1
8.107750E+3	9.322545E-1
8.108000E+3	9.360882E-1
8.108250E+3	9.374250E-1
8.108500E+3	9.369139E-1
8.108750E+3	9.376039E-1
8.109000E+3	9.398936E-1
8.109250E+3	9.414821E-1
8.109500E+3	9.417189E-1
8.109750E+3	9.423828E-1
8.110000E+3	9.444116E-1
8.110250E+3	9.465122E-1
8.110500E+3	9.475747E-1
8.110750E+3	9.484367E-1
8.111000E+3	9.503058E-1
8.111250E+3	9.529177E-1
8.111500E+3	9.550859E-1
8.111750E+3	9.562739E-1
8.112000E+3	9.568580E-1
8.112250E+3	9.572859E-1
8.112500E+3	9.576869E-1
8.112750E+3	9.581821E-1
8.113000E+3	9.590435E-1
8.113250E+3	9.603716E-1
8.113500E+3	9.618369E-1
8.113750E+3	9.629800E-1
8.114000E+3	9.637925E-1
8.114250E+3	9.647363E-1
8.114500E+3	9.660133E-1
8.114750E+3	9.671336E-1
8.115000E+3	9.675955E-1
8.115250E+3	9.677813E-1
8.115500E+3	9.685530E-1
8.115750E+3	9.699919E-1
8.116000E+3	9.712499E-1
8.116250E+3	9.718310E-1
8.116500E+3	9.722825E-1
8.116750E+3	9.731675E-1
8.117000E+3	9.740864E-1
8.117250E+3	9.744472E-1
8.117500E+3	9.746062E-1
8.117750E+3	9.752132E-1
8.118000E+3	9.758397E-1
8.118250E+3	9.755570E-1
8.118500E+3	9.747066E-1
8.118750E+3	9.747832E-1
8.119000E+3	9.762148E-1
8.119250E+3	9.774858E-1
8.119500E+3	9.773927E-1
8.119750E+3	9.767957E-1
8.120000E+3	9.772640E-1
8.120250E+3	9.788662E-1
8.120500E+3	9.803447E-1
8.120750E+3	9.810435E-1
8.121000E+3	9.812242E-1
8.121250E+3	9.810073E-1
8.121500E+3	9.804061E-1
8.121750E+3	9.800929E-1
8.122000E+3	9.807846E-1
8.122250E+3	9.819303E-1
8.122500E+3	9.822426E-1
8.122750E+3	9.816240E-1
8.123000E+3	9.812553E-1
8.123250E+3	9.817086E-1
8.123500E+3	9.822643E-1
8.123750E+3	9.823888E-1
8.124000E+3	9.825794E-1
8.124250E+3	9.832279E-1
8.124500E+3	9.838195E-1
8.124750E+3	9.838600E-1
8.125000E+3	9.836228E-1
8.125250E+3	9.834838E-1
8.125500E+3	9.833928E-1
8.125750E+3	9.833671E-1
8.126000E+3	9.836318E-1
8.126250E+3	9.839785E-1
8.126500E+3	9.839084E-1
8.126750E+3	9.836787E-1
8.127000E+3	9.840584E-1
8.127250E+3	9.847530E-1
8.127500E+3	9.844981E-1
8.127750E+3	9.831984E-1
8.128000E+3	9.825473E-1
8.128250E+3	9.835754E-1
8.128500E+3	9.852004E-1
8.128750E+3	9.860251E-1
8.129000E+3	9.862465E-1
8.129250E+3	9.866698E-1
8.129500E+3	9.869247E-1
8.129750E+3	9.862103E-1
8.130000E+3	9.849651E-1
8.130250E+3	9.843358E-1
8.130500E+3	9.844744E-1
8.130750E+3	9.847569E-1
8.131000E+3	9.851321E-1
8.131250E+3	9.859595E-1
8.131500E+3	9.868623E-1
8.131750E+3	9.869574E-1
8.132000E+3	9.861162E-1
8.132250E+3	9.851272E-1
8.132500E+3	9.847789E-1
8.132750E+3	9.853243E-1
8.133000E+3	9.863518E-1
8.133250E+3	9.867874E-1
8.133500E+3	9.858066E-1
8.133750E+3	9.841534E-1
8.134000E+3	9.836601E-1
8.134250E+3	9.848708E-1
8.134500E+3	9.863400E-1
8.134750E+3	9.868087E-1
8.135000E+3	9.865756E-1
8.135250E+3	9.860853E-1
8.135500E+3	9.849239E-1
8.135750E+3	9.834376E-1
8.136000E+3	9.833719E-1
8.136250E+3	9.849458E-1
8.136500E+3	9.855456E-1
8.136750E+3	9.837210E-1
8.137000E+3	9.820930E-1
8.137250E+3	9.838032E-1
8.137500E+3	9.872612E-1
8.137750E+3	9.882826E-1
8.138000E+3	9.862927E-1
8.138250E+3	9.846359E-1
8.138500E+3	9.848996E-1
8.138750E+3	9.849312E-1
8.139000E+3	9.833398E-1
8.139250E+3	9.821260E-1
8.139500E+3	9.829765E-1
8.139750E+3	9.845252E-1
8.140000E+3	9.848198E-1
8.140250E+3	9.839709E-1
8.140500E+3	9.831127E-1
8.140750E+3	9.823846E-1
8.141000E+3	9.819390E-1
8.141250E+3	9.828079E-1
8.141500E+3	9.848940E-1
8.141750E+3	9.864242E-1
8.142000E+3	9.866673E-1
8.142250E+3	9.867885E-1
8.142500E+3	9.872054E-1
8.142750E+3	9.861442E-1
8.143000E+3	9.830711E-1
8.143250E+3	9.806830E-1
8.143500E+3	9.812498E-1
8.143750E+3	9.828850E-1
8.144000E+3	9.823745E-1
8.144250E+3	9.805933E-1
8.144500E+3	9.809075E-1
8.144750E+3	9.833433E-1
8.145000E+3	9.845967E-1
8.145250E+3	9.835397E-1
8.145500E+3	9.828475E-1
8.145750E+3	9.841735E-1
8.146000E+3	9.854435E-1
8.146250E+3	9.845755E-1
8.146500E+3	9.830176E-1
8.146750E+3	9.832576E-1
8.147000E+3	9.849532E-1
8.147250E+3	9.857190E-1
8.147500E+3	9.847524E-1
8.147750E+3	9.833721E-1
8.148000E+3	9.825317E-1
8.148250E+3	9.821632E-1
8.148500E+3	9.823134E-1
8.148750E+3	9.832354E-1
8.149000E+3	9.845087E-1
8.149250E+3	9.851927E-1
8.149500E+3	9.849332E-1
8.149750E+3	9.842093E-1
8.150000E+3	9.836220E-1
8.150250E+3	9.836019E-1
8.150500E+3	9.842862E-1
8.150750E+3	9.850417E-1
8.151000E+3	9.848676E-1
8.151250E+3	9.838004E-1
8.151500E+3	9.829106E-1
8.151750E+3	9.827052E-1
8.152000E+3	9.825787E-1
8.152250E+3	9.821825E-1
8.152500E+3	9.822719E-1
8.152750E+3	9.832453E-1
8.153000E+3	9.841675E-1
8.153250E+3	9.843436E-1
8.153500E+3	9.846124E-1
8.153750E+3	9.857041E-1
8.154000E+3	9.865577E-1
8.154250E+3	9.857697E-1
8.154500E+3	9.840318E-1
8.154750E+3	9.831510E-1
8.155000E+3	9.834447E-1
8.155250E+3	9.840757E-1
8.155500E+3	9.848183E-1
8.155750E+3	9.858214E-1
8.156000E+3	9.864148E-1
8.156250E+3	9.861203E-1
8.156500E+3	9.860418E-1
8.156750E+3	9.871084E-1
8.157000E+3	9.879135E-1
8.157250E+3	9.872270E-1
8.157500E+3	9.870705E-1
8.157750E+3	9.896921E-1
8.158000E+3	9.919464E-1
8.158250E+3	9.885970E-1
8.158500E+3	9.801583E-1
8.158750E+3	9.750810E-1
8.159000E+3	9.781710E-1
8.159250E+3	9.828083E-1
8.159500E+3	9.825231E-1
8.159750E+3	9.791643E-1
8.160000E+3	9.788929E-1
8.160250E+3	9.821371E-1
8.160500E+3	9.846159E-1
8.160750E+3	9.852844E-1
8.161000E+3	9.865381E-1
8.161250E+3	9.883784E-1
8.161500E+3	9.882978E-1
8.161750E+3	9.865019E-1
8.162000E+3	9.861615E-1
8.162250E+3	9.878599E-1
8.162500E+3	9.882472E-1
8.162750E+3	9.865536E-1
8.163000E+3	9.858532E-1
8.163250E+3	9.876703E-1
8.163500E+3	9.888513E-1
8.163750E+3	9.872494E-1
8.164000E+3	9.854869E-1
8.164250E+3	9.860726E-1
8.164500E+3	9.874735E-1
8.164750E+3	9.875216E-1
8.165000E+3	9.873032E-1
8.165250E+3	9.883059E-1
8.165500E+3	9.889307E-1
8.165750E+3	9.875955E-1
8.166000E+3	9.864300E-1
8.166250E+3	9.877395E-1
8.166500E+3	9.894856E-1
8.166750E+3	9.886042E-1
8.167000E+3	9.865614E-1
8.167250E+3	9.872429E-1
8.167500E+3	9.900392E-1
8.167750E+3	9.908449E-1
8.168000E+3	9.881213E-1
8.168250E+3	9.850671E-1
8.168500E+3	9.847748E-1
8.168750E+3	9.860292E-1
8.169000E+3	9.870324E-1
8.169250E+3	9.880696E-1
8.169500E+3	9.893675E-1
8.169750E+3	9.896893E-1
8.170000E+3	9.887211E-1
8.170250E+3	9.884387E-1
8.170500E+3	9.902430E-1
8.170750E+3	9.922810E-1
8.171000E+3	9.919800E-1
8.171250E+3	9.894719E-1
8.171500E+3	9.875045E-1
8.171750E+3	9.880296E-1
8.172000E+3	9.894246E-1
8.172250E+3	9.888626E-1
8.172500E+3	9.861178E-1
8.172750E+3	9.840422E-1
8.173000E+3	9.850116E-1
8.173250E+3	9.875955E-1
8.173500E+3	9.887144E-1
8.173750E+3	9.878403E-1
8.174000E+3	9.875062E-1
8.174250E+3	9.888430E-1
8.174500E+3	9.895820E-1
8.174750E+3	9.881737E-1
8.175000E+3	9.866215E-1
8.175250E+3	9.877229E-1
8.175500E+3	9.903774E-1
8.175750E+3	9.915747E-1
8.176000E+3	9.908474E-1
8.176250E+3	9.901808E-1
8.176500E+3	9.903844E-1
8.176750E+3	9.903652E-1
8.177000E+3	9.898604E-1
8.177250E+3	9.895067E-1
8.177500E+3	9.889126E-1
8.177750E+3	9.874187E-1
8.178000E+3	9.863845E-1
8.178250E+3	9.875032E-1
8.178500E+3	9.894112E-1
8.178750E+3	9.890430E-1
8.179000E+3	9.867365E-1
8.179250E+3	9.864646E-1
8.179500E+3	9.894239E-1
8.179750E+3	9.915799E-1
8.180000E+3	9.895576E-1
8.180250E+3	9.856697E-1
8.180500E+3	9.841439E-1
8.180750E+3	9.851057E-1
8.181000E+3	9.853930E-1
8.181250E+3	9.835779E-1
8.181500E+3	9.819079E-1
8.181750E+3	9.827362E-1
8.182000E+3	9.856115E-1
8.182250E+3	9.877439E-1
8.182500E+3	9.871061E-1
8.182750E+3	9.843465E-1
8.183000E+3	9.811913E-1
8.183250E+3	9.791283E-1
8.183500E+3	9.790185E-1
8.183750E+3	9.808796E-1
8.184000E+3	9.837513E-1
8.184250E+3	9.853742E-1
8.184500E+3	9.838698E-1
8.184750E+3	9.806712E-1
8.185000E+3	9.792798E-1
8.185250E+3	9.809367E-1
8.185500E+3	9.825619E-1
8.185750E+3	9.808287E-1
8.186000E+3	9.770953E-1
8.186250E+3	9.751871E-1
8.186500E+3	9.760608E-1
8.186750E+3	9.771587E-1
8.187000E+3	9.767296E-1
8.187250E+3	9.757587E-1
8.187500E+3	9.753184E-1
8.187750E+3	9.749583E-1
8.188000E+3	9.744626E-1
8.188250E+3	9.749930E-1
8.188500E+3	9.771632E-1
8.188750E+3	9.794947E-1
8.189000E+3	9.796945E-1
8.189250E+3	9.774571E-1
8.189500E+3	9.757912E-1
8.189750E+3	9.774154E-1
8.190000E+3	9.807793E-1
8.190250E+3	9.808295E-1
8.190500E+3	9.754214E-1
8.190750E+3	9.691939E-1
8.191000E+3	9.683488E-1
8.191250E+3	9.739688E-1
8.191500E+3	9.797785E-1
8.191750E+3	9.805936E-1
8.192000E+3	9.787515E-1
8.192250E+3	9.785924E-1
8.192500E+3	9.802874E-1
8.192750E+3	9.806697E-1
8.193000E+3	9.787957E-1
8.193250E+3	9.761987E-1
8.193500E+3	9.738921E-1
8.193750E+3	9.718725E-1
8.194000E+3	9.706482E-1
8.194250E+3	9.709439E-1
8.194500E+3	9.720512E-1
8.194750E+3	9.724862E-1
8.195000E+3	9.726202E-1
8.195250E+3	9.739880E-1
8.195500E+3	9.762920E-1
8.195750E+3	9.774946E-1
8.196000E+3	9.772283E-1
8.196250E+3	9.777474E-1
8.196500E+3	9.796804E-1
8.196750E+3	9.798191E-1
8.197000E+3	9.752128E-1
8.197250E+3	9.689919E-1
8.197500E+3	9.672204E-1
8.197750E+3	9.710713E-1
8.198000E+3	9.760137E-1
8.198250E+3	9.771311E-1
8.198500E+3	9.746554E-1
8.198750E+3	9.723744E-1
8.199000E+3	9.719951E-1
8.199250E+3	9.717566E-1
8.199500E+3	9.704825E-1
8.199750E+3	9.699625E-1
8.200000E+3	9.716351E-1
8.200250E+3	9.730045E-1
8.200500E+3	9.706899E-1
8.200750E+3	9.664835E-1
8.201000E+3	9.659210E-1
8.201250E+3	9.700304E-1
8.201500E+3	9.730317E-1
8.201750E+3	9.712560E-1
8.202000E+3	9.682508E-1
8.202250E+3	9.692775E-1
8.202500E+3	9.732895E-1
8.202750E+3	9.752450E-1
8.203000E+3	9.735048E-1
8.203250E+3	9.718695E-1
8.203500E+3	9.737485E-1
8.203750E+3	9.771249E-1
8.204000E+3	9.789353E-1
8.204250E+3	9.785802E-1
8.204500E+3	9.775221E-1
8.204750E+3	9.767735E-1
8.205000E+3	9.759177E-1
8.205250E+3	9.745209E-1
8.205500E+3	9.729465E-1
8.205750E+3	9.717570E-1
8.206000E+3	9.711465E-1
8.206250E+3	9.712911E-1
8.206500E+3	9.724318E-1
8.206750E+3	9.744061E-1
8.207000E+3	9.764836E-1
8.207250E+3	9.778332E-1
8.207500E+3	9.783389E-1
8.207750E+3	9.787423E-1
8.208000E+3	9.796855E-1
8.208250E+3	9.806847E-1
8.208500E+3	9.805814E-1
8.208750E+3	9.792381E-1
8.209000E+3	9.772664E-1
8.209250E+3	9.752906E-1
8.209500E+3	9.744246E-1
8.209750E+3	9.756523E-1
8.210000E+3	9.783008E-1
8.210250E+3	9.798680E-1
8.210500E+3	9.780314E-1
8.210750E+3	9.746107E-1
8.211000E+3	9.735184E-1
8.211250E+3	9.754504E-1
8.211500E+3	9.777160E-1
8.211750E+3	9.778594E-1
8.212000E+3	9.767437E-1
8.212250E+3	9.763869E-1
8.212500E+3	9.768850E-1
8.212750E+3	9.774118E-1
8.213000E+3	9.783390E-1
8.213250E+3	9.800515E-1
8.213500E+3	9.812155E-1
8.213750E+3	9.806840E-1
8.214000E+3	9.796419E-1
8.214250E+3	9.799013E-1
8.214500E+3	9.812240E-1
8.214750E+3	9.818934E-1
8.215000E+3	9.813721E-1
8.215250E+3	9.801761E-1
8.215500E+3	9.785304E-1
8.215750E+3	9.770854E-1
8.216000E+3	9.776167E-1
8.216250E+3	9.807058E-1
8.216500E+3	9.836431E-1
8.216750E+3	9.841820E-1
8.217000E+3	9.843850E-1
8.217250E+3	9.870417E-1
8.217500E+3	9.903151E-1
8.217750E+3	9.896608E-1
8.218000E+3	9.853759E-1
8.218250E+3	9.827624E-1
8.218500E+3	9.853745E-1
8.218750E+3	9.898107E-1
8.219000E+3	9.905125E-1
8.219250E+3	9.869394E-1
8.219500E+3	9.826726E-1
8.219750E+3	9.814322E-1
8.220000E+3	9.831387E-1
8.220250E+3	9.849523E-1
8.220500E+3	9.856693E-1
8.220750E+3	9.863721E-1
8.221000E+3	9.880713E-1
8.221250E+3	9.897284E-1
8.221500E+3	9.894067E-1
8.221750E+3	9.867194E-1
8.222000E+3	9.838532E-1
8.222250E+3	9.837704E-1
8.222500E+3	9.867797E-1
8.222750E+3	9.901540E-1
8.223000E+3	9.911287E-1
8.223250E+3	9.896268E-1
8.223500E+3	9.879615E-1
8.223750E+3	9.879799E-1
8.224000E+3	9.891113E-1
8.224250E+3	9.890095E-1
8.224500E+3	9.867842E-1
8.224750E+3	9.847210E-1
8.225000E+3	9.849704E-1
8.225250E+3	9.865445E-1
8.225500E+3	9.866116E-1
8.225750E+3	9.847191E-1
8.226000E+3	9.836658E-1
8.226250E+3	9.848678E-1
8.226500E+3	9.862203E-1
8.226750E+3	9.857827E-1
8.227000E+3	9.848466E-1
8.227250E+3	9.853432E-1
8.227500E+3	9.868630E-1
8.227750E+3	9.876440E-1
8.228000E+3	9.872499E-1
8.228250E+3	9.869067E-1
8.228500E+3	9.872581E-1
8.228750E+3	9.878684E-1
8.229000E+3	9.880044E-1
8.229250E+3	9.873553E-1
8.229500E+3	9.868965E-1
8.229750E+3	9.878923E-1
8.230000E+3	9.897673E-1
8.230250E+3	9.898823E-1
8.230500E+3	9.872736E-1
8.230750E+3	9.848461E-1
8.231000E+3	9.849406E-1
8.231250E+3	9.856150E-1
8.231500E+3	9.836977E-1
8.231750E+3	9.813090E-1
8.232000E+3	9.820797E-1
8.232250E+3	9.841477E-1
8.232500E+3	9.824360E-1
8.232750E+3	9.783714E-1
8.233000E+3	9.786757E-1
8.233250E+3	9.835077E-1
8.233500E+3	9.859498E-1
8.233750E+3	9.829360E-1
8.234000E+3	9.805819E-1
8.234250E+3	9.819329E-1
8.234500E+3	9.816021E-1
8.234750E+3	9.774968E-1
8.235000E+3	9.763711E-1
8.235250E+3	9.820596E-1
8.235500E+3	9.858260E-1
8.235750E+3	9.817642E-1
8.236000E+3	9.775460E-1
8.236250E+3	9.815674E-1
8.236500E+3	9.878906E-1
8.236750E+3	9.859593E-1
8.237000E+3	9.788748E-1
8.237250E+3	9.768485E-1
8.237500E+3	9.792710E-1
8.237750E+3	9.771119E-1
8.238000E+3	9.724445E-1
8.238250E+3	9.742771E-1
8.238500E+3	9.814768E-1
8.238750E+3	9.833532E-1
8.239000E+3	9.789988E-1
8.239250E+3	9.780723E-1
8.239500E+3	9.827664E-1
8.239750E+3	9.837546E-1
8.240000E+3	9.776088E-1
8.240250E+3	9.737374E-1
8.240500E+3	9.784708E-1
8.240750E+3	9.836173E-1
8.241000E+3	9.813485E-1
8.241250E+3	9.763428E-1
8.241500E+3	9.758778E-1
8.241750E+3	9.783381E-1
8.242000E+3	9.785635E-1
8.242250E+3	9.769205E-1
8.242500E+3	9.753726E-1
8.242750E+3	9.731218E-1
8.243000E+3	9.707982E-1
8.243250E+3	9.718504E-1
8.243500E+3	9.752069E-1
8.243750E+3	9.742450E-1
8.244000E+3	9.680927E-1
8.244250E+3	9.651099E-1
8.244500E+3	9.703593E-1
8.244750E+3	9.755885E-1
8.245000E+3	9.728990E-1
8.245250E+3	9.674431E-1
8.245500E+3	9.674479E-1
8.245750E+3	9.718941E-1
8.246000E+3	9.744853E-1
8.246250E+3	9.744895E-1
8.246500E+3	9.747135E-1
8.246750E+3	9.741203E-1
8.247000E+3	9.706185E-1
8.247250E+3	9.669805E-1
8.247500E+3	9.669184E-1
8.247750E+3	9.688076E-1
8.248000E+3	9.699561E-1
8.248250E+3	9.723622E-1
8.248500E+3	9.767596E-1
8.248750E+3	9.774888E-1
8.249000E+3	9.716611E-1
8.249250E+3	9.667118E-1
8.249500E+3	9.696414E-1
8.249750E+3	9.755576E-1
8.250000E+3	9.751229E-1
8.250250E+3	9.700840E-1
8.250500E+3	9.690976E-1
8.250750E+3	9.726411E-1
8.251000E+3	9.739307E-1
8.251250E+3	9.720874E-1
8.251500E+3	9.730265E-1
8.251750E+3	9.770566E-1
8.252000E+3	9.782120E-1
8.252250E+3	9.756092E-1
8.252500E+3	9.734926E-1
8.252750E+3	9.725140E-1
8.253000E+3	9.682327E-1
8.253250E+3	9.612232E-1
8.253500E+3	9.586687E-1
8.253750E+3	9.631978E-1
8.254000E+3	9.682476E-1
8.254250E+3	9.698465E-1
8.254500E+3	9.719510E-1
8.254750E+3	9.772191E-1
8.255000E+3	9.803848E-1
8.255250E+3	9.777470E-1
8.255500E+3	9.740521E-1
8.255750E+3	9.740993E-1
8.256000E+3	9.758302E-1
8.256250E+3	9.741983E-1
8.256500E+3	9.700402E-1
8.256750E+3	9.675457E-1
8.257000E+3	9.671693E-1
8.257250E+3	9.662002E-1
8.257500E+3	9.640284E-1
8.257750E+3	9.633212E-1
8.258000E+3	9.658016E-1
8.258250E+3	9.697087E-1
8.258500E+3	9.716764E-1
8.258750E+3	9.701838E-1
8.259000E+3	9.674099E-1
8.259250E+3	9.670441E-1
8.259500E+3	9.697777E-1
8.259750E+3	9.720947E-1
8.260000E+3	9.713335E-1
8.260250E+3	9.705475E-1
8.260500E+3	9.735906E-1
8.260750E+3	9.775794E-1
8.261000E+3	9.765422E-1
8.261250E+3	9.719447E-1
8.261500E+3	9.712453E-1
8.261750E+3	9.761561E-1
8.262000E+3	9.798950E-1
8.262250E+3	9.779220E-1
8.262500E+3	9.743782E-1
8.262750E+3	9.747020E-1
8.263000E+3	9.779274E-1
8.263250E+3	9.789208E-1
8.263500E+3	9.760487E-1
8.263750E+3	9.721037E-1
8.264000E+3	9.704503E-1
8.264250E+3	9.727338E-1
8.264500E+3	9.771458E-1
8.264750E+3	9.792879E-1
8.265000E+3	9.771198E-1
8.265250E+3	9.742140E-1
8.265500E+3	9.754579E-1
8.265750E+3	9.795632E-1
8.266000E+3	9.800808E-1
8.266250E+3	9.757354E-1
8.266500E+3	9.735318E-1
8.266750E+3	9.767451E-1
8.267000E+3	9.794772E-1
8.267250E+3	9.766032E-1
8.267500E+3	9.720862E-1
8.267750E+3	9.719129E-1
8.268000E+3	9.743014E-1
8.268250E+3	9.750959E-1
8.268500E+3	9.753494E-1
8.268750E+3	9.771659E-1
8.269000E+3	9.777993E-1
8.269250E+3	9.748011E-1
8.269500E+3	9.723541E-1
8.269750E+3	9.752402E-1
8.270000E+3	9.810368E-1
8.270250E+3	9.818610E-1
8.270500E+3	9.768100E-1
8.270750E+3	9.734368E-1
8.271000E+3	9.746773E-1
8.271250E+3	9.772428E-1
8.271500E+3	9.787385E-1
8.271750E+3	9.801580E-1
8.272000E+3	9.809239E-1
8.272250E+3	9.786420E-1
8.272500E+3	9.739255E-1
8.272750E+3	9.704310E-1
8.273000E+3	9.677045E-1
8.273250E+3	9.632190E-1
8.273500E+3	9.606549E-1
8.273750E+3	9.661843E-1
8.274000E+3	9.735477E-1
8.274250E+3	9.704184E-1
8.274500E+3	9.588452E-1
8.274750E+3	9.542079E-1
8.275000E+3	9.634778E-1
8.275250E+3	9.739331E-1
8.275500E+3	9.721400E-1
8.275750E+3	9.639111E-1
8.276000E+3	9.646346E-1
8.276250E+3	9.738101E-1
8.276500E+3	9.784109E-1
8.276750E+3	9.730218E-1
8.277000E+3	9.658447E-1
8.277250E+3	9.647958E-1
8.277500E+3	9.680759E-1
8.277750E+3	9.713536E-1
8.278000E+3	9.733484E-1
8.278250E+3	9.730395E-1
8.278500E+3	9.684697E-1
8.278750E+3	9.603965E-1
8.279000E+3	9.551682E-1
8.279250E+3	9.580525E-1
8.279500E+3	9.651822E-1
8.279750E+3	9.724685E-1
8.280000E+3	9.785005E-1
8.280250E+3	9.792575E-1
8.280500E+3	9.722510E-1
8.280750E+3	9.647547E-1
8.281000E+3	9.652339E-1
8.281250E+3	9.706358E-1
8.281500E+3	9.699896E-1
8.281750E+3	9.623868E-1
8.282000E+3	9.595579E-1
8.282250E+3	9.637089E-1
8.282500E+3	9.640201E-1
8.282750E+3	9.550918E-1
8.283000E+3	9.489592E-1
8.283250E+3	9.560795E-1
8.283500E+3	9.665535E-1
8.283750E+3	9.662446E-1
8.284000E+3	9.566838E-1
8.284250E+3	9.521947E-1
8.284500E+3	9.556627E-1
8.284750E+3	9.564667E-1
8.285000E+3	9.512718E-1
8.285250E+3	9.497626E-1
8.285500E+3	9.556015E-1
8.285750E+3	9.605629E-1
8.286000E+3	9.565662E-1
8.286250E+3	9.482613E-1
8.286500E+3	9.458607E-1
8.286750E+3	9.491939E-1
8.287000E+3	9.524193E-1
8.287250E+3	9.523759E-1
8.287500E+3	9.498082E-1
8.287750E+3	9.454358E-1
8.288000E+3	9.407017E-1
8.288250E+3	9.401518E-1
8.288500E+3	9.448332E-1
8.288750E+3	9.490452E-1
8.289000E+3	9.484049E-1
8.289250E+3	9.453899E-1
8.289500E+3	9.459159E-1
8.289750E+3	9.498481E-1
8.290000E+3	9.533503E-1
8.290250E+3	9.559785E-1
8.290500E+3	9.597395E-1
8.290750E+3	9.629286E-1
8.291000E+3	9.605381E-1
8.291250E+3	9.532645E-1
8.291500E+3	9.476535E-1
8.291750E+3	9.465029E-1
8.292000E+3	9.447863E-1
8.292250E+3	9.376845E-1
8.292500E+3	9.300400E-1
8.292750E+3	9.294911E-1
8.293000E+3	9.357262E-1
8.293250E+3	9.393607E-1
8.293500E+3	9.347115E-1
8.293750E+3	9.310491E-1
8.294000E+3	9.379085E-1
8.294250E+3	9.482111E-1
8.294500E+3	9.498107E-1
8.294750E+3	9.438414E-1
8.295000E+3	9.421623E-1
8.295250E+3	9.495055E-1
8.295500E+3	9.521421E-1
8.295750E+3	9.418821E-1
8.296000E+3	9.306097E-1
8.296250E+3	9.346693E-1
8.296500E+3	9.480135E-1
8.296750E+3	9.521236E-1
8.297000E+3	9.459425E-1
8.297250E+3	9.431966E-1
8.297500E+3	9.498964E-1
8.297750E+3	9.551267E-1
8.298000E+3	9.533659E-1
8.298250E+3	9.516635E-1
8.298500E+3	9.549196E-1
8.298750E+3	9.547694E-1
8.299000E+3	9.455664E-1
8.299250E+3	9.362095E-1
8.299500E+3	9.403138E-1
8.299750E+3	9.519470E-1
8.300000E+3	9.510453E-1
8.300250E+3	9.351489E-1
8.300500E+3	9.217453E-1
8.300750E+3	9.245868E-1
8.301000E+3	9.375194E-1
8.301250E+3	9.456754E-1
8.301500E+3	9.435552E-1
8.301750E+3	9.390443E-1
8.302000E+3	9.410456E-1
8.302250E+3	9.483175E-1
8.302500E+3	9.512628E-1
8.302750E+3	9.467226E-1
8.303000E+3	9.407192E-1
8.303250E+3	9.399081E-1
8.303500E+3	9.431709E-1
8.303750E+3	9.412402E-1
8.304000E+3	9.342610E-1
8.304250E+3	9.312248E-1
8.304500E+3	9.375222E-1
8.304750E+3	9.438617E-1
8.305000E+3	9.396552E-1
8.305250E+3	9.341511E-1
8.305500E+3	9.397501E-1
8.305750E+3	9.529746E-1
8.306000E+3	9.566800E-1
8.306250E+3	9.486057E-1
8.306500E+3	9.393281E-1
8.306750E+3	9.340410E-1
8.307000E+3	9.313796E-1
8.307250E+3	9.310023E-1
8.307500E+3	9.332694E-1
8.307750E+3	9.336643E-1
8.308000E+3	9.269155E-1
8.308250E+3	9.210246E-1
8.308500E+3	9.271428E-1
8.308750E+3	9.362038E-1
8.309000E+3	9.344156E-1
8.309250E+3	9.250905E-1
8.309500E+3	9.273038E-1
8.309750E+3	9.430163E-1
8.310000E+3	9.527764E-1
8.310250E+3	9.443440E-1
8.310500E+3	9.311826E-1
8.310750E+3	9.293536E-1
8.311000E+3	9.302051E-1
8.311250E+3	9.219929E-1
8.311500E+3	9.146643E-1
8.311750E+3	9.223252E-1
8.312000E+3	9.358002E-1
8.312250E+3	9.398393E-1
8.312500E+3	9.361959E-1
8.312750E+3	9.369456E-1
8.313000E+3	9.377788E-1
8.313250E+3	9.283073E-1
8.313500E+3	9.173765E-1
8.313750E+3	9.216761E-1
8.314000E+3	9.391756E-1
8.314250E+3	9.434956E-1
8.314500E+3	9.294639E-1
8.314750E+3	9.163222E-1
8.315000E+3	9.159193E-1
8.315250E+3	9.211083E-1
8.315500E+3	9.186916E-1
8.315750E+3	9.146105E-1
8.316000E+3	9.189705E-1
8.316250E+3	9.325624E-1
8.316500E+3	9.443052E-1
8.316750E+3	9.450802E-1
8.317000E+3	9.371411E-1
8.317250E+3	9.274237E-1
8.317500E+3	9.268580E-1
8.317750E+3	9.362571E-1
8.318000E+3	9.408022E-1
8.318250E+3	9.284666E-1
8.318500E+3	9.104502E-1
8.318750E+3	9.098731E-1
8.319000E+3	9.246346E-1
8.319250E+3	9.326098E-1
8.319500E+3	9.199284E-1
8.319750E+3	9.050661E-1
8.320000E+3	9.069945E-1
8.320250E+3	9.180464E-1
8.320500E+3	9.237425E-1
8.320750E+3	9.202270E-1
8.321000E+3	9.163919E-1
8.321250E+3	9.181750E-1
8.321500E+3	9.221197E-1
8.321750E+3	9.234462E-1
8.322000E+3	9.190055E-1
8.322250E+3	9.116011E-1
8.322500E+3	9.122424E-1
8.322750E+3	9.218016E-1
8.323000E+3	9.287859E-1
8.323250E+3	9.235311E-1
8.323500E+3	9.172078E-1
8.323750E+3	9.256523E-1
8.324000E+3	9.353585E-1
8.324250E+3	9.157825E-1
8.324500E+3	8.695349E-1
8.324750E+3	8.587771E-1
8.325000E+3	8.831782E-1
8.325250E+3	9.049596E-1
8.325500E+3	8.958270E-1
8.325750E+3	8.657541E-1
8.326000E+3	8.533213E-1
8.326250E+3	8.609804E-1
8.326500E+3	8.684214E-1
8.326750E+3	8.643617E-1
8.327000E+3	8.548350E-1
8.327250E+3	8.455479E-1
8.327500E+3	8.361584E-1
8.327750E+3	8.263823E-1
8.328000E+3	8.121215E-1
8.328250E+3	7.864421E-1
8.328500E+3	7.538553E-1
8.328750E+3	7.321095E-1
8.329000E+3	7.294490E-1
8.329250E+3	7.425965E-1
8.329500E+3	7.627376E-1
8.329750E+3	7.746340E-1
8.330000E+3	7.722269E-1
8.330250E+3	7.741404E-1
8.330500E+3	8.072247E-1
8.330750E+3	8.560946E-1
8.331000E+3	8.819079E-1
8.331250E+3	8.628446E-1
8.331500E+3	8.292176E-1
8.331750E+3	8.399907E-1
8.332000E+3	8.860348E-1
8.332250E+3	9.144395E-1
8.332500E+3	9.058490E-1
8.332750E+3	8.932503E-1
8.333000E+3	9.039928E-1
8.333250E+3	9.244618E-1
8.333500E+3	9.300919E-1
8.333750E+3	9.264516E-1
8.334000E+3	9.293804E-1
8.334250E+3	9.406729E-1
8.334500E+3	9.494794E-1
8.334750E+3	9.504784E-1
8.335000E+3	9.501674E-1
8.335250E+3	9.533117E-1
8.335500E+3	9.589121E-1
8.335750E+3	9.651432E-1
8.336000E+3	9.706486E-1
8.336250E+3	9.720096E-1
8.336500E+3	9.670550E-1
8.336750E+3	9.617927E-1
8.337000E+3	9.640090E-1
8.337250E+3	9.715119E-1
8.337500E+3	9.763164E-1
8.337750E+3	9.754954E-1
8.338000E+3	9.741436E-1
8.338250E+3	9.764796E-1
8.338500E+3	9.792048E-1
8.338750E+3	9.785816E-1
8.339000E+3	9.770370E-1
8.339250E+3	9.788319E-1
8.339500E+3	9.836637E-1
8.339750E+3	9.872055E-1
8.340000E+3	9.875754E-1
8.340250E+3	9.866940E-1
8.340500E+3	9.866445E-1
8.340750E+3	9.878871E-1
8.341000E+3	9.893086E-1
8.341250E+3	9.887747E-1
8.341500E+3	9.851277E-1
8.341750E+3	9.811583E-1
8.342000E+3	9.815571E-1
8.342250E+3	9.864981E-1
8.342500E+3	9.907386E-1
8.342750E+3	9.899673E-1
8.343000E+3	9.870352E-1
8.343250E+3	9.872577E-1
8.343500E+3	9.904148E-1
8.343750E+3	9.920513E-1
8.344000E+3	9.900547E-1
8.344250E+3	9.868997E-1
8.344500E+3	9.851934E-1
8.344750E+3	9.851341E-1
8.345000E+3	9.863193E-1
8.345250E+3	9.882056E-1
8.345500E+3	9.890244E-1
8.345750E+3	9.876552E-1
8.346000E+3	9.864513E-1
8.346250E+3	9.882095E-1
8.346500E+3	9.912598E-1
8.346750E+3	9.910827E-1
8.347000E+3	9.876773E-1
8.347250E+3	9.862032E-1
8.347500E+3	9.882593E-1
8.347750E+3	9.899846E-1
8.348000E+3	9.886320E-1
8.348250E+3	9.872148E-1
8.348500E+3	9.885131E-1
8.348750E+3	9.902067E-1
8.349000E+3	9.893730E-1
8.349250E+3	9.880194E-1
8.349500E+3	9.895035E-1
8.349750E+3	9.919363E-1
8.350000E+3	9.908596E-1
8.350250E+3	9.868467E-1
8.350500E+3	9.848263E-1
8.350750E+3	9.866082E-1
8.351000E+3	9.885856E-1
8.351250E+3	9.872442E-1
8.351500E+3	9.841709E-1
8.351750E+3	9.825600E-1
8.352000E+3	9.828008E-1
8.352250E+3	9.834968E-1
8.352500E+3	9.845428E-1
8.352750E+3	9.863429E-1
8.353000E+3	9.877758E-1
8.353250E+3	9.875050E-1
8.353500E+3	9.867330E-1
8.353750E+3	9.875237E-1
8.354000E+3	9.893119E-1
8.354250E+3	9.896954E-1
8.354500E+3	9.882656E-1
8.354750E+3	9.871749E-1
8.355000E+3	9.876809E-1
8.355250E+3	9.886636E-1
8.355500E+3	9.889471E-1
8.355750E+3	9.891279E-1
8.356000E+3	9.897218E-1
8.356250E+3	9.896341E-1
8.356500E+3	9.880943E-1
8.356750E+3	9.866100E-1
8.357000E+3	9.869706E-1
8.357250E+3	9.884067E-1
8.357500E+3	9.884976E-1
8.357750E+3	9.867035E-1
8.358000E+3	9.850242E-1
8.358250E+3	9.849585E-1
8.358500E+3	9.860610E-1
8.358750E+3	9.872423E-1
8.359000E+3	9.877400E-1
8.359250E+3	9.873303E-1
8.359500E+3	9.867738E-1
8.359750E+3	9.873172E-1
8.360000E+3	9.886357E-1
8.360250E+3	9.883791E-1
8.360500E+3	9.857850E-1
8.360750E+3	9.840102E-1
8.361000E+3	9.857931E-1
8.361250E+3	9.885880E-1
8.361500E+3	9.878486E-1
8.361750E+3	9.838119E-1
8.362000E+3	9.812132E-1
8.362250E+3	9.820371E-1
8.362500E+3	9.828714E-1
8.362750E+3	9.813340E-1
8.363000E+3	9.798449E-1
8.363250E+3	9.813989E-1
8.363500E+3	9.845454E-1
8.363750E+3	9.867384E-1
8.364000E+3	9.886196E-1
8.364250E+3	9.906140E-1
8.364500E+3	9.903248E-1
8.364750E+3	9.868291E-1
8.365000E+3	9.842301E-1
8.365250E+3	9.859059E-1
8.365500E+3	9.889065E-1
8.365750E+3	9.892316E-1
8.366000E+3	9.884421E-1
8.366250E+3	9.897719E-1
8.366500E+3	9.905959E-1
8.366750E+3	9.858937E-1
8.367000E+3	9.781740E-1
8.367250E+3	9.769254E-1
8.367500E+3	9.831079E-1
8.367750E+3	9.878784E-1
8.368000E+3	9.857482E-1
8.368250E+3	9.805559E-1
8.368500E+3	9.794598E-1
8.368750E+3	9.829545E-1
8.369000E+3	9.857498E-1
8.369250E+3	9.853281E-1
8.369500E+3	9.844582E-1
8.369750E+3	9.858687E-1
8.370000E+3	9.884762E-1
8.370250E+3	9.889239E-1
8.370500E+3	9.859346E-1
8.370750E+3	9.820231E-1
8.371000E+3	9.808615E-1
8.371250E+3	9.824703E-1
8.371500E+3	9.835680E-1
8.371750E+3	9.833235E-1
8.372000E+3	9.839986E-1
8.372250E+3	9.855468E-1
8.372500E+3	9.842230E-1
8.372750E+3	9.794642E-1
8.373000E+3	9.764192E-1
8.373250E+3	9.783489E-1
8.373500E+3	9.803977E-1
8.373750E+3	9.776741E-1
8.374000E+3	9.733574E-1
8.374250E+3	9.736749E-1
8.374500E+3	9.764338E-1
8.374750E+3	9.763395E-1
8.375000E+3	9.747680E-1
8.375250E+3	9.769123E-1
8.375500E+3	9.814444E-1
8.375750E+3	9.827374E-1
8.376000E+3	9.804204E-1
8.376250E+3	9.793464E-1
8.376500E+3	9.802697E-1
8.376750E+3	9.791725E-1
8.377000E+3	9.761024E-1
8.377250E+3	9.761608E-1
8.377500E+3	9.796280E-1
8.377750E+3	9.808276E-1
8.378000E+3	9.781884E-1
8.378250E+3	9.759577E-1
8.378500E+3	9.767466E-1
8.378750E+3	9.771657E-1
8.379000E+3	9.749124E-1
8.379250E+3	9.717858E-1
8.379500E+3	9.693194E-1
8.379750E+3	9.667912E-1
8.380000E+3	9.658183E-1
8.380250E+3	9.699993E-1
8.380500E+3	9.769911E-1
8.380750E+3	9.803639E-1
8.381000E+3	9.798463E-1
8.381250E+3	9.803690E-1
8.381500E+3	9.819736E-1
8.381750E+3	9.791077E-1
8.382000E+3	9.714227E-1
8.382250E+3	9.671455E-1
8.382500E+3	9.710708E-1
8.382750E+3	9.755094E-1
8.383000E+3	9.719300E-1
8.383250E+3	9.630142E-1
8.383500E+3	9.586931E-1
8.383750E+3	9.611367E-1
8.384000E+3	9.650307E-1
8.384250E+3	9.660674E-1
8.384500E+3	9.656607E-1
8.384750E+3	9.670792E-1
8.385000E+3	9.706529E-1
8.385250E+3	9.739938E-1
8.385500E+3	9.738347E-1
8.385750E+3	9.699992E-1
8.386000E+3	9.643553E-1
8.386250E+3	9.586836E-1
8.386500E+3	9.547541E-1
8.386750E+3	9.536256E-1
8.387000E+3	9.556347E-1
8.387250E+3	9.595043E-1
8.387500E+3	9.610418E-1
8.387750E+3	9.579508E-1
8.388000E+3	9.539468E-1
8.388250E+3	9.537877E-1
8.388500E+3	9.558523E-1
8.388750E+3	9.548449E-1
8.389000E+3	9.506715E-1
8.389250E+3	9.479292E-1
8.389500E+3	9.490728E-1
8.389750E+3	9.523057E-1
8.390000E+3	9.556014E-1
8.390250E+3	9.570321E-1
8.390500E+3	9.540431E-1
8.390750E+3	9.476792E-1
8.391000E+3	9.438339E-1
8.391250E+3	9.474063E-1
8.391500E+3	9.528662E-1
8.391750E+3	9.515068E-1
8.392000E+3	9.457755E-1
8.392250E+3	9.451248E-1
8.392500E+3	9.503624E-1
8.392750E+3	9.505587E-1
8.393000E+3	9.410991E-1
8.393250E+3	9.320445E-1
8.393500E+3	9.339582E-1
8.393750E+3	9.406629E-1
8.394000E+3	9.417286E-1
8.394250E+3	9.373231E-1
8.394500E+3	9.359060E-1
8.394750E+3	9.399237E-1
8.395000E+3	9.427106E-1
8.395250E+3	9.396056E-1
8.395500E+3	9.331851E-1
8.395750E+3	9.285878E-1
8.396000E+3	9.276268E-1
8.396250E+3	9.301460E-1
8.396500E+3	9.351198E-1
8.396750E+3	9.391799E-1
8.397000E+3	9.386659E-1
8.397250E+3	9.343281E-1
8.397500E+3	9.319790E-1
8.397750E+3	9.357080E-1
8.398000E+3	9.438478E-1
8.398250E+3	9.508539E-1
8.398500E+3	9.507309E-1
8.398750E+3	9.435166E-1
8.399000E+3	9.349122E-1
8.399250E+3	9.300663E-1
8.399500E+3	9.311869E-1
8.399750E+3	9.360305E-1
8.400000E+3	9.398707E-1
8.400250E+3	9.407035E-1
8.400500E+3	9.401389E-1
8.400750E+3	9.403122E-1
8.401000E+3	9.413841E-1
8.401250E+3	9.423214E-1
8.401500E+3	9.427900E-1
8.401750E+3	9.431303E-1
8.402000E+3	9.433330E-1
8.402250E+3	9.432992E-1
8.402500E+3	9.437642E-1
8.402750E+3	9.455341E-1
8.403000E+3	9.477583E-1
8.403250E+3	9.485665E-1
8.403500E+3	9.477919E-1
8.403750E+3	9.475811E-1
8.404000E+3	9.493285E-1
8.404250E+3	9.513853E-1
8.404500E+3	9.513511E-1
8.404750E+3	9.497456E-1
8.405000E+3	9.493753E-1
8.405250E+3	9.511114E-1
8.405500E+3	9.526446E-1
8.405750E+3	9.521604E-1
8.406000E+3	9.510013E-1
8.406250E+3	9.512741E-1
8.406500E+3	9.526844E-1
8.406750E+3	9.534888E-1
8.407000E+3	9.536513E-1
8.407250E+3	9.546911E-1
8.407500E+3	9.566905E-1
8.407750E+3	9.579437E-1
8.408000E+3	9.577642E-1
8.408250E+3	9.577263E-1
8.408500E+3	9.591477E-1
8.408750E+3	9.610511E-1
8.409000E+3	9.619051E-1
8.409250E+3	9.618420E-1
8.409500E+3	9.618683E-1
8.409750E+3	9.620137E-1
8.410000E+3	9.618507E-1
8.410250E+3	9.620468E-1
8.410500E+3	9.635394E-1
8.410750E+3	9.654971E-1
8.411000E+3	9.660298E-1
8.411250E+3	9.651032E-1
8.411500E+3	9.648713E-1
8.411750E+3	9.665516E-1
8.412000E+3	9.685824E-1
8.412250E+3	9.688956E-1
8.412500E+3	9.678883E-1
8.412750E+3	9.676284E-1
8.413000E+3	9.688531E-1
8.413250E+3	9.703184E-1
8.413500E+3	9.709087E-1
8.413750E+3	9.710671E-1
8.414000E+3	9.716887E-1
8.414250E+3	9.727151E-1
8.414500E+3	9.734888E-1
8.414750E+3	9.738818E-1
8.415000E+3	9.743058E-1
8.415250E+3	9.748219E-1
8.415500E+3	9.750580E-1
8.415750E+3	9.750063E-1
8.416000E+3	9.751625E-1
8.416250E+3	9.756478E-1
8.416500E+3	9.759107E-1
8.416750E+3	9.757234E-1
8.417000E+3	9.757857E-1
8.417250E+3	9.766244E-1
8.417500E+3	9.774733E-1
8.417750E+3	9.772457E-1
8.418000E+3	9.763629E-1
8.418250E+3	9.763846E-1
8.418500E+3	9.776774E-1
8.418750E+3	9.788189E-1
8.419000E+3	9.787310E-1
8.419250E+3	9.782352E-1
8.419500E+3	9.786333E-1
8.419750E+3	9.796782E-1
8.420000E+3	9.802354E-1
8.420250E+3	9.801332E-1
8.420500E+3	9.801906E-1
8.420750E+3	9.807830E-1
8.421000E+3	9.813770E-1
8.421250E+3	9.814134E-1
8.421500E+3	9.808966E-1
8.421750E+3	9.801979E-1
8.422000E+3	9.798254E-1
8.422250E+3	9.801068E-1
8.422500E+3	9.805849E-1
8.422750E+3	9.803371E-1
8.423000E+3	9.793952E-1
8.423250E+3	9.791009E-1
8.423500E+3	9.802690E-1
8.423750E+3	9.817114E-1
8.424000E+3	9.819983E-1
8.424250E+3	9.816151E-1
8.424500E+3	9.818930E-1
8.424750E+3	9.825090E-1
8.425000E+3	9.819544E-1
8.425250E+3	9.802381E-1
8.425500E+3	9.791826E-1
8.425750E+3	9.797166E-1
8.426000E+3	9.806793E-1
8.426250E+3	9.809411E-1
8.426500E+3	9.808474E-1
8.426750E+3	9.810029E-1
8.427000E+3	9.810744E-1
8.427250E+3	9.807101E-1
8.427500E+3	9.804188E-1
8.427750E+3	9.805772E-1
8.428000E+3	9.805345E-1
8.428250E+3	9.797122E-1
8.428500E+3	9.787742E-1
8.428750E+3	9.786890E-1
8.429000E+3	9.792401E-1
8.429250E+3	9.794945E-1
8.429500E+3	9.791849E-1
8.429750E+3	9.788405E-1
8.430000E+3	9.788250E-1
8.430250E+3	9.789973E-1
8.430500E+3	9.791499E-1
8.430750E+3	9.791979E-1
8.431000E+3	9.790300E-1
8.431250E+3	9.785398E-1
8.431500E+3	9.777863E-1
8.431750E+3	9.769776E-1
8.432000E+3	9.763596E-1
8.432250E+3	9.761740E-1
8.432500E+3	9.764761E-1
8.432750E+3	9.769016E-1
8.433000E+3	9.770502E-1
8.433250E+3	9.770364E-1
8.433500E+3	9.771093E-1
8.433750E+3	9.769826E-1
8.434000E+3	9.762266E-1
8.434250E+3	9.752224E-1
8.434500E+3	9.747997E-1
8.434750E+3	9.749121E-1
8.435000E+3	9.746200E-1
8.435250E+3	9.736691E-1
8.435500E+3	9.729416E-1
8.435750E+3	9.730176E-1
8.436000E+3	9.732610E-1
8.436250E+3	9.730332E-1
8.436500E+3	9.728192E-1
8.436750E+3	9.732391E-1
8.437000E+3	9.737769E-1
8.437250E+3	9.735604E-1
8.437500E+3	9.728755E-1
8.437750E+3	9.727701E-1
8.438000E+3	9.734705E-1
8.438250E+3	9.741204E-1
8.438500E+3	9.741207E-1
8.438750E+3	9.738114E-1
8.439000E+3	9.737343E-1
8.439250E+3	9.739464E-1
8.439500E+3	9.741705E-1
8.439750E+3	9.740759E-1
8.440000E+3	9.733453E-1
8.440250E+3	9.719919E-1
8.440500E+3	9.706967E-1
8.440750E+3	9.703042E-1
8.441000E+3	9.708100E-1
8.441250E+3	9.713571E-1
8.441500E+3	9.713388E-1
8.441750E+3	9.709787E-1
8.442000E+3	9.707271E-1
8.442250E+3	9.706448E-1
8.442500E+3	9.706452E-1
8.442750E+3	9.707927E-1
8.443000E+3	9.709743E-1
8.443250E+3	9.707369E-1
8.443500E+3	9.699444E-1
8.443750E+3	9.692624E-1
8.444000E+3	9.694228E-1
8.444250E+3	9.701935E-1
8.444500E+3	9.706431E-1
8.444750E+3	9.703928E-1
8.445000E+3	9.700617E-1
8.445250E+3	9.703451E-1
8.445500E+3	9.711619E-1
8.445750E+3	9.718596E-1
8.446000E+3	9.719515E-1
8.446250E+3	9.714243E-1
8.446500E+3	9.706297E-1
8.446750E+3	9.702117E-1
8.447000E+3	9.706584E-1
8.447250E+3	9.716386E-1
8.447500E+3	9.723231E-1
8.447750E+3	9.724271E-1
8.448000E+3	9.725147E-1
8.448250E+3	9.729760E-1
8.448500E+3	9.732343E-1
8.448750E+3	9.726806E-1
8.449000E+3	9.719052E-1
8.449250E+3	9.720009E-1
8.449500E+3	9.728303E-1
8.449750E+3	9.731868E-1
8.450000E+3	9.726723E-1
8.450250E+3	9.723383E-1
8.450500E+3	9.729918E-1
8.450750E+3	9.739603E-1
8.451000E+3	9.742592E-1
8.451250E+3	9.741008E-1
8.451500E+3	9.743593E-1
8.451750E+3	9.750757E-1
8.452000E+3	9.754878E-1
8.452250E+3	9.752944E-1
8.452500E+3	9.749545E-1
8.452750E+3	9.748226E-1
8.453000E+3	9.748058E-1
8.453250E+3	9.748766E-1
8.453500E+3	9.752176E-1
8.453750E+3	9.757776E-1
8.454000E+3	9.762776E-1
8.454250E+3	9.767696E-1
8.454500E+3	9.775663E-1
8.454750E+3	9.784539E-1
8.455000E+3	9.786494E-1
8.455250E+3	9.779163E-1
8.455500E+3	9.771999E-1
8.455750E+3	9.775259E-1
8.456000E+3	9.787113E-1
8.456250E+3	9.796458E-1
8.456500E+3	9.797187E-1
8.456750E+3	9.794810E-1
8.457000E+3	9.796906E-1
8.457250E+3	9.802674E-1
8.457500E+3	9.805833E-1
8.457750E+3	9.804838E-1
8.458000E+3	9.805109E-1
8.458250E+3	9.810350E-1
8.458500E+3	9.816610E-1
8.458750E+3	9.818694E-1
8.459000E+3	9.818532E-1
8.459250E+3	9.821762E-1
8.459500E+3	9.827663E-1
8.459750E+3	9.829525E-1
8.460000E+3	9.825686E-1
8.460250E+3	9.823122E-1
8.460500E+3	9.827326E-1
8.460750E+3	9.834781E-1
8.461000E+3	9.839681E-1
8.461250E+3	9.842343E-1
8.461500E+3	9.845558E-1
8.461750E+3	9.847757E-1
8.462000E+3	9.846747E-1
8.462250E+3	9.846431E-1
8.462500E+3	9.852091E-1
8.462750E+3	9.860765E-1
8.463000E+3	9.864281E-1
8.463250E+3	9.861087E-1
8.463500E+3	9.858186E-1
8.463750E+3	9.860719E-1
8.464000E+3	9.866537E-1
8.464250E+3	9.871826E-1
8.464500E+3	9.875573E-1
8.464750E+3	9.877213E-1
8.465000E+3	9.875637E-1
8.465250E+3	9.872926E-1
8.465500E+3	9.874054E-1
8.465750E+3	9.879954E-1
8.466000E+3	9.885325E-1
8.466250E+3	9.886016E-1
8.466500E+3	9.884594E-1
8.466750E+3	9.885609E-1
8.467000E+3	9.888926E-1
8.467250E+3	9.891258E-1
8.467500E+3	9.891431E-1
8.467750E+3	9.891082E-1
8.468000E+3	9.891732E-1
8.468250E+3	9.893815E-1
8.468500E+3	9.897235E-1
8.468750E+3	9.900773E-1
8.469000E+3	9.902354E-1
8.469250E+3	9.901401E-1
8.469500E+3	9.899691E-1
8.469750E+3	9.899142E-1
8.470000E+3	9.899819E-1
8.470250E+3	9.900894E-1
8.470500E+3	9.902108E-1
8.470750E+3	9.903421E-1
8.471000E+3	9.904685E-1
8.471250E+3	9.906254E-1
8.471500E+3	9.908393E-1
8.471750E+3	9.910012E-1
8.472000E+3	9.909830E-1
8.472250E+3	9.908869E-1
8.472500E+3	9.909386E-1
8.472750E+3	9.911194E-1
8.473000E+3	9.911847E-1
8.473250E+3	9.910721E-1
8.473500E+3	9.909914E-1
8.473750E+3	9.910261E-1
8.474000E+3	9.909884E-1
8.474250E+3	9.908132E-1
8.474500E+3	9.907702E-1
8.474750E+3	9.910566E-1
8.475000E+3	9.914398E-1
8.475250E+3	9.915601E-1
8.475500E+3	9.914169E-1
8.475750E+3	9.913028E-1
8.476000E+3	9.913741E-1
8.476250E+3	9.915292E-1
8.476500E+3	9.916291E-1
8.476750E+3	9.916403E-1
8.477000E+3	9.915901E-1
8.477250E+3	9.915331E-1
8.477500E+3	9.915413E-1
8.477750E+3	9.916168E-1
8.478000E+3	9.916582E-1
8.478250E+3	9.916051E-1
8.478500E+3	9.915493E-1
8.478750E+3	9.916081E-1
8.479000E+3	9.917461E-1
8.479250E+3	9.918273E-1
8.479500E+3	9.917952E-1
8.479750E+3	9.917072E-1
8.480000E+3	9.916247E-1
8.480250E+3	9.915645E-1
8.480500E+3	9.915396E-1
8.480750E+3	9.915620E-1
8.481000E+3	9.916039E-1
8.481250E+3	9.916158E-1
8.481500E+3	9.915894E-1
8.481750E+3	9.915701E-1
8.482000E+3	9.916059E-1
8.482250E+3	9.916990E-1
8.482500E+3	9.917981E-1
8.482750E+3	9.918313E-1
8.483000E+3	9.917766E-1
8.483250E+3	9.916978E-1
8.483500E+3	9.916794E-1
8.483750E+3	9.917215E-1
8.484000E+3	9.917415E-1
8.484250E+3	9.916858E-1
8.484500E+3	9.915880E-1
8.484750E+3	9.914979E-1
8.485000E+3	9.914129E-1
8.485250E+3	9.913160E-1
8.485500E+3	9.912274E-1
8.485750E+3	9.911605E-1
8.486000E+3	9.910595E-1
8.486250E+3	9.908527E-1
8.486500E+3	9.905586E-1
8.486750E+3	9.902718E-1
8.487000E+3	9.900350E-1
8.487250E+3	9.897854E-1
8.487500E+3	9.894552E-1
8.487750E+3	9.890700E-1
8.488000E+3	9.887046E-1
8.488250E+3	9.883828E-1
8.488500E+3	9.880675E-1
8.488750E+3	9.877327E-1
8.489000E+3	9.873971E-1
8.489250E+3	9.870905E-1
8.489500E+3	9.868234E-1
8.489750E+3	9.865964E-1
8.490000E+3	9.864149E-1
8.490250E+3	9.862806E-1
8.490500E+3	9.861749E-1
8.490750E+3	9.860615E-1
8.491000E+3	9.859193E-1
8.491250E+3	9.857804E-1
8.491500E+3	9.857089E-1
8.491750E+3	9.857063E-1
8.492000E+3	9.856720E-1
8.492250E+3	9.855259E-1
8.492500E+3	9.853539E-1
8.492750E+3	9.853197E-1
8.493000E+3	9.854146E-1
8.493250E+3	9.854412E-1
8.493500E+3	9.853126E-1
8.493750E+3	9.852142E-1
8.494000E+3	9.853338E-1
8.494250E+3	9.855743E-1
8.494500E+3	9.857261E-1
8.494750E+3	9.858051E-1
8.495000E+3	9.859706E-1
8.495250E+3	9.861859E-1
8.495500E+3	9.862562E-1
8.495750E+3	9.861951E-1
8.496000E+3	9.862412E-1
8.496250E+3	9.864605E-1
8.496500E+3	9.866333E-1
8.496750E+3	9.866240E-1
8.497000E+3	9.865669E-1
8.497250E+3	9.865726E-1
8.497500E+3	9.865630E-1
8.497750E+3	9.865462E-1
8.498000E+3	9.867154E-1
8.498250E+3	9.870659E-1
8.498500E+3	9.872517E-1
8.498750E+3	9.871098E-1
8.499000E+3	9.869997E-1
8.499250E+3	9.872686E-1
8.499500E+3	9.876701E-1
8.499750E+3	9.877454E-1
8.500000E+3	9.875714E-1
8.500250E+3	9.876149E-1
8.500500E+3	9.879547E-1
8.500750E+3	9.881728E-1
8.501000E+3	9.880555E-1
8.501250E+3	9.879219E-1
8.501500E+3	9.881090E-1
8.501750E+3	9.885052E-1
8.502000E+3	9.887820E-1
8.502250E+3	9.888412E-1
8.502500E+3	9.888543E-1
8.502750E+3	9.890069E-1
8.503000E+3	9.893131E-1
8.503250E+3	9.896068E-1
8.503500E+3	9.897012E-1
8.503750E+3	9.896274E-1
8.504000E+3	9.896454E-1
8.504250E+3	9.898888E-1
8.504500E+3	9.901597E-1
8.504750E+3	9.902626E-1
8.505000E+3	9.903366E-1
8.505250E+3	9.905815E-1
8.505500E+3	9.908417E-1
8.505750E+3	9.908394E-1
8.506000E+3	9.906974E-1
8.506250E+3	9.907926E-1
8.506500E+3	9.911615E-1
8.506750E+3	9.914763E-1
8.507000E+3	9.915989E-1
8.507250E+3	9.917298E-1
8.507500E+3	9.919257E-1
8.507750E+3	9.919326E-1
8.508000E+3	9.916422E-1
8.508250E+3	9.913486E-1
8.508500E+3	9.913550E-1
8.508750E+3	9.916433E-1
8.509000E+3	9.920261E-1
8.509250E+3	9.923595E-1
8.509500E+3	9.925626E-1
8.509750E+3	9.926472E-1
8.510000E+3	9.927600E-1
8.510250E+3	9.929647E-1
8.510500E+3	9.930464E-1
8.510750E+3	9.928622E-1
8.511000E+3	9.927447E-1
8.511250E+3	9.930861E-1
8.511500E+3	9.935976E-1
8.511750E+3	9.936475E-1
8.512000E+3	9.932916E-1
8.512250E+3	9.932951E-1
8.512500E+3	9.939186E-1
8.512750E+3	9.944293E-1
8.513000E+3	9.942482E-1
8.513250E+3	9.938512E-1
8.513500E+3	9.939902E-1
8.513750E+3	9.945541E-1
8.514000E+3	9.949071E-1
8.514250E+3	9.949159E-1
8.514500E+3	9.949607E-1
8.514750E+3	9.951269E-1
8.515000E+3	9.950843E-1
8.515250E+3	9.947335E-1
8.515500E+3	9.943931E-1
8.515750E+3	9.942935E-1
8.516000E+3	9.943603E-1
8.516250E+3	9.945307E-1
8.516500E+3	9.948523E-1
8.516750E+3	9.952104E-1
8.517000E+3	9.953312E-1
8.517250E+3	9.951441E-1
8.517500E+3	9.948756E-1
8.517750E+3	9.946866E-1
8.518000E+3	9.945389E-1
8.518250E+3	9.945027E-1
8.518500E+3	9.948050E-1
8.518750E+3	9.953954E-1
8.519000E+3	9.958272E-1
8.519250E+3	9.958009E-1
8.519500E+3	9.955938E-1
8.519750E+3	9.956607E-1
8.520000E+3	9.959220E-1
8.520250E+3	9.958877E-1
8.520500E+3	9.954634E-1
8.520750E+3	9.951786E-1
8.521000E+3	9.953911E-1
8.521250E+3	9.957186E-1
8.521500E+3	9.956454E-1
8.521750E+3	9.953297E-1
8.522000E+3	9.953098E-1
8.522250E+3	9.955756E-1
8.522500E+3	9.956150E-1
8.522750E+3	9.953650E-1
8.523000E+3	9.953545E-1
8.523250E+3	9.957364E-1
8.523500E+3	9.959594E-1
8.523750E+3	9.957586E-1
8.524000E+3	9.956804E-1
8.524250E+3	9.960792E-1
8.524500E+3	9.963272E-1
8.524750E+3	9.958489E-1
8.525000E+3	9.952387E-1
8.525250E+3	9.954036E-1
8.525500E+3	9.960767E-1
8.525750E+3	9.962432E-1
8.526000E+3	9.957897E-1
8.526250E+3	9.954947E-1
8.526500E+3	9.954941E-1
8.526750E+3	9.951320E-1
8.527000E+3	9.944418E-1
8.527250E+3	9.944302E-1
8.527500E+3	9.954232E-1
8.527750E+3	9.962916E-1
8.528000E+3	9.960415E-1
8.528250E+3	9.952742E-1
8.528500E+3	9.951359E-1
8.528750E+3	9.956275E-1
8.529000E+3	9.958772E-1
8.529250E+3	9.955154E-1
8.529500E+3	9.950084E-1
8.529750E+3	9.947718E-1
8.530000E+3	9.947902E-1
8.530250E+3	9.949566E-1
8.530500E+3	9.951593E-1
8.530750E+3	9.951957E-1
8.531000E+3	9.950369E-1
8.531250E+3	9.950081E-1
8.531500E+3	9.953632E-1
8.531750E+3	9.958792E-1
8.532000E+3	9.961670E-1
8.532250E+3	9.961177E-1
8.532500E+3	9.958544E-1
8.532750E+3	9.954888E-1
8.533000E+3	9.951631E-1
8.533250E+3	9.950838E-1
8.533500E+3	9.951876E-1
8.533750E+3	9.950221E-1
8.534000E+3	9.943658E-1
8.534250E+3	9.936411E-1
8.534500E+3	9.934143E-1
8.534750E+3	9.937447E-1
8.535000E+3	9.942937E-1
8.535250E+3	9.948452E-1
8.535500E+3	9.953168E-1
8.535750E+3	9.955453E-1
8.536000E+3	9.954786E-1
8.536250E+3	9.953569E-1
8.536500E+3	9.953530E-1
8.536750E+3	9.952622E-1
8.537000E+3	9.948442E-1
8.537250E+3	9.942293E-1
8.537500E+3	9.937429E-1
8.537750E+3	9.935459E-1
8.538000E+3	9.936511E-1
8.538250E+3	9.940236E-1
8.538500E+3	9.944386E-1
8.538750E+3	9.945879E-1
8.539000E+3	9.945744E-1
8.539250E+3	9.948532E-1
8.539500E+3	9.954426E-1
8.539750E+3	9.956755E-1
8.540000E+3	9.951881E-1
8.540250E+3	9.945656E-1
8.540500E+3	9.943822E-1
8.540750E+3	9.943012E-1
8.541000E+3	9.937318E-1
8.541250E+3	9.929484E-1
8.541500E+3	9.926916E-1
8.541750E+3	9.930744E-1
8.542000E+3	9.935711E-1
8.542250E+3	9.938863E-1
8.542500E+3	9.941118E-1
8.542750E+3	9.940820E-1
8.543000E+3	9.935308E-1
8.543250E+3	9.929496E-1
8.543500E+3	9.931576E-1
8.543750E+3	9.939351E-1
8.544000E+3	9.941482E-1
8.544250E+3	9.934003E-1
8.544500E+3	9.927669E-1
8.544750E+3	9.930212E-1
8.545000E+3	9.934350E-1
8.545250E+3	9.930321E-1
8.545500E+3	9.923027E-1
8.545750E+3	9.925259E-1
8.546000E+3	9.937161E-1
8.546250E+3	9.946645E-1
8.546500E+3	9.947145E-1
8.546750E+3	9.944761E-1
8.547000E+3	9.943977E-1
8.547250E+3	9.939336E-1
8.547500E+3	9.927745E-1
8.547750E+3	9.917895E-1
8.548000E+3	9.918352E-1
8.548250E+3	9.923068E-1
8.548500E+3	9.921756E-1
8.548750E+3	9.917773E-1
8.549000E+3	9.922054E-1
8.549250E+3	9.932637E-1
8.549500E+3	9.934155E-1
8.549750E+3	9.923197E-1
8.550000E+3	9.915642E-1
8.550250E+3	9.923068E-1
8.550500E+3	9.936192E-1
8.550750E+3	9.938909E-1
8.551000E+3	9.930778E-1
8.551250E+3	9.922701E-1
8.551500E+3	9.918392E-1
8.551750E+3	9.914242E-1
8.552000E+3	9.911304E-1
8.552250E+3	9.913693E-1
8.552500E+3	9.917654E-1
8.552750E+3	9.915704E-1
8.553000E+3	9.909143E-1
8.553250E+3	9.905638E-1
8.553500E+3	9.905193E-1
8.553750E+3	9.902272E-1
8.554000E+3	9.899921E-1
8.554250E+3	9.906824E-1
8.554500E+3	9.919072E-1
8.554750E+3	9.922234E-1
8.555000E+3	9.914407E-1
8.555250E+3	9.909261E-1
8.555500E+3	9.913949E-1
8.555750E+3	9.918671E-1
8.556000E+3	9.916241E-1
8.556250E+3	9.914675E-1
8.556500E+3	9.920142E-1
8.556750E+3	9.922569E-1
8.557000E+3	9.912485E-1
8.557250E+3	9.898170E-1
8.557500E+3	9.894107E-1
8.557750E+3	9.898847E-1
8.558000E+3	9.899234E-1
8.558250E+3	9.892353E-1
8.558500E+3	9.887098E-1
8.558750E+3	9.889246E-1
8.559000E+3	9.897683E-1
8.559250E+3	9.910156E-1
8.559500E+3	9.921680E-1
8.559750E+3	9.923377E-1
8.560000E+3	9.912541E-1
8.560250E+3	9.898831E-1
8.560500E+3	9.892994E-1
8.560750E+3	9.892217E-1
8.561000E+3	9.887835E-1
8.561250E+3	9.882016E-1
8.561500E+3	9.882997E-1
8.561750E+3	9.889786E-1
8.562000E+3	9.895551E-1
8.562250E+3	9.900129E-1
8.562500E+3	9.906462E-1
8.562750E+3	9.911017E-1
8.563000E+3	9.911534E-1
8.563250E+3	9.915903E-1
8.563500E+3	9.928447E-1
8.563750E+3	9.936149E-1
8.564000E+3	9.926770E-1
8.564250E+3	9.910984E-1
8.564500E+3	9.906603E-1
8.564750E+3	9.908430E-1
8.565000E+3	9.900393E-1
8.565250E+3	9.888515E-1
8.565500E+3	9.893984E-1
8.565750E+3	9.911299E-1
8.566000E+3	9.911751E-1
8.566250E+3	9.891642E-1
8.566500E+3	9.882135E-1
8.566750E+3	9.899299E-1
8.567000E+3	9.917403E-1
8.567250E+3	9.913678E-1
8.567500E+3	9.903615E-1
8.567750E+3	9.911008E-1
8.568000E+3	9.925394E-1
8.568250E+3	9.923815E-1
8.568500E+3	9.909603E-1
8.568750E+3	9.904456E-1
8.569000E+3	9.909825E-1
8.569250E+3	9.907878E-1
8.569500E+3	9.893863E-1
8.569750E+3	9.881838E-1
8.570000E+3	9.882530E-1
8.570250E+3	9.893136E-1
8.570500E+3	9.910038E-1
8.570750E+3	9.928777E-1
8.571000E+3	9.935351E-1
8.571250E+3	9.922036E-1
8.571500E+3	9.907147E-1
8.571750E+3	9.911917E-1
8.572000E+3	9.930501E-1
8.572250E+3	9.940947E-1
8.572500E+3	9.939269E-1
8.572750E+3	9.941652E-1
8.573000E+3	9.951942E-1
8.573250E+3	9.956649E-1
8.573500E+3	9.951008E-1
8.573750E+3	9.946176E-1
8.574000E+3	9.945687E-1
8.574250E+3	9.940010E-1
8.574500E+3	9.930940E-1
8.574750E+3	9.933398E-1
8.575000E+3	9.945719E-1
8.575250E+3	9.944482E-1
8.575500E+3	9.922449E-1
8.575750E+3	9.907848E-1
8.576000E+3	9.921474E-1
8.576250E+3	9.947947E-1
8.576500E+3	9.959578E-1
8.576750E+3	9.954739E-1
8.577000E+3	9.951746E-1
8.577250E+3	9.953203E-1
8.577500E+3	9.947869E-1
8.577750E+3	9.938118E-1
8.578000E+3	9.939207E-1
8.578250E+3	9.950210E-1
8.578500E+3	9.951411E-1
8.578750E+3	9.935894E-1
8.579000E+3	9.923393E-1
8.579250E+3	9.931163E-1
8.579500E+3	9.952511E-1
8.579750E+3	9.967581E-1
8.580000E+3	9.967839E-1
8.580250E+3	9.961446E-1
8.580500E+3	9.958228E-1
8.580750E+3	9.960580E-1
8.581000E+3	9.966509E-1
8.581250E+3	9.973965E-1
8.581500E+3	9.979855E-1
8.581750E+3	9.980282E-1
8.582000E+3	9.975427E-1
8.582250E+3	9.970791E-1
8.582500E+3	9.972676E-1
8.582750E+3	9.980967E-1
8.583000E+3	9.987241E-1
8.583250E+3	9.984286E-1
8.583500E+3	9.974403E-1
8.583750E+3	9.968501E-1
8.584000E+3	9.973181E-1
8.584250E+3	9.982162E-1
8.584500E+3	9.985142E-1
8.584750E+3	9.979314E-1
8.585000E+3	9.972104E-1
8.585250E+3	9.970511E-1
8.585500E+3	9.974332E-1
8.585750E+3	9.978646E-1
8.586000E+3	9.979114E-1
8.586250E+3	9.977508E-1
8.586500E+3	9.978717E-1
8.586750E+3	9.982998E-1
8.587000E+3	9.983698E-1
8.587250E+3	9.976287E-1
8.587500E+3	9.966581E-1
8.587750E+3	9.963794E-1
8.588000E+3	9.968800E-1
8.588250E+3	9.975321E-1
8.588500E+3	9.980486E-1
8.588750E+3	9.985029E-1
8.589000E+3	9.985617E-1
8.589250E+3	9.978475E-1
8.589500E+3	9.969184E-1
8.589750E+3	9.968021E-1
8.590000E+3	9.973892E-1
8.590250E+3	9.974828E-1
8.590500E+3	9.970431E-1
8.590750E+3	9.974668E-1
8.591000E+3	9.988862E-1
8.591250E+3	9.992940E-1
8.591500E+3	9.978225E-1
8.591750E+3	9.964535E-1
8.592000E+3	9.972524E-1
8.592250E+3	9.988193E-1
8.592500E+3	9.984793E-1
8.592750E+3	9.964759E-1
8.593000E+3	9.957481E-1
8.593250E+3	9.971832E-1
8.593500E+3	9.981419E-1
8.593750E+3	9.971614E-1
8.594000E+3	9.956835E-1
8.594250E+3	9.955080E-1
8.594500E+3	9.960245E-1
8.594750E+3	9.956996E-1
8.595000E+3	9.948703E-1
8.595250E+3	9.949276E-1
8.595500E+3	9.960362E-1
8.595750E+3	9.972066E-1
8.596000E+3	9.978123E-1
8.596250E+3	9.979534E-1
8.596500E+3	9.978125E-1
8.596750E+3	9.974846E-1
8.597000E+3	9.970934E-1
8.597250E+3	9.965083E-1
8.597500E+3	9.954437E-1
8.597750E+3	9.942459E-1
8.598000E+3	9.938188E-1
8.598250E+3	9.942137E-1
8.598500E+3	9.944649E-1
8.598750E+3	9.943527E-1
8.599000E+3	9.947778E-1
8.599250E+3	9.958646E-1
8.599500E+3	9.963067E-1
8.599750E+3	9.954283E-1
8.600000E+3	9.942612E-1
8.600250E+3	9.941408E-1
8.600500E+3	9.947960E-1
8.600750E+3	9.952359E-1
8.601000E+3	9.953034E-1
8.601250E+3	9.949982E-1
8.601500E+3	9.939201E-1
8.601750E+3	9.926122E-1
8.602000E+3	9.927233E-1
8.602250E+3	9.943935E-1
8.602500E+3	9.949426E-1
8.602750E+3	9.927323E-1
8.603000E+3	9.901989E-1
8.603250E+3	9.903713E-1
8.603500E+3	9.926294E-1
8.603750E+3	9.938230E-1
8.604000E+3	9.933679E-1
8.604250E+3	9.934790E-1
8.604500E+3	9.946735E-1
8.604750E+3	9.947406E-1
8.605000E+3	9.931026E-1
8.605250E+3	9.920452E-1
8.605500E+3	9.926940E-1
8.605750E+3	9.931079E-1
8.606000E+3	9.912388E-1
8.606250E+3	9.881477E-1
8.606500E+3	9.860674E-1
8.606750E+3	9.853713E-1
8.607000E+3	9.854204E-1
8.607250E+3	9.863535E-1
8.607500E+3	9.883713E-1
8.607750E+3	9.906031E-1
8.608000E+3	9.922534E-1
8.608250E+3	9.934180E-1
8.608500E+3	9.937356E-1
8.608750E+3	9.925160E-1
8.609000E+3	9.912178E-1
8.609250E+3	9.922138E-1
8.609500E+3	9.950654E-1
8.609750E+3	9.959124E-1
8.610000E+3	9.925889E-1
8.610250E+3	9.894301E-1
8.610500E+3	9.900364E-1
8.610750E+3	9.918142E-1
8.611000E+3	9.902404E-1
8.611250E+3	9.862856E-1
8.611500E+3	9.848007E-1
8.611750E+3	9.869587E-1
8.612000E+3	9.891554E-1
8.612250E+3	9.886275E-1
8.612500E+3	9.871835E-1
8.612750E+3	9.869284E-1
8.613000E+3	9.872987E-1
8.613250E+3	9.874950E-1
8.613500E+3	9.886732E-1
8.613750E+3	9.912836E-1
8.614000E+3	9.929795E-1
8.614250E+3	9.916066E-1
8.614500E+3	9.891328E-1
8.614750E+3	9.887974E-1
8.615000E+3	9.900962E-1
8.615250E+3	9.900034E-1
8.615500E+3	9.877837E-1
8.615750E+3	9.861431E-1
8.616000E+3	9.872577E-1
8.616250E+3	9.895878E-1
8.616500E+3	9.901685E-1
8.616750E+3	9.883607E-1
8.617000E+3	9.863096E-1
8.617250E+3	9.862448E-1
8.617500E+3	9.876447E-1
8.617750E+3	9.879808E-1
8.618000E+3	9.861307E-1
8.618250E+3	9.841466E-1
8.618500E+3	9.845338E-1
8.618750E+3	9.868588E-1
8.619000E+3	9.882985E-1
8.619250E+3	9.874181E-1
8.619500E+3	9.855477E-1
8.619750E+3	9.845777E-1
8.620000E+3	9.850638E-1
8.620250E+3	9.864215E-1
8.620500E+3	9.882609E-1
8.620750E+3	9.898285E-1
8.621000E+3	9.891467E-1
8.621250E+3	9.861827E-1
8.621500E+3	9.842763E-1
8.621750E+3	9.855440E-1
8.622000E+3	9.888369E-1
8.622250E+3	9.908155E-1
8.622500E+3	9.903442E-1
8.622750E+3	9.889243E-1
8.623000E+3	9.871102E-1
8.623250E+3	9.842710E-1
8.623500E+3	9.814174E-1
8.623750E+3	9.810893E-1
8.624000E+3	9.844359E-1
8.624250E+3	9.886939E-1
8.624500E+3	9.890910E-1
8.624750E+3	9.852519E-1
8.625000E+3	9.820574E-1
8.625250E+3	9.838457E-1
8.625500E+3	9.884690E-1
8.625750E+3	9.913384E-1
8.626000E+3	9.912293E-1
8.626250E+3	9.904119E-1
8.626500E+3	9.908671E-1
8.626750E+3	9.916393E-1
8.627000E+3	9.912292E-1
8.627250E+3	9.900274E-1
8.627500E+3	9.898303E-1
8.627750E+3	9.908223E-1
8.628000E+3	9.915969E-1
8.628250E+3	9.911606E-1
8.628500E+3	9.893510E-1
8.628750E+3	9.861694E-1
8.629000E+3	9.825364E-1
8.629250E+3	9.816138E-1
8.629500E+3	9.851589E-1
8.629750E+3	9.895965E-1
8.630000E+3	9.910537E-1
8.630250E+3	9.901717E-1
8.630500E+3	9.905936E-1
8.630750E+3	9.924374E-1
8.631000E+3	9.920820E-1
8.631250E+3	9.891026E-1
8.631500E+3	9.879258E-1
8.631750E+3	9.896389E-1
8.632000E+3	9.892058E-1
8.632250E+3	9.847837E-1
8.632500E+3	9.818714E-1
8.632750E+3	9.851104E-1
8.633000E+3	9.895009E-1
8.633250E+3	9.871841E-1
8.633500E+3	9.810175E-1
8.633750E+3	9.810901E-1
8.634000E+3	9.896031E-1
8.634250E+3	9.955987E-1
8.634500E+3	9.923282E-1
8.634750E+3	9.876799E-1
8.635000E+3	9.895970E-1
8.635250E+3	9.951718E-1
8.635500E+3	9.955230E-1
8.635750E+3	9.905057E-1
8.636000E+3	9.875276E-1
8.636250E+3	9.897416E-1
8.636500E+3	9.919397E-1
8.636750E+3	9.902441E-1
8.637000E+3	9.874613E-1
8.637250E+3	9.857995E-1
8.637500E+3	9.829704E-1
8.637750E+3	9.779704E-1
8.638000E+3	9.754002E-1
8.638250E+3	9.797755E-1
8.638500E+3	9.882925E-1
8.638750E+3	9.924619E-1
8.639000E+3	9.898696E-1
8.639250E+3	9.867169E-1
8.639500E+3	9.874565E-1
8.639750E+3	9.899656E-1
8.640000E+3	9.911178E-1
8.640250E+3	9.914479E-1
8.640500E+3	9.932578E-1
8.640750E+3	9.957211E-1
8.641000E+3	9.961165E-1
8.641250E+3	9.941436E-1
8.641500E+3	9.921585E-1
8.641750E+3	9.917820E-1
8.642000E+3	9.919279E-1
8.642250E+3	9.910039E-1
8.642500E+3	9.895721E-1
8.642750E+3	9.897006E-1
8.643000E+3	9.918217E-1
8.643250E+3	9.937389E-1
8.643500E+3	9.935590E-1
8.643750E+3	9.924221E-1
8.644000E+3	9.924420E-1
8.644250E+3	9.934105E-1
8.644500E+3	9.930450E-1
8.644750E+3	9.913575E-1
8.645000E+3	9.913553E-1
8.645250E+3	9.939501E-1
8.645500E+3	9.954218E-1
8.645750E+3	9.920978E-1
8.646000E+3	9.874858E-1
8.646250E+3	9.879567E-1
8.646500E+3	9.927645E-1
8.646750E+3	9.956776E-1
8.647000E+3	9.935738E-1
8.647250E+3	9.908411E-1
8.647500E+3	9.919277E-1
8.647750E+3	9.941293E-1
8.648000E+3	9.938395E-1
8.648250E+3	9.925466E-1
8.648500E+3	9.937536E-1
8.648750E+3	9.951668E-1
8.649000E+3	9.925772E-1
8.649250E+3	9.880248E-1
8.649500E+3	9.878943E-1
8.649750E+3	9.919640E-1
8.650000E+3	9.927886E-1
8.650250E+3	9.877266E-1
8.650500E+3	9.833890E-1
8.650750E+3	9.852747E-1
8.651000E+3	9.894404E-1
8.651250E+3	9.897574E-1
8.651500E+3	9.875577E-1
8.651750E+3	9.888487E-1
8.652000E+3	9.926278E-1
8.652250E+3	9.934391E-1
8.652500E+3	9.907448E-1
8.652750E+3	9.892408E-1
8.653000E+3	9.908931E-1
8.653250E+3	9.914607E-1
8.653500E+3	9.880459E-1
8.653750E+3	9.845874E-1
8.654000E+3	9.856175E-1
8.654250E+3	9.898980E-1
8.654500E+3	9.922346E-1
8.654750E+3	9.897815E-1
8.655000E+3	9.852761E-1
8.655250E+3	9.839399E-1
8.655500E+3	9.870045E-1
8.655750E+3	9.910486E-1
8.656000E+3	9.934398E-1
8.656250E+3	9.941578E-1
8.656500E+3	9.941225E-1
8.656750E+3	9.931498E-1
8.657000E+3	9.905238E-1
8.657250E+3	9.872163E-1
8.657500E+3	9.864241E-1
8.657750E+3	9.891479E-1
8.658000E+3	9.918030E-1
8.658250E+3	9.915944E-1
8.658500E+3	9.896783E-1
8.658750E+3	9.892654E-1
8.659000E+3	9.910024E-1
8.659250E+3	9.927707E-1
8.659500E+3	9.931043E-1
8.659750E+3	9.920514E-1
8.660000E+3	9.902081E-1
8.660250E+3	9.884820E-1
8.660500E+3	9.881746E-1
8.660750E+3	9.900870E-1
8.661000E+3	9.936465E-1
8.661250E+3	9.961907E-1
8.661500E+3	9.945787E-1
8.661750E+3	9.894891E-1
8.662000E+3	9.848884E-1
8.662250E+3	9.850251E-1
8.662500E+3	9.898186E-1
8.662750E+3	9.920345E-1
8.663000E+3	9.858935E-1
8.663250E+3	9.731817E-1
8.663500E+3	9.645774E-1
8.663750E+3	9.702578E-1
8.664000E+3	9.830440E-1
8.664250E+3	9.911277E-1
8.664500E+3	9.914447E-1
8.664750E+3	9.878651E-1
8.665000E+3	9.855162E-1
8.665250E+3	9.856417E-1
8.665500E+3	9.866352E-1
8.665750E+3	9.870618E-1
8.666000E+3	9.870415E-1
8.666250E+3	9.877056E-1
8.666500E+3	9.890540E-1
8.666750E+3	9.887932E-1
8.667000E+3	9.858791E-1
8.667250E+3	9.828787E-1
8.667500E+3	9.815469E-1
8.667750E+3	9.792682E-1
8.668000E+3	9.731498E-1
8.668250E+3	9.677746E-1
8.668500E+3	9.713948E-1
8.668750E+3	9.827859E-1
8.669000E+3	9.889416E-1
8.669250E+3	9.848714E-1
8.669500E+3	9.812505E-1
8.669750E+3	9.860750E-1
8.670000E+3	9.923734E-1
8.670250E+3	9.888362E-1
8.670500E+3	9.801304E-1
8.670750E+3	9.783397E-1
8.671000E+3	9.850559E-1
8.671250E+3	9.895734E-1
8.671500E+3	9.864842E-1
8.671750E+3	9.818099E-1
8.672000E+3	9.801209E-1
8.672250E+3	9.809836E-1
8.672500E+3	9.838718E-1
8.672750E+3	9.887999E-1
8.673000E+3	9.913971E-1
8.673250E+3	9.864855E-1
8.673500E+3	9.776694E-1
8.673750E+3	9.746435E-1
8.674000E+3	9.795778E-1
8.674250E+3	9.827195E-1
8.674500E+3	9.784341E-1
8.674750E+3	9.763024E-1
8.675000E+3	9.821894E-1
8.675250E+3	9.882320E-1
8.675500E+3	9.853494E-1
8.675750E+3	9.795361E-1
8.676000E+3	9.786735E-1
8.676250E+3	9.809428E-1
8.676500E+3	9.798672E-1
8.676750E+3	9.774435E-1
8.677000E+3	9.797988E-1
8.677250E+3	9.850673E-1
8.677500E+3	9.832881E-1
8.677750E+3	9.729046E-1
8.678000E+3	9.648058E-1
8.678250E+3	9.676104E-1
8.678500E+3	9.793396E-1
8.678750E+3	9.874941E-1
8.679000E+3	9.870411E-1
8.679250E+3	9.824688E-1
8.679500E+3	9.795487E-1
8.679750E+3	9.799563E-1
8.680000E+3	9.795459E-1
8.680250E+3	9.763114E-1
8.680500E+3	9.724341E-1
8.680750E+3	9.704601E-1
8.681000E+3	9.690888E-1
8.681250E+3	9.666312E-1
8.681500E+3	9.664915E-1
8.681750E+3	9.716578E-1
8.682000E+3	9.771052E-1
8.682250E+3	9.761308E-1
8.682500E+3	9.720158E-1
8.682750E+3	9.745708E-1
8.683000E+3	9.819839E-1
8.683250E+3	9.828876E-1
8.683500E+3	9.709938E-1
8.683750E+3	9.595274E-1
8.684000E+3	9.674670E-1
8.684250E+3	9.821506E-1
8.684500E+3	9.841291E-1
8.684750E+3	9.739135E-1
8.685000E+3	9.687552E-1
8.685250E+3	9.788776E-1
8.685500E+3	9.901073E-1
8.685750E+3	9.860684E-1
8.686000E+3	9.723702E-1
8.686250E+3	9.675885E-1
8.686500E+3	9.761616E-1
8.686750E+3	9.814820E-1
8.687000E+3	9.744000E-1
8.687250E+3	9.640072E-1
8.687500E+3	9.626632E-1
8.687750E+3	9.698204E-1
8.688000E+3	9.719917E-1
8.688250E+3	9.661329E-1
8.688500E+3	9.625806E-1
8.688750E+3	9.675696E-1
8.689000E+3	9.743314E-1
8.689250E+3	9.745894E-1
8.689500E+3	9.705382E-1
8.689750E+3	9.689925E-1
8.690000E+3	9.712915E-1
8.690250E+3	9.739815E-1
8.690500E+3	9.765894E-1
8.690750E+3	9.801788E-1
8.691000E+3	9.812778E-1
8.691250E+3	9.767933E-1
8.691500E+3	9.706560E-1
8.691750E+3	9.690790E-1
8.692000E+3	9.728835E-1
8.692250E+3	9.769793E-1
8.692500E+3	9.790696E-1
8.692750E+3	9.806951E-1
8.693000E+3	9.815298E-1
8.693250E+3	9.803274E-1
8.693500E+3	9.804798E-1
8.693750E+3	9.844215E-1
8.694000E+3	9.864502E-1
8.694250E+3	9.790372E-1
8.694500E+3	9.667335E-1
8.694750E+3	9.627354E-1
8.695000E+3	9.698678E-1
8.695250E+3	9.773660E-1
8.695500E+3	9.773124E-1
8.695750E+3	9.761721E-1
8.696000E+3	9.800703E-1
8.696250E+3	9.843696E-1
8.696500E+3	9.821528E-1
8.696750E+3	9.767795E-1
8.697000E+3	9.755552E-1
8.697250E+3	9.778894E-1
8.697500E+3	9.783589E-1
8.697750E+3	9.764391E-1
8.698000E+3	9.765363E-1
8.698250E+3	9.792249E-1
8.698500E+3	9.818371E-1
8.698750E+3	9.837708E-1
8.699000E+3	9.859574E-1
8.699250E+3	9.871291E-1
8.699500E+3	9.862561E-1
8.699750E+3	9.852323E-1
8.700000E+3	9.857106E-1
8.700250E+3	9.843389E-1
8.700500E+3	9.779068E-1
8.700750E+3	9.712018E-1
8.701000E+3	9.703718E-1
8.701250E+3	9.743187E-1
8.701500E+3	9.735949E-1
8.701750E+3	9.665391E-1
8.702000E+3	9.627231E-1
8.702250E+3	9.690248E-1
8.702500E+3	9.790550E-1
8.702750E+3	9.784692E-1
8.703000E+3	9.674982E-1
8.703250E+3	9.595827E-1
8.703500E+3	9.626936E-1
8.703750E+3	9.701287E-1
8.704000E+3	9.739864E-1
8.704250E+3	9.752689E-1
8.704500E+3	9.757535E-1
8.704750E+3	9.726713E-1
8.705000E+3	9.665029E-1
8.705250E+3	9.656883E-1
8.705500E+3	9.725060E-1
8.705750E+3	9.759353E-1
8.706000E+3	9.684276E-1
8.706250E+3	9.575435E-1
8.706500E+3	9.593777E-1
8.706750E+3	9.717590E-1
8.707000E+3	9.754557E-1
8.707250E+3	9.660444E-1
8.707500E+3	9.574744E-1
8.707750E+3	9.592684E-1
8.708000E+3	9.639881E-1
8.708250E+3	9.632889E-1
8.708500E+3	9.635977E-1
8.708750E+3	9.732059E-1
8.709000E+3	9.838094E-1
8.709250E+3	9.860233E-1
8.709500E+3	9.818191E-1
8.709750E+3	9.816796E-1
8.710000E+3	9.860938E-1
8.710250E+3	9.871224E-1
8.710500E+3	9.845996E-1
8.710750E+3	9.822014E-1
8.711000E+3	9.764719E-1
8.711250E+3	9.649969E-1
8.711500E+3	9.582612E-1
8.711750E+3	9.674960E-1
8.712000E+3	9.844628E-1
8.712250E+3	9.876196E-1
8.712500E+3	9.753202E-1
8.712750E+3	9.677164E-1
8.713000E+3	9.740234E-1
8.713250E+3	9.787062E-1
8.713500E+3	9.691686E-1
8.713750E+3	9.598015E-1
8.714000E+3	9.607785E-1
8.714250E+3	9.618867E-1
8.714500E+3	9.533004E-1
8.714750E+3	9.437299E-1
8.715000E+3	9.476257E-1
8.715250E+3	9.588657E-1
8.715500E+3	9.635340E-1
8.715750E+3	9.624158E-1
8.716000E+3	9.635547E-1
8.716250E+3	9.677409E-1
8.716500E+3	9.703522E-1
8.716750E+3	9.715501E-1
8.717000E+3	9.742059E-1
8.717250E+3	9.749111E-1
8.717500E+3	9.700678E-1
8.717750E+3	9.631273E-1
8.718000E+3	9.591119E-1
8.718250E+3	9.558672E-1
8.718500E+3	9.512434E-1
8.718750E+3	9.513177E-1
8.719000E+3	9.584475E-1
8.719250E+3	9.645833E-1
8.719500E+3	9.652551E-1
8.719750E+3	9.634342E-1
8.720000E+3	9.609357E-1
8.720250E+3	9.550127E-1
8.720500E+3	9.496072E-1
8.720750E+3	9.540838E-1
8.721000E+3	9.657555E-1
8.721250E+3	9.654637E-1
8.721500E+3	9.523262E-1
8.721750E+3	9.479596E-1
8.722000E+3	9.628367E-1
8.722250E+3	9.779378E-1
8.722500E+3	9.703340E-1
8.722750E+3	9.553162E-1
8.723000E+3	9.555741E-1
8.723250E+3	9.696156E-1
8.723500E+3	9.757339E-1
8.723750E+3	9.694496E-1
8.724000E+3	9.644523E-1
8.724250E+3	9.576003E-1
8.724500E+3	9.376608E-1
8.724750E+3	9.156124E-1
8.725000E+3	9.120269E-1
8.725250E+3	9.208110E-1
8.725500E+3	9.293869E-1
8.725750E+3	9.369310E-1
8.726000E+3	9.478325E-1
8.726250E+3	9.534386E-1
8.726500E+3	9.487597E-1
8.726750E+3	9.459047E-1
8.727000E+3	9.600708E-1
8.727250E+3	9.779744E-1
8.727500E+3	9.735731E-1
8.727750E+3	9.577474E-1
8.728000E+3	9.575270E-1
8.728250E+3	9.669485E-1
8.728500E+3	9.569690E-1
8.728750E+3	9.316017E-1
8.729000E+3	9.223752E-1
8.729250E+3	9.454562E-1
8.729500E+3	9.669336E-1
8.729750E+3	9.591207E-1
8.730000E+3	9.425950E-1
8.730250E+3	9.425639E-1
8.730500E+3	9.528374E-1
8.730750E+3	9.519040E-1
8.731000E+3	9.406903E-1
8.731250E+3	9.304873E-1
8.731500E+3	9.260379E-1
8.731750E+3	9.266130E-1
8.732000E+3	9.326758E-1
8.732250E+3	9.426926E-1
8.732500E+3	9.490715E-1
8.732750E+3	9.481444E-1
8.733000E+3	9.514985E-1
8.733250E+3	9.637806E-1
8.733500E+3	9.712901E-1
8.733750E+3	9.596304E-1
8.734000E+3	9.383530E-1
8.734250E+3	9.321877E-1
8.734500E+3	9.365949E-1
8.734750E+3	9.320154E-1
8.735000E+3	9.202398E-1
8.735250E+3	9.219388E-1
8.735500E+3	9.399658E-1
8.735750E+3	9.540264E-1
8.736000E+3	9.530054E-1
8.736250E+3	9.421956E-1
8.736500E+3	9.333193E-1
8.736750E+3	9.318649E-1
8.737000E+3	9.364257E-1
8.737250E+3	9.439762E-1
8.737500E+3	9.478414E-1
8.737750E+3	9.438119E-1
8.738000E+3	9.359169E-1
8.738250E+3	9.299477E-1
8.738500E+3	9.283785E-1
8.738750E+3	9.287264E-1
8.739000E+3	9.304812E-1
8.739250E+3	9.365246E-1
8.739500E+3	9.431213E-1
8.739750E+3	9.393903E-1
8.740000E+3	9.259552E-1
8.740250E+3	9.154453E-1
8.740500E+3	9.184075E-1
8.740750E+3	9.331811E-1
8.741000E+3	9.419364E-1
8.741250E+3	9.375082E-1
8.741500E+3	9.314830E-1
8.741750E+3	9.332220E-1
8.742000E+3	9.352547E-1
8.742250E+3	9.250257E-1
8.742500E+3	9.068178E-1
8.742750E+3	8.995087E-1
8.743000E+3	9.106714E-1
8.743250E+3	9.229483E-1
8.743500E+3	9.182486E-1
8.743750E+3	9.078330E-1
8.744000E+3	9.142813E-1
8.744250E+3	9.372362E-1
8.744500E+3	9.588928E-1
8.744750E+3	9.574198E-1
8.745000E+3	9.374697E-1
8.745250E+3	9.220232E-1
8.745500E+3	9.190729E-1
8.745750E+3	9.268621E-1
8.746000E+3	9.340097E-1
8.746250E+3	9.285167E-1
8.746500E+3	9.157597E-1
8.746750E+3	9.148016E-1
8.747000E+3	9.360941E-1
8.747250E+3	9.603925E-1
8.747500E+3	9.615324E-1
8.747750E+3	9.451981E-1
8.748000E+3	9.382937E-1
8.748250E+3	9.444563E-1
8.748500E+3	9.446219E-1
8.748750E+3	9.308834E-1
8.749000E+3	9.235599E-1
8.749250E+3	9.310468E-1
8.749500E+3	9.400096E-1
8.749750E+3	9.419837E-1
8.750000E+3	9.435570E-1
8.750250E+3	9.454700E-1
8.750500E+3	9.338379E-1
8.750750E+3	9.068732E-1
8.751000E+3	8.980984E-1
8.751250E+3	9.194546E-1
8.751500E+3	9.401662E-1
8.751750E+3	9.432975E-1
8.752000E+3	9.383714E-1
8.752250E+3	9.462645E-1
8.752500E+3	9.533346E-1
8.752750E+3	9.361212E-1
8.753000E+3	9.032610E-1
8.753250E+3	8.861052E-1
8.753500E+3	8.872050E-1
8.753750E+3	8.829344E-1
8.754000E+3	8.734460E-1
8.754250E+3	8.850105E-1
8.754500E+3	9.114036E-1
8.754750E+3	9.335773E-1
8.755000E+3	9.413076E-1
8.755250E+3	9.417597E-1
8.755500E+3	9.482783E-1
8.755750E+3	9.551863E-1
8.756000E+3	9.520111E-1
8.756250E+3	9.445386E-1
8.756500E+3	9.424251E-1
8.756750E+3	9.393975E-1
8.757000E+3	9.264642E-1
8.757250E+3	9.151582E-1
8.757500E+3	9.223185E-1
8.757750E+3	9.461432E-1
8.758000E+3	9.636694E-1
8.758250E+3	9.506678E-1
8.758500E+3	9.232834E-1
8.758750E+3	9.069153E-1
8.759000E+3	9.147565E-1
8.759250E+3	9.270047E-1
8.759500E+3	9.132257E-1
8.759750E+3	8.882903E-1
8.760000E+3	8.802125E-1
8.760250E+3	9.145913E-1
8.760500E+3	9.455082E-1
8.760750E+3	9.359166E-1
8.761000E+3	9.058718E-1
8.761250E+3	8.915660E-1
8.761500E+3	9.054537E-1
8.761750E+3	9.188933E-1
8.762000E+3	9.210886E-1
8.762250E+3	9.174667E-1
8.762500E+3	9.173809E-1
8.762750E+3	9.183057E-1
8.763000E+3	9.123026E-1
8.763250E+3	9.007270E-1
8.763500E+3	8.965974E-1
8.763750E+3	9.007939E-1
8.764000E+3	8.972827E-1
8.764250E+3	8.803306E-1
8.764500E+3	8.730574E-1
8.764750E+3	8.917715E-1
8.765000E+3	9.262056E-1
8.765250E+3	9.561556E-1
8.765500E+3	9.482571E-1
8.765750E+3	9.112219E-1
8.766000E+3	8.873206E-1
8.766250E+3	8.765696E-1
8.766500E+3	8.701160E-1
8.766750E+3	8.783544E-1
8.767000E+3	9.066986E-1
8.767250E+3	9.354438E-1
8.767500E+3	9.356236E-1
8.767750E+3	9.086039E-1
8.768000E+3	8.906537E-1
8.768250E+3	8.849681E-1
8.768500E+3	8.759190E-1
8.768750E+3	8.704328E-1
8.769000E+3	8.925750E-1
8.769250E+3	9.262922E-1
8.769500E+3	9.371154E-1
8.769750E+3	9.228778E-1
8.770000E+3	9.140095E-1
8.770250E+3	9.263325E-1
8.770500E+3	9.367726E-1
8.770750E+3	9.279692E-1
8.771000E+3	9.058822E-1
8.771250E+3	9.045976E-1
8.771500E+3	9.217002E-1
8.771750E+3	9.277564E-1
8.772000E+3	9.164762E-1
8.772250E+3	8.966387E-1
8.772500E+3	8.903476E-1
8.772750E+3	9.045713E-1
8.773000E+3	9.287806E-1
8.773250E+3	9.352995E-1
8.773500E+3	9.075236E-1
8.773750E+3	8.705090E-1
8.774000E+3	8.568276E-1
8.774250E+3	8.803923E-1
8.774500E+3	9.040341E-1
8.774750E+3	8.874743E-1
8.775000E+3	8.644017E-1
8.775250E+3	8.702611E-1
8.775500E+3	8.887900E-1
8.775750E+3	8.944758E-1
8.776000E+3	8.849835E-1
8.776250E+3	8.681743E-1
8.776500E+3	8.535910E-1
8.776750E+3	8.535926E-1
8.777000E+3	8.814224E-1
8.777250E+3	9.192022E-1
8.777500E+3	9.103130E-1
8.777750E+3	8.613828E-1
8.778000E+3	8.306648E-1
8.778250E+3	8.670870E-1
8.778500E+3	9.257383E-1
8.778750E+3	9.248317E-1
8.779000E+3	8.972370E-1
8.779250E+3	8.950464E-1
8.779500E+3	9.157309E-1
8.779750E+3	9.143114E-1
8.780000E+3	8.961092E-1
8.780250E+3	8.973871E-1
8.780500E+3	9.140478E-1
8.780750E+3	8.987733E-1
8.781000E+3	8.634353E-1
8.781250E+3	8.543285E-1
8.781500E+3	8.749827E-1
8.781750E+3	8.695002E-1
8.782000E+3	8.457496E-1
8.782250E+3	8.570953E-1
8.782500E+3	9.054866E-1
8.782750E+3	9.264949E-1
8.783000E+3	8.825443E-1
8.783250E+3	8.425375E-1
8.783500E+3	8.597516E-1
8.783750E+3	8.999792E-1
8.784000E+3	9.169801E-1
8.784250E+3	9.009031E-1
8.784500E+3	8.802418E-1
8.784750E+3	8.632110E-1
8.785000E+3	8.401676E-1
8.785250E+3	8.289265E-1
8.785500E+3	8.501880E-1
8.785750E+3	8.753385E-1
8.786000E+3	8.781957E-1
8.786250E+3	8.729583E-1
8.786500E+3	8.861519E-1
8.786750E+3	9.025731E-1
8.787000E+3	9.028741E-1
8.787250E+3	8.950574E-1
8.787500E+3	8.922329E-1
8.787750E+3	8.858346E-1
8.788000E+3	8.669523E-1
8.788250E+3	8.489921E-1
8.788500E+3	8.518816E-1
8.788750E+3	8.650298E-1
8.789000E+3	8.650938E-1
8.789250E+3	8.610588E-1
8.789500E+3	8.673964E-1
8.789750E+3	8.683498E-1
8.790000E+3	8.525218E-1
8.790250E+3	8.461140E-1
8.790500E+3	8.697066E-1
8.790750E+3	8.943792E-1
8.791000E+3	8.697363E-1
8.791250E+3	8.314063E-1
8.791500E+3	8.389238E-1
8.791750E+3	8.763006E-1
8.792000E+3	8.760821E-1
8.792250E+3	8.392680E-1
8.792500E+3	8.162210E-1
8.792750E+3	8.352984E-1
8.793000E+3	8.622953E-1
8.793250E+3	8.567992E-1
8.793500E+3	8.396226E-1
8.793750E+3	8.461041E-1
8.794000E+3	8.709259E-1
8.794250E+3	8.812647E-1
8.794500E+3	8.759476E-1
8.794750E+3	8.697650E-1
8.795000E+3	8.594264E-1
8.795250E+3	8.390241E-1
8.795500E+3	8.286567E-1
8.795750E+3	8.486024E-1
8.796000E+3	8.747324E-1
8.796250E+3	8.777462E-1
8.796500E+3	8.590773E-1
8.796750E+3	8.483862E-1
8.797000E+3	8.576933E-1
8.797250E+3	8.620754E-1
8.797500E+3	8.556882E-1
8.797750E+3	8.586390E-1
8.798000E+3	8.820127E-1
8.798250E+3	8.990925E-1
8.798500E+3	8.891494E-1
8.798750E+3	8.724218E-1
8.799000E+3	8.747728E-1
8.799250E+3	8.950044E-1
8.799500E+3	9.057853E-1
8.799750E+3	8.979318E-1
8.800000E+3	8.904287E-1
8.800250E+3	8.872738E-1
8.800500E+3	8.624654E-1
8.800750E+3	8.068797E-1
8.801000E+3	7.704440E-1
8.801250E+3	7.959088E-1
8.801500E+3	8.525929E-1
8.801750E+3	8.866407E-1
8.802000E+3	8.873448E-1
8.802250E+3	8.937125E-1
8.802500E+3	9.217445E-1
8.802750E+3	9.324218E-1
8.803000E+3	8.989083E-1
8.803250E+3	8.390002E-1
8.803500E+3	8.133956E-1
8.803750E+3	8.530952E-1
8.804000E+3	8.947336E-1
8.804250E+3	8.801332E-1
8.804500E+3	8.285464E-1
8.804750E+3	8.025257E-1
8.805000E+3	8.312753E-1
8.805250E+3	8.753027E-1
8.805500E+3	8.812863E-1
8.805750E+3	8.546659E-1
8.806000E+3	8.390184E-1
8.806250E+3	8.478232E-1
8.806500E+3	8.550361E-1
8.806750E+3	8.344757E-1
8.807000E+3	7.963123E-1
8.807250E+3	7.836597E-1
8.807500E+3	8.140262E-1
8.807750E+3	8.543268E-1
8.808000E+3	8.727853E-1
8.808250E+3	8.650058E-1
8.808500E+3	8.421839E-1
8.808750E+3	8.175519E-1
8.809000E+3	8.061219E-1
8.809250E+3	8.220592E-1
8.809500E+3	8.547725E-1
8.809750E+3	8.699218E-1
8.810000E+3	8.554608E-1
8.810250E+3	8.353401E-1
8.810500E+3	8.398520E-1
8.810750E+3	8.665485E-1
8.811000E+3	8.789904E-1
8.811250E+3	8.562694E-1
8.811500E+3	8.217071E-1
8.811750E+3	8.026508E-1
8.812000E+3	8.110828E-1
8.812250E+3	8.427412E-1
8.812500E+3	8.657245E-1
8.812750E+3	8.605132E-1
8.813000E+3	8.448755E-1
8.813250E+3	8.493192E-1
8.813500E+3	8.779863E-1
8.813750E+3	8.997821E-1
8.814000E+3	8.929813E-1
8.814250E+3	8.606392E-1
8.814500E+3	8.333829E-1
8.814750E+3	8.323618E-1
8.815000E+3	8.471828E-1
8.815250E+3	8.625818E-1
8.815500E+3	8.710679E-1
8.815750E+3	8.753101E-1
8.816000E+3	8.728317E-1
8.816250E+3	8.463381E-1
8.816500E+3	8.054278E-1
8.816750E+3	7.902082E-1
8.817000E+3	8.065122E-1
8.817250E+3	8.497714E-1
8.817500E+3	8.940280E-1
8.817750E+3	8.972853E-1
8.818000E+3	8.838254E-1
8.818250E+3	8.845869E-1
8.818500E+3	8.870338E-1
8.818750E+3	8.653848E-1
8.819000E+3	8.324178E-1
8.819250E+3	8.087092E-1
8.819500E+3	7.910493E-1
8.819750E+3	7.749724E-1
8.820000E+3	7.817968E-1
8.820250E+3	8.265069E-1
8.820500E+3	8.662799E-1
8.820750E+3	8.559871E-1
8.821000E+3	8.176374E-1
8.821250E+3	8.040699E-1
8.821500E+3	8.280642E-1
8.821750E+3	8.324152E-1
8.822000E+3	7.977278E-1
8.822250E+3	7.724097E-1
8.822500E+3	7.899590E-1
8.822750E+3	8.282760E-1
8.823000E+3	8.486407E-1
8.823250E+3	8.468893E-1
8.823500E+3	8.342628E-1
8.823750E+3	8.055663E-1
8.824000E+3	7.659949E-1
8.824250E+3	7.659306E-1
8.824500E+3	8.134381E-1
8.824750E+3	8.364453E-1
8.825000E+3	8.088280E-1
8.825250E+3	7.648696E-1
8.825500E+3	7.746817E-1
8.825750E+3	8.282849E-1
8.826000E+3	8.562190E-1
8.826250E+3	8.455013E-1
8.826500E+3	8.317130E-1
8.826750E+3	8.394257E-1
8.827000E+3	8.504326E-1
8.827250E+3	8.553340E-1
8.827500E+3	8.616826E-1
8.827750E+3	8.686204E-1
8.828000E+3	8.689381E-1
8.828250E+3	8.709263E-1
8.828500E+3	8.798481E-1
8.828750E+3	8.729489E-1
8.829000E+3	8.299719E-1
8.829250E+3	7.720307E-1
8.829500E+3	7.741677E-1
8.829750E+3	8.251355E-1
8.830000E+3	8.423600E-1
8.830250E+3	8.143009E-1
8.830500E+3	7.783176E-1
8.830750E+3	7.896974E-1
8.831000E+3	8.066313E-1
8.831250E+3	7.786342E-1
8.831500E+3	7.340663E-1
8.831750E+3	7.381639E-1
8.832000E+3	7.858285E-1
8.832250E+3	8.072139E-1
8.832500E+3	7.940405E-1
8.832750E+3	7.962619E-1
8.833000E+3	8.309881E-1
8.833250E+3	8.511505E-1
8.833500E+3	8.263550E-1
8.833750E+3	7.996030E-1
8.834000E+3	8.139385E-1
8.834250E+3	8.314828E-1
8.834500E+3	8.038151E-1
8.834750E+3	7.415779E-1
8.835000E+3	7.148719E-1
8.835250E+3	7.460741E-1
8.835500E+3	7.739626E-1
8.835750E+3	7.609781E-1
8.836000E+3	7.393420E-1
8.836250E+3	7.466143E-1
8.836500E+3	7.681503E-1
8.836750E+3	7.690306E-1
8.837000E+3	7.587573E-1
8.837250E+3	7.664616E-1
8.837500E+3	7.785707E-1
8.837750E+3	7.611218E-1
8.838000E+3	7.328719E-1
8.838250E+3	7.283025E-1
8.838500E+3	7.414829E-1
8.838750E+3	7.310285E-1
8.839000E+3	7.072340E-1
8.839250E+3	7.341762E-1
8.839500E+3	8.016147E-1
8.839750E+3	8.056647E-1
8.840000E+3	7.330563E-1
8.840250E+3	6.787129E-1
8.840500E+3	7.013428E-1
8.840750E+3	7.614739E-1
8.841000E+3	7.589372E-1
8.841250E+3	7.146739E-1
8.841500E+3	7.076318E-1
8.841750E+3	7.467070E-1
8.842000E+3	7.628980E-1
8.842250E+3	7.342426E-1
8.842500E+3	7.344198E-1
8.842750E+3	7.692548E-1
8.843000E+3	7.762713E-1
8.843250E+3	7.376667E-1
8.843500E+3	7.254395E-1
8.843750E+3	7.549625E-1
8.844000E+3	7.700519E-1
8.844250E+3	7.383897E-1
8.844500E+3	6.979140E-1
8.844750E+3	7.080041E-1
8.845000E+3	7.400552E-1
8.845250E+3	7.424773E-1
8.845500E+3	7.144734E-1
8.845750E+3	6.848973E-1
8.846000E+3	6.698753E-1
8.846250E+3	6.643493E-1
8.846500E+3	6.742536E-1
8.846750E+3	7.038459E-1
8.847000E+3	7.347384E-1
8.847250E+3	7.510425E-1
8.847500E+3	7.624206E-1
8.847750E+3	7.760031E-1
8.848000E+3	7.811480E-1
8.848250E+3	7.802675E-1
8.848500E+3	7.872921E-1
8.848750E+3	7.804393E-1
8.849000E+3	7.282357E-1
8.849250E+3	6.669401E-1
8.849500E+3	6.630035E-1
8.849750E+3	6.982914E-1
8.850000E+3	6.742383E-1
8.850250E+3	5.798638E-1
8.850500E+3	5.526702E-1
8.850750E+3	6.334244E-1
8.851000E+3	7.240194E-1
8.851250E+3	7.161979E-1
8.851500E+3	6.436859E-1
8.851750E+3	6.441663E-1
8.852000E+3	6.989294E-1
8.852250E+3	7.117949E-1
8.852500E+3	6.752001E-1
8.852750E+3	6.804318E-1
8.853000E+3	7.377680E-1
8.853250E+3	7.548733E-1
8.853500E+3	7.044139E-1
8.853750E+3	6.773910E-1
8.854000E+3	7.177665E-1
8.854250E+3	7.715072E-1
8.854500E+3	7.639709E-1
8.854750E+3	7.547115E-1
8.855000E+3	7.839727E-1
8.855250E+3	7.870003E-1
8.855500E+3	7.143976E-1
8.855750E+3	6.461058E-1
8.856000E+3	6.716516E-1
8.856250E+3	7.245236E-1
8.856500E+3	7.122753E-1
8.856750E+3	6.490094E-1
8.857000E+3	6.379381E-1
8.857250E+3	6.919303E-1
8.857500E+3	7.168751E-1
8.857750E+3	6.588526E-1
8.858000E+3	6.200968E-1
8.858250E+3	6.394135E-1
8.858500E+3	6.528191E-1
8.858750E+3	6.215116E-1
8.859000E+3	5.879991E-1
8.859250E+3	5.939751E-1
8.859500E+3	6.431669E-1
8.859750E+3	6.800897E-1
8.860000E+3	6.706132E-1
8.860250E+3	6.563363E-1
8.860500E+3	6.520765E-1
8.860750E+3	6.583996E-1
8.861000E+3	6.759281E-1
8.861250E+3	6.931526E-1
8.861500E+3	6.870188E-1
8.861750E+3	6.511357E-1
8.862000E+3	6.326417E-1
8.862250E+3	6.586742E-1
8.862500E+3	7.042269E-1
8.862750E+3	7.168963E-1
8.863000E+3	6.804920E-1
8.863250E+3	6.503343E-1
8.863500E+3	6.481164E-1
8.863750E+3	6.543704E-1
8.864000E+3	6.535741E-1
8.864250E+3	6.647742E-1
8.864500E+3	7.025583E-1
8.864750E+3	7.515637E-1
8.865000E+3	7.641007E-1
8.865250E+3	7.459775E-1
8.865500E+3	7.357310E-1
8.865750E+3	7.287664E-1
8.866000E+3	7.069130E-1
8.866250E+3	6.815566E-1
8.866500E+3	6.694916E-1
8.866750E+3	6.609310E-1
8.867000E+3	6.468578E-1
8.867250E+3	6.526378E-1
8.867500E+3	6.885932E-1
8.867750E+3	7.277628E-1
8.868000E+3	7.325410E-1
8.868250E+3	7.004648E-1
8.868500E+3	6.764228E-1
8.868750E+3	6.882170E-1
8.869000E+3	7.212206E-1
8.869250E+3	7.493932E-1
8.869500E+3	7.642776E-1
8.869750E+3	7.567440E-1
8.870000E+3	7.124411E-1
8.870250E+3	6.486792E-1
8.870500E+3	6.133932E-1
8.870750E+3	6.416446E-1
8.871000E+3	6.975321E-1
8.871250E+3	7.065999E-1
8.871500E+3	6.673292E-1
8.871750E+3	6.384789E-1
8.872000E+3	6.685912E-1
8.872250E+3	7.139053E-1
8.872500E+3	7.167186E-1
8.872750E+3	6.882585E-1
8.873000E+3	6.733419E-1
8.873250E+3	6.900121E-1
8.873500E+3	6.984517E-1
8.873750E+3	6.757789E-1
8.874000E+3	6.497421E-1
8.874250E+3	6.566077E-1
8.874500E+3	6.754063E-1
8.874750E+3	6.655671E-1
8.875000E+3	6.276591E-1
8.875250E+3	6.045905E-1
8.875500E+3	6.237798E-1
8.875750E+3	6.404417E-1
8.876000E+3	6.258201E-1
8.876250E+3	6.217953E-1
8.876500E+3	6.601123E-1
8.876750E+3	6.940981E-1
8.877000E+3	6.800388E-1
8.877250E+3	6.623308E-1
8.877500E+3	6.997322E-1
8.877750E+3	7.915236E-1
8.878000E+3	8.429917E-1
8.878250E+3	7.904932E-1
8.878500E+3	7.217403E-1
8.878750E+3	6.823406E-1
8.879000E+3	6.616257E-1
8.879250E+3	6.440561E-1
8.879500E+3	6.275967E-1
8.879750E+3	6.128367E-1
8.880000E+3	6.014543E-1
8.880250E+3	6.187746E-1
8.880500E+3	6.763355E-1
8.880750E+3	7.154360E-1
8.881000E+3	7.114029E-1
8.881250E+3	6.905086E-1
8.881500E+3	6.929837E-1
8.881750E+3	7.266271E-1
8.882000E+3	7.399796E-1
8.882250E+3	7.113167E-1
8.882500E+3	6.654218E-1
8.882750E+3	6.240933E-1
8.883000E+3	5.999268E-1
8.883250E+3	6.120540E-1
8.883500E+3	6.547663E-1
8.883750E+3	6.713287E-1
8.884000E+3	6.213555E-1
8.884250E+3	5.626192E-1
8.884500E+3	5.906175E-1
8.884750E+3	6.743810E-1
8.885000E+3	7.104654E-1
8.885250E+3	6.757688E-1
8.885500E+3	6.644362E-1
8.885750E+3	7.203810E-1
8.886000E+3	7.787229E-1
8.886250E+3	7.682500E-1
8.886500E+3	6.983995E-1
8.886750E+3	6.601840E-1
8.887000E+3	6.581665E-1
8.887250E+3	6.490112E-1
8.887500E+3	6.353415E-1
8.887750E+3	6.331263E-1
8.888000E+3	6.130040E-1
8.888250E+3	5.659325E-1
8.888500E+3	5.609785E-1
8.888750E+3	6.314090E-1
8.889000E+3	7.052972E-1
8.889250E+3	7.093182E-1
8.889500E+3	6.651497E-1
8.889750E+3	6.675747E-1
8.890000E+3	7.189868E-1
8.890250E+3	7.415188E-1
8.890500E+3	7.093337E-1
8.890750E+3	6.900808E-1
8.891000E+3	7.076418E-1
8.891250E+3	7.072875E-1
8.891500E+3	6.670832E-1
8.891750E+3	6.556449E-1
8.892000E+3	6.871627E-1
8.892250E+3	6.989134E-1
8.892500E+3	6.670145E-1
8.892750E+3	6.477529E-1
8.893000E+3	6.707679E-1
8.893250E+3	6.848365E-1
8.893500E+3	6.626803E-1
8.893750E+3	6.588144E-1
8.894000E+3	7.073675E-1
8.894250E+3	7.486092E-1
8.894500E+3	7.229619E-1
8.894750E+3	6.540662E-1
8.895000E+3	6.387210E-1
8.895250E+3	6.653339E-1
8.895500E+3	6.678397E-1
8.895750E+3	6.341328E-1
8.896000E+3	6.168676E-1
8.896250E+3	6.303503E-1
8.896500E+3	6.339568E-1
8.896750E+3	6.187990E-1
8.897000E+3	6.062327E-1
8.897250E+3	6.020782E-1
8.897500E+3	5.976976E-1
8.897750E+3	6.063789E-1
8.898000E+3	6.389200E-1
8.898250E+3	6.706876E-1
8.898500E+3	6.746096E-1
8.898750E+3	6.713994E-1
8.899000E+3	6.927411E-1
8.899250E+3	7.115193E-1
8.899500E+3	6.851328E-1
8.899750E+3	6.316425E-1
8.900000E+3	6.262859E-1
8.900250E+3	6.691973E-1
8.900500E+3	6.804817E-1
8.900750E+3	6.374612E-1
8.901000E+3	6.017607E-1
8.901250E+3	6.052514E-1
8.901500E+3	6.144931E-1
8.901750E+3	5.908478E-1
8.902000E+3	5.656638E-1
8.902250E+3	5.794277E-1
8.902500E+3	6.194719E-1
8.902750E+3	6.562627E-1
8.903000E+3	6.668926E-1
8.903250E+3	6.622552E-1
8.903500E+3	6.593844E-1
8.903750E+3	6.603498E-1
8.904000E+3	6.614367E-1
8.904250E+3	6.537130E-1
8.904500E+3	6.294596E-1
8.904750E+3	5.930843E-1
8.905000E+3	5.659631E-1
8.905250E+3	5.691946E-1
8.905500E+3	5.948293E-1
8.905750E+3	6.207102E-1
8.906000E+3	6.303109E-1
8.906250E+3	6.196138E-1
8.906500E+3	5.989628E-1
8.906750E+3	5.866925E-1
8.907000E+3	6.021366E-1
8.907250E+3	6.363212E-1
8.907500E+3	6.567979E-1
8.907750E+3	6.592040E-1
8.908000E+3	6.641728E-1
8.908250E+3	6.829120E-1
8.908500E+3	6.938486E-1
8.908750E+3	6.811306E-1
8.909000E+3	6.497220E-1
8.909250E+3	6.259702E-1
8.909500E+3	6.389560E-1
8.909750E+3	6.650809E-1
8.910000E+3	6.771724E-1
8.910250E+3	6.711336E-1
8.910500E+3	6.629760E-1
8.910750E+3	6.687983E-1
8.911000E+3	6.733089E-1
8.911250E+3	6.603995E-1
8.911500E+3	6.547215E-1
8.911750E+3	6.941969E-1
8.912000E+3	7.520318E-1
8.912250E+3	7.572375E-1
8.912500E+3	6.818514E-1
8.912750E+3	6.232641E-1
8.913000E+3	6.630131E-1
8.913250E+3	7.350626E-1
8.913500E+3	7.366807E-1
8.913750E+3	6.687321E-1
8.914000E+3	6.330751E-1
8.914250E+3	6.477927E-1
8.914500E+3	6.615162E-1
8.914750E+3	6.542043E-1
8.915000E+3	6.658042E-1
8.915250E+3	7.063730E-1
8.915500E+3	7.169057E-1
8.915750E+3	6.832066E-1
8.916000E+3	6.603468E-1
8.916250E+3	6.924633E-1
8.916500E+3	7.204338E-1
8.916750E+3	6.982109E-1
8.917000E+3	6.666299E-1
8.917250E+3	6.648502E-1
8.917500E+3	6.806849E-1
8.917750E+3	6.784517E-1
8.918000E+3	6.695651E-1
8.918250E+3	6.780182E-1
8.918500E+3	6.992032E-1
8.918750E+3	7.041465E-1
8.919000E+3	6.958574E-1
8.919250E+3	7.005605E-1
8.919500E+3	7.126494E-1
8.919750E+3	7.129348E-1
8.920000E+3	6.988657E-1
8.920250E+3	6.810408E-1
8.920500E+3	6.532753E-1
8.920750E+3	6.150974E-1
8.921000E+3	6.007297E-1
8.921250E+3	6.345919E-1
8.921500E+3	6.776169E-1
8.921750E+3	6.826169E-1
8.922000E+3	6.614967E-1
8.922250E+3	6.682918E-1
8.922500E+3	7.034614E-1
8.922750E+3	7.197740E-1
8.923000E+3	7.093694E-1
8.923250E+3	6.951453E-1
8.923500E+3	6.886979E-1
8.923750E+3	6.836083E-1
8.924000E+3	6.826027E-1
8.924250E+3	6.947497E-1
8.924500E+3	7.116140E-1
8.924750E+3	7.112879E-1
8.925000E+3	6.978713E-1
8.925250E+3	6.906743E-1
8.925500E+3	6.878653E-1
8.925750E+3	6.771364E-1
8.926000E+3	6.715426E-1
8.926250E+3	6.909953E-1
8.926500E+3	7.159531E-1
8.926750E+3	7.036231E-1
8.927000E+3	6.597454E-1
8.927250E+3	6.394733E-1
8.927500E+3	6.573393E-1
8.927750E+3	6.687933E-1
8.928000E+3	6.479210E-1
8.928250E+3	6.213525E-1
8.928500E+3	6.188857E-1
8.928750E+3	6.304761E-1
8.929000E+3	6.303486E-1
8.929250E+3	6.264573E-1
8.929500E+3	6.406769E-1
8.929750E+3	6.666160E-1
8.930000E+3	6.679831E-1
8.930250E+3	6.497598E-1
8.930500E+3	6.454143E-1
8.930750E+3	6.646246E-1
8.931000E+3	6.818077E-1
8.931250E+3	6.688148E-1
8.931500E+3	6.457322E-1
8.931750E+3	6.464899E-1
8.932000E+3	6.740684E-1
8.932250E+3	7.027855E-1
8.932500E+3	7.121905E-1
8.932750E+3	6.968685E-1
8.933000E+3	6.678799E-1
8.933250E+3	6.509471E-1
8.933500E+3	6.531544E-1
8.933750E+3	6.653404E-1
8.934000E+3	6.708939E-1
8.934250E+3	6.554600E-1
8.934500E+3	6.335949E-1
8.934750E+3	6.253245E-1
8.935000E+3	6.367326E-1
8.935250E+3	6.536018E-1
8.935500E+3	6.541535E-1
8.935750E+3	6.448963E-1
8.936000E+3	6.435309E-1
8.936250E+3	6.576549E-1
8.936500E+3	6.728366E-1
8.936750E+3	6.742665E-1
8.937000E+3	6.657202E-1
8.937250E+3	6.530928E-1
8.937500E+3	6.386213E-1
8.937750E+3	6.261183E-1
8.938000E+3	6.222596E-1
8.938250E+3	6.335168E-1
8.938500E+3	6.540356E-1
8.938750E+3	6.664467E-1
8.939000E+3	6.685890E-1
8.939250E+3	6.660479E-1
8.939500E+3	6.596825E-1
8.939750E+3	6.534485E-1
8.940000E+3	6.553875E-1
8.940250E+3	6.590342E-1
8.940500E+3	6.498839E-1
8.940750E+3	6.338673E-1
8.941000E+3	6.333560E-1
8.941250E+3	6.567932E-1
8.941500E+3	6.759550E-1
8.941750E+3	6.656472E-1
8.942000E+3	6.439981E-1
8.942250E+3	6.422275E-1
8.942500E+3	6.540205E-1
8.942750E+3	6.421532E-1
8.943000E+3	6.092313E-1
8.943250E+3	5.951550E-1
8.943500E+3	6.164465E-1
8.943750E+3	6.338431E-1
8.944000E+3	6.211507E-1
8.944250E+3	6.070559E-1
8.944500E+3	6.250287E-1
8.944750E+3	6.564013E-1
8.945000E+3	6.696176E-1
8.945250E+3	6.683517E-1
8.945500E+3	6.716533E-1
8.945750E+3	6.781415E-1
8.946000E+3	6.715332E-1
8.946250E+3	6.532409E-1
8.946500E+3	6.437835E-1
8.946750E+3	6.510334E-1
8.947000E+3	6.615058E-1
8.947250E+3	6.650736E-1
8.947500E+3	6.601307E-1
8.947750E+3	6.516381E-1
8.948000E+3	6.480226E-1
8.948250E+3	6.546778E-1
8.948500E+3	6.637702E-1
8.948750E+3	6.528406E-1
8.949000E+3	6.232267E-1
8.949250E+3	6.038351E-1
8.949500E+3	6.139502E-1
8.949750E+3	6.313630E-1
8.950000E+3	6.211243E-1
8.950250E+3	6.001936E-1
8.950500E+3	6.071937E-1
8.950750E+3	6.434219E-1
8.951000E+3	6.625787E-1
8.951250E+3	6.418597E-1
8.951500E+3	6.123477E-1
8.951750E+3	6.128031E-1
8.952000E+3	6.360470E-1
8.952250E+3	6.487547E-1
8.952500E+3	6.435334E-1
8.952750E+3	6.352790E-1
8.953000E+3	6.346475E-1
8.953250E+3	6.401932E-1
8.953500E+3	6.462533E-1
8.953750E+3	6.482950E-1
8.954000E+3	6.455212E-1
8.954250E+3	6.408251E-1
8.954500E+3	6.364967E-1
8.954750E+3	6.307006E-1
8.955000E+3	6.229803E-1
8.955250E+3	6.207130E-1
8.955500E+3	6.295841E-1
8.955750E+3	6.399477E-1
8.956000E+3	6.393074E-1
8.956250E+3	6.328906E-1
8.956500E+3	6.347354E-1
8.956750E+3	6.428855E-1
8.957000E+3	6.418075E-1
8.957250E+3	6.344909E-1
8.957500E+3	6.410854E-1
8.957750E+3	6.606440E-1
8.958000E+3	6.655239E-1
8.958250E+3	6.438896E-1
8.958500E+3	6.153246E-1
8.958750E+3	6.086294E-1
8.959000E+3	6.215133E-1
8.959250E+3	6.320674E-1
8.959500E+3	6.337572E-1
8.959750E+3	6.362654E-1
8.960000E+3	6.435845E-1
8.960250E+3	6.485538E-1
8.960500E+3	6.440633E-1
8.960750E+3	6.311003E-1
8.961000E+3	6.196587E-1
8.961250E+3	6.158083E-1
8.961500E+3	6.213860E-1
8.961750E+3	6.337452E-1
8.962000E+3	6.415035E-1
8.962250E+3	6.410864E-1
8.962500E+3	6.424498E-1
8.962750E+3	6.516833E-1
8.963000E+3	6.607620E-1
8.963250E+3	6.608765E-1
8.963500E+3	6.573091E-1
8.963750E+3	6.583129E-1
8.964000E+3	6.632621E-1
8.964250E+3	6.663876E-1
8.964500E+3	6.648412E-1
8.964750E+3	6.597862E-1
8.965000E+3	6.532617E-1
8.965250E+3	6.489908E-1
8.965500E+3	6.517977E-1
8.965750E+3	6.586513E-1
8.966000E+3	6.619431E-1
8.966250E+3	6.654611E-1
8.966500E+3	6.794008E-1
8.966750E+3	6.953369E-1
8.967000E+3	6.914707E-1
8.967250E+3	6.711115E-1
8.967500E+3	6.570006E-1
8.967750E+3	6.677626E-1
8.968000E+3	6.826931E-1
8.968250E+3	6.736760E-1
8.968500E+3	6.504262E-1
8.968750E+3	6.437954E-1
8.969000E+3	6.649531E-1
8.969250E+3	6.824764E-1
8.969500E+3	6.782769E-1
8.969750E+3	6.669711E-1
8.970000E+3	6.668074E-1
8.970250E+3	6.746091E-1
8.970500E+3	6.773577E-1
8.970750E+3	6.738805E-1
8.971000E+3	6.697716E-1
8.971250E+3	6.646566E-1
8.971500E+3	6.575187E-1
8.971750E+3	6.563936E-1
8.972000E+3	6.665932E-1
8.972250E+3	6.782046E-1
8.972500E+3	6.764613E-1
8.972750E+3	6.582391E-1
8.973000E+3	6.403148E-1
8.973250E+3	6.390440E-1
8.973500E+3	6.500803E-1
8.973750E+3	6.590699E-1
8.974000E+3	6.586408E-1
8.974250E+3	6.557451E-1
8.974500E+3	6.600779E-1
8.974750E+3	6.672040E-1
8.975000E+3	6.647066E-1
8.975250E+3	6.549751E-1
8.975500E+3	6.544361E-1
8.975750E+3	6.685988E-1
8.976000E+3	6.805847E-1
8.976250E+3	6.755731E-1
8.976500E+3	6.641751E-1
8.976750E+3	6.667740E-1
8.977000E+3	6.808632E-1
8.977250E+3	6.857679E-1
8.977500E+3	6.782510E-1
8.977750E+3	6.730445E-1
8.978000E+3	6.762643E-1
8.978250E+3	6.771524E-1
8.978500E+3	6.695114E-1
8.978750E+3	6.661867E-1
8.979000E+3	6.767442E-1
8.979250E+3	6.909878E-1
8.979500E+3	6.935030E-1
8.979750E+3	6.834685E-1
8.980000E+3	6.735558E-1
8.980250E+3	6.741860E-1
8.980500E+3	6.861397E-1
8.980750E+3	6.989082E-1
8.981000E+3	7.005764E-1
8.981250E+3	6.913620E-1
8.981500E+3	6.829766E-1
8.981750E+3	6.876166E-1
8.982000E+3	6.989666E-1
8.982250E+3	7.012545E-1
8.982500E+3	6.947519E-1
8.982750E+3	6.931113E-1
8.983000E+3	7.013548E-1
8.983250E+3	7.076984E-1
8.983500E+3	7.057814E-1
8.983750E+3	7.040745E-1
8.984000E+3	7.084763E-1
8.984250E+3	7.120478E-1
8.984500E+3	7.109655E-1
8.984750E+3	7.121592E-1
8.985000E+3	7.180085E-1
8.985250E+3	7.173723E-1
8.985500E+3	7.069178E-1
8.985750E+3	7.009362E-1
8.986000E+3	7.098903E-1
8.986250E+3	7.227678E-1
8.986500E+3	7.242118E-1
8.986750E+3	7.184630E-1
8.987000E+3	7.188242E-1
8.987250E+3	7.242522E-1
8.987500E+3	7.239567E-1
8.987750E+3	7.196028E-1
8.988000E+3	7.220745E-1
8.988250E+3	7.311679E-1
8.988500E+3	7.374036E-1
8.988750E+3	7.388578E-1
8.989000E+3	7.411555E-1
8.989250E+3	7.427505E-1
8.989500E+3	7.373957E-1
8.989750E+3	7.301148E-1
8.990000E+3	7.324881E-1
8.990250E+3	7.428565E-1
8.990500E+3	7.461159E-1
8.990750E+3	7.378303E-1
8.991000E+3	7.323834E-1
8.991250E+3	7.396721E-1
8.991500E+3	7.494356E-1
8.991750E+3	7.484527E-1
8.992000E+3	7.400977E-1
8.992250E+3	7.348860E-1
8.992500E+3	7.349257E-1
8.992750E+3	7.363587E-1
8.993000E+3	7.386753E-1
8.993250E+3	7.430781E-1
8.993500E+3	7.468795E-1
8.993750E+3	7.478081E-1
8.994000E+3	7.485023E-1
8.994250E+3	7.510048E-1
8.994500E+3	7.523453E-1
8.994750E+3	7.510687E-1
8.995000E+3	7.522305E-1
8.995250E+3	7.585168E-1
8.995500E+3	7.635504E-1
8.995750E+3	7.606211E-1
8.996000E+3	7.536966E-1
8.996250E+3	7.516309E-1
8.996500E+3	7.551658E-1
8.996750E+3	7.582180E-1
8.997000E+3	7.597004E-1
8.997250E+3	7.644284E-1
8.997500E+3	7.722425E-1
8.997750E+3	7.759416E-1
8.998000E+3	7.720142E-1
8.998250E+3	7.654832E-1
8.998500E+3	7.620570E-1
8.998750E+3	7.627931E-1
8.999000E+3	7.655816E-1
8.999250E+3	7.682581E-1
8.999500E+3	7.691405E-1
8.999750E+3	7.670332E-1
9.000000E+3	7.634724E-1
9.000250E+3	7.623005E-1
9.000500E+3	7.643768E-1
9.000750E+3	7.666999E-1
9.001000E+3	7.671852E-1
9.001250E+3	7.672258E-1
9.001500E+3	7.687009E-1
9.001750E+3	7.709125E-1
9.002000E+3	7.722730E-1
9.002250E+3	7.729224E-1
9.002500E+3	7.742646E-1
9.002750E+3	7.770225E-1
9.003000E+3	7.805430E-1
9.003250E+3	7.828529E-1
9.003500E+3	7.817540E-1
9.003750E+3	7.776908E-1
9.004000E+3	7.744179E-1
9.004250E+3	7.749984E-1
9.004500E+3	7.779451E-1
9.004750E+3	7.792624E-1
9.005000E+3	7.783439E-1
9.005250E+3	7.783095E-1
9.005500E+3	7.803046E-1
9.005750E+3	7.815722E-1
9.006000E+3	7.807873E-1
9.006250E+3	7.810201E-1
9.006500E+3	7.845917E-1
9.006750E+3	7.886262E-1
9.007000E+3	7.891030E-1
9.007250E+3	7.872449E-1
9.007500E+3	7.873501E-1
9.007750E+3	7.898402E-1
9.008000E+3	7.907768E-1
9.008250E+3	7.885971E-1
9.008500E+3	7.868092E-1
9.008750E+3	7.888834E-1
9.009000E+3	7.933052E-1
9.009250E+3	7.958866E-1
9.009500E+3	7.950404E-1
9.009750E+3	7.928451E-1
9.010000E+3	7.925355E-1
9.010250E+3	7.950836E-1
9.010500E+3	7.984202E-1
9.010750E+3	7.998924E-1
9.011000E+3	7.992326E-1
9.011250E+3	7.992801E-1
9.011500E+3	8.024108E-1
9.011750E+3	8.068978E-1
9.012000E+3	8.087005E-1
9.012250E+3	8.069356E-1
9.012500E+3	8.053228E-1
9.012750E+3	8.070467E-1
9.013000E+3	8.106052E-1
9.013250E+3	8.123220E-1
9.013500E+3	8.115828E-1
9.013750E+3	8.110826E-1
9.014000E+3	8.125675E-1
9.014250E+3	8.147734E-1
9.014500E+3	8.159602E-1
9.014750E+3	8.164215E-1
9.015000E+3	8.173687E-1
9.015250E+3	8.187193E-1
9.015500E+3	8.194114E-1
9.015750E+3	8.193700E-1
9.016000E+3	8.196933E-1
9.016250E+3	8.209006E-1
9.016500E+3	8.220713E-1
9.016750E+3	8.222210E-1
9.017000E+3	8.217042E-1
9.017250E+3	8.216116E-1
9.017500E+3	8.221689E-1
9.017750E+3	8.224835E-1
9.018000E+3	8.218796E-1
9.018250E+3	8.207926E-1
9.018500E+3	8.201092E-1
9.018750E+3	8.200006E-1
9.019000E+3	8.199228E-1
9.019250E+3	8.194760E-1
9.019500E+3	8.187349E-1
9.019750E+3	8.178957E-1
9.020000E+3	8.170523E-1
9.020250E+3	8.163030E-1
9.020500E+3	8.156204E-1
9.020750E+3	8.146141E-1
9.021000E+3	8.129685E-1
9.021250E+3	8.110959E-1
9.021500E+3	8.096670E-1
9.021750E+3	8.083949E-1
9.022000E+3	8.061923E-1
9.022250E+3	8.030548E-1
9.022500E+3	8.007378E-1
9.022750E+3	8.005589E-1
9.023000E+3	8.013004E-1
9.023250E+3	8.005415E-1
9.023500E+3	7.978722E-1
9.023750E+3	7.953736E-1
9.024000E+3	7.947220E-1
9.024250E+3	7.952485E-1
9.024500E+3	7.951985E-1
9.024750E+3	7.939709E-1
9.025000E+3	7.924223E-1
9.025250E+3	7.915707E-1
9.025500E+3	7.917979E-1
9.025750E+3	7.928831E-1
9.026000E+3	7.941416E-1
9.026250E+3	7.946263E-1
9.026500E+3	7.938001E-1
9.026750E+3	7.922332E-1
9.027000E+3	7.910720E-1
9.027250E+3	7.906295E-1
9.027500E+3	7.900318E-1
9.027750E+3	7.885260E-1
9.028000E+3	7.867106E-1
9.028250E+3	7.857751E-1
9.028500E+3	7.858133E-1
9.028750E+3	7.858996E-1
9.029000E+3	7.857788E-1
9.029250E+3	7.862586E-1
9.029500E+3	7.876729E-1
9.029750E+3	7.892601E-1
9.030000E+3	7.905685E-1
9.030250E+3	7.918376E-1
9.030500E+3	7.924051E-1
9.030750E+3	7.909139E-1
9.031000E+3	7.882536E-1
9.031250E+3	7.875657E-1
9.031500E+3	7.894704E-1
9.031750E+3	7.902780E-1
9.032000E+3	7.880280E-1
9.032250E+3	7.874527E-1
9.032500E+3	7.939808E-1
9.032750E+3	8.037477E-1
9.033000E+3	8.067679E-1
9.033250E+3	8.007926E-1
9.033500E+3	7.946151E-1
9.033750E+3	7.959185E-1
9.034000E+3	8.009887E-1
9.034250E+3	8.016653E-1
9.034500E+3	7.982836E-1
9.034750E+3	7.982257E-1
9.035000E+3	8.038039E-1
9.035250E+3	8.084565E-1
9.035500E+3	8.064008E-1
9.035750E+3	8.014588E-1
9.036000E+3	8.014265E-1
9.036250E+3	8.068107E-1
9.036500E+3	8.102372E-1
9.036750E+3	8.072116E-1
9.037000E+3	8.035537E-1
9.037250E+3	8.070384E-1
9.037500E+3	8.155584E-1
9.037750E+3	8.192820E-1
9.038000E+3	8.149291E-1
9.038250E+3	8.106266E-1
9.038500E+3	8.129916E-1
9.038750E+3	8.180274E-1
9.039000E+3	8.188701E-1
9.039250E+3	8.174102E-1
9.039500E+3	8.198515E-1
9.039750E+3	8.246612E-1
9.040000E+3	8.259010E-1
9.040250E+3	8.249688E-1
9.040500E+3	8.282044E-1
9.040750E+3	8.345192E-1
9.041000E+3	8.353338E-1
9.041250E+3	8.296226E-1
9.041500E+3	8.265142E-1
9.041750E+3	8.301930E-1
9.042000E+3	8.341148E-1
9.042250E+3	8.331049E-1
9.042500E+3	8.321415E-1
9.042750E+3	8.362239E-1
9.043000E+3	8.413987E-1
9.043250E+3	8.412528E-1
9.043500E+3	8.356124E-1
9.043750E+3	8.279644E-1
9.044000E+3	8.211919E-1
9.044250E+3	8.198712E-1
9.044500E+3	8.274200E-1
9.044750E+3	8.375268E-1
9.045000E+3	8.377123E-1
9.045250E+3	8.270046E-1
9.045500E+3	8.209391E-1
9.045750E+3	8.285812E-1
9.046000E+3	8.384747E-1
9.046250E+3	8.377174E-1
9.046500E+3	8.321922E-1
9.046750E+3	8.346906E-1
9.047000E+3	8.436922E-1
9.047250E+3	8.484310E-1
9.047500E+3	8.477990E-1
9.047750E+3	8.477258E-1
9.048000E+3	8.471150E-1
9.048250E+3	8.414712E-1
9.048500E+3	8.363354E-1
9.048750E+3	8.399871E-1
9.049000E+3	8.462882E-1
9.049250E+3	8.440045E-1
9.049500E+3	8.377359E-1
9.049750E+3	8.400370E-1
9.050000E+3	8.484391E-1
9.050250E+3	8.494115E-1
9.050500E+3	8.436817E-1
9.050750E+3	8.464490E-1
9.051000E+3	8.594054E-1
9.051250E+3	8.655091E-1
9.051500E+3	8.555606E-1
9.051750E+3	8.436913E-1
9.052000E+3	8.425257E-1
9.052250E+3	8.463393E-1
9.052500E+3	8.470468E-1
9.052750E+3	8.490842E-1
9.053000E+3	8.562589E-1
9.053250E+3	8.602927E-1
9.053500E+3	8.542132E-1
9.053750E+3	8.450474E-1
9.054000E+3	8.413531E-1
9.054250E+3	8.415190E-1
9.054500E+3	8.431161E-1
9.054750E+3	8.501956E-1
9.055000E+3	8.612441E-1
9.055250E+3	8.645836E-1
9.055500E+3	8.548139E-1
9.055750E+3	8.455408E-1
9.056000E+3	8.489485E-1
9.056250E+3	8.565541E-1
9.056500E+3	8.543617E-1
9.056750E+3	8.464617E-1
9.057000E+3	8.470831E-1
9.057250E+3	8.573099E-1
9.057500E+3	8.672486E-1
9.057750E+3	8.713966E-1
9.058000E+3	8.707724E-1
9.058250E+3	8.645692E-1
9.058500E+3	8.542122E-1
9.058750E+3	8.499335E-1
9.059000E+3	8.557765E-1
9.059250E+3	8.627738E-1
9.059500E+3	8.620727E-1
9.059750E+3	8.572837E-1
9.060000E+3	8.580772E-1
9.060250E+3	8.631329E-1
9.060500E+3	8.642523E-1
9.060750E+3	8.592815E-1
9.061000E+3	8.538249E-1
9.061250E+3	8.518370E-1
9.061500E+3	8.545687E-1
9.061750E+3	8.622960E-1
9.062000E+3	8.668510E-1
9.062250E+3	8.561277E-1
9.062500E+3	8.329479E-1
9.062750E+3	8.190972E-1
9.063000E+3	8.297873E-1
9.063250E+3	8.477000E-1
9.063500E+3	8.513999E-1
9.063750E+3	8.458131E-1
9.064000E+3	8.478139E-1
9.064250E+3	8.562854E-1
9.064500E+3	8.570282E-1
9.064750E+3	8.499899E-1
9.065000E+3	8.467083E-1
9.065250E+3	8.505667E-1
9.065500E+3	8.523464E-1
9.065750E+3	8.484783E-1
9.066000E+3	8.422762E-1
9.066250E+3	8.349951E-1
9.066500E+3	8.306923E-1
9.066750E+3	8.379692E-1
9.067000E+3	8.542246E-1
9.067250E+3	8.607485E-1
9.067500E+3	8.458485E-1
9.067750E+3	8.276707E-1
9.068000E+3	8.289196E-1
9.068250E+3	8.414101E-1
9.068500E+3	8.420809E-1
9.068750E+3	8.331284E-1
9.069000E+3	8.345826E-1
9.069250E+3	8.472511E-1
9.069500E+3	8.493017E-1
9.069750E+3	8.364088E-1
9.070000E+3	8.311904E-1
9.070250E+3	8.440359E-1
9.070500E+3	8.597533E-1
9.070750E+3	8.643520E-1
9.071000E+3	8.645483E-1
9.071250E+3	8.677561E-1
9.071500E+3	8.678542E-1
9.071750E+3	8.608843E-1
9.072000E+3	8.550203E-1
9.072250E+3	8.535037E-1
9.072500E+3	8.505065E-1
9.072750E+3	8.473612E-1
9.073000E+3	8.522652E-1
9.073250E+3	8.611358E-1
9.073500E+3	8.572397E-1
9.073750E+3	8.404344E-1
9.074000E+3	8.303497E-1
9.074250E+3	8.330487E-1
9.074500E+3	8.377390E-1
9.074750E+3	8.386178E-1
9.075000E+3	8.443082E-1
9.075250E+3	8.544877E-1
9.075500E+3	8.551253E-1
9.075750E+3	8.429881E-1
9.076000E+3	8.412627E-1
9.076250E+3	8.586594E-1
9.076500E+3	8.736285E-1
9.076750E+3	8.687626E-1
9.077000E+3	8.571524E-1
9.077250E+3	8.612839E-1
9.077500E+3	8.757946E-1
9.077750E+3	8.829450E-1
9.078000E+3	8.814000E-1
9.078250E+3	8.849152E-1
9.078500E+3	8.962439E-1
9.078750E+3	9.036777E-1
9.079000E+3	9.011165E-1
9.079250E+3	8.977162E-1
9.079500E+3	9.015166E-1
9.079750E+3	9.078880E-1
9.080000E+3	9.086406E-1
9.080250E+3	9.041121E-1
9.080500E+3	9.006985E-1
9.080750E+3	9.015617E-1
9.081000E+3	9.047556E-1
9.081250E+3	9.061342E-1
9.081500E+3	9.046613E-1
9.081750E+3	9.041170E-1
9.082000E+3	9.081356E-1
9.082250E+3	9.137169E-1
9.082500E+3	9.148183E-1
9.082750E+3	9.123443E-1
9.083000E+3	9.131689E-1
9.083250E+3	9.181596E-1
9.083500E+3	9.188540E-1
9.083750E+3	9.128230E-1
9.084000E+3	9.072422E-1
9.084250E+3	9.070444E-1
9.084500E+3	9.087295E-1
9.084750E+3	9.103700E-1
9.085000E+3	9.168294E-1
9.085250E+3	9.270631E-1
9.085500E+3	9.297359E-1
9.085750E+3	9.224783E-1
9.086000E+3	9.190458E-1
9.086250E+3	9.277975E-1
9.086500E+3	9.346638E-1
9.086750E+3	9.265612E-1
9.087000E+3	9.157595E-1
9.087250E+3	9.203457E-1
9.087500E+3	9.346302E-1
9.087750E+3	9.376447E-1
9.088000E+3	9.297210E-1
9.088250E+3	9.296164E-1
9.088500E+3	9.405890E-1
9.088750E+3	9.448950E-1
9.089000E+3	9.379377E-1
9.089250E+3	9.344306E-1
9.089500E+3	9.393433E-1
9.089750E+3	9.400991E-1
9.090000E+3	9.310813E-1
9.090250E+3	9.279186E-1
9.090500E+3	9.390841E-1
9.090750E+3	9.496386E-1
9.091000E+3	9.437303E-1
9.091250E+3	9.310700E-1
9.091500E+3	9.313626E-1
9.091750E+3	9.411959E-1
9.092000E+3	9.421348E-1
9.092250E+3	9.299032E-1
9.092500E+3	9.197742E-1
9.092750E+3	9.207004E-1
9.093000E+3	9.284436E-1
9.093250E+3	9.367478E-1
9.093500E+3	9.428837E-1
9.093750E+3	9.460685E-1
9.094000E+3	9.460772E-1
9.094250E+3	9.446876E-1
9.094500E+3	9.439926E-1
9.094750E+3	9.422596E-1
9.095000E+3	9.383393E-1
9.095250E+3	9.359352E-1
9.095500E+3	9.381550E-1
9.095750E+3	9.405955E-1
9.096000E+3	9.386295E-1
9.096250E+3	9.366289E-1
9.096500E+3	9.408005E-1
9.096750E+3	9.469296E-1
9.097000E+3	9.466194E-1
9.097250E+3	9.436271E-1
9.097500E+3	9.479531E-1
9.097750E+3	9.569121E-1
9.098000E+3	9.579625E-1
9.098250E+3	9.502214E-1
9.098500E+3	9.445173E-1
9.098750E+3	9.466299E-1
9.099000E+3	9.505315E-1
9.099250E+3	9.498255E-1
9.099500E+3	9.462864E-1
9.099750E+3	9.437005E-1
9.100000E+3	9.425921E-1
9.100250E+3	9.438880E-1
9.100500E+3	9.491168E-1
9.100750E+3	9.542389E-1
9.101000E+3	9.523447E-1
9.101250E+3	9.461980E-1
9.101500E+3	9.458369E-1
9.101750E+3	9.523726E-1
9.102000E+3	9.548877E-1
9.102250E+3	9.497587E-1
9.102500E+3	9.471179E-1
9.102750E+3	9.515558E-1
9.103000E+3	9.544461E-1
9.103250E+3	9.483915E-1
9.103500E+3	9.408988E-1
9.103750E+3	9.415383E-1
9.104000E+3	9.470114E-1
9.104250E+3	9.478872E-1
9.104500E+3	9.448992E-1
9.104750E+3	9.462303E-1
9.105000E+3	9.511089E-1
9.105250E+3	9.519867E-1
9.105500E+3	9.493931E-1
9.105750E+3	9.524773E-1
9.106000E+3	9.608138E-1
9.106250E+3	9.621824E-1
9.106500E+3	9.510421E-1
9.106750E+3	9.394642E-1
9.107000E+3	9.412615E-1
9.107250E+3	9.526580E-1
9.107500E+3	9.587446E-1
9.107750E+3	9.538794E-1
9.108000E+3	9.480148E-1
9.108250E+3	9.515964E-1
9.108500E+3	9.598391E-1
9.108750E+3	9.601608E-1
9.109000E+3	9.521448E-1
9.109250E+3	9.495867E-1
9.109500E+3	9.599401E-1
9.109750E+3	9.711321E-1
9.110000E+3	9.687125E-1
9.110250E+3	9.575510E-1
9.110500E+3	9.554459E-1
9.110750E+3	9.645960E-1
9.111000E+3	9.676492E-1
9.111250E+3	9.572132E-1
9.111500E+3	9.486823E-1
9.111750E+3	9.535812E-1
9.112000E+3	9.620684E-1
9.112250E+3	9.583981E-1
9.112500E+3	9.472095E-1
9.112750E+3	9.467211E-1
9.113000E+3	9.572894E-1
9.113250E+3	9.643952E-1
9.113500E+3	9.596444E-1
9.113750E+3	9.526808E-1
9.114000E+3	9.539749E-1
9.114250E+3	9.597991E-1
9.114500E+3	9.637240E-1
9.114750E+3	9.654138E-1
9.115000E+3	9.655828E-1
9.115250E+3	9.624769E-1
9.115500E+3	9.574012E-1
9.115750E+3	9.557934E-1
9.116000E+3	9.579469E-1
9.116250E+3	9.583858E-1
9.116500E+3	9.561841E-1
9.116750E+3	9.561916E-1
9.117000E+3	9.585446E-1
9.117250E+3	9.573471E-1
9.117500E+3	9.531736E-1
9.117750E+3	9.556657E-1
9.118000E+3	9.663189E-1
9.118250E+3	9.741392E-1
9.118500E+3	9.693570E-1
9.118750E+3	9.591959E-1
9.119000E+3	9.589010E-1
9.119250E+3	9.670773E-1
9.119500E+3	9.728428E-1
9.119750E+3	9.716394E-1
9.120000E+3	9.680570E-1
9.120250E+3	9.665177E-1
9.120500E+3	9.667730E-1
9.120750E+3	9.679137E-1
9.121000E+3	9.692017E-1
9.121250E+3	9.688228E-1
9.121500E+3	9.665263E-1
9.121750E+3	9.651286E-1
9.122000E+3	9.657391E-1
9.122250E+3	9.654157E-1
9.122500E+3	9.634983E-1
9.122750E+3	9.644845E-1
9.123000E+3	9.696496E-1
9.123250E+3	9.722797E-1
9.123500E+3	9.685988E-1
9.123750E+3	9.652955E-1
9.124000E+3	9.692786E-1
9.124250E+3	9.749227E-1
9.124500E+3	9.734533E-1
9.124750E+3	9.683134E-1
9.125000E+3	9.694718E-1
9.125250E+3	9.754136E-1
9.125500E+3	9.752980E-1
9.125750E+3	9.676408E-1
9.126000E+3	9.633062E-1
9.126250E+3	9.672915E-1
9.126500E+3	9.703462E-1
9.126750E+3	9.664970E-1
9.127000E+3	9.624196E-1
9.127250E+3	9.658180E-1
9.127500E+3	9.723713E-1
9.127750E+3	9.742389E-1
9.128000E+3	9.733314E-1
9.128250E+3	9.755198E-1
9.128500E+3	9.786606E-1
9.128750E+3	9.762738E-1
9.129000E+3	9.699727E-1
9.129250E+3	9.670577E-1
9.129500E+3	9.694774E-1
9.129750E+3	9.716249E-1
9.130000E+3	9.706981E-1
9.130250E+3	9.707113E-1
9.130500E+3	9.740146E-1
9.130750E+3	9.766520E-1
9.131000E+3	9.753322E-1
9.131250E+3	9.729923E-1
9.131500E+3	9.732965E-1
9.131750E+3	9.746076E-1
9.132000E+3	9.729381E-1
9.132250E+3	9.688878E-1
9.132500E+3	9.670799E-1
9.132750E+3	9.697712E-1
9.133000E+3	9.739659E-1
9.133250E+3	9.757353E-1
9.133500E+3	9.744460E-1
9.133750E+3	9.723211E-1
9.134000E+3	9.719258E-1
9.134250E+3	9.736422E-1
9.134500E+3	9.754881E-1
9.134750E+3	9.751620E-1
9.135000E+3	9.725378E-1
9.135250E+3	9.698579E-1
9.135500E+3	9.687807E-1
9.135750E+3	9.687566E-1
9.136000E+3	9.685974E-1
9.136250E+3	9.685551E-1
9.136500E+3	9.695349E-1
9.136750E+3	9.711061E-1
9.137000E+3	9.716863E-1
9.137250E+3	9.706067E-1
9.137500E+3	9.688040E-1
9.137750E+3	9.671106E-1
9.138000E+3	9.656618E-1
9.138250E+3	9.650048E-1
9.138500E+3	9.660957E-1
9.138750E+3	9.686114E-1
9.139000E+3	9.703619E-1
9.139250E+3	9.696756E-1
9.139500E+3	9.677648E-1
9.139750E+3	9.669469E-1
9.140000E+3	9.677082E-1
9.140250E+3	9.685639E-1
9.140500E+3	9.684567E-1
9.140750E+3	9.680145E-1
9.141000E+3	9.679417E-1
9.141250E+3	9.679382E-1
9.141500E+3	9.676541E-1
9.141750E+3	9.676098E-1
9.142000E+3	9.683226E-1
9.142250E+3	9.691990E-1
9.142500E+3	9.692819E-1
9.142750E+3	9.684846E-1
9.143000E+3	9.675027E-1
9.143250E+3	9.668413E-1
9.143500E+3	9.663417E-1
9.143750E+3	9.656491E-1
9.144000E+3	9.645850E-1
9.144250E+3	9.632097E-1
9.144500E+3	9.620178E-1
9.144750E+3	9.618001E-1
9.145000E+3	9.629041E-1
9.145250E+3	9.646837E-1
9.145500E+3	9.659437E-1
9.145750E+3	9.661437E-1
9.146000E+3	9.657660E-1
9.146250E+3	9.654339E-1
9.146500E+3	9.652933E-1
9.146750E+3	9.653512E-1
9.147000E+3	9.657830E-1
9.147250E+3	9.665017E-1
9.147500E+3	9.668388E-1
9.147750E+3	9.661204E-1
9.148000E+3	9.643981E-1
9.148250E+3	9.624954E-1
9.148500E+3	9.613313E-1
9.148750E+3	9.612721E-1
9.149000E+3	9.621867E-1
9.149250E+3	9.635570E-1
9.149500E+3	9.644074E-1
9.149750E+3	9.638897E-1
9.150000E+3	9.622107E-1
9.150250E+3	9.607890E-1
9.150500E+3	9.610722E-1
9.150750E+3	9.627245E-1
9.151000E+3	9.639017E-1
9.151250E+3	9.636107E-1
9.151500E+3	9.629200E-1
9.151750E+3	9.631284E-1
9.152000E+3	9.634719E-1
9.152250E+3	9.623046E-1
9.152500E+3	9.601655E-1
9.152750E+3	9.596154E-1
9.153000E+3	9.612780E-1
9.153250E+3	9.626347E-1
9.153500E+3	9.618510E-1
9.153750E+3	9.609172E-1
9.154000E+3	9.622923E-1
9.154250E+3	9.647517E-1
9.154500E+3	9.650456E-1
9.154750E+3	9.630644E-1
9.155000E+3	9.618876E-1
9.155250E+3	9.623658E-1
9.155500E+3	9.625564E-1
9.155750E+3	9.621019E-1
9.156000E+3	9.633417E-1
9.156250E+3	9.662652E-1
9.156500E+3	9.666534E-1
9.156750E+3	9.624215E-1
9.157000E+3	9.588105E-1
9.157250E+3	9.612404E-1
9.157500E+3	9.676904E-1
9.157750E+3	9.713722E-1
9.158000E+3	9.703968E-1
9.158250E+3	9.690272E-1
9.158500E+3	9.702213E-1
9.158750E+3	9.725796E-1
9.159000E+3	9.739194E-1
9.159250E+3	9.745049E-1
9.159500E+3	9.744496E-1
9.159750E+3	9.727421E-1
9.160000E+3	9.706726E-1
9.160250E+3	9.709151E-1
9.160500E+3	9.728130E-1
9.160750E+3	9.730952E-1
9.161000E+3	9.713381E-1
9.161250E+3	9.717922E-1
9.161500E+3	9.767865E-1
9.161750E+3	9.826014E-1
9.162000E+3	9.835039E-1
9.162250E+3	9.799573E-1
9.162500E+3	9.765901E-1
9.162750E+3	9.761896E-1
9.163000E+3	9.781863E-1
9.163250E+3	9.801328E-1
9.163500E+3	9.807269E-1
9.163750E+3	9.801390E-1
9.164000E+3	9.794027E-1
9.164250E+3	9.788823E-1
9.164500E+3	9.769519E-1
9.164750E+3	9.727900E-1
9.165000E+3	9.700921E-1
9.165250E+3	9.728326E-1
9.165500E+3	9.775310E-1
9.165750E+3	9.778388E-1
9.166000E+3	9.735280E-1
9.166250E+3	9.718515E-1
9.166500E+3	9.760766E-1
9.166750E+3	9.813663E-1
9.167000E+3	9.834061E-1
9.167250E+3	9.844598E-1
9.167500E+3	9.870217E-1
9.167750E+3	9.866080E-1
9.168000E+3	9.794764E-1
9.168250E+3	9.719251E-1
9.168500E+3	9.727888E-1
9.168750E+3	9.797411E-1
9.169000E+3	9.821736E-1
9.169250E+3	9.770206E-1
9.169500E+3	9.725429E-1
9.169750E+3	9.742795E-1
9.170000E+3	9.795179E-1
9.170250E+3	9.838355E-1
9.170500E+3	9.870014E-1
9.170750E+3	9.886138E-1
9.171000E+3	9.852962E-1
9.171250E+3	9.776659E-1
9.171500E+3	9.744128E-1
9.171750E+3	9.798060E-1
9.172000E+3	9.853877E-1
9.172250E+3	9.833253E-1
9.172500E+3	9.775521E-1
9.172750E+3	9.760734E-1
9.173000E+3	9.776012E-1
9.173250E+3	9.741816E-1
9.173500E+3	9.666946E-1
9.173750E+3	9.642857E-1
9.174000E+3	9.688658E-1
9.174250E+3	9.729682E-1
9.174500E+3	9.729382E-1
9.174750E+3	9.751716E-1
9.175000E+3	9.849164E-1
9.175250E+3	9.921422E-1
9.175500E+3	9.885658E-1
9.175750E+3	9.824982E-1
9.176000E+3	9.838700E-1
9.176250E+3	9.886503E-1
9.176500E+3	9.853954E-1
9.176750E+3	9.749478E-1
9.177000E+3	9.684173E-1
9.177250E+3	9.708031E-1
9.177500E+3	9.737626E-1
9.177750E+3	9.721517E-1
9.178000E+3	9.713033E-1
9.178250E+3	9.763314E-1
9.178500E+3	9.827742E-1
9.178750E+3	9.837470E-1
9.179000E+3	9.814071E-1
9.179250E+3	9.823571E-1
9.179500E+3	9.852038E-1
9.179750E+3	9.844101E-1
9.180000E+3	9.806881E-1
9.180250E+3	9.782752E-1
9.180500E+3	9.774170E-1
9.180750E+3	9.746258E-1
9.181000E+3	9.720108E-1
9.181250E+3	9.758230E-1
9.181500E+3	9.846696E-1
9.181750E+3	9.871840E-1
9.182000E+3	9.826057E-1
9.182250E+3	9.781520E-1
9.182500E+3	9.785584E-1
9.182750E+3	9.797779E-1
9.183000E+3	9.762171E-1
9.183250E+3	9.693580E-1
9.183500E+3	9.644352E-1
9.183750E+3	9.660954E-1
9.184000E+3	9.706535E-1
9.184250E+3	9.726843E-1
9.184500E+3	9.730996E-1
9.184750E+3	9.750766E-1
9.185000E+3	9.779993E-1
9.185250E+3	9.782328E-1
9.185500E+3	9.746184E-1
9.185750E+3	9.733350E-1
9.186000E+3	9.796879E-1
9.186250E+3	9.879984E-1
9.186500E+3	9.891696E-1
9.186750E+3	9.798630E-1
9.187000E+3	9.743803E-1
9.187250E+3	9.805168E-1
9.187500E+3	9.868278E-1
9.187750E+3	9.821459E-1
9.188000E+3	9.704595E-1
9.188250E+3	9.712201E-1
9.188500E+3	9.814896E-1
9.188750E+3	9.791707E-1
9.189000E+3	9.572771E-1
9.189250E+3	9.359937E-1
9.189500E+3	9.361040E-1
9.189750E+3	9.468923E-1
9.190000E+3	9.529878E-1
9.190250E+3	9.566026E-1
9.190500E+3	9.642477E-1
9.190750E+3	9.697722E-1
9.191000E+3	9.661973E-1
9.191250E+3	9.614417E-1
9.191500E+3	9.647434E-1
9.191750E+3	9.710294E-1
9.192000E+3	9.645726E-1
9.192250E+3	9.489577E-1
9.192500E+3	9.413192E-1
9.192750E+3	9.470982E-1
9.193000E+3	9.559953E-1
9.193250E+3	9.542057E-1
9.193500E+3	9.392233E-1
9.193750E+3	9.245878E-1
9.194000E+3	9.240378E-1
9.194250E+3	9.381003E-1
9.194500E+3	9.576162E-1
9.194750E+3	9.634988E-1
9.195000E+3	9.501426E-1
9.195250E+3	9.386522E-1
9.195500E+3	9.406098E-1
9.195750E+3	9.442969E-1
9.196000E+3	9.372982E-1
9.196250E+3	9.316687E-1
9.196500E+3	9.417233E-1
9.196750E+3	9.605921E-1
9.197000E+3	9.675023E-1
9.197250E+3	9.651025E-1
9.197500E+3	9.695024E-1
9.197750E+3	9.784121E-1
9.198000E+3	9.713611E-1
9.198250E+3	9.502190E-1
9.198500E+3	9.406118E-1
9.198750E+3	9.508062E-1
9.199000E+3	9.598546E-1
9.199250E+3	9.528359E-1
9.199500E+3	9.473521E-1
9.199750E+3	9.635724E-1
9.200000E+3	9.831127E-1
9.200250E+3	9.867314E-1
9.200500E+3	9.829823E-1
9.200750E+3	9.804985E-1
9.201000E+3	9.699567E-1
9.201250E+3	9.483124E-1
9.201500E+3	9.291103E-1
9.201750E+3	9.245459E-1
9.202000E+3	9.343611E-1
9.202250E+3	9.308972E-1
9.202500E+3	9.081357E-1
9.202750E+3	8.970420E-1
9.203000E+3	9.131316E-1
9.203250E+3	9.375352E-1
9.203500E+3	9.508284E-1
9.203750E+3	9.526903E-1
9.204000E+3	9.458547E-1
9.204250E+3	9.315253E-1
9.204500E+3	9.136444E-1
9.204750E+3	8.974332E-1
9.205000E+3	8.934520E-1
9.205250E+3	9.062589E-1
9.205500E+3	9.234796E-1
9.205750E+3	9.374905E-1
9.206000E+3	9.371958E-1
9.206250E+3	9.068988E-1
9.206500E+3	8.768766E-1
9.206750E+3	8.783111E-1
9.207000E+3	8.902652E-1
9.207250E+3	8.877617E-1
9.207500E+3	8.694814E-1
9.207750E+3	8.735577E-1
9.208000E+3	8.979298E-1
9.208250E+3	9.192382E-1
9.208500E+3	9.337813E-1
9.208750E+3	9.467312E-1
9.209000E+3	9.553076E-1
9.209250E+3	9.494876E-1
9.209500E+3	9.228395E-1
9.209750E+3	8.901741E-1
9.210000E+3	8.781019E-1
9.210250E+3	8.822148E-1
9.210500E+3	8.996771E-1
9.210750E+3	9.256990E-1
9.211000E+3	9.307412E-1
9.211250E+3	9.139555E-1
9.211500E+3	9.055895E-1
9.211750E+3	9.284302E-1
9.212000E+3	9.440924E-1
9.212250E+3	9.113779E-1
9.212500E+3	8.645403E-1
9.212750E+3	8.661050E-1
9.213000E+3	9.241035E-1
9.213250E+3	9.139248E-1
9.213500E+3	7.973183E-1
9.213750E+3	7.302297E-1
9.214000E+3	7.844052E-1
9.214250E+3	8.587159E-1
9.214500E+3	8.524952E-1
9.214750E+3	7.912412E-1
9.215000E+3	8.377322E-1
9.215250E+3	9.223873E-1
9.215500E+3	9.495192E-1
9.215750E+3	9.165786E-1
9.216000E+3	9.036833E-1
9.216250E+3	9.264763E-1
9.216500E+3	9.180283E-1
9.216750E+3	8.445295E-1
9.217000E+3	8.367679E-1
9.217250E+3	8.650082E-1
9.217500E+3	8.489607E-1
9.217750E+3	7.807628E-1
9.218000E+3	7.903318E-1
9.218250E+3	8.577287E-1
9.218500E+3	9.063432E-1
9.218750E+3	9.294103E-1
9.219000E+3	9.373017E-1
9.219250E+3	9.483804E-1
9.219500E+3	9.521051E-1
9.219750E+3	9.096861E-1
9.220000E+3	7.412376E-1
9.220250E+3	6.845222E-1
9.220500E+3	7.643213E-1
9.220750E+3	8.177025E-1
9.221000E+3	8.323101E-1
9.221250E+3	8.210438E-1
9.221500E+3	8.088805E-1
9.221750E+3	8.150875E-1
9.222000E+3	8.541060E-1
9.222250E+3	8.871464E-1
9.222500E+3	8.744711E-1
9.222750E+3	8.412350E-1
9.223000E+3	8.587997E-1
9.223250E+3	9.021451E-1
9.223500E+3	9.039199E-1
9.223750E+3	8.483163E-1
9.224000E+3	8.182580E-1
9.224250E+3	8.662379E-1
9.224500E+3	8.892309E-1
9.224750E+3	8.776251E-1
9.225000E+3	8.322124E-1
9.225250E+3	7.637586E-1
9.225500E+3	6.697957E-1
9.225750E+3	5.592361E-1
9.226000E+3	7.298218E-1
9.226250E+3	9.097999E-1
9.226500E+3	9.374490E-1
9.226750E+3	9.102413E-1
9.227000E+3	8.625189E-1
9.227250E+3	8.453307E-1
9.227500E+3	8.262707E-1
9.227750E+3	7.850268E-1
9.228000E+3	7.717800E-1
9.228250E+3	8.373966E-1
9.228500E+3	8.747475E-1
9.228750E+3	8.375046E-1
9.229000E+3	7.409462E-1
9.229250E+3	6.613363E-1
9.229500E+3	6.869814E-1
9.229750E+3	6.572385E-1
9.230000E+3	6.309985E-1
9.230250E+3	7.065214E-1
9.230500E+3	8.818262E-1
9.230750E+3	9.239932E-1
9.231000E+3	7.664527E-1
9.231250E+3	6.810538E-1
9.231500E+3	7.379151E-1
9.231750E+3	7.358596E-1
9.232000E+3	6.037779E-1
9.232250E+3	5.691577E-1
9.232500E+3	7.208280E-1
9.232750E+3	7.945351E-1
9.233000E+3	7.012392E-1
9.233250E+3	5.505801E-1
9.233500E+3	4.818898E-1
9.233750E+3	5.099176E-1
9.234000E+3	5.466860E-1
9.234250E+3	5.849434E-1
9.234500E+3	6.531275E-1
9.234750E+3	7.146973E-1
9.235000E+3	5.611267E-1
9.235250E+3	4.562577E-1
9.235500E+3	4.064290E-1
9.235750E+3	4.469394E-1
9.236000E+3	7.101294E-1
9.236250E+3	8.021193E-1
9.236500E+3	7.855541E-1
9.236750E+3	6.885003E-1
9.237000E+3	5.057589E-1
9.237250E+3	5.088644E-1
9.237500E+3	6.286971E-1
9.237750E+3	7.410089E-1
9.238000E+3	6.933213E-1
9.238250E+3	2.129420E-2
9.238500E+3	2.985863E-1
9.238750E+3	4.047911E-1
9.239000E+3	3.868748E-1
9.239250E+3	1.953495E-1
9.239500E+3	1.519039E-1
9.239750E+3	3.176875E-1
9.240000E+3	4.529093E-1
9.240250E+3	5.805245E-1
9.240500E+3	6.368647E-1
9.240750E+3	6.420407E-1
9.241000E+3	6.868186E-1
9.241250E+3	7.698383E-1
9.241500E+3	8.394932E-1
9.241750E+3	7.603871E-1
9.242000E+3	5.756035E-1
9.242250E+3	5.414833E-1
9.242500E+3	6.044052E-1
9.242750E+3	6.356061E-1
9.243000E+3	6.137089E-1
9.243250E+3	6.107962E-1
9.243500E+3	6.115742E-1
9.243750E+3	4.623952E-1
9.244000E+3	1.348746E-1
9.244250E+3	2.274775E-1
9.244500E+3	3.103164E-1
9.244750E+3	3.220585E-1
9.245000E+3	3.234383E-1
9.245250E+3	3.851408E-1
9.245500E+3	4.944126E-1
9.245750E+3	5.374737E-1
9.246000E+3	4.645945E-1
9.246250E+3	4.587138E-1
9.246500E+3	5.089541E-1
9.246750E+3	5.279890E-1
9.247000E+3	5.075706E-1
9.247250E+3	4.034574E-1
9.247500E+3	1.669220E-1
9.247750E+3	3.064500E-1
9.248000E+3	4.783062E-1
9.248250E+3	5.355827E-1
9.248500E+3	3.174322E-1
9.248750E+3	6.817657E-2
9.249000E+3	2.103837E-1
9.249250E+3	5.195560E-1
9.249500E+3	7.347642E-1
9.249750E+3	6.686033E-1
9.250000E+3	3.714352E-1
9.250250E+3	1.596348E-1
9.250500E+3	2.680992E-1
9.250750E+3	4.208927E-1
9.251000E+3	3.201925E-1
9.251250E+3	2.046213E-1
9.251500E+3	1.804506E-1
9.251750E+3	2.561421E-1
9.252000E+3	3.633895E-1
9.252250E+3	2.410980E-1
9.252500E+3	1.981935E-1
9.252750E+3	2.552683E-1
9.253000E+3	4.003865E-1
9.253250E+3	4.005995E-1
9.253500E+3	2.713196E-1
9.253750E+3	1.389193E-1
9.254000E+3	2.752124E-2
9.254250E+3	1.123641E-1
9.254500E+3	3.012934E-1
9.254750E+3	2.800322E-1
9.255000E+3	1.473685E-1
9.255250E+3	1.107987E-2
9.255500E+3	9.031131E-2
9.255750E+3	2.817810E-1
9.256000E+3	2.723274E-1
9.256250E+3	2.191749E-1
9.256500E+3	3.263055E-1
9.256750E+3	3.938101E-1
9.257000E+3	3.286517E-1
9.257250E+3	2.592974E-1
9.257500E+3	3.116476E-1
9.257750E+3	3.754912E-1
9.258000E+3	2.813978E-1
9.258250E+3	1.164954E-1
9.258500E+3	3.218094E-1
9.258750E+3	5.623161E-1
9.259000E+3	6.048634E-1
9.259250E+3	4.161562E-1
9.259500E+3	2.472167E-1
9.259750E+3	4.297353E-1
9.260000E+3	5.740340E-1
9.260250E+3	4.563667E-1
9.260500E+3	2.822043E-1
9.260750E+3	2.327748E-1
9.261000E+3	2.848676E-1
9.261250E+3	3.315986E-1
9.261500E+3	2.123847E-1
9.261750E+3	2.382582E-2
9.262000E+3	1.444715E-1
9.262250E+3	4.017445E-1
9.262500E+3	4.831222E-1
9.262750E+3	4.030147E-1
9.263000E+3	3.321374E-1
9.263250E+3	2.960483E-1
9.263500E+3	2.323835E-1
9.263750E+3	1.502781E-1
9.264000E+3	1.052569E-1
9.264250E+3	1.593995E-1
9.264500E+3	2.447090E-1
9.264750E+3	1.687037E-1
9.265000E+3	4.605262E-3
9.265250E+3	2.170534E-1
9.265500E+3	4.324434E-1
9.265750E+3	5.006043E-1
9.266000E+3	4.829042E-1
9.266250E+3	3.605677E-1
9.266500E+3	2.091913E-1
9.266750E+3	2.235986E-1
9.267000E+3	2.760986E-1
9.267250E+3	2.543509E-1
9.267500E+3	1.883033E-1
9.267750E+3	2.373260E-1
9.268000E+3	3.507630E-1
9.268250E+3	2.974839E-1
9.268500E+3	8.856823E-2
9.268750E+3	1.128992E-2
9.269000E+3	2.329209E-2
9.269250E+3	3.869194E-2
9.269500E+3	4.314747E-2
9.269750E+3	9.860070E-2
9.270000E+3	1.602766E-1
9.270250E+3	1.699088E-1
9.270500E+3	1.846129E-1
9.270750E+3	3.523147E-1
9.271000E+3	5.633736E-1
9.271250E+3	7.435192E-1
9.271500E+3	7.099465E-1
9.271750E+3	3.485984E-1
9.272000E+3	1.140989E-1
9.272250E+3	2.813487E-2
9.272500E+3	1.240279E-2
9.272750E+3	6.681101E-2
9.273000E+3	1.010505E-1
9.273250E+3	1.033912E-1
9.273500E+3	1.071371E-1
9.273750E+3	2.111730E-1
9.274000E+3	3.036260E-1
9.274250E+3	3.270182E-1
9.274500E+3	2.945725E-1
9.274750E+3	1.955380E-1
9.275000E+3	3.089354E-1
9.275250E+3	4.601167E-1
9.275500E+3	4.665377E-1
9.275750E+3	3.972660E-1
9.276000E+3	2.456755E-1
9.276250E+3	3.755219E-1
9.276500E+3	4.798115E-1
9.276750E+3	4.482951E-1
9.277000E+3	3.599240E-1
9.277250E+3	2.427992E-1
9.277500E+3	2.411526E-1
9.277750E+3	2.898166E-1
9.278000E+3	2.232821E-1
9.278250E+3	1.527911E-1
9.278500E+3	2.689151E-1
9.278750E+3	4.337366E-1
9.279000E+3	3.724281E-1
9.279250E+3	2.929631E-1
9.279500E+3	2.704022E-1
9.279750E+3	3.708277E-1
9.280000E+3	5.329529E-1
9.280250E+3	5.544765E-1
9.280500E+3	5.379839E-1
9.280750E+3	5.268900E-1
9.281000E+3	4.609406E-1
9.281250E+3	3.225325E-1
9.281500E+3	2.612867E-1
9.281750E+3	2.471839E-1
9.282000E+3	2.076327E-1
9.282250E+3	1.152707E-1
9.282500E+3	1.111370E-1
9.282750E+3	2.567865E-1
9.283000E+3	3.244541E-1
9.283250E+3	2.688372E-1
9.283500E+3	2.012674E-1
9.283750E+3	2.907215E-1
9.284000E+3	4.910349E-1
9.284250E+3	6.106897E-1
9.284500E+3	5.791355E-1
9.284750E+3	4.716051E-1
9.285000E+3	3.870274E-1
9.285250E+3	3.580264E-1
9.285500E+3	3.454495E-1
9.285750E+3	3.094970E-1
9.286000E+3	2.438024E-1
9.286250E+3	1.996458E-1
9.286500E+3	2.428531E-1
9.286750E+3	3.956229E-1
9.287000E+3	5.432063E-1
9.287250E+3	4.925442E-1
9.287500E+3	4.317784E-1
9.287750E+3	4.658618E-1
9.288000E+3	5.504895E-1
9.288250E+3	5.044189E-1
9.288500E+3	3.670951E-1
9.288750E+3	3.138068E-1
9.289000E+3	3.740789E-1
9.289250E+3	4.794050E-1
9.289500E+3	4.793463E-1
9.289750E+3	4.068294E-1
9.290000E+3	3.324850E-1
9.290250E+3	3.261869E-1
9.290500E+3	4.063192E-1
9.290750E+3	5.030846E-1
9.291000E+3	6.070905E-1
9.291250E+3	5.958672E-1
9.291500E+3	3.736162E-1
9.291750E+3	2.537350E-1
9.292000E+3	2.968344E-1
9.292250E+3	4.779831E-1
9.292500E+3	6.468999E-1
9.292750E+3	5.854822E-1
9.293000E+3	4.255056E-1
9.293250E+3	3.159712E-1
9.293500E+3	4.040615E-1
9.293750E+3	4.678832E-1
9.294000E+3	4.867025E-1
9.294250E+3	5.160433E-1
9.294500E+3	5.364146E-1
9.294750E+3	5.034627E-1
9.295000E+3	4.680829E-1
9.295250E+3	4.635590E-1
9.295500E+3	4.929498E-1
9.295750E+3	5.384282E-1
9.296000E+3	5.876001E-1
9.296250E+3	6.221950E-1
9.296500E+3	5.706463E-1
9.296750E+3	4.665156E-1
9.297000E+3	4.445773E-1
9.297250E+3	4.848799E-1
9.297500E+3	4.659554E-1
9.297750E+3	3.445203E-1
9.298000E+3	2.925161E-1
9.298250E+3	3.749237E-1
9.298500E+3	5.359566E-1
9.298750E+3	6.103513E-1
9.299000E+3	5.901618E-1
9.299250E+3	5.676381E-1
9.299500E+3	5.692999E-1
9.299750E+3	5.485237E-1
9.300000E+3	5.151485E-1
9.300250E+3	5.200989E-1
9.300500E+3	5.652107E-1
9.300750E+3	5.744022E-1
9.301000E+3	4.741687E-1
9.301250E+3	3.834008E-1
9.301500E+3	3.810553E-1
9.301750E+3	4.595657E-1
9.302000E+3	5.237899E-1
9.302250E+3	5.375590E-1
9.302500E+3	5.612796E-1
9.302750E+3	6.130294E-1
9.303000E+3	6.288228E-1
9.303250E+3	5.900805E-1
9.303500E+3	5.590242E-1
9.303750E+3	5.635304E-1
9.304000E+3	5.627750E-1
9.304250E+3	5.218186E-1
9.304500E+3	4.886105E-1
9.304750E+3	5.238526E-1
9.305000E+3	5.954555E-1
9.305250E+3	5.773421E-1
9.305500E+3	5.059566E-1
9.305750E+3	4.707060E-1
9.306000E+3	5.128809E-1
9.306250E+3	5.822568E-1
9.306500E+3	5.697630E-1
9.306750E+3	5.046942E-1
9.307000E+3	4.448350E-1
9.307250E+3	4.023636E-1
9.307500E+3	3.741351E-1
9.307750E+3	3.649964E-1
9.308000E+3	3.824505E-1
9.308250E+3	4.061838E-1
9.308500E+3	4.071568E-1
9.308750E+3	3.886163E-1
9.309000E+3	3.692772E-1
9.309250E+3	3.508395E-1
9.309500E+3	3.219186E-1
9.309750E+3	2.842931E-1
9.310000E+3	2.547068E-1
9.310250E+3	2.216717E-1
9.310500E+3	1.692549E-1
9.310750E+3	1.209423E-1
9.311000E+3	1.351643E-1
9.311250E+3	2.061999E-1
9.311500E+3	2.361606E-1
9.311750E+3	1.721192E-1
9.312000E+3	6.441985E-2
9.312250E+3	1.425602E-2
9.312500E+3	3.478699E-2
9.312750E+3	6.061430E-2
9.313000E+3	4.725473E-2
9.313250E+3	1.399112E-2
9.313500E+3	5.565592E-3
9.313750E+3	1.791908E-2
9.314000E+3	3.312919E-2
9.314250E+3	3.761165E-2
9.314500E+3	3.298895E-2
9.314750E+3	3.517422E-2
9.315000E+3	5.139121E-2
9.315250E+3	8.338413E-2
9.315500E+3	9.964275E-2
9.315750E+3	6.695291E-2
9.316000E+3	2.842743E-2
9.316250E+3	2.381087E-3
9.316500E+3	2.607556E-2
9.316750E+3	8.767938E-2
9.317000E+3	1.107950E-1
9.317250E+3	1.257942E-1
9.317500E+3	1.535519E-1
9.317750E+3	1.693664E-1
9.318000E+3	1.337735E-1
9.318250E+3	8.499219E-2
9.318500E+3	4.827788E-2
9.318750E+3	7.165561E-2
9.319000E+3	1.971020E-1
9.319250E+3	3.277295E-1
9.319500E+3	3.428221E-1
9.319750E+3	2.823231E-1
9.320000E+3	2.564572E-1
9.320250E+3	2.701465E-1
9.320500E+3	2.732577E-1
9.320750E+3	2.242485E-1
9.321000E+3	2.062584E-1
9.321250E+3	2.158013E-1
9.321500E+3	2.212982E-1
9.321750E+3	2.362312E-1
9.322000E+3	3.111713E-1
9.322250E+3	4.076755E-1
9.322500E+3	4.715469E-1
9.322750E+3	4.741345E-1
9.323000E+3	4.238690E-1
9.323250E+3	3.625834E-1
9.323500E+3	2.949959E-1
9.323750E+3	2.539912E-1
9.324000E+3	2.894489E-1
9.324250E+3	3.365562E-1
9.324500E+3	3.818163E-1
9.324750E+3	4.647116E-1
9.325000E+3	5.297708E-1
9.325250E+3	5.400083E-1
9.325500E+3	5.293265E-1
9.325750E+3	5.469040E-1
9.326000E+3	7.658512E-1
9.326250E+3	8.205950E-1
9.326500E+3	7.353422E-1
9.326750E+3	6.563772E-1
9.327000E+3	5.902922E-1
9.327250E+3	6.142432E-1
9.327500E+3	6.243558E-1
9.327750E+3	5.517679E-1
9.328000E+3	4.904409E-1
9.328250E+3	4.935802E-1
9.328500E+3	5.298082E-1
9.328750E+3	5.827254E-1
9.329000E+3	7.343290E-1
9.329250E+3	7.883080E-1
9.329500E+3	7.700278E-1
9.329750E+3	7.358552E-1
9.330000E+3	6.695334E-1
9.330250E+3	5.975291E-1
9.330500E+3	5.541379E-1
9.330750E+3	4.629494E-1
9.331000E+3	3.499164E-1
9.331250E+3	3.638306E-1
9.331500E+3	4.903400E-1
9.331750E+3	5.001541E-1
9.332000E+3	3.842722E-1
9.332250E+3	3.562477E-1
9.332500E+3	4.524992E-1
9.332750E+3	5.894317E-1
9.333000E+3	7.243172E-1
9.333250E+3	7.660078E-1
9.333500E+3	7.313960E-1
9.333750E+3	7.439333E-1
9.334000E+3	7.842688E-1
9.334250E+3	7.525329E-1
9.334500E+3	5.902673E-1
9.334750E+3	5.552801E-1
9.335000E+3	5.443391E-1
9.335250E+3	5.581784E-1
9.335500E+3	6.573945E-1
9.335750E+3	6.933773E-1
9.336000E+3	4.061258E-1
9.336250E+3	1.561058E-1
9.336500E+3	1.610586E-1
9.336750E+3	3.737977E-1
9.337000E+3	5.530935E-1
9.337250E+3	5.537378E-1
9.337500E+3	4.940200E-1
9.337750E+3	5.116178E-1
9.338000E+3	5.720648E-1
9.338250E+3	6.008243E-1
9.338500E+3	6.697206E-1
9.338750E+3	8.036049E-1
9.339000E+3	8.710173E-1
9.339250E+3	7.546225E-1
9.339500E+3	5.467161E-1
9.339750E+3	5.514246E-1
9.340000E+3	6.588110E-1
9.340250E+3	6.904573E-1
9.340500E+3	5.961980E-1
9.340750E+3	5.524536E-1
9.341000E+3	6.429440E-1
9.341250E+3	6.894149E-1
9.341500E+3	5.662788E-1
9.341750E+3	3.749694E-1
9.342000E+3	4.244168E-1
9.342250E+3	6.490793E-1
9.342500E+3	8.414826E-1
9.342750E+3	8.222164E-1
9.343000E+3	8.216052E-1
9.343250E+3	8.414524E-1
9.343500E+3	8.227793E-1
9.343750E+3	7.331556E-1
9.344000E+3	6.778929E-1
9.344250E+3	7.414301E-1
9.344500E+3	7.486115E-1
9.344750E+3	7.115291E-1
9.345000E+3	7.397786E-1
9.345250E+3	8.847236E-1
9.345500E+3	8.972668E-1
9.345750E+3	8.074671E-1
9.346000E+3	7.564042E-1
9.346250E+3	7.939311E-1
9.346500E+3	7.881581E-1
9.346750E+3	6.331979E-1
9.347000E+3	5.053829E-1
9.347250E+3	4.650217E-1
9.347500E+3	4.716186E-1
9.347750E+3	4.603551E-1
9.348000E+3	4.569074E-1
9.348250E+3	5.517020E-1
9.348500E+3	6.775385E-1
9.348750E+3	7.275158E-1
9.349000E+3	6.748136E-1
9.349250E+3	5.909920E-1
9.349500E+3	5.579711E-1
9.349750E+3	6.006140E-1
9.350000E+3	6.574201E-1
9.350250E+3	6.517140E-1
9.350500E+3	5.664358E-1
9.350750E+3	3.969188E-1
9.351000E+3	2.076570E-1
9.351250E+3	3.669670E-1
9.351500E+3	5.650264E-1
9.351750E+3	5.904969E-1
9.352000E+3	5.866809E-1
9.352250E+3	6.262094E-1
9.352500E+3	7.062379E-1
9.352750E+3	7.590053E-1
9.353000E+3	8.106090E-1
9.353250E+3	8.677593E-1
9.353500E+3	8.479113E-1
9.353750E+3	7.193322E-1
9.354000E+3	6.005556E-1
9.354250E+3	5.407595E-1
9.354500E+3	4.777515E-1
9.354750E+3	3.663816E-1
9.355000E+3	2.532315E-1
9.355250E+3	2.220374E-1
9.355500E+3	3.132109E-1
9.355750E+3	2.894090E-1
9.356000E+3	2.165329E-1
9.356250E+3	2.571915E-1
9.356500E+3	4.602631E-1
9.356750E+3	5.478270E-1
9.357000E+3	5.244778E-1
9.357250E+3	5.325325E-1
9.357500E+3	5.103880E-1
9.357750E+3	3.970163E-1
9.358000E+3	2.827018E-1
9.358250E+3	2.590259E-1
9.358500E+3	3.016347E-1
9.358750E+3	3.020252E-1
9.359000E+3	2.554092E-1
9.359250E+3	2.641324E-1
9.359500E+3	3.681962E-1
9.359750E+3	5.123286E-1
9.360000E+3	4.456290E-1
9.360250E+3	2.509205E-1
9.360500E+3	2.466038E-1
9.360750E+3	4.965945E-1
9.361000E+3	3.853000E-1
9.361250E+3	1.431004E-1
9.361500E+3	9.748357E-3
9.361750E+3	6.464863E-2
9.362000E+3	3.011227E-1
9.362250E+3	3.854052E-1
9.362500E+3	2.953284E-1
9.362750E+3	1.328293E-1
9.363000E+3	7.425922E-2
9.363250E+3	2.551536E-1
9.363500E+3	3.041597E-1
9.363750E+3	2.053164E-1
9.364000E+3	2.274442E-1
9.364250E+3	4.567667E-1
9.364500E+3	5.037661E-1
9.364750E+3	2.680473E-1
9.365000E+3	1.189143E-1
9.365250E+3	1.952945E-1
9.365500E+3	3.258101E-1
9.365750E+3	3.654769E-1
9.366000E+3	2.440191E-1
9.366250E+3	8.545451E-2
9.366500E+3	2.467141E-1
9.366750E+3	4.092533E-1
9.367000E+3	3.742953E-1
9.367250E+3	2.408624E-1
9.367500E+3	1.370827E-1
9.367750E+3	1.217900E-1
9.368000E+3	8.501488E-2
9.368250E+3	3.532150E-2
9.368500E+3	4.774986E-2
9.368750E+3	1.274587E-1
9.369000E+3	1.718369E-1
9.369250E+3	9.210467E-2
9.369500E+3	8.352102E-2
9.369750E+3	1.510734E-1
9.370000E+3	1.876778E-1
9.370250E+3	1.962988E-1
9.370500E+3	2.175326E-1
9.370750E+3	2.392772E-1
9.371000E+3	2.298312E-1
9.371250E+3	1.894990E-1
9.371500E+3	1.279375E-1
9.371750E+3	7.453280E-2
9.372000E+3	4.799799E-2
9.372250E+3	4.640211E-2
9.372500E+3	1.048652E-1
9.372750E+3	2.029213E-1
9.373000E+3	1.748450E-1
9.373250E+3	7.721426E-2
9.373500E+3	4.411317E-2
9.373750E+3	1.549616E-1
9.374000E+3	3.115783E-1
9.374250E+3	2.731690E-1
9.374500E+3	8.996855E-2
9.374750E+3	1.680177E-2
9.375000E+3	5.779880E-2
9.375250E+3	1.273178E-1
9.375500E+3	1.709372E-1
9.375750E+3	1.348028E-1
9.376000E+3	1.253363E-1
9.376250E+3	1.300304E-1
9.376500E+3	1.078178E-1
9.376750E+3	4.685515E-2
9.377000E+3	6.508583E-3
9.377250E+3	2.579887E-3
9.377500E+3	6.388051E-3
9.377750E+3	1.393239E-2
9.378000E+3	2.798174E-2
9.378250E+3	3.043991E-2
9.378500E+3	1.405384E-2
9.378750E+3	1.417434E-4
9.379000E+3	2.402816E-2
9.379250E+3	5.628343E-2
9.379500E+3	4.099050E-2
9.379750E+3	3.136496E-2
9.380000E+3	9.688496E-2
9.380250E+3	2.349938E-1
9.380500E+3	3.250220E-1
9.380750E+3	3.193789E-1
9.381000E+3	2.703835E-1
9.381250E+3	2.253417E-1
9.381500E+3	2.292060E-1
9.381750E+3	3.063876E-1
9.382000E+3	3.982005E-1
9.382250E+3	4.076120E-1
9.382500E+3	3.010459E-1
9.382750E+3	1.761398E-1
9.383000E+3	1.651392E-1
9.383250E+3	2.415300E-1
9.383500E+3	2.644420E-1
9.383750E+3	1.885917E-1
9.384000E+3	1.199494E-1
9.384250E+3	1.906178E-1
9.384500E+3	3.079992E-1
9.384750E+3	2.882007E-1
9.385000E+3	2.079355E-1
9.385250E+3	1.660492E-1
9.385500E+3	1.900033E-1
9.385750E+3	2.185649E-1
9.386000E+3	1.906253E-1
9.386250E+3	1.739917E-1
9.386500E+3	1.884553E-1
9.386750E+3	1.932048E-1
9.387000E+3	1.525296E-1
9.387250E+3	9.854304E-2
9.387500E+3	1.111845E-1
9.387750E+3	2.027343E-1
9.388000E+3	2.666023E-1
9.388250E+3	2.780346E-1
9.388500E+3	2.905876E-1
9.388750E+3	3.517537E-1
9.389000E+3	4.218633E-1
9.389250E+3	4.320047E-1
9.389500E+3	3.786290E-1
9.389750E+3	3.038867E-1
9.390000E+3	2.805899E-1
9.390250E+3	3.070732E-1
9.390500E+3	3.253349E-1
9.390750E+3	3.130336E-1
9.391000E+3	3.147178E-1
9.391250E+3	3.601170E-1
9.391500E+3	4.067136E-1
9.391750E+3	4.095594E-1
9.392000E+3	3.617925E-1
9.392250E+3	3.478500E-1
9.392500E+3	3.905091E-1
9.392750E+3	4.389378E-1
9.393000E+3	4.676984E-1
9.393250E+3	4.716464E-1
9.393500E+3	4.583211E-1
9.393750E+3	4.357012E-1
9.394000E+3	4.227493E-1
9.394250E+3	4.415226E-1
9.394500E+3	4.805442E-1
9.394750E+3	5.049503E-1
9.395000E+3	5.051143E-1
9.395250E+3	5.154879E-1
9.395500E+3	5.475191E-1
9.395750E+3	5.644034E-1
9.396000E+3	5.365365E-1
9.396250E+3	5.038350E-1
9.396500E+3	5.214953E-1
9.396750E+3	5.607225E-1
9.397000E+3	5.724215E-1
9.397250E+3	5.543494E-1
9.397500E+3	5.587508E-1
9.397750E+3	6.076489E-1
9.398000E+3	6.603773E-1
9.398250E+3	6.737622E-1
9.398500E+3	6.547660E-1
9.398750E+3	6.429645E-1
9.399000E+3	6.526839E-1
9.399250E+3	6.711666E-1
9.399500E+3	6.894013E-1
9.399750E+3	7.091394E-1
9.400000E+3	7.234040E-1
9.400250E+3	7.188644E-1
9.400500E+3	7.029909E-1
9.400750E+3	7.052165E-1
9.401000E+3	7.314229E-1
9.401250E+3	7.529387E-1
9.401500E+3	7.460815E-1
9.401750E+3	7.250047E-1
9.402000E+3	7.172249E-1
9.402250E+3	7.221014E-1
9.402500E+3	7.189300E-1
9.402750E+3	7.029473E-1
9.403000E+3	6.936469E-1
9.403250E+3	6.982543E-1
9.403500E+3	6.975871E-1
9.403750E+3	6.796852E-1
9.404000E+3	6.655424E-1
9.404250E+3	6.804023E-1
9.404500E+3	7.038289E-1
9.404750E+3	6.946042E-1
9.405000E+3	6.616957E-1
9.405250E+3	6.506886E-1
9.405500E+3	6.763058E-1
9.405750E+3	6.933533E-1
9.406000E+3	6.682197E-1
9.406250E+3	6.313687E-1
9.406500E+3	6.235478E-1
9.406750E+3	6.412115E-1
9.407000E+3	6.404775E-1
9.407250E+3	6.176996E-1
9.407500E+3	6.091122E-1
9.407750E+3	6.252503E-1
9.408000E+3	6.360438E-1
9.408250E+3	6.229985E-1
9.408500E+3	6.087468E-1
9.408750E+3	6.091043E-1
9.409000E+3	6.070541E-1
9.409250E+3	5.914457E-1
9.409500E+3	5.860315E-1
9.409750E+3	6.083907E-1
9.410000E+3	6.402020E-1
9.410250E+3	6.562183E-1
9.410500E+3	6.500487E-1
9.410750E+3	6.201218E-1
9.411000E+3	5.725343E-1
9.411250E+3	5.403433E-1
9.411500E+3	5.423427E-1
9.411750E+3	5.616833E-1
9.412000E+3	5.687079E-1
9.412250E+3	5.617115E-1
9.412500E+3	5.763730E-1
9.412750E+3	6.046345E-1
9.413000E+3	5.902483E-1
9.413250E+3	5.328884E-1
9.413500E+3	5.072301E-1
9.413750E+3	5.708099E-1
9.414000E+3	6.413756E-1
9.414250E+3	6.104490E-1
9.414500E+3	5.400256E-1
9.414750E+3	5.416997E-1
9.415000E+3	6.146849E-1
9.415250E+3	6.511093E-1
9.415500E+3	6.042288E-1
9.415750E+3	5.418051E-1
9.416000E+3	5.423236E-1
9.416250E+3	5.592304E-1
9.416500E+3	5.482702E-1
9.416750E+3	5.416886E-1
9.417000E+3	5.651045E-1
9.417250E+3	5.793108E-1
9.417500E+3	5.550663E-1
9.417750E+3	5.411344E-1
9.418000E+3	5.695191E-1
9.418250E+3	5.971700E-1
9.418500E+3	5.611284E-1
9.418750E+3	5.084886E-1
9.419000E+3	4.985892E-1
9.419250E+3	5.174669E-1
9.419500E+3	5.265797E-1
9.419750E+3	5.428850E-1
9.420000E+3	5.955955E-1
9.420250E+3	6.484343E-1
9.420500E+3	6.477381E-1
9.420750E+3	6.157283E-1
9.421000E+3	6.085162E-1
9.421250E+3	6.232843E-1
9.421500E+3	6.219585E-1
9.421750E+3	6.006420E-1
9.422000E+3	6.075908E-1
9.422250E+3	6.387376E-1
9.422500E+3	6.226778E-1
9.422750E+3	5.460210E-1
9.423000E+3	4.781395E-1
9.423250E+3	4.823148E-1
9.423500E+3	5.362495E-1
9.423750E+3	5.846138E-1
9.424000E+3	6.100531E-1
9.424250E+3	6.134855E-1
9.424500E+3	5.896903E-1
9.424750E+3	5.551961E-1
9.425000E+3	5.475590E-1
9.425250E+3	5.733503E-1
9.425500E+3	6.048410E-1
9.425750E+3	6.092460E-1
9.426000E+3	5.856397E-1
9.426250E+3	5.625651E-1
9.426500E+3	5.529929E-1
9.426750E+3	5.514788E-1
9.427000E+3	5.463361E-1
9.427250E+3	5.300175E-1
9.427500E+3	5.110955E-1
9.427750E+3	5.148278E-1
9.428000E+3	5.541803E-1
9.428250E+3	5.897565E-1
9.428500E+3	5.932196E-1
9.428750E+3	5.915008E-1
9.429000E+3	6.051515E-1
9.429250E+3	6.153041E-1
9.429500E+3	5.948138E-1
9.429750E+3	5.679099E-1
9.430000E+3	6.017007E-1
9.430250E+3	6.461970E-1
9.430500E+3	6.319421E-1
9.430750E+3	5.660316E-1
9.431000E+3	5.427890E-1
9.431250E+3	6.237576E-1
9.431500E+3	6.796948E-1
9.431750E+3	6.380614E-1
9.432000E+3	5.499902E-1
9.432250E+3	5.134688E-1
9.432500E+3	5.418046E-1
9.432750E+3	5.640979E-1
9.433000E+3	5.350781E-1
9.433250E+3	5.113763E-1
9.433500E+3	5.503076E-1
9.433750E+3	6.100967E-1
9.434000E+3	6.185095E-1
9.434250E+3	5.683520E-1
9.434500E+3	5.246172E-1
9.434750E+3	5.426877E-1
9.435000E+3	6.550895E-1
9.435250E+3	7.310716E-1
9.435500E+3	6.772245E-1
9.435750E+3	6.015116E-1
9.436000E+3	5.545844E-1
9.436250E+3	5.526554E-1
9.436500E+3	5.465656E-1
9.436750E+3	5.070122E-1
9.437000E+3	4.857058E-1
9.437250E+3	5.558466E-1
9.437500E+3	7.047364E-1
9.437750E+3	7.922924E-1
9.438000E+3	7.636703E-1
9.438250E+3	6.498276E-1
9.438500E+3	5.652860E-1
9.438750E+3	5.777273E-1
9.439000E+3	6.229035E-1
9.439250E+3	6.517707E-1
9.439500E+3	6.284700E-1
9.439750E+3	5.554073E-1
9.440000E+3	5.180446E-1
9.440250E+3	5.617112E-1
9.440500E+3	6.491720E-1
9.440750E+3	6.846229E-1
9.441000E+3	6.370431E-1
9.441250E+3	6.128250E-1
9.441500E+3	6.721084E-1
9.441750E+3	7.885309E-1
9.442000E+3	8.423824E-1
9.442250E+3	7.486415E-1
9.442500E+3	6.344735E-1
9.442750E+3	5.983158E-1
9.443000E+3	6.367482E-1
9.443250E+3	6.914057E-1
9.443500E+3	6.910196E-1
9.443750E+3	6.446702E-1
9.444000E+3	5.978944E-1
9.444250E+3	5.595140E-1
9.444500E+3	5.140541E-1
9.444750E+3	4.780968E-1
9.445000E+3	4.942482E-1
9.445250E+3	5.622068E-1
9.445500E+3	6.503482E-1
9.445750E+3	6.809677E-1
9.446000E+3	5.849784E-1
9.446250E+3	5.387076E-1
9.446500E+3	5.815158E-1
9.446750E+3	6.545170E-1
9.447000E+3	6.996399E-1
9.447250E+3	6.372305E-1
9.447500E+3	5.703432E-1
9.447750E+3	5.957859E-1
9.448000E+3	6.127050E-1
9.448250E+3	5.264709E-1
9.448500E+3	4.238193E-1
9.448750E+3	4.399059E-1
9.449000E+3	5.254208E-1
9.449250E+3	5.359555E-1
9.449500E+3	4.576580E-1
9.449750E+3	4.270750E-1
9.450000E+3	5.085703E-1
9.450250E+3	6.370050E-1
9.450500E+3	6.571594E-1
9.450750E+3	6.531281E-1
9.451000E+3	7.012167E-1
9.451250E+3	7.384436E-1
9.451500E+3	6.846779E-1
9.451750E+3	6.321991E-1
9.452000E+3	7.143967E-1
9.452250E+3	8.270575E-1
9.452500E+3	8.009165E-1
9.452750E+3	7.201321E-1
9.453000E+3	6.903728E-1
9.453250E+3	6.941587E-1
9.453500E+3	6.206575E-1
9.453750E+3	4.646369E-1
9.454000E+3	3.849340E-1
9.454250E+3	4.637205E-1
9.454500E+3	5.999754E-1
9.454750E+3	6.416533E-1
9.455000E+3	6.090177E-1
9.455250E+3	5.818252E-1
9.455500E+3	5.652062E-1
9.455750E+3	5.489254E-1
9.456000E+3	5.765083E-1
9.456250E+3	6.499103E-1
9.456500E+3	7.068738E-1
9.456750E+3	6.846835E-1
9.457000E+3	6.070439E-1
9.457250E+3	7.323673E-1
9.457500E+3	9.168476E-1
9.457750E+3	8.579598E-1
9.458000E+3	6.532236E-1
9.458250E+3	5.141553E-1
9.458500E+3	5.369362E-1
9.458750E+3	6.380929E-1
9.459000E+3	7.087262E-1
9.459250E+3	6.534889E-1
9.459500E+3	5.885124E-1
9.459750E+3	6.189353E-1
9.460000E+3	6.770201E-1
9.460250E+3	6.860773E-1
9.460500E+3	6.339773E-1
9.460750E+3	6.013158E-1
9.461000E+3	6.124174E-1
9.461250E+3	6.601674E-1
9.461500E+3	7.091678E-1
9.461750E+3	7.079380E-1
9.462000E+3	7.099344E-1
9.462250E+3	7.032289E-1
9.462500E+3	6.546883E-1
9.462750E+3	5.930015E-1
9.463000E+3	5.822082E-1
9.463250E+3	5.789115E-1
9.463500E+3	5.246722E-1
9.463750E+3	4.431230E-1
9.464000E+3	4.733905E-1
9.464250E+3	5.391802E-1
9.464500E+3	5.610333E-1
9.464750E+3	5.678659E-1
9.465000E+3	5.989634E-1
9.465250E+3	6.213502E-1
9.465500E+3	5.831496E-1
9.465750E+3	5.246815E-1
9.466000E+3	5.105193E-1
9.466250E+3	5.356480E-1
9.466500E+3	5.424188E-1
9.466750E+3	5.402862E-1
9.467000E+3	6.129921E-1
9.467250E+3	7.190303E-1
9.467500E+3	7.008650E-1
9.467750E+3	6.175275E-1
9.468000E+3	5.837366E-1
9.468250E+3	6.641057E-1
9.468500E+3	7.117733E-1
9.468750E+3	6.593718E-1
9.469000E+3	5.933784E-1
9.469250E+3	6.253728E-1
9.469500E+3	6.943011E-1
9.469750E+3	6.876597E-1
9.470000E+3	6.034468E-1
9.470250E+3	4.762832E-1
9.470500E+3	4.470327E-1
9.470750E+3	4.564968E-1
9.471000E+3	4.727820E-1
9.471250E+3	5.817106E-1
9.471500E+3	7.121020E-1
9.471750E+3	7.081916E-1
9.472000E+3	6.645599E-1
9.472250E+3	6.607566E-1
9.472500E+3	6.754141E-1
9.472750E+3	6.591774E-1
9.473000E+3	6.268342E-1
9.473250E+3	6.190619E-1
9.473500E+3	6.610584E-1
9.473750E+3	6.667704E-1
9.474000E+3	6.653118E-1
9.474250E+3	7.039832E-1
9.474500E+3	7.080640E-1
9.474750E+3	6.009811E-1
9.475000E+3	4.963714E-1
9.475250E+3	4.902530E-1
9.475500E+3	5.858573E-1
9.475750E+3	5.855543E-1
9.476000E+3	4.840188E-1
9.476250E+3	4.222375E-1
9.476500E+3	5.268882E-1
9.476750E+3	6.109316E-1
9.477000E+3	5.393699E-1
9.477250E+3	4.457539E-1
9.477500E+3	4.767129E-1
9.477750E+3	5.334616E-1
9.478000E+3	4.348425E-1
9.478250E+3	2.422743E-1
9.478500E+3	2.232920E-1
9.478750E+3	4.313196E-1
9.479000E+3	4.796244E-1
9.479250E+3	3.746644E-1
9.479500E+3	3.618584E-1
9.479750E+3	6.273896E-1
9.480000E+3	6.243967E-1
9.480250E+3	4.859544E-1
9.480500E+3	3.960678E-1
9.480750E+3	5.182686E-1
9.481000E+3	5.522744E-1
9.481250E+3	3.820247E-1
9.481500E+3	2.213091E-1
9.481750E+3	3.448892E-1
9.482000E+3	6.773211E-1
9.482250E+3	6.642099E-1
9.482500E+3	5.181613E-1
9.482750E+3	5.286226E-1
9.483000E+3	6.658143E-1
9.483250E+3	5.833092E-1
9.483500E+3	4.122436E-1
9.483750E+3	4.499990E-1
9.484000E+3	6.362597E-1
9.484250E+3	7.034037E-1
9.484500E+3	4.301203E-1
9.484750E+3	1.787127E-1
9.485000E+3	2.329415E-1
9.485250E+3	3.790657E-1
9.485500E+3	4.212370E-1
9.485750E+3	3.455563E-1
9.486000E+3	3.733872E-1
9.486250E+3	4.974282E-1
9.486500E+3	5.221513E-1
9.486750E+3	4.759778E-1
9.487000E+3	4.890190E-1
9.487250E+3	5.593801E-1
9.487500E+3	5.555658E-1
9.487750E+3	3.935880E-1
9.488000E+3	2.882795E-1
9.488250E+3	3.279179E-1
9.488500E+3	4.410267E-1
9.488750E+3	5.011162E-1
9.489000E+3	4.378720E-1
9.489250E+3	3.266463E-1
9.489500E+3	2.537568E-1
9.489750E+3	2.476722E-1
9.490000E+3	2.508045E-1
9.490250E+3	2.144681E-1
9.490500E+3	2.141015E-1
9.490750E+3	2.764228E-1
9.491000E+3	3.062231E-1
9.491250E+3	2.415614E-1
9.491500E+3	1.314621E-1
9.491750E+3	1.360942E-1
9.492000E+3	2.479555E-1
9.492250E+3	2.948679E-1
9.492500E+3	2.819189E-1
9.492750E+3	2.844142E-1
9.493000E+3	2.931874E-1
9.493250E+3	2.850675E-1
9.493500E+3	3.006553E-1
9.493750E+3	3.676639E-1
9.494000E+3	4.273129E-1
9.494250E+3	4.204118E-1
9.494500E+3	2.791203E-1
9.494750E+3	1.021466E-1
9.495000E+3	8.926454E-2
9.495250E+3	1.079222E-1
9.495500E+3	1.384838E-1
9.495750E+3	2.430998E-1
9.496000E+3	3.078406E-1
9.496250E+3	2.653677E-1
9.496500E+3	1.858946E-1
9.496750E+3	1.497997E-1
9.497000E+3	1.763150E-1
9.497250E+3	1.734239E-1
9.497500E+3	1.156966E-1
9.497750E+3	8.725541E-2
9.498000E+3	1.297379E-1
9.498250E+3	1.898971E-1
9.498500E+3	2.394449E-1
9.498750E+3	2.924585E-1
9.499000E+3	3.099246E-1
9.499250E+3	2.539451E-1
9.499500E+3	1.564773E-1
9.499750E+3	1.508558E-1
9.500000E+3	2.754427E-1
9.500250E+3	3.563737E-1
9.500500E+3	2.982835E-1
9.500750E+3	2.175831E-1
9.501000E+3	2.441354E-1
9.501250E+3	2.999610E-1
9.501500E+3	2.851933E-1
9.501750E+3	2.125131E-1
9.502000E+3	2.139522E-1
9.502250E+3	2.682959E-1
9.502500E+3	2.858953E-1
9.502750E+3	2.407291E-1
9.503000E+3	1.955729E-1
9.503250E+3	2.381787E-1
9.503500E+3	3.442570E-1
9.503750E+3	4.294227E-1
9.504000E+3	4.212598E-1
9.504250E+3	3.445667E-1
9.504500E+3	2.709438E-1
9.504750E+3	2.417659E-1
9.505000E+3	2.668560E-1
9.505250E+3	3.102571E-1
9.505500E+3	3.229896E-1
9.505750E+3	3.128390E-1
9.506000E+3	3.253595E-1
9.506250E+3	3.545645E-1
9.506500E+3	3.486033E-1
9.506750E+3	2.974708E-1
9.507000E+3	2.805652E-1
9.507250E+3	3.276798E-1
9.507500E+3	3.840428E-1
9.507750E+3	3.964292E-1
9.508000E+3	3.513209E-1
9.508250E+3	3.206691E-1
9.508500E+3	3.497814E-1
9.508750E+3	4.033576E-1
9.509000E+3	4.345268E-1
9.509250E+3	4.200599E-1
9.509500E+3	3.917175E-1
9.509750E+3	3.882729E-1
9.510000E+3	4.137271E-1
9.510250E+3	4.354742E-1
9.510500E+3	4.232168E-1
9.510750E+3	3.908463E-1
9.511000E+3	3.687053E-1
9.511250E+3	3.834064E-1
9.511500E+3	4.148758E-1
9.511750E+3	4.193940E-1
9.512000E+3	4.136827E-1
9.512250E+3	4.401251E-1
9.512500E+3	4.977080E-1
9.512750E+3	5.214311E-1
9.513000E+3	4.845185E-1
9.513250E+3	4.284671E-1
9.513500E+3	4.230728E-1
9.513750E+3	4.788623E-1
9.514000E+3	5.309123E-1
9.514250E+3	5.498620E-1
9.514500E+3	5.400837E-1
9.514750E+3	5.075177E-1
9.515000E+3	4.679576E-1
9.515250E+3	4.480390E-1
9.515500E+3	4.595073E-1
9.515750E+3	4.826215E-1
9.516000E+3	4.717599E-1
9.516250E+3	4.234205E-1
9.516500E+3	4.023577E-1
9.516750E+3	4.344749E-1
9.517000E+3	4.821819E-1
9.517250E+3	4.946766E-1
9.517500E+3	4.772631E-1
9.517750E+3	4.893672E-1
9.518000E+3	5.264417E-1
9.518250E+3	5.357597E-1
9.518500E+3	4.991294E-1
9.518750E+3	4.725597E-1
9.519000E+3	5.002155E-1
9.519250E+3	5.422396E-1
9.519500E+3	5.350086E-1
9.519750E+3	4.852821E-1
9.520000E+3	4.426852E-1
9.520250E+3	4.199463E-1
9.520500E+3	3.920747E-1
9.520750E+3	3.609935E-1
9.521000E+3	3.650930E-1
9.521250E+3	4.208776E-1
9.521500E+3	5.089194E-1
9.521750E+3	5.568240E-1
9.522000E+3	5.425999E-1
9.522250E+3	5.392393E-1
9.522500E+3	5.748962E-1
9.522750E+3	5.823661E-1
9.523000E+3	5.236004E-1
9.523250E+3	4.803214E-1
9.523500E+3	4.916884E-1
9.523750E+3	5.050978E-1
9.524000E+3	4.546251E-1
9.524250E+3	3.915647E-1
9.524500E+3	4.122789E-1
9.524750E+3	4.834820E-1
9.525000E+3	5.308659E-1
9.525250E+3	5.374144E-1
9.525500E+3	5.405136E-1
9.525750E+3	5.709518E-1
9.526000E+3	5.965641E-1
9.526250E+3	5.992190E-1
9.526500E+3	5.728932E-1
9.526750E+3	5.197860E-1
9.527000E+3	4.643576E-1
9.527250E+3	4.165117E-1
9.527500E+3	4.034788E-1
9.527750E+3	4.610247E-1
9.528000E+3	5.090905E-1
9.528250E+3	4.997571E-1
9.528500E+3	4.608757E-1
9.528750E+3	4.602059E-1
9.529000E+3	4.932970E-1
9.529250E+3	4.935659E-1
9.529500E+3	4.739514E-1
9.529750E+3	4.713265E-1
9.530000E+3	5.010641E-1
9.530250E+3	5.152315E-1
9.530500E+3	5.212251E-1
9.530750E+3	5.243324E-1
9.531000E+3	5.017620E-1
9.531250E+3	4.547881E-1
9.531500E+3	4.432011E-1
9.531750E+3	4.894035E-1
9.532000E+3	5.246498E-1
9.532250E+3	5.016464E-1
9.532500E+3	4.374398E-1
9.532750E+3	3.835442E-1
9.533000E+3	4.139268E-1
9.533250E+3	4.734866E-1
9.533500E+3	5.164925E-1
9.533750E+3	5.679286E-1
9.534000E+3	5.911309E-1
9.534250E+3	5.403789E-1
9.534500E+3	4.730006E-1
9.534750E+3	4.513541E-1
9.535000E+3	4.869779E-1
9.535250E+3	4.887789E-1
9.535500E+3	4.555158E-1
9.535750E+3	4.820850E-1
9.536000E+3	5.889957E-1
9.536250E+3	6.623828E-1
9.536500E+3	6.365968E-1
9.536750E+3	6.049321E-1
9.537000E+3	6.596561E-1
9.537250E+3	6.881719E-1
9.537500E+3	6.584132E-1
9.537750E+3	6.475997E-1
9.538000E+3	7.382580E-1
9.538250E+3	8.309705E-1
9.538500E+3	8.171641E-1
9.538750E+3	7.381845E-1
9.539000E+3	6.687315E-1
9.539250E+3	6.584465E-1
9.539500E+3	6.619232E-1
9.539750E+3	6.397108E-1
9.540000E+3	6.107559E-1
9.540250E+3	6.023907E-1
9.540500E+3	5.695548E-1
9.540750E+3	4.810291E-1
9.541000E+3	4.226562E-1
9.541250E+3	4.860323E-1
9.541500E+3	5.795490E-1
9.541750E+3	6.198812E-1
9.542000E+3	6.106579E-1
9.542250E+3	6.177874E-1
9.542500E+3	6.742245E-1
9.542750E+3	7.376903E-1
9.543000E+3	7.654050E-1
9.543250E+3	7.330181E-1
9.543500E+3	7.069995E-1
9.543750E+3	7.136742E-1
9.544000E+3	7.142787E-1
9.544250E+3	7.073101E-1
9.544500E+3	7.347551E-1
9.544750E+3	8.021137E-1
9.545000E+3	8.515937E-1
9.545250E+3	8.242532E-1
9.545500E+3	7.260461E-1
9.545750E+3	6.868826E-1
9.546000E+3	7.306124E-1
9.546250E+3	7.735495E-1
9.546500E+3	7.751681E-1
9.546750E+3	7.373894E-1
9.547000E+3	6.911489E-1
9.547250E+3	6.452133E-1
9.547500E+3	6.141211E-1
9.547750E+3	6.524820E-1
9.548000E+3	7.503191E-1
9.548250E+3	7.740571E-1
9.548500E+3	7.299271E-1
9.548750E+3	7.335193E-1
9.549000E+3	8.156711E-1
9.549250E+3	8.555630E-1
9.549500E+3	7.952058E-1
9.549750E+3	7.330451E-1
9.550000E+3	7.897562E-1
9.550250E+3	8.735783E-1
9.550500E+3	8.586476E-1
9.550750E+3	7.607420E-1
9.551000E+3	6.798510E-1
9.551250E+3	7.165834E-1
9.551500E+3	7.992914E-1
9.551750E+3	8.636899E-1
9.552000E+3	9.236608E-1
9.552250E+3	9.450614E-1
9.552500E+3	8.909047E-1
9.552750E+3	8.462272E-1
9.553000E+3	8.487859E-1
9.553250E+3	8.632165E-1
9.553500E+3	8.316229E-1
9.553750E+3	7.753588E-1
9.554000E+3	7.753209E-1
9.554250E+3	8.108535E-1
9.554500E+3	8.172458E-1
9.554750E+3	7.783298E-1
9.555000E+3	7.606209E-1
9.555250E+3	8.171002E-1
9.555500E+3	8.673541E-1
9.555750E+3	8.547565E-1
9.556000E+3	8.189671E-1
9.556250E+3	8.197713E-1
9.556500E+3	8.517698E-1
9.556750E+3	8.756356E-1
9.557000E+3	8.767662E-1
9.557250E+3	8.601579E-1
9.557500E+3	8.258148E-1
9.557750E+3	7.846993E-1
9.558000E+3	7.685235E-1
9.558250E+3	7.789003E-1
9.558500E+3	7.519072E-1
9.558750E+3	6.746442E-1
9.559000E+3	6.302361E-1
9.559250E+3	6.847815E-1
9.559500E+3	7.639725E-1
9.559750E+3	7.485575E-1
9.560000E+3	6.665849E-1
9.560250E+3	6.464489E-1
9.560500E+3	7.479033E-1
9.560750E+3	8.627557E-1
9.561000E+3	8.435736E-1
9.561250E+3	7.893555E-1
9.561500E+3	8.083973E-1
9.561750E+3	8.554053E-1
9.562000E+3	8.579349E-1
9.562250E+3	7.864467E-1
9.562500E+3	7.229153E-1
9.562750E+3	7.021621E-1
9.563000E+3	6.929793E-1
9.563250E+3	7.080202E-1
9.563500E+3	7.792510E-1
9.563750E+3	8.658629E-1
9.564000E+3	8.820565E-1
9.564250E+3	8.385139E-1
9.564500E+3	8.231018E-1
9.564750E+3	8.714842E-1
9.565000E+3	8.968868E-1
9.565250E+3	8.580829E-1
9.565500E+3	8.031356E-1
9.565750E+3	7.766912E-1
9.566000E+3	7.892360E-1
9.566250E+3	8.207510E-1
9.566500E+3	8.423668E-1
9.566750E+3	8.238870E-1
9.567000E+3	7.652950E-1
9.567250E+3	7.268961E-1
9.567500E+3	7.303052E-1
9.567750E+3	7.453794E-1
9.568000E+3	7.484609E-1
9.568250E+3	7.606493E-1
9.568500E+3	7.924684E-1
9.568750E+3	7.963056E-1
9.569000E+3	7.531154E-1
9.569250E+3	7.145068E-1
9.569500E+3	7.711567E-1
9.569750E+3	8.638501E-1
9.570000E+3	8.430871E-1
9.570250E+3	7.121167E-1
9.570500E+3	6.653668E-1
9.570750E+3	7.502908E-1
9.571000E+3	8.145549E-1
9.571250E+3	7.550206E-1
9.571500E+3	6.742164E-1
9.571750E+3	6.883874E-1
9.572000E+3	7.382056E-1
9.572250E+3	7.264366E-1
9.572500E+3	6.626924E-1
9.572750E+3	6.584647E-1
9.573000E+3	7.161514E-1
9.573250E+3	7.593538E-1
9.573500E+3	7.637890E-1
9.573750E+3	7.826600E-1
9.574000E+3	7.950305E-1
9.574250E+3	7.526811E-1
9.574500E+3	7.014553E-1
9.574750E+3	7.085869E-1
9.575000E+3	7.637189E-1
9.575250E+3	7.697346E-1
9.575500E+3	7.009213E-1
9.575750E+3	6.704163E-1
9.576000E+3	6.897353E-1
9.576250E+3	7.075713E-1
9.576500E+3	6.915665E-1
9.576750E+3	6.844118E-1
9.577000E+3	6.924377E-1
9.577250E+3	6.775383E-1
9.577500E+3	6.420309E-1
9.577750E+3	6.524618E-1
9.578000E+3	7.273857E-1
9.578250E+3	7.888613E-1
9.578500E+3	7.799508E-1
9.578750E+3	7.533631E-1
9.579000E+3	7.539684E-1
9.579250E+3	7.438999E-1
9.579500E+3	6.995536E-1
9.579750E+3	6.952229E-1
9.580000E+3	7.366587E-1
9.580250E+3	7.641774E-1
9.580500E+3	7.340763E-1
9.580750E+3	6.525724E-1
9.581000E+3	6.327629E-1
9.581250E+3	6.401735E-1
9.581500E+3	6.214005E-1
9.581750E+3	5.893489E-1
9.582000E+3	6.112334E-1
9.582250E+3	6.517567E-1
9.582500E+3	6.701416E-1
9.582750E+3	6.960868E-1
9.583000E+3	7.287399E-1
9.583250E+3	7.055334E-1
9.583500E+3	6.442799E-1
9.583750E+3	6.194131E-1
9.584000E+3	6.774587E-1
9.584250E+3	7.596247E-1
9.584500E+3	7.510585E-1
9.584750E+3	7.108872E-1
9.585000E+3	7.379177E-1
9.585250E+3	8.171542E-1
9.585500E+3	8.398177E-1
9.585750E+3	7.801535E-1
9.586000E+3	7.270890E-1
9.586250E+3	7.316301E-1
9.586500E+3	7.701808E-1
9.586750E+3	7.822585E-1
9.587000E+3	7.577882E-1
9.587250E+3	7.553519E-1
9.587500E+3	7.934320E-1
9.587750E+3	8.195627E-1
9.588000E+3	8.087836E-1
9.588250E+3	7.649684E-1
9.588500E+3	7.141286E-1
9.588750E+3	7.189270E-1
9.589000E+3	7.532310E-1
9.589250E+3	7.510697E-1
9.589500E+3	6.965083E-1
9.589750E+3	6.319673E-1
9.590000E+3	6.494636E-1
9.590250E+3	7.200676E-1
9.590500E+3	7.911457E-1
9.590750E+3	8.455334E-1
9.591000E+3	8.300551E-1
9.591250E+3	7.696643E-1
9.591500E+3	7.520628E-1
9.591750E+3	7.944260E-1
9.592000E+3	8.395910E-1
9.592250E+3	7.824440E-1
9.592500E+3	7.043000E-1
9.592750E+3	7.209475E-1
9.593000E+3	8.248132E-1
9.593250E+3	8.731577E-1
9.593500E+3	7.986219E-1
9.593750E+3	7.100857E-1
9.594000E+3	6.993783E-1
9.594250E+3	7.431826E-1
9.594500E+3	7.311613E-1
9.594750E+3	6.986344E-1
9.595000E+3	7.236403E-1
9.595250E+3	7.945231E-1
9.595500E+3	8.018986E-1
9.595750E+3	7.264218E-1
9.596000E+3	6.817190E-1
9.596250E+3	7.041179E-1
9.596500E+3	7.321127E-1
9.596750E+3	6.921872E-1
9.597000E+3	6.518100E-1
9.597250E+3	6.881252E-1
9.597500E+3	7.532101E-1
9.597750E+3	7.961742E-1
9.598000E+3	8.133879E-1
9.598250E+3	8.172256E-1
9.598500E+3	7.943546E-1
9.598750E+3	7.513552E-1
9.599000E+3	7.384622E-1
9.599250E+3	7.867986E-1
9.599500E+3	8.565825E-1
9.599750E+3	8.782328E-1
9.600000E+3	8.555281E-1
9.600250E+3	8.313657E-1
9.600500E+3	8.233692E-1
9.600750E+3	8.065885E-1
9.601000E+3	7.738816E-1
9.601250E+3	7.521512E-1
9.601500E+3	7.927158E-1
9.601750E+3	8.655384E-1
9.602000E+3	8.904567E-1
9.602250E+3	8.484859E-1
9.602500E+3	8.061941E-1
9.602750E+3	8.284454E-1
9.603000E+3	8.536396E-1
9.603250E+3	8.376097E-1
9.603500E+3	7.501194E-1
9.603750E+3	6.719082E-1
9.604000E+3	7.243897E-1
9.604250E+3	7.818368E-1
9.604500E+3	7.820383E-1
9.604750E+3	7.562837E-1
9.605000E+3	7.635710E-1
9.605250E+3	7.946806E-1
9.605500E+3	8.150775E-1
9.605750E+3	8.216525E-1
9.606000E+3	8.402936E-1
9.606250E+3	8.555783E-1
9.606500E+3	8.351354E-1
9.606750E+3	7.751119E-1
9.607000E+3	7.530495E-1
9.607250E+3	7.737039E-1
9.607500E+3	7.671384E-1
9.607750E+3	7.308785E-1
9.608000E+3	7.286540E-1
9.608250E+3	7.660823E-1
9.608500E+3	7.914562E-1
9.608750E+3	7.720954E-1
9.609000E+3	7.363606E-1
9.609250E+3	7.479275E-1
9.609500E+3	7.894247E-1
9.609750E+3	8.276543E-1
9.610000E+3	8.531652E-1
9.610250E+3	8.649704E-1
9.610500E+3	8.640297E-1
9.610750E+3	8.592127E-1
9.611000E+3	8.576683E-1
9.611250E+3	8.497363E-1
9.611500E+3	8.312714E-1
9.611750E+3	8.265138E-1
9.612000E+3	8.535703E-1
9.612250E+3	8.820015E-1
9.612500E+3	8.784861E-1
9.612750E+3	8.248441E-1
9.613000E+3	7.605817E-1
9.613250E+3	7.456012E-1
9.613500E+3	7.693791E-1
9.613750E+3	8.135171E-1
9.614000E+3	8.485098E-1
9.614250E+3	8.325715E-1
9.614500E+3	7.709202E-1
9.614750E+3	7.148153E-1
9.615000E+3	7.310379E-1
9.615250E+3	8.074087E-1
9.615500E+3	8.596602E-1
9.615750E+3	8.311218E-1
9.616000E+3	7.366847E-1
9.616250E+3	6.880119E-1
9.616500E+3	7.077699E-1
9.616750E+3	7.334234E-1
9.617000E+3	7.399680E-1
9.617250E+3	7.397373E-1
9.617500E+3	7.475234E-1
9.617750E+3	7.681677E-1
9.618000E+3	7.990185E-1
9.618250E+3	8.152483E-1
9.618500E+3	7.955575E-1
9.618750E+3	7.524849E-1
9.619000E+3	7.041447E-1
9.619250E+3	6.696612E-1
9.619500E+3	6.702210E-1
9.619750E+3	7.032310E-1
9.620000E+3	7.391270E-1
9.620250E+3	7.501259E-1
9.620500E+3	7.363823E-1
9.620750E+3	7.209394E-1
9.621000E+3	7.119190E-1
9.621250E+3	6.949531E-1
9.621500E+3	6.674422E-1
9.621750E+3	6.601571E-1
9.622000E+3	6.911279E-1
9.622250E+3	7.323737E-1
9.622500E+3	7.371867E-1
9.622750E+3	7.161029E-1
9.623000E+3	7.272949E-1
9.623250E+3	7.681601E-1
9.623500E+3	7.856581E-1
9.623750E+3	7.427614E-1
9.624000E+3	6.938705E-1
9.624250E+3	6.944702E-1
9.624500E+3	7.196174E-1
9.624750E+3	7.330438E-1
9.625000E+3	7.362989E-1
9.625250E+3	7.502668E-1
9.625500E+3	7.689596E-1
9.625750E+3	7.710967E-1
9.626000E+3	7.644985E-1
9.626250E+3	7.618969E-1
9.626500E+3	7.448983E-1
9.626750E+3	6.839767E-1
9.627000E+3	6.212218E-1
9.627250E+3	6.309169E-1
9.627500E+3	6.929258E-1
9.627750E+3	7.340016E-1
9.628000E+3	6.977989E-1
9.628250E+3	6.664157E-1
9.628500E+3	6.861398E-1
9.628750E+3	7.181234E-1
9.629000E+3	7.133544E-1
9.629250E+3	6.821851E-1
9.629500E+3	7.144932E-1
9.629750E+3	7.781443E-1
9.630000E+3	8.015746E-1
9.630250E+3	7.375588E-1
9.630500E+3	6.684673E-1
9.630750E+3	6.774199E-1
9.631000E+3	7.037298E-1
9.631250E+3	6.958261E-1
9.631500E+3	6.833007E-1
9.631750E+3	7.220510E-1
9.632000E+3	7.646956E-1
9.632250E+3	7.541805E-1
9.632500E+3	6.785204E-1
9.632750E+3	6.656146E-1
9.633000E+3	7.328010E-1
9.633250E+3	7.890497E-1
9.633500E+3	7.867339E-1
9.633750E+3	7.478687E-1
9.634000E+3	7.436455E-1
9.634250E+3	7.360329E-1
9.634500E+3	7.018194E-1
9.634750E+3	6.836142E-1
9.635000E+3	7.191483E-1
9.635250E+3	7.357850E-1
9.635500E+3	6.949559E-1
9.635750E+3	6.339339E-1
9.636000E+3	6.437799E-1
9.636250E+3	6.979262E-1
9.636500E+3	7.308616E-1
9.636750E+3	7.419621E-1
9.637000E+3	7.594147E-1
9.637250E+3	7.802045E-1
9.637500E+3	7.792171E-1
9.637750E+3	7.564237E-1
9.638000E+3	7.313805E-1
9.638250E+3	7.053393E-1
9.638500E+3	6.868785E-1
9.638750E+3	7.098890E-1
9.639000E+3	7.513999E-1
9.639250E+3	7.578641E-1
9.639500E+3	7.202066E-1
9.639750E+3	6.931087E-1
9.640000E+3	7.303922E-1
9.640250E+3	7.680624E-1
9.640500E+3	7.682464E-1
9.640750E+3	7.490631E-1
9.641000E+3	7.665378E-1
9.641250E+3	7.946725E-1
9.641500E+3	8.017026E-1
9.641750E+3	7.918297E-1
9.642000E+3	7.808730E-1
9.642250E+3	7.690454E-1
9.642500E+3	7.427431E-1
9.642750E+3	7.122768E-1
9.643000E+3	7.314833E-1
9.643250E+3	7.905322E-1
9.643500E+3	7.947730E-1
9.643750E+3	7.830214E-1
9.644000E+3	7.908413E-1
9.644250E+3	7.950689E-1
9.644500E+3	7.638359E-1
9.644750E+3	7.306366E-1
9.645000E+3	7.401935E-1
9.645250E+3	7.928055E-1
9.645500E+3	7.988419E-1
9.645750E+3	7.536526E-1
9.646000E+3	7.378281E-1
9.646250E+3	7.724724E-1
9.646500E+3	8.159011E-1
9.646750E+3	8.174699E-1
9.647000E+3	8.034329E-1
9.647250E+3	8.215977E-1
9.647500E+3	8.468053E-1
9.647750E+3	8.537073E-1
9.648000E+3	8.449480E-1
9.648250E+3	8.316222E-1
9.648500E+3	8.163668E-1
9.648750E+3	8.129844E-1
9.649000E+3	8.461545E-1
9.649250E+3	8.841411E-1
9.649500E+3	8.671500E-1
9.649750E+3	8.084001E-1
9.650000E+3	7.779508E-1
9.650250E+3	8.048949E-1
9.650500E+3	8.155997E-1
9.650750E+3	7.763782E-1
9.651000E+3	7.254787E-1
9.651250E+3	7.273916E-1
9.651500E+3	7.659854E-1
9.651750E+3	7.875250E-1
9.652000E+3	7.903645E-1
9.652250E+3	7.995194E-1
9.652500E+3	8.183360E-1
9.652750E+3	8.357851E-1
9.653000E+3	8.471140E-1
9.653250E+3	8.403352E-1
9.653500E+3	8.189093E-1
9.653750E+3	8.041499E-1
9.654000E+3	8.070392E-1
9.654250E+3	8.271603E-1
9.654500E+3	8.345060E-1
9.654750E+3	8.265361E-1
9.655000E+3	8.341285E-1
9.655250E+3	8.629053E-1
9.655500E+3	8.841580E-1
9.655750E+3	8.918951E-1
9.656000E+3	9.054623E-1
9.656250E+3	9.098961E-1
9.656500E+3	8.717975E-1
9.656750E+3	8.390609E-1
9.657000E+3	8.524286E-1
9.657250E+3	8.821973E-1
9.657500E+3	8.517991E-1
9.657750E+3	7.746605E-1
9.658000E+3	7.538966E-1
9.658250E+3	7.963146E-1
9.658500E+3	8.379144E-1
9.658750E+3	8.066872E-1
9.659000E+3	7.569271E-1
9.659250E+3	7.801041E-1
9.659500E+3	8.536642E-1
9.659750E+3	8.975550E-1
9.660000E+3	8.810046E-1
9.660250E+3	8.424497E-1
9.660500E+3	8.239125E-1
9.660750E+3	8.182889E-1
9.661000E+3	8.076690E-1
9.661250E+3	7.934262E-1
9.661500E+3	7.905064E-1
9.661750E+3	8.035651E-1
9.662000E+3	8.184230E-1
9.662250E+3	8.242332E-1
9.662500E+3	8.107052E-1
9.662750E+3	7.917073E-1
9.663000E+3	7.898888E-1
9.663250E+3	7.968896E-1
9.663500E+3	7.967975E-1
9.663750E+3	7.862919E-1
9.664000E+3	7.846920E-1
9.664250E+3	7.842381E-1
9.664500E+3	7.631485E-1
9.664750E+3	7.335000E-1
9.665000E+3	7.509380E-1
9.665250E+3	7.940842E-1
9.665500E+3	8.182532E-1
9.665750E+3	8.119659E-1
9.666000E+3	8.050607E-1
9.666250E+3	8.173671E-1
9.666500E+3	8.166428E-1
9.666750E+3	7.667105E-1
9.667000E+3	7.175022E-1
9.667250E+3	7.253317E-1
9.667500E+3	7.522323E-1
9.667750E+3	7.566959E-1
9.668000E+3	7.392010E-1
9.668250E+3	7.374416E-1
9.668500E+3	7.452342E-1
9.668750E+3	7.350736E-1
9.669000E+3	7.173409E-1
9.669250E+3	7.311264E-1
9.669500E+3	7.685589E-1
9.669750E+3	7.856391E-1
9.670000E+3	7.665059E-1
9.670250E+3	7.482252E-1
9.670500E+3	7.564985E-1
9.670750E+3	7.628723E-1
9.671000E+3	7.386903E-1
9.671250E+3	7.109106E-1
9.671500E+3	7.252727E-1
9.671750E+3	7.702547E-1
9.672000E+3	7.935865E-1
9.672250E+3	7.711493E-1
9.672500E+3	7.298175E-1
9.672750E+3	7.068374E-1
9.673000E+3	7.103957E-1
9.673250E+3	7.249257E-1
9.673500E+3	7.384383E-1
9.673750E+3	7.441280E-1
9.674000E+3	7.335019E-1
9.674250E+3	7.122611E-1
9.674500E+3	7.064858E-1
9.674750E+3	7.372196E-1
9.675000E+3	7.877307E-1
9.675250E+3	8.109026E-1
9.675500E+3	7.906428E-1
9.675750E+3	7.715539E-1
9.676000E+3	7.871677E-1
9.676250E+3	8.056146E-1
9.676500E+3	7.830645E-1
9.676750E+3	7.331389E-1
9.677000E+3	7.287315E-1
9.677250E+3	7.632335E-1
9.677500E+3	7.703316E-1
9.677750E+3	7.299707E-1
9.678000E+3	6.938767E-1
9.678250E+3	7.205530E-1
9.678500E+3	7.710380E-1
9.678750E+3	7.783976E-1
9.679000E+3	7.456468E-1
9.679250E+3	7.221858E-1
9.679500E+3	7.330024E-1
9.679750E+3	7.539198E-1
9.680000E+3	7.515545E-1
9.680250E+3	7.374273E-1
9.680500E+3	7.333909E-1
9.680750E+3	7.405158E-1
9.681000E+3	7.469096E-1
9.681250E+3	7.453617E-1
9.681500E+3	7.435315E-1
9.681750E+3	7.501830E-1
9.682000E+3	7.618465E-1
9.682250E+3	7.622624E-1
9.682500E+3	7.446963E-1
9.682750E+3	7.303557E-1
9.683000E+3	7.460980E-1
9.683250E+3	7.766712E-1
9.683500E+3	7.846366E-1
9.683750E+3	7.624821E-1
9.684000E+3	7.507134E-1
9.684250E+3	7.739333E-1
9.684500E+3	8.002959E-1
9.684750E+3	7.974879E-1
9.685000E+3	7.691977E-1
9.685250E+3	7.558690E-1
9.685500E+3	7.644540E-1
9.685750E+3	7.700313E-1
9.686000E+3	7.674628E-1
9.686250E+3	7.668492E-1
9.686500E+3	7.646486E-1
9.686750E+3	7.545330E-1
9.687000E+3	7.572038E-1
9.687250E+3	7.914426E-1
9.687500E+3	8.255211E-1
9.687750E+3	8.296318E-1
9.688000E+3	8.074881E-1
9.688250E+3	7.987564E-1
9.688500E+3	8.201710E-1
9.688750E+3	8.321777E-1
9.689000E+3	8.158052E-1
9.689250E+3	7.909019E-1
9.689500E+3	7.841606E-1
9.689750E+3	7.858836E-1
9.690000E+3	7.752738E-1
9.690250E+3	7.613738E-1
9.690500E+3	7.658273E-1
9.690750E+3	7.800190E-1
9.691000E+3	7.860389E-1
9.691250E+3	7.888653E-1
9.691500E+3	8.026289E-1
9.691750E+3	8.221848E-1
9.692000E+3	8.314660E-1
9.692250E+3	8.307480E-1
9.692500E+3	8.328717E-1
9.692750E+3	8.391470E-1
9.693000E+3	8.381084E-1
9.693250E+3	8.269937E-1
9.693500E+3	8.179642E-1
9.693750E+3	8.201587E-1
9.694000E+3	8.266010E-1
9.694250E+3	8.277378E-1
9.694500E+3	8.199022E-1
9.694750E+3	8.085773E-1
9.695000E+3	8.062143E-1
9.695250E+3	8.190218E-1
9.695500E+3	8.420159E-1
9.695750E+3	8.592534E-1
9.696000E+3	8.603255E-1
9.696250E+3	8.569946E-1
9.696500E+3	8.596441E-1
9.696750E+3	8.588564E-1
9.697000E+3	8.481423E-1
9.697250E+3	8.418062E-1
9.697500E+3	8.532643E-1
9.697750E+3	8.653528E-1
9.698000E+3	8.519085E-1
9.698250E+3	8.302517E-1
9.698500E+3	8.350402E-1
9.698750E+3	8.685395E-1
9.699000E+3	8.891706E-1
9.699250E+3	8.738970E-1
9.699500E+3	8.545814E-1
9.699750E+3	8.649423E-1
9.700000E+3	8.850717E-1
9.700250E+3	8.797035E-1
9.700500E+3	8.585237E-1
9.700750E+3	8.538537E-1
9.701000E+3	8.704435E-1
9.701250E+3	8.791723E-1
9.701500E+3	8.671117E-1
9.701750E+3	8.560360E-1
9.702000E+3	8.649152E-1
9.702250E+3	8.777969E-1
9.702500E+3	8.803842E-1
9.702750E+3	8.819565E-1
9.703000E+3	8.917173E-1
9.703250E+3	8.959019E-1
9.703500E+3	8.803895E-1
9.703750E+3	8.546381E-1
9.704000E+3	8.400557E-1
9.704250E+3	8.447742E-1
9.704500E+3	8.576944E-1
9.704750E+3	8.641312E-1
9.705000E+3	8.592230E-1
9.705250E+3	8.500279E-1
9.705500E+3	8.481029E-1
9.705750E+3	8.602330E-1
9.706000E+3	8.756922E-1
9.706250E+3	8.774645E-1
9.706500E+3	8.685121E-1
9.706750E+3	8.659936E-1
9.707000E+3	8.741858E-1
9.707250E+3	8.783413E-1
9.707500E+3	8.727679E-1
9.707750E+3	8.675615E-1
9.708000E+3	8.688629E-1
9.708250E+3	8.642573E-1
9.708500E+3	8.485825E-1
9.708750E+3	8.380071E-1
9.709000E+3	8.494963E-1
9.709250E+3	8.679223E-1
9.709500E+3	8.698224E-1
9.709750E+3	8.614300E-1
9.710000E+3	8.627034E-1
9.710250E+3	8.729795E-1
9.710500E+3	8.744355E-1
9.710750E+3	8.660431E-1
9.711000E+3	8.598904E-1
9.711250E+3	8.581089E-1
9.711500E+3	8.529379E-1
9.711750E+3	8.471197E-1
9.712000E+3	8.497959E-1
9.712250E+3	8.544012E-1
9.712500E+3	8.455622E-1
9.712750E+3	8.286197E-1
9.713000E+3	8.232444E-1
9.713250E+3	8.313498E-1
9.713500E+3	8.329118E-1
9.713750E+3	8.244550E-1
9.714000E+3	8.271852E-1
9.714250E+3	8.467959E-1
9.714500E+3	8.590946E-1
9.714750E+3	8.490776E-1
9.715000E+3	8.318532E-1
9.715250E+3	8.299676E-1
9.715500E+3	8.397422E-1
9.715750E+3	8.447374E-1
9.716000E+3	8.421673E-1
9.716250E+3	8.377112E-1
9.716500E+3	8.303877E-1
9.716750E+3	8.188068E-1
9.717000E+3	8.126780E-1
9.717250E+3	8.203940E-1
9.717500E+3	8.296514E-1
9.717750E+3	8.245851E-1
9.718000E+3	8.132434E-1
9.718250E+3	8.164732E-1
9.718500E+3	8.335509E-1
9.718750E+3	8.428937E-1
9.719000E+3	8.358751E-1
9.719250E+3	8.245243E-1
9.719500E+3	8.202258E-1
9.719750E+3	8.210696E-1
9.720000E+3	8.220148E-1
9.720250E+3	8.242970E-1
9.720500E+3	8.290023E-1
9.720750E+3	8.321818E-1
9.721000E+3	8.323087E-1
9.721250E+3	8.343328E-1
9.721500E+3	8.403222E-1
9.721750E+3	8.443711E-1
9.722000E+3	8.415118E-1
9.722250E+3	8.359532E-1
9.722500E+3	8.350915E-1
9.722750E+3	8.382956E-1
9.723000E+3	8.396841E-1
9.723250E+3	8.378145E-1
9.723500E+3	8.362832E-1
9.723750E+3	8.365791E-1
9.724000E+3	8.363633E-1
9.724250E+3	8.343132E-1
9.724500E+3	8.313633E-1
9.724750E+3	8.270805E-1
9.725000E+3	8.193676E-1
9.725250E+3	8.086260E-1
9.725500E+3	7.981167E-1
9.725750E+3	7.887406E-1
9.726000E+3	7.771559E-1
9.726250E+3	7.605750E-1
9.726500E+3	7.407162E-1
9.726750E+3	7.209745E-1
9.727000E+3	7.021940E-1
9.727250E+3	6.821941E-1
9.727500E+3	6.588351E-1
9.727750E+3	6.335033E-1
9.728000E+3	6.109677E-1
9.728250E+3	5.946455E-1
9.728500E+3	5.813903E-1
9.728750E+3	5.652080E-1
9.729000E+3	5.467948E-1
9.729250E+3	5.336980E-1
9.729500E+3	5.291304E-1
9.729750E+3	5.272586E-1
9.730000E+3	5.229427E-1
9.730250E+3	5.182944E-1
9.730500E+3	5.174302E-1
9.730750E+3	5.199757E-1
9.731000E+3	5.227244E-1
9.731250E+3	5.238718E-1
9.731500E+3	5.234189E-1
9.731750E+3	5.225692E-1
9.732000E+3	5.240498E-1
9.732250E+3	5.299917E-1
9.732500E+3	5.381763E-1
9.732750E+3	5.438239E-1
9.733000E+3	5.459077E-1
9.733250E+3	5.485868E-1
9.733500E+3	5.555846E-1
9.733750E+3	5.653352E-1
9.734000E+3	5.737715E-1
9.734250E+3	5.794805E-1
9.734500E+3	5.838875E-1
9.734750E+3	5.883587E-1
9.735000E+3	5.934305E-1
9.735250E+3	5.998765E-1
9.735500E+3	6.078632E-1
9.735750E+3	6.153647E-1
9.736000E+3	6.202379E-1
9.736250E+3	6.237279E-1
9.736500E+3	6.289344E-1
9.736750E+3	6.355734E-1
9.737000E+3	6.398110E-1
9.737250E+3	6.404972E-1
9.737500E+3	6.415299E-1
9.737750E+3	6.459628E-1
9.738000E+3	6.517972E-1
9.738250E+3	6.563457E-1
9.738500E+3	6.606286E-1
9.738750E+3	6.659919E-1
9.739000E+3	6.705037E-1
9.739250E+3	6.728916E-1
9.739500E+3	6.762452E-1
9.739750E+3	6.827764E-1
9.740000E+3	6.889057E-1
9.740250E+3	6.918083E-1
9.740500E+3	6.952860E-1
9.740750E+3	7.027241E-1
9.741000E+3	7.086865E-1
9.741250E+3	7.078382E-1
9.741500E+3	7.067694E-1
9.741750E+3	7.150296E-1
9.742000E+3	7.275285E-1
9.742250E+3	7.309718E-1
9.742500E+3	7.258209E-1
9.742750E+3	7.270195E-1
9.743000E+3	7.390059E-1
9.743250E+3	7.471419E-1
9.743500E+3	7.414360E-1
9.743750E+3	7.336336E-1
9.744000E+3	7.383425E-1
9.744250E+3	7.510188E-1
9.744500E+3	7.575352E-1
9.744750E+3	7.567761E-1
9.745000E+3	7.595359E-1
9.745250E+3	7.683275E-1
9.745500E+3	7.753585E-1
9.745750E+3	7.771847E-1
9.746000E+3	7.796195E-1
9.746250E+3	7.846121E-1
9.746500E+3	7.874337E-1
9.746750E+3	7.871062E-1
9.747000E+3	7.892781E-1
9.747250E+3	7.936646E-1
9.747500E+3	7.928072E-1
9.747750E+3	7.852572E-1
9.748000E+3	7.822887E-1
9.748250E+3	7.910388E-1
9.748500E+3	8.042234E-1
9.748750E+3	8.096921E-1
9.749000E+3	8.046312E-1
9.749250E+3	7.980541E-1
9.749500E+3	7.962513E-1
9.749750E+3	7.982335E-1
9.750000E+3	8.004371E-1
9.750250E+3	7.995995E-1
9.750500E+3	7.947218E-1
9.750750E+3	7.905401E-1
9.751000E+3	7.949790E-1
9.751250E+3	8.065078E-1
9.751500E+3	8.123057E-1
9.751750E+3	8.047227E-1
9.752000E+3	7.946265E-1
9.752250E+3	7.973405E-1
9.752500E+3	8.109367E-1
9.752750E+3	8.178384E-1
9.753000E+3	8.091656E-1
9.753250E+3	7.977632E-1
9.753500E+3	7.967091E-1
9.753750E+3	8.022417E-1
9.754000E+3	8.031842E-1
9.754250E+3	8.000152E-1
9.754500E+3	8.018961E-1
9.754750E+3	8.090837E-1
9.755000E+3	8.111838E-1
9.755250E+3	8.057881E-1
9.755500E+3	8.038395E-1
9.755750E+3	8.126471E-1
9.756000E+3	8.213396E-1
9.756250E+3	8.182257E-1
9.756500E+3	8.095953E-1
9.756750E+3	8.111460E-1
9.757000E+3	8.249232E-1
9.757250E+3	8.347886E-1
9.757500E+3	8.295717E-1
9.757750E+3	8.159524E-1
9.758000E+3	8.106113E-1
9.758250E+3	8.151624E-1
9.758500E+3	8.162653E-1
9.758750E+3	8.066705E-1
9.759000E+3	7.975393E-1
9.759250E+3	7.995267E-1
9.759500E+3	8.044259E-1
9.759750E+3	8.006032E-1
9.760000E+3	7.924038E-1
9.760250E+3	7.942309E-1
9.760500E+3	8.044004E-1
9.760750E+3	8.076241E-1
9.761000E+3	7.962973E-1
9.761250E+3	7.872185E-1
9.761500E+3	7.947286E-1
9.761750E+3	8.091063E-1
9.762000E+3	8.139149E-1
9.762250E+3	8.089192E-1
9.762500E+3	8.095500E-1
9.762750E+3	8.194033E-1
9.763000E+3	8.249596E-1
9.763250E+3	8.157631E-1
9.763500E+3	7.992799E-1
9.763750E+3	7.893656E-1
9.764000E+3	7.871326E-1
9.764250E+3	7.848522E-1
9.764500E+3	7.781609E-1
9.764750E+3	7.705277E-1
9.765000E+3	7.697629E-1
9.765250E+3	7.782014E-1
9.765500E+3	7.896690E-1
9.765750E+3	7.932504E-1
9.766000E+3	7.870455E-1
9.766250E+3	7.867941E-1
9.766500E+3	8.020376E-1
9.766750E+3	8.173720E-1
9.767000E+3	8.119318E-1
9.767250E+3	7.961834E-1
9.767500E+3	7.933265E-1
9.767750E+3	8.056714E-1
9.768000E+3	8.137468E-1
9.768250E+3	8.098808E-1
9.768500E+3	8.077581E-1
9.768750E+3	8.113228E-1
9.769000E+3	8.070694E-1
9.769250E+3	7.937031E-1
9.769500E+3	7.900165E-1
9.769750E+3	8.002118E-1
9.770000E+3	8.050844E-1
9.770250E+3	7.940017E-1
9.770500E+3	7.863707E-1
9.770750E+3	7.966629E-1
9.771000E+3	8.071071E-1
9.771250E+3	7.954497E-1
9.771500E+3	7.835662E-1
9.771750E+3	7.947423E-1
9.772000E+3	8.150720E-1
9.772250E+3	8.091121E-1
9.772500E+3	7.821912E-1
9.772750E+3	7.692373E-1
9.773000E+3	7.821856E-1
9.773250E+3	8.012458E-1
9.773500E+3	8.067057E-1
9.773750E+3	8.092065E-1
9.774000E+3	8.191855E-1
9.774250E+3	8.249844E-1
9.774500E+3	8.141656E-1
9.774750E+3	8.052182E-1
9.775000E+3	8.111095E-1
9.775250E+3	8.244340E-1
9.775500E+3	8.340744E-1
9.775750E+3	8.397243E-1
9.776000E+3	8.454643E-1
9.776250E+3	8.438506E-1
9.776500E+3	8.264110E-1
9.776750E+3	8.020380E-1
9.777000E+3	7.889717E-1
9.777250E+3	7.948695E-1
9.777500E+3	8.111954E-1
9.777750E+3	8.235162E-1
9.778000E+3	8.240965E-1
9.778250E+3	8.113096E-1
9.778500E+3	7.926200E-1
9.778750E+3	7.850484E-1
9.779000E+3	7.921034E-1
9.779250E+3	8.001373E-1
9.779500E+3	8.005253E-1
9.779750E+3	7.997498E-1
9.780000E+3	8.052390E-1
9.780250E+3	8.119465E-1
9.780500E+3	8.107056E-1
9.780750E+3	8.020776E-1
9.781000E+3	7.960097E-1
9.781250E+3	7.964144E-1
9.781500E+3	8.068461E-1
9.781750E+3	8.322777E-1
9.782000E+3	8.578644E-1
9.782250E+3	8.637012E-1
9.782500E+3	8.519185E-1
9.782750E+3	8.394831E-1
9.783000E+3	8.439558E-1
9.783250E+3	8.561544E-1
9.783500E+3	8.562098E-1
9.783750E+3	8.404478E-1
9.784000E+3	8.199225E-1
9.784250E+3	8.071866E-1
9.784500E+3	8.053910E-1
9.784750E+3	8.210312E-1
9.785000E+3	8.595278E-1
9.785250E+3	8.959380E-1
9.785500E+3	9.047978E-1
9.785750E+3	8.918402E-1
9.786000E+3	8.766182E-1
9.786250E+3	8.750364E-1
9.786500E+3	8.825758E-1
9.786750E+3	8.875431E-1
9.787000E+3	8.858118E-1
9.787250E+3	8.739290E-1
9.787500E+3	8.520864E-1
9.787750E+3	8.341389E-1
9.788000E+3	8.348021E-1
9.788250E+3	8.522955E-1
9.788500E+3	8.641702E-1
9.788750E+3	8.552045E-1
9.789000E+3	8.406991E-1
9.789250E+3	8.384034E-1
9.789500E+3	8.452937E-1
9.789750E+3	8.502349E-1
9.790000E+3	8.563681E-1
9.790250E+3	8.732485E-1
9.790500E+3	8.898301E-1
9.790750E+3	8.885027E-1
9.791000E+3	8.723323E-1
9.791250E+3	8.587107E-1
9.791500E+3	8.557942E-1
9.791750E+3	8.543658E-1
9.792000E+3	8.529198E-1
9.792250E+3	8.605896E-1
9.792500E+3	8.718692E-1
9.792750E+3	8.657150E-1
9.793000E+3	8.420499E-1
9.793250E+3	8.252893E-1
9.793500E+3	8.353521E-1
9.793750E+3	8.635247E-1
9.794000E+3	8.847209E-1
9.794250E+3	8.973682E-1
9.794500E+3	9.056613E-1
9.794750E+3	8.978179E-1
9.795000E+3	8.771673E-1
9.795250E+3	8.740518E-1
9.795500E+3	9.001100E-1
9.795750E+3	9.249221E-1
9.796000E+3	9.131746E-1
9.796250E+3	8.881124E-1
9.796500E+3	8.903226E-1
9.796750E+3	9.072607E-1
9.797000E+3	9.068211E-1
9.797250E+3	8.875150E-1
9.797500E+3	8.761602E-1
9.797750E+3	8.839933E-1
9.798000E+3	8.891962E-1
9.798250E+3	8.886157E-1
9.798500E+3	9.014528E-1
9.798750E+3	9.227134E-1
9.799000E+3	9.168003E-1
9.799250E+3	8.882216E-1
9.799500E+3	8.813791E-1
9.799750E+3	9.031433E-1
9.800000E+3	9.144560E-1
9.800250E+3	8.953003E-1
9.800500E+3	8.790575E-1
9.800750E+3	8.893556E-1
9.801000E+3	9.006800E-1
9.801250E+3	8.831531E-1
9.801500E+3	8.481719E-1
9.801750E+3	8.311107E-1
9.802000E+3	8.382711E-1
9.802250E+3	8.529764E-1
9.802500E+3	8.697931E-1
9.802750E+3	8.896851E-1
9.803000E+3	9.041773E-1
9.803250E+3	9.098173E-1
9.803500E+3	9.143794E-1
9.803750E+3	9.181686E-1
9.804000E+3	9.106552E-1
9.804250E+3	8.941230E-1
9.804500E+3	8.854706E-1
9.804750E+3	8.917756E-1
9.805000E+3	8.863406E-1
9.805250E+3	8.608697E-1
9.805500E+3	8.428087E-1
9.805750E+3	8.595368E-1
9.806000E+3	8.856782E-1
9.806250E+3	8.794629E-1
9.806500E+3	8.571123E-1
9.806750E+3	8.492013E-1
9.807000E+3	8.620233E-1
9.807250E+3	8.759240E-1
9.807500E+3	8.856834E-1
9.807750E+3	9.029887E-1
9.808000E+3	9.177424E-1
9.808250E+3	9.112478E-1
9.808500E+3	8.964643E-1
9.808750E+3	8.925718E-1
9.809000E+3	9.002516E-1
9.809250E+3	9.032984E-1
9.809500E+3	8.996483E-1
9.809750E+3	8.983969E-1
9.810000E+3	8.921750E-1
9.810250E+3	8.728365E-1
9.810500E+3	8.604609E-1
9.810750E+3	8.704056E-1
9.811000E+3	8.885123E-1
9.811250E+3	8.898031E-1
9.811500E+3	8.793919E-1
9.811750E+3	8.861037E-1
9.812000E+3	9.111200E-1
9.812250E+3	9.175476E-1
9.812500E+3	8.928467E-1
9.812750E+3	8.813189E-1
9.813000E+3	8.986885E-1
9.813250E+3	9.144533E-1
9.813500E+3	8.991699E-1
9.813750E+3	8.814341E-1
9.814000E+3	8.934085E-1
9.814250E+3	9.135870E-1
9.814500E+3	9.175059E-1
9.814750E+3	9.126812E-1
9.815000E+3	9.177198E-1
9.815250E+3	9.201106E-1
9.815500E+3	9.013050E-1
9.815750E+3	8.786235E-1
9.816000E+3	8.874340E-1
9.816250E+3	9.157801E-1
9.816500E+3	9.239383E-1
9.816750E+3	9.119681E-1
9.817000E+3	9.097282E-1
9.817250E+3	9.239839E-1
9.817500E+3	9.288788E-1
9.817750E+3	9.130500E-1
9.818000E+3	9.047162E-1
9.818250E+3	9.172350E-1
9.818500E+3	9.262987E-1
9.818750E+3	9.089564E-1
9.819000E+3	8.838483E-1
9.819250E+3	8.837056E-1
9.819500E+3	9.130969E-1
9.819750E+3	9.415938E-1
9.820000E+3	9.394240E-1
9.820250E+3	9.162348E-1
9.820500E+3	8.925185E-1
9.820750E+3	8.900675E-1
9.821000E+3	9.166805E-1
9.821250E+3	9.414429E-1
9.821500E+3	9.349062E-1
9.821750E+3	9.037964E-1
9.822000E+3	8.963893E-1
9.822250E+3	9.291485E-1
9.822500E+3	9.530215E-1
9.822750E+3	9.370468E-1
9.823000E+3	9.008202E-1
9.823250E+3	8.931383E-1
9.823500E+3	9.187913E-1
9.823750E+3	9.370736E-1
9.824000E+3	9.387954E-1
9.824250E+3	9.466764E-1
9.824500E+3	9.632264E-1
9.824750E+3	9.622482E-1
9.825000E+3	9.280241E-1
9.825250E+3	8.976966E-1
9.825500E+3	9.026256E-1
9.825750E+3	9.239619E-1
9.826000E+3	9.328570E-1
9.826250E+3	9.306993E-1
9.826500E+3	9.403494E-1
9.826750E+3	9.592529E-1
9.827000E+3	9.661359E-1
9.827250E+3	9.584242E-1
9.827500E+3	9.549107E-1
9.827750E+3	9.595153E-1
9.828000E+3	9.577453E-1
9.828250E+3	9.446987E-1
9.828500E+3	9.355894E-1
9.828750E+3	9.372381E-1
9.829000E+3	9.395710E-1
9.829250E+3	9.396696E-1
9.829500E+3	9.495599E-1
9.829750E+3	9.684559E-1
9.830000E+3	9.797638E-1
9.830250E+3	9.790877E-1
9.830500E+3	9.765578E-1
9.830750E+3	9.771838E-1
9.831000E+3	9.693204E-1
9.831250E+3	9.500631E-1
9.831500E+3	9.388230E-1
9.831750E+3	9.492750E-1
9.832000E+3	9.654679E-1
9.832250E+3	9.652215E-1
9.832500E+3	9.532018E-1
9.832750E+3	9.530178E-1
9.833000E+3	9.659739E-1
9.833250E+3	9.727666E-1
9.833500E+3	9.662749E-1
9.833750E+3	9.574954E-1
9.834000E+3	9.573039E-1
9.834250E+3	9.620337E-1
9.834500E+3	9.672925E-1
9.834750E+3	9.738909E-1
9.835000E+3	9.791259E-1
9.835250E+3	9.773803E-1
9.835500E+3	9.721495E-1
9.835750E+3	9.733770E-1
9.836000E+3	9.809698E-1
9.836250E+3	9.863926E-1
9.836500E+3	9.868148E-1
9.836750E+3	9.832822E-1
9.837000E+3	9.698659E-1
9.837250E+3	9.442965E-1
9.837500E+3	9.220691E-1
9.837750E+3	9.248319E-1
9.838000E+3	9.516830E-1
9.838250E+3	9.690134E-1
9.838500E+3	9.581880E-1
9.838750E+3	9.424919E-1
9.839000E+3	9.452623E-1
9.839250E+3	9.651148E-1
9.839500E+3	9.804399E-1
9.839750E+3	9.764974E-1
9.840000E+3	9.685465E-1
9.840250E+3	9.708777E-1
9.840500E+3	9.811890E-1
9.840750E+3	9.902394E-1
9.841000E+3	9.913703E-1
9.841250E+3	9.846479E-1
9.841500E+3	9.753595E-1
9.841750E+3	9.724453E-1
9.842000E+3	9.789496E-1
9.842250E+3	9.866225E-1
9.842500E+3	9.837572E-1
9.842750E+3	9.693371E-1
9.843000E+3	9.606153E-1
9.843250E+3	9.694126E-1
9.843500E+3	9.837258E-1
9.843750E+3	9.824201E-1
9.844000E+3	9.667488E-1
9.844250E+3	9.552087E-1
9.844500E+3	9.594384E-1
9.844750E+3	9.771936E-1
9.845000E+3	9.896206E-1
9.845250E+3	9.886222E-1
9.845500E+3	9.831027E-1
9.845750E+3	9.819752E-1
9.846000E+3	9.877797E-1
9.846250E+3	9.927463E-1
9.846500E+3	9.878946E-1
9.846750E+3	9.765369E-1
9.847000E+3	9.707865E-1
9.847250E+3	9.759195E-1
9.847500E+3	9.832863E-1
9.847750E+3	9.831874E-1
9.848000E+3	9.784922E-1
9.848250E+3	9.773040E-1
9.848500E+3	9.801395E-1
9.848750E+3	9.800369E-1
9.849000E+3	9.752801E-1
9.849250E+3	9.720667E-1
9.849500E+3	9.744908E-1
9.849750E+3	9.806904E-1
9.850000E+3	9.836394E-1
9.850250E+3	9.801379E-1
9.850500E+3	9.752358E-1
9.850750E+3	9.745137E-1
9.851000E+3	9.788822E-1
9.851250E+3	9.858477E-1
9.851500E+3	9.911833E-1
9.851750E+3	9.905100E-1
9.852000E+3	9.870844E-1
9.852250E+3	9.859169E-1
9.852500E+3	9.859874E-1
9.852750E+3	9.821161E-1
9.853000E+3	9.744511E-1
9.853250E+3	9.724412E-1
9.853500E+3	9.780255E-1
9.853750E+3	9.873245E-1
9.854000E+3	9.913893E-1
9.854250E+3	9.881552E-1
9.854500E+3	9.847557E-1
9.854750E+3	9.839400E-1
9.855000E+3	9.826023E-1
9.855250E+3	9.789331E-1
9.855500E+3	9.771053E-1
9.855750E+3	9.806231E-1
9.856000E+3	9.873626E-1
9.856250E+3	9.887833E-1
9.856500E+3	9.866965E-1
9.856750E+3	9.869904E-1
9.857000E+3	9.899359E-1
9.857250E+3	9.897243E-1
9.857500E+3	9.860007E-1
9.857750E+3	9.855176E-1
9.858000E+3	9.903915E-1
9.858250E+3	9.934439E-1
9.858500E+3	9.870278E-1
9.858750E+3	9.779387E-1
9.859000E+3	9.753761E-1
9.859250E+3	9.813278E-1
9.859500E+3	9.874802E-1
9.859750E+3	9.869072E-1
9.860000E+3	9.825504E-1
9.860250E+3	9.813471E-1
9.860500E+3	9.861127E-1
9.860750E+3	9.909026E-1
9.861000E+3	9.906645E-1
9.861250E+3	9.845209E-1
9.861500E+3	9.779153E-1
9.861750E+3	9.794931E-1
9.862000E+3	9.862003E-1
9.862250E+3	9.903798E-1
9.862500E+3	9.882742E-1
9.862750E+3	9.834513E-1
9.863000E+3	9.845549E-1
9.863250E+3	9.903325E-1
9.863500E+3	9.943540E-1
9.863750E+3	9.959273E-1
9.864000E+3	9.975926E-1
9.864250E+3	9.979348E-1
9.864500E+3	9.929886E-1
9.864750E+3	9.852572E-1
9.865000E+3	9.823583E-1
9.865250E+3	9.869823E-1
9.865500E+3	9.899352E-1
9.865750E+3	9.854026E-1
9.866000E+3	9.811518E-1
9.866250E+3	9.834065E-1
9.866500E+3	9.871830E-1
9.866750E+3	9.839602E-1
9.867000E+3	9.750547E-1
9.867250E+3	9.696794E-1
9.867500E+3	9.721314E-1
9.867750E+3	9.770762E-1
9.868000E+3	9.792965E-1
9.868250E+3	9.797772E-1
9.868500E+3	9.802992E-1
9.868750E+3	9.806579E-1
9.869000E+3	9.813974E-1
9.869250E+3	9.833333E-1
9.869500E+3	9.841418E-1
9.869750E+3	9.812002E-1
9.870000E+3	9.762415E-1
9.870250E+3	9.764565E-1
9.870500E+3	9.839981E-1
9.870750E+3	9.893999E-1
9.871000E+3	9.855562E-1
9.871250E+3	9.733786E-1
9.871500E+3	9.622692E-1
9.871750E+3	9.606943E-1
9.872000E+3	9.645444E-1
9.872250E+3	9.677120E-1
9.872500E+3	9.686090E-1
9.872750E+3	9.682673E-1
9.873000E+3	9.677376E-1
9.873250E+3	9.673013E-1
9.873500E+3	9.671023E-1
9.873750E+3	9.668981E-1
9.874000E+3	9.660026E-1
9.874250E+3	9.647486E-1
9.874500E+3	9.646665E-1
9.874750E+3	9.648531E-1
9.875000E+3	9.608418E-1
9.875250E+3	9.515875E-1
9.875500E+3	9.436683E-1
9.875750E+3	9.478823E-1
9.876000E+3	9.634195E-1
9.876250E+3	9.716913E-1
9.876500E+3	9.651313E-1
9.876750E+3	9.549890E-1
9.877000E+3	9.535507E-1
9.877250E+3	9.587333E-1
9.877500E+3	9.587184E-1
9.877750E+3	9.549415E-1
9.878000E+3	9.577297E-1
9.878250E+3	9.675647E-1
9.878500E+3	9.706828E-1
9.878750E+3	9.631276E-1
9.879000E+3	9.574193E-1
9.879250E+3	9.585635E-1
9.879500E+3	9.578667E-1
9.879750E+3	9.500152E-1
9.880000E+3	9.453586E-1
9.880250E+3	9.512399E-1
9.880500E+3	9.586457E-1
9.880750E+3	9.535220E-1
9.881000E+3	9.428822E-1
9.881250E+3	9.391281E-1
9.881500E+3	9.419884E-1
9.881750E+3	9.436725E-1
9.882000E+3	9.442876E-1
9.882250E+3	9.499103E-1
9.882500E+3	9.562932E-1
9.882750E+3	9.504853E-1
9.883000E+3	9.347285E-1
9.883250E+3	9.248986E-1
9.883500E+3	9.259328E-1
9.883750E+3	9.319241E-1
9.884000E+3	9.358173E-1
9.884250E+3	9.389671E-1
9.884500E+3	9.430769E-1
9.884750E+3	9.435172E-1
9.885000E+3	9.379679E-1
9.885250E+3	9.339167E-1
9.885500E+3	9.348481E-1
9.885750E+3	9.352882E-1
9.886000E+3	9.315157E-1
9.886250E+3	9.286940E-1
9.886500E+3	9.318724E-1
9.886750E+3	9.368104E-1
9.887000E+3	9.354449E-1
9.887250E+3	9.301716E-1
9.887500E+3	9.302429E-1
9.887750E+3	9.377885E-1
9.888000E+3	9.466116E-1
9.888250E+3	9.488672E-1
9.888500E+3	9.427635E-1
9.888750E+3	9.335995E-1
9.889000E+3	9.288057E-1
9.889250E+3	9.305463E-1
9.889500E+3	9.336937E-1
9.889750E+3	9.311468E-1
9.890000E+3	9.236940E-1
9.890250E+3	9.210632E-1
9.890500E+3	9.282403E-1
9.890750E+3	9.409714E-1
9.891000E+3	9.489123E-1
9.891250E+3	9.473660E-1
9.891500E+3	9.425834E-1
9.891750E+3	9.391969E-1
9.892000E+3	9.351990E-1
9.892250E+3	9.275684E-1
9.892500E+3	9.197326E-1
9.892750E+3	9.188389E-1
9.893000E+3	9.276617E-1
9.893250E+3	9.383546E-1
9.893500E+3	9.404703E-1
9.893750E+3	9.352271E-1
9.894000E+3	9.334155E-1
9.894250E+3	9.404733E-1
9.894500E+3	9.476332E-1
9.894750E+3	9.475088E-1
9.895000E+3	9.438280E-1
9.895250E+3	9.426644E-1
9.895500E+3	9.427529E-1
9.895750E+3	9.398972E-1
9.896000E+3	9.368599E-1
9.896250E+3	9.383437E-1
9.896500E+3	9.409723E-1
9.896750E+3	9.383524E-1
9.897000E+3	9.333119E-1
9.897250E+3	9.335981E-1
9.897500E+3	9.391540E-1
9.897750E+3	9.435368E-1
9.898000E+3	9.451534E-1
9.898250E+3	9.471956E-1
9.898500E+3	9.480457E-1
9.898750E+3	9.432470E-1
9.899000E+3	9.357000E-1
9.899250E+3	9.335237E-1
9.899500E+3	9.359829E-1
9.899750E+3	9.343170E-1
9.900000E+3	9.283213E-1
9.900250E+3	9.283481E-1
9.900500E+3	9.372031E-1
9.900750E+3	9.436387E-1
9.901000E+3	9.405139E-1
9.901250E+3	9.351385E-1
9.901500E+3	9.366891E-1
9.901750E+3	9.417113E-1
9.902000E+3	9.425566E-1
9.902250E+3	9.405485E-1
9.902500E+3	9.409879E-1
9.902750E+3	9.424183E-1
9.903000E+3	9.400189E-1
9.903250E+3	9.356949E-1
9.903500E+3	9.347956E-1
9.903750E+3	9.368764E-1
9.904000E+3	9.372906E-1
9.904250E+3	9.358832E-1
9.904500E+3	9.364577E-1
9.904750E+3	9.387275E-1
9.905000E+3	9.385911E-1
9.905250E+3	9.360860E-1
9.905500E+3	9.357004E-1
9.905750E+3	9.382106E-1
9.906000E+3	9.387198E-1
9.906250E+3	9.348437E-1
9.906500E+3	9.310392E-1
9.906750E+3	9.315136E-1
9.907000E+3	9.340499E-1
9.907250E+3	9.341721E-1
9.907500E+3	9.315641E-1
9.907750E+3	9.292985E-1
9.908000E+3	9.288676E-1
9.908250E+3	9.290633E-1
9.908500E+3	9.287865E-1
9.908750E+3	9.283347E-1
9.909000E+3	9.282372E-1
9.909250E+3	9.284494E-1
9.909500E+3	9.285484E-1
9.909750E+3	9.279796E-1
9.910000E+3	9.266800E-1
9.910250E+3	9.257228E-1
9.910500E+3	9.260931E-1
9.910750E+3	9.267062E-1
9.911000E+3	9.256125E-1
9.911250E+3	9.234201E-1
9.911500E+3	9.229545E-1
9.911750E+3	9.247794E-1
9.912000E+3	9.260460E-1
9.912250E+3	9.250586E-1
9.912500E+3	9.241699E-1
9.912750E+3	9.256827E-1
9.913000E+3	9.275765E-1
9.913250E+3	9.270536E-1
9.913500E+3	9.258690E-1
9.913750E+3	9.277422E-1
9.914000E+3	9.315528E-1
9.914250E+3	9.322774E-1
9.914500E+3	9.286422E-1
9.914750E+3	9.251583E-1
9.915000E+3	9.255678E-1
9.915250E+3	9.280191E-1
9.915500E+3	9.291026E-1
9.915750E+3	9.288088E-1
9.916000E+3	9.286589E-1
9.916250E+3	9.282924E-1
9.916500E+3	9.269632E-1
9.916750E+3	9.261303E-1
9.917000E+3	9.273694E-1
9.917250E+3	9.292789E-1
9.917500E+3	9.294434E-1
9.917750E+3	9.282799E-1
9.918000E+3	9.284720E-1
9.918250E+3	9.309846E-1
9.918500E+3	9.338520E-1
9.918750E+3	9.346925E-1
9.919000E+3	9.328065E-1
9.919250E+3	9.294524E-1
9.919500E+3	9.271579E-1
9.919750E+3	9.278350E-1
9.920000E+3	9.302418E-1
9.920250E+3	9.311276E-1
9.920500E+3	9.301349E-1
9.920750E+3	9.303228E-1
9.921000E+3	9.329561E-1
9.921250E+3	9.346180E-1
9.921500E+3	9.326482E-1
9.921750E+3	9.299815E-1
9.922000E+3	9.301768E-1
9.922250E+3	9.310166E-1
9.922500E+3	9.282416E-1
9.922750E+3	9.236357E-1
9.923000E+3	9.229370E-1
9.923250E+3	9.268617E-1
9.923500E+3	9.297468E-1
9.923750E+3	9.279997E-1
9.924000E+3	9.241096E-1
9.924250E+3	9.219538E-1
9.924500E+3	9.223018E-1
9.924750E+3	9.242000E-1
9.925000E+3	9.265185E-1
9.925250E+3	9.264678E-1
9.925500E+3	9.221614E-1
9.925750E+3	9.180591E-1
9.926000E+3	9.204183E-1
9.926250E+3	9.274050E-1
9.926500E+3	9.293696E-1
9.926750E+3	9.223624E-1
9.927000E+3	9.147243E-1
9.927250E+3	9.146509E-1
9.927500E+3	9.189041E-1
9.927750E+3	9.186104E-1
9.928000E+3	9.128710E-1
9.928250E+3	9.088274E-1
9.928500E+3	9.113824E-1
9.928750E+3	9.177029E-1
9.929000E+3	9.215607E-1
9.929250E+3	9.207331E-1
9.929500E+3	9.174862E-1
9.929750E+3	9.161539E-1
9.930000E+3	9.200013E-1
9.930250E+3	9.257376E-1
9.930500E+3	9.259663E-1
9.930750E+3	9.189353E-1
9.931000E+3	9.110601E-1
9.931250E+3	9.094641E-1
9.931500E+3	9.123365E-1
9.931750E+3	9.122640E-1
9.932000E+3	9.078015E-1
9.932250E+3	9.053554E-1
9.932500E+3	9.086754E-1
9.932750E+3	9.138745E-1
9.933000E+3	9.169209E-1
9.933250E+3	9.188451E-1
9.933500E+3	9.225602E-1
9.933750E+3	9.269146E-1
9.934000E+3	9.278307E-1
9.934250E+3	9.234921E-1
9.934500E+3	9.156549E-1
9.934750E+3	9.080042E-1
9.935000E+3	9.049222E-1
9.935250E+3	9.090705E-1
9.935500E+3	9.178875E-1
9.935750E+3	9.243515E-1
9.936000E+3	9.213284E-1
9.936250E+3	9.097509E-1
9.936500E+3	9.013238E-1
9.936750E+3	9.036123E-1
9.937000E+3	9.102907E-1
9.937250E+3	9.092527E-1
9.937500E+3	8.988149E-1
9.937750E+3	8.892726E-1
9.938000E+3	8.893258E-1
9.938250E+3	8.980245E-1
9.938500E+3	9.071576E-1
9.938750E+3	9.136849E-1
9.939000E+3	9.191191E-1
9.939250E+3	9.206658E-1
9.939500E+3	9.148087E-1
9.939750E+3	9.073051E-1
9.940000E+3	9.062497E-1
9.940250E+3	9.110474E-1
9.940500E+3	9.144609E-1
9.940750E+3	9.126513E-1
9.941000E+3	9.103607E-1
9.941250E+3	9.114999E-1
9.941500E+3	9.134185E-1
9.941750E+3	9.119374E-1
9.942000E+3	9.063226E-1
9.942250E+3	9.005224E-1
9.942500E+3	8.993151E-1
9.942750E+3	9.028869E-1
9.943000E+3	9.068148E-1
9.943250E+3	9.057552E-1
9.943500E+3	9.013457E-1
9.943750E+3	9.021973E-1
9.944000E+3	9.101190E-1
9.944250E+3	9.158716E-1
9.944500E+3	9.125249E-1
9.944750E+3	9.066554E-1
9.945000E+3	9.058035E-1
9.945250E+3	9.081964E-1
9.945500E+3	9.079147E-1
9.945750E+3	9.060304E-1
9.946000E+3	9.071263E-1
9.946250E+3	9.075281E-1
9.946500E+3	9.006332E-1
9.946750E+3	8.922458E-1
9.947000E+3	8.919573E-1
9.947250E+3	8.993705E-1
9.947500E+3	9.075031E-1
9.947750E+3	9.118255E-1
9.948000E+3	9.131329E-1
9.948250E+3	9.092757E-1
9.948500E+3	8.977796E-1
9.948750E+3	8.878490E-1
9.949000E+3	8.924268E-1
9.949250E+3	9.057250E-1
9.949500E+3	9.070158E-1
9.949750E+3	8.913141E-1
9.950000E+3	8.759528E-1
9.950250E+3	8.757931E-1
9.950500E+3	8.864766E-1
9.950750E+3	8.897901E-1
9.951000E+3	8.824381E-1
9.951250E+3	8.774430E-1
9.951500E+3	8.817764E-1
9.951750E+3	8.918040E-1
9.952000E+3	8.981740E-1
9.952250E+3	8.974369E-1
9.952500E+3	8.938839E-1
9.952750E+3	8.916671E-1
9.953000E+3	8.937830E-1
9.953250E+3	8.988074E-1
9.953500E+3	9.009076E-1
9.953750E+3	8.990767E-1
9.954000E+3	8.979600E-1
9.954250E+3	9.056554E-1
9.954500E+3	9.200354E-1
9.954750E+3	9.211983E-1
9.955000E+3	9.003514E-1
9.955250E+3	8.702280E-1
9.955500E+3	8.553758E-1
9.955750E+3	8.657949E-1
9.956000E+3	8.827333E-1
9.956250E+3	8.881477E-1
9.956500E+3	8.880627E-1
9.956750E+3	8.957509E-1
9.957000E+3	9.064447E-1
9.957250E+3	9.048538E-1
9.957500E+3	8.942262E-1
9.957750E+3	8.900831E-1
9.958000E+3	8.897291E-1
9.958250E+3	8.862888E-1
9.958500E+3	8.874422E-1
9.958750E+3	9.074770E-1
9.959000E+3	9.265423E-1
9.959250E+3	9.157417E-1
9.959500E+3	8.840454E-1
9.959750E+3	8.655837E-1
9.960000E+3	8.776761E-1
9.960250E+3	8.863851E-1
9.960500E+3	8.705904E-1
9.960750E+3	8.547128E-1
9.961000E+3	8.735503E-1
9.961250E+3	9.040469E-1
9.961500E+3	9.034068E-1
9.961750E+3	8.841507E-1
9.962000E+3	8.734944E-1
9.962250E+3	8.781588E-1
9.962500E+3	8.841056E-1
9.962750E+3	8.885061E-1
9.963000E+3	8.960136E-1
9.963250E+3	8.958781E-1
9.963500E+3	8.805319E-1
9.963750E+3	8.698291E-1
9.964000E+3	8.786305E-1
9.964250E+3	8.896670E-1
9.964500E+3	8.782622E-1
9.964750E+3	8.590917E-1
9.965000E+3	8.669471E-1
9.965250E+3	8.908885E-1
9.965500E+3	8.874570E-1
9.965750E+3	8.605340E-1
9.966000E+3	8.502489E-1
9.966250E+3	8.760240E-1
9.966500E+3	8.966571E-1
9.966750E+3	8.902094E-1
9.967000E+3	8.901012E-1
9.967250E+3	9.110651E-1
9.967500E+3	9.161198E-1
9.967750E+3	8.845139E-1
9.968000E+3	8.493286E-1
9.968250E+3	8.506375E-1
9.968500E+3	8.761642E-1
9.968750E+3	8.845522E-1
9.969000E+3	8.750826E-1
9.969250E+3	8.663891E-1
9.969500E+3	8.593746E-1
9.969750E+3	8.475590E-1
9.970000E+3	8.481795E-1
9.970250E+3	8.755713E-1
9.970500E+3	9.001362E-1
9.970750E+3	8.909377E-1
9.971000E+3	8.670164E-1
9.971250E+3	8.678168E-1
9.971500E+3	8.867498E-1
9.971750E+3	8.900844E-1
9.972000E+3	8.732846E-1
9.972250E+3	8.601469E-1
9.972500E+3	8.636478E-1
9.972750E+3	8.597106E-1
9.973000E+3	8.425980E-1
9.973250E+3	8.401171E-1
9.973500E+3	8.655058E-1
9.973750E+3	8.777025E-1
9.974000E+3	8.595238E-1
9.974250E+3	8.395397E-1
9.974500E+3	8.549679E-1
9.974750E+3	8.816972E-1
9.975000E+3	8.928197E-1
9.975250E+3	8.934321E-1
9.975500E+3	8.936988E-1
9.975750E+3	8.910891E-1
9.976000E+3	8.795950E-1
9.976250E+3	8.633792E-1
9.976500E+3	8.567515E-1
9.976750E+3	8.625704E-1
9.977000E+3	8.594177E-1
9.977250E+3	8.404798E-1
9.977500E+3	8.229694E-1
9.977750E+3	8.257475E-1
9.978000E+3	8.356705E-1
9.978250E+3	8.346025E-1
9.978500E+3	8.212031E-1
9.978750E+3	8.132236E-1
9.979000E+3	8.219208E-1
9.979250E+3	8.412029E-1
9.979500E+3	8.620728E-1
9.979750E+3	8.717770E-1
9.980000E+3	8.661747E-1
9.980250E+3	8.611808E-1
9.980500E+3	8.667336E-1
9.980750E+3	8.754804E-1
9.981000E+3	8.797665E-1
9.981250E+3	8.820684E-1
9.981500E+3	8.855162E-1
9.981750E+3	8.829875E-1
9.982000E+3	8.674334E-1
9.982250E+3	8.390745E-1
9.982500E+3	8.101706E-1
9.982750E+3	8.016468E-1
9.983000E+3	8.199830E-1
9.983250E+3	8.566331E-1
9.983500E+3	8.830621E-1
9.983750E+3	8.612749E-1
9.984000E+3	8.119420E-1
9.984250E+3	7.870411E-1
9.984500E+3	8.166334E-1
9.984750E+3	8.724406E-1
9.985000E+3	8.817350E-1
9.985250E+3	8.405443E-1
9.985500E+3	8.062944E-1
9.985750E+3	8.162311E-1
9.986000E+3	8.418838E-1
9.986250E+3	8.418566E-1
9.986500E+3	8.266719E-1
9.986750E+3	8.330061E-1
9.987000E+3	8.650238E-1
9.987250E+3	8.877002E-1
9.987500E+3	8.759601E-1
9.987750E+3	8.556778E-1
9.988000E+3	8.589634E-1
9.988250E+3	8.627364E-1
9.988500E+3	8.421258E-1
9.988750E+3	8.096755E-1
9.989000E+3	8.117494E-1
9.989250E+3	8.525757E-1
9.989500E+3	8.634041E-1
9.989750E+3	8.334683E-1
9.990000E+3	7.981913E-1
9.990250E+3	8.047844E-1
9.990500E+3	8.484402E-1
9.990750E+3	8.667321E-1
9.991000E+3	8.498001E-1
9.991250E+3	8.262567E-1
9.991500E+3	8.280096E-1
9.991750E+3	8.499776E-1
9.992000E+3	8.676051E-1
9.992250E+3	8.799439E-1
9.992500E+3	8.935692E-1
9.992750E+3	9.022161E-1
9.993000E+3	8.901827E-1
9.993250E+3	8.530717E-1
9.993500E+3	8.163681E-1
9.993750E+3	8.021051E-1
9.994000E+3	8.120518E-1
9.994250E+3	8.350290E-1
9.994500E+3	8.424690E-1
9.994750E+3	8.354236E-1
9.995000E+3	8.267106E-1
9.995250E+3	8.199750E-1
9.995500E+3	8.208666E-1
9.995750E+3	8.286706E-1
9.996000E+3	8.374590E-1
9.996250E+3	8.446404E-1
9.996500E+3	8.449699E-1
9.996750E+3	8.417885E-1
9.997000E+3	8.458423E-1
9.997250E+3	8.557512E-1
9.997500E+3	8.600748E-1
9.997750E+3	8.614310E-1
9.998000E+3	8.776534E-1
9.998250E+3	9.019493E-1
9.998500E+3	8.913934E-1
9.998750E+3	8.465120E-1
9.999000E+3	8.139090E-1
9.999250E+3	8.111956E-1
9.999500E+3	8.295244E-1
9.999750E+3	8.256905E-1
1.000000E+4	8.058725E-1
1.000025E+4	8.057172E-1
1.000050E+4	8.399052E-1
1.000075E+4	8.783098E-1
1.000100E+4	8.752151E-1
1.000125E+4	8.327641E-1
1.000150E+4	7.801335E-1
1.000175E+4	7.577155E-1
1.000200E+4	7.754811E-1
1.000225E+4	8.076226E-1
1.000250E+4	8.336053E-1
1.000275E+4	8.431613E-1
1.000300E+4	8.304471E-1
1.000325E+4	7.906179E-1
1.000350E+4	7.570063E-1
1.000375E+4	7.825240E-1
1.000400E+4	8.290399E-1
1.000425E+4	8.623543E-1
1.000450E+4	8.674073E-1
1.000475E+4	8.523240E-1
1.000500E+4	8.525113E-1
1.000525E+4	8.644742E-1
1.000550E+4	8.655443E-1
1.000575E+4	8.464571E-1
1.000600E+4	8.266049E-1
1.000625E+4	8.125922E-1
1.000650E+4	8.000051E-1
1.000675E+4	7.941459E-1
1.000700E+4	7.979937E-1
1.000725E+4	7.988629E-1
1.000750E+4	7.907029E-1
1.000775E+4	7.856553E-1
1.000800E+4	7.969156E-1
1.000825E+4	8.181314E-1
1.000850E+4	8.421481E-1
1.000875E+4	8.619339E-1
1.000900E+4	8.570107E-1
1.000925E+4	8.126968E-1
1.000950E+4	7.720596E-1
1.000975E+4	7.833284E-1
1.001000E+4	8.313472E-1
1.001025E+4	8.688563E-1
1.001050E+4	8.485464E-1
1.001075E+4	8.120098E-1
1.001100E+4	8.199408E-1
1.001125E+4	8.552594E-1
1.001150E+4	8.745071E-1
1.001175E+4	8.583121E-1
1.001200E+4	8.451093E-1
1.001225E+4	8.562571E-1
1.001250E+4	8.608492E-1
1.001275E+4	8.409669E-1
1.001300E+4	8.279736E-1
1.001325E+4	8.293454E-1
1.001350E+4	8.243555E-1
1.001375E+4	8.100913E-1
1.001400E+4	8.119808E-1
1.001425E+4	8.295088E-1
1.001450E+4	8.389265E-1
1.001475E+4	8.185712E-1
1.001500E+4	7.992233E-1
1.001525E+4	8.118580E-1
1.001550E+4	8.512653E-1
1.001575E+4	8.688853E-1
1.001600E+4	8.408259E-1
1.001625E+4	8.081941E-1
1.001650E+4	8.111223E-1
1.001675E+4	8.499581E-1
1.001700E+4	8.570450E-1
1.001725E+4	8.161596E-1
1.001750E+4	7.511045E-1
1.001775E+4	7.074496E-1
1.001800E+4	7.071095E-1
1.001825E+4	7.046055E-1
1.001850E+4	6.925315E-1
1.001875E+4	7.157722E-1
1.001900E+4	7.771135E-1
1.001925E+4	8.246664E-1
1.001950E+4	8.357816E-1
1.001975E+4	8.355832E-1
1.002000E+4	8.562035E-1
1.002025E+4	8.806294E-1
1.002050E+4	8.725609E-1
1.002075E+4	8.227410E-1
1.002100E+4	7.888967E-1
1.002125E+4	7.901056E-1
1.002150E+4	7.975352E-1
1.002175E+4	7.954136E-1
1.002200E+4	7.982683E-1
1.002225E+4	8.143456E-1
1.002250E+4	8.230221E-1
1.002275E+4	8.016385E-1
1.002300E+4	7.561299E-1
1.002325E+4	7.286199E-1
1.002350E+4	7.248912E-1
1.002375E+4	7.430097E-1
1.002400E+4	7.810981E-1
1.002425E+4	8.083675E-1
1.002450E+4	7.972816E-1
1.002475E+4	7.629733E-1
1.002500E+4	7.473036E-1
1.002525E+4	7.484311E-1
1.002550E+4	7.298428E-1
1.002575E+4	6.894173E-1
1.002600E+4	6.946728E-1
1.002625E+4	7.869732E-1
1.002650E+4	8.683232E-1
1.002675E+4	8.880302E-1
1.002700E+4	8.680694E-1
1.002725E+4	8.501441E-1
1.002750E+4	8.503139E-1
1.002775E+4	8.245197E-1
1.002800E+4	7.663583E-1
1.002825E+4	7.228444E-1
1.002850E+4	7.483318E-1
1.002875E+4	8.307482E-1
1.002900E+4	8.885202E-1
1.002925E+4	8.824211E-1
1.002950E+4	8.479403E-1
1.002975E+4	8.394473E-1
1.003000E+4	8.588921E-1
1.003025E+4	8.602174E-1
1.003050E+4	8.163846E-1
1.003075E+4	7.907488E-1
1.003100E+4	8.076872E-1
1.003125E+4	8.439502E-1
1.003150E+4	8.680729E-1
1.003175E+4	8.446357E-1
1.003200E+4	8.121212E-1
1.003225E+4	7.990212E-1
1.003250E+4	7.975075E-1
1.003275E+4	8.025065E-1
1.003300E+4	8.114248E-1
1.003325E+4	8.199147E-1
1.003350E+4	8.254973E-1
1.003375E+4	8.266696E-1
1.003400E+4	8.309044E-1
1.003425E+4	8.456814E-1
1.003450E+4	8.637729E-1
1.003475E+4	8.693051E-1
1.003500E+4	8.432784E-1
1.003525E+4	8.008323E-1
1.003550E+4	7.760916E-1
1.003575E+4	7.787345E-1
1.003600E+4	7.864477E-1
1.003625E+4	7.674774E-1
1.003650E+4	7.392968E-1
1.003675E+4	7.362377E-1
1.003700E+4	7.548174E-1
1.003725E+4	7.531782E-1
1.003750E+4	7.211067E-1
1.003775E+4	7.256749E-1
1.003800E+4	8.022159E-1
1.003825E+4	9.007348E-1
1.003850E+4	9.177666E-1
1.003875E+4	8.323949E-1
1.003900E+4	7.778629E-1
1.003925E+4	8.154131E-1
1.003950E+4	8.916821E-1
1.003975E+4	8.851213E-1
1.004000E+4	8.082885E-1
1.004025E+4	7.770900E-1
1.004050E+4	8.089245E-1
1.004075E+4	8.653815E-1
1.004100E+4	8.818058E-1
1.004125E+4	8.509025E-1
1.004150E+4	8.349062E-1
1.004175E+4	8.573923E-1
1.004200E+4	8.830231E-1
1.004225E+4	8.893186E-1
1.004250E+4	8.895148E-1
1.004275E+4	8.972069E-1
1.004300E+4	8.979831E-1
1.004325E+4	8.716895E-1
1.004350E+4	8.259468E-1
1.004375E+4	7.804062E-1
1.004400E+4	7.566026E-1
1.004425E+4	7.607907E-1
1.004450E+4	7.849198E-1
1.004475E+4	8.188469E-1
1.004500E+4	8.420355E-1
1.004525E+4	8.385274E-1
1.004550E+4	8.135961E-1
1.004575E+4	7.916649E-1
1.004600E+4	7.916874E-1
1.004625E+4	8.011384E-1
1.004650E+4	8.069663E-1
1.004675E+4	8.120196E-1
1.004700E+4	8.240510E-1
1.004725E+4	8.413829E-1
1.004750E+4	8.542920E-1
1.004775E+4	8.464464E-1
1.004800E+4	8.149625E-1
1.004825E+4	7.871420E-1
1.004850E+4	7.817527E-1
1.004875E+4	8.020866E-1
1.004900E+4	8.205926E-1
1.004925E+4	8.090960E-1
1.004950E+4	7.900100E-1
1.004975E+4	7.954176E-1
1.005000E+4	8.343950E-1
1.005025E+4	8.542185E-1
1.005050E+4	8.332145E-1
1.005075E+4	8.219720E-1
1.005100E+4	8.372832E-1
1.005125E+4	8.481596E-1
1.005150E+4	8.343730E-1
1.005175E+4	8.296297E-1
1.005200E+4	8.483896E-1
1.005225E+4	8.543063E-1
1.005250E+4	8.305544E-1
1.005275E+4	8.016479E-1
1.005300E+4	8.191575E-1
1.005325E+4	8.700379E-1
1.005350E+4	8.899431E-1
1.005375E+4	8.890962E-1
1.005400E+4	8.980576E-1
1.005425E+4	9.040017E-1
1.005450E+4	8.832023E-1
1.005475E+4	8.615490E-1
1.005500E+4	8.710557E-1
1.005525E+4	8.966145E-1
1.005550E+4	8.841479E-1
1.005575E+4	8.548413E-1
1.005600E+4	8.422795E-1
1.005625E+4	8.404804E-1
1.005650E+4	8.189570E-1
1.005675E+4	7.842795E-1
1.005700E+4	7.922112E-1
1.005725E+4	8.237406E-1
1.005750E+4	8.073706E-1
1.005775E+4	7.478535E-1
1.005800E+4	7.250806E-1
1.005825E+4	7.995322E-1
1.005850E+4	8.712245E-1
1.005875E+4	8.551337E-1
1.005900E+4	8.238263E-1
1.005925E+4	8.445089E-1
1.005950E+4	9.135052E-1
1.005975E+4	9.388176E-1
1.006000E+4	9.077496E-1
1.006025E+4	8.881984E-1
1.006050E+4	9.089618E-1
1.006075E+4	9.211382E-1
1.006100E+4	8.899930E-1
1.006125E+4	8.652594E-1
1.006150E+4	8.713408E-1
1.006175E+4	8.870545E-1
1.006200E+4	8.592374E-1
1.006225E+4	7.892769E-1
1.006250E+4	7.376819E-1
1.006275E+4	7.332516E-1
1.006300E+4	7.631516E-1
1.006325E+4	7.884315E-1
1.006350E+4	7.822097E-1
1.006375E+4	7.749823E-1
1.006400E+4	7.951927E-1
1.006425E+4	8.159168E-1
1.006450E+4	8.046015E-1
1.006475E+4	7.730657E-1
1.006500E+4	7.671143E-1
1.006525E+4	7.893048E-1
1.006550E+4	8.000231E-1
1.006575E+4	8.050129E-1
1.006600E+4	8.435660E-1
1.006625E+4	8.866371E-1
1.006650E+4	8.607892E-1
1.006675E+4	7.870643E-1
1.006700E+4	7.602242E-1
1.006725E+4	8.147890E-1
1.006750E+4	8.669932E-1
1.006775E+4	8.413166E-1
1.006800E+4	7.724045E-1
1.006825E+4	7.572542E-1
1.006850E+4	8.119635E-1
1.006875E+4	8.256955E-1
1.006900E+4	7.767441E-1
1.006925E+4	7.463619E-1
1.006950E+4	7.892900E-1
1.006975E+4	8.329521E-1
1.007000E+4	8.314464E-1
1.007025E+4	8.116920E-1
1.007050E+4	8.037421E-1
1.007075E+4	7.975746E-1
1.007100E+4	7.811845E-1
1.007125E+4	7.703752E-1
1.007150E+4	7.822762E-1
1.007175E+4	8.025695E-1
1.007200E+4	8.118773E-1
1.007225E+4	8.161712E-1
1.007250E+4	8.091202E-1
1.007275E+4	7.768212E-1
1.007300E+4	7.549966E-1
1.007325E+4	7.840185E-1
1.007350E+4	8.537331E-1
1.007375E+4	8.686236E-1
1.007400E+4	8.355434E-1
1.007425E+4	8.272560E-1
1.007450E+4	8.575402E-1
1.007475E+4	8.522688E-1
1.007500E+4	7.901447E-1
1.007525E+4	7.432083E-1
1.007550E+4	7.472655E-1
1.007575E+4	7.964215E-1
1.007600E+4	7.927922E-1
1.007625E+4	7.260525E-1
1.007650E+4	7.015274E-1
1.007675E+4	7.439777E-1
1.007700E+4	7.658262E-1
1.007725E+4	7.279969E-1
1.007750E+4	7.027985E-1
1.007775E+4	7.806410E-1
1.007800E+4	8.453717E-1
1.007825E+4	8.285035E-1
1.007850E+4	7.782310E-1
1.007875E+4	7.459009E-1
1.007900E+4	7.708518E-1
1.007925E+4	7.721051E-1
1.007950E+4	7.470165E-1
1.007975E+4	7.660715E-1
1.008000E+4	8.609868E-1
1.008025E+4	9.175593E-1
1.008050E+4	8.591767E-1
1.008075E+4	7.627936E-1
1.008100E+4	7.244574E-1
1.008125E+4	7.724683E-1
1.008150E+4	8.400156E-1
1.008175E+4	8.641223E-1
1.008200E+4	8.593664E-1
1.008225E+4	8.557697E-1
1.008250E+4	8.515234E-1
1.008275E+4	8.311850E-1
1.008300E+4	8.066800E-1
1.008325E+4	7.956474E-1
1.008350E+4	7.980512E-1
1.008375E+4	8.100080E-1
1.008400E+4	8.111167E-1
1.008425E+4	8.030100E-1
1.008450E+4	8.050903E-1
1.008475E+4	8.339028E-1
1.008500E+4	8.533884E-1
1.008525E+4	8.243412E-1
1.008550E+4	7.918068E-1
1.008575E+4	7.770617E-1
1.008600E+4	7.913640E-1
1.008625E+4	8.016149E-1
1.008650E+4	7.693656E-1
1.008675E+4	7.398126E-1
1.008700E+4	7.512543E-1
1.008725E+4	7.945435E-1
1.008750E+4	8.260469E-1
1.008775E+4	8.255928E-1
1.008800E+4	8.194137E-1
1.008825E+4	8.197714E-1
1.008850E+4	8.106715E-1
1.008875E+4	8.039121E-1
1.008900E+4	8.381453E-1
1.008925E+4	8.762775E-1
1.008950E+4	8.845235E-1
1.008975E+4	8.795906E-1
1.009000E+4	8.912476E-1
1.009025E+4	9.128931E-1
1.009050E+4	9.044583E-1
1.009075E+4	8.668879E-1
1.009100E+4	8.340946E-1
1.009125E+4	8.486840E-1
1.009150E+4	8.712497E-1
1.009175E+4	8.519965E-1
1.009200E+4	8.182138E-1
1.009225E+4	8.193244E-1
1.009250E+4	8.476708E-1
1.009275E+4	8.650685E-1
1.009300E+4	8.593919E-1
1.009325E+4	8.431955E-1
1.009350E+4	8.225036E-1
1.009375E+4	8.000330E-1
1.009400E+4	8.167275E-1
1.009425E+4	8.906169E-1
1.009450E+4	9.347034E-1
1.009475E+4	9.055299E-1
1.009500E+4	8.039184E-1
1.009525E+4	7.535601E-1
1.009550E+4	8.478197E-1
1.009575E+4	9.368490E-1
1.009600E+4	9.335807E-1
1.009625E+4	8.625899E-1
1.009650E+4	8.285017E-1
1.009675E+4	8.757722E-1
1.009700E+4	9.373733E-1
1.009725E+4	9.338473E-1
1.009750E+4	8.964588E-1
1.009775E+4	8.800829E-1
1.009800E+4	8.856771E-1
1.009825E+4	8.684661E-1
1.009850E+4	8.435091E-1
1.009875E+4	8.573746E-1
1.009900E+4	9.061447E-1
1.009925E+4	9.303708E-1
1.009950E+4	8.777225E-1
1.009975E+4	8.321301E-1
1.010000E+4	8.411010E-1
1.010025E+4	8.711989E-1
1.010050E+4	8.687151E-1
1.010075E+4	8.332295E-1
1.010100E+4	7.980306E-1
1.010125E+4	7.737793E-1
1.010150E+4	7.576881E-1
1.010175E+4	7.702182E-1
1.010200E+4	8.201383E-1
1.010225E+4	8.585137E-1
1.010250E+4	8.520034E-1
1.010275E+4	8.333354E-1
1.010300E+4	8.688743E-1
1.010325E+4	9.137760E-1
1.010350E+4	8.978144E-1
1.010375E+4	8.553452E-1
1.010400E+4	8.337718E-1
1.010425E+4	8.664848E-1
1.010450E+4	8.693696E-1
1.010475E+4	8.201638E-1
1.010500E+4	7.815071E-1
1.010525E+4	8.142138E-1
1.010550E+4	9.003810E-1
1.010575E+4	9.011168E-1
1.010600E+4	8.583506E-1
1.010625E+4	8.705716E-1
1.010650E+4	9.213118E-1
1.010675E+4	9.081396E-1
1.010700E+4	8.516723E-1
1.010725E+4	8.260069E-1
1.010750E+4	8.741197E-1
1.010775E+4	9.149019E-1
1.010800E+4	8.878753E-1
1.010825E+4	8.427996E-1
1.010850E+4	8.451988E-1
1.010875E+4	8.898517E-1
1.010900E+4	8.927960E-1
1.010925E+4	8.384933E-1
1.010950E+4	8.158347E-1
1.010975E+4	8.701452E-1
1.011000E+4	9.171963E-1
1.011025E+4	9.098334E-1
1.011050E+4	8.753163E-1
1.011075E+4	8.696900E-1
1.011100E+4	8.919670E-1
1.011125E+4	8.834862E-1
1.011150E+4	8.458624E-1
1.011175E+4	8.403242E-1
1.011200E+4	8.761837E-1
1.011225E+4	9.004662E-1
1.011250E+4	8.905913E-1
1.011275E+4	8.859398E-1
1.011300E+4	9.161302E-1
1.011325E+4	9.279468E-1
1.011350E+4	8.795246E-1
1.011375E+4	8.221570E-1
1.011400E+4	8.050209E-1
1.011425E+4	8.218950E-1
1.011450E+4	8.246633E-1
1.011475E+4	8.025015E-1
1.011500E+4	8.151382E-1
1.011525E+4	8.646774E-1
1.011550E+4	8.834315E-1
1.011575E+4	8.475824E-1
1.011600E+4	8.109206E-1
1.011625E+4	8.366795E-1
1.011650E+4	8.806268E-1
1.011675E+4	8.775827E-1
1.011700E+4	8.489957E-1
1.011725E+4	8.383478E-1
1.011750E+4	8.649300E-1
1.011775E+4	8.937728E-1
1.011800E+4	9.045074E-1
1.011825E+4	9.099227E-1
1.011850E+4	9.216664E-1
1.011875E+4	9.412846E-1
1.011900E+4	9.635920E-1
1.011925E+4	9.748165E-1
1.011950E+4	9.498303E-1
1.011975E+4	8.954721E-1
1.012000E+4	8.716748E-1
1.012025E+4	8.901228E-1
1.012050E+4	8.988043E-1
1.012075E+4	8.739773E-1
1.012100E+4	8.516998E-1
1.012125E+4	8.584363E-1
1.012150E+4	8.749593E-1
1.012175E+4	8.730309E-1
1.012200E+4	8.764979E-1
1.012225E+4	9.117806E-1
1.012250E+4	9.554068E-1
1.012275E+4	9.538885E-1
1.012300E+4	9.101671E-1
1.012325E+4	8.762460E-1
1.012350E+4	8.746156E-1
1.012375E+4	8.941201E-1
1.012400E+4	9.113932E-1
1.012425E+4	9.033829E-1
1.012450E+4	8.651570E-1
1.012475E+4	8.337005E-1
1.012500E+4	8.425983E-1
1.012525E+4	8.850716E-1
1.012550E+4	9.196777E-1
1.012575E+4	9.002485E-1
1.012600E+4	8.773565E-1
1.012625E+4	8.972813E-1
1.012650E+4	9.306507E-1
1.012675E+4	9.328669E-1
1.012700E+4	9.122023E-1
1.012725E+4	9.246739E-1
1.012750E+4	9.556475E-1
1.012775E+4	9.560937E-1
1.012800E+4	9.215381E-1
1.012825E+4	8.923885E-1
1.012850E+4	8.853730E-1
1.012875E+4	8.831306E-1
1.012900E+4	8.861316E-1
1.012925E+4	9.098286E-1
1.012950E+4	9.356354E-1
1.012975E+4	9.334083E-1
1.013000E+4	9.100412E-1
1.013025E+4	9.043048E-1
1.013050E+4	9.262567E-1
1.013075E+4	9.492402E-1
1.013100E+4	9.536020E-1
1.013125E+4	9.522652E-1
1.013150E+4	9.608178E-1
1.013175E+4	9.680902E-1
1.013200E+4	9.690975E-1
1.013225E+4	9.728715E-1
1.013250E+4	9.790845E-1
1.013275E+4	9.758379E-1
1.013300E+4	9.643496E-1
1.013325E+4	9.596723E-1
1.013350E+4	9.651673E-1
1.013375E+4	9.674797E-1
1.013400E+4	9.638676E-1
1.013425E+4	9.643260E-1
1.013450E+4	9.704547E-1
1.013475E+4	9.725746E-1
1.013500E+4	9.710633E-1
1.013525E+4	9.777214E-1
1.013550E+4	9.880219E-1
1.013575E+4	9.851994E-1
1.013600E+4	9.729867E-1
1.013625E+4	9.696911E-1
1.013650E+4	9.783037E-1
1.013675E+4	9.815376E-1
1.013700E+4	9.706537E-1
1.013725E+4	9.586343E-1
1.013750E+4	9.595332E-1
1.013775E+4	9.702777E-1
1.013800E+4	9.819576E-1
1.013825E+4	9.893005E-1
1.013850E+4	9.901569E-1
1.013875E+4	9.882744E-1
1.013900E+4	9.883708E-1
1.013925E+4	9.900736E-1
1.013950E+4	9.899128E-1
1.013975E+4	9.864237E-1
1.014000E+4	9.818732E-1
1.014025E+4	9.766666E-1
1.014050E+4	9.703544E-1
1.014075E+4	9.681000E-1
1.014100E+4	9.739824E-1
1.014125E+4	9.791589E-1
1.014150E+4	9.724972E-1
1.014175E+4	9.604331E-1
1.014200E+4	9.592267E-1
1.014225E+4	9.679956E-1
1.014250E+4	9.636286E-1
1.014275E+4	9.388083E-1
1.014300E+4	9.178199E-1
1.014325E+4	9.180806E-1
1.014350E+4	9.288060E-1
1.014375E+4	9.257806E-1
1.014400E+4	9.063995E-1
1.014425E+4	8.889034E-1
1.014450E+4	8.860048E-1
1.014475E+4	8.906971E-1
1.014500E+4	8.868435E-1
1.014525E+4	8.733159E-1
1.014550E+4	8.552731E-1
1.014575E+4	8.332553E-1
1.014600E+4	8.114707E-1
1.014625E+4	8.018882E-1
1.014650E+4	8.086774E-1
1.014675E+4	8.173025E-1
1.014700E+4	8.056391E-1
1.014725E+4	7.608691E-1
1.014750E+4	6.892641E-1
1.014775E+4	6.317506E-1
1.014800E+4	6.205058E-1
1.014825E+4	6.318443E-1
1.014850E+4	6.320773E-1
1.014875E+4	6.029897E-1
1.014900E+4	5.674556E-1
1.014925E+4	5.493077E-1
1.014950E+4	5.352498E-1
1.014975E+4	5.128691E-1
1.015000E+4	4.943118E-1
1.015025E+4	4.846840E-1
1.015050E+4	4.668941E-1
1.015075E+4	4.365843E-1
1.015100E+4	4.260069E-1
1.015125E+4	4.441187E-1
1.015150E+4	4.613285E-1
1.015175E+4	4.495162E-1
1.015200E+4	4.021747E-1
1.015225E+4	3.779729E-1
1.015250E+4	3.639942E-1
1.015275E+4	3.199239E-1
1.015300E+4	2.303873E-1
1.015325E+4	1.492097E-1
1.015350E+4	1.400148E-1
1.015375E+4	1.592762E-1
1.015400E+4	1.591578E-1
1.015425E+4	1.347960E-1
1.015450E+4	1.245373E-1
1.015475E+4	1.919738E-1
1.015500E+4	2.594174E-1
1.015525E+4	2.460314E-1
1.015550E+4	1.764631E-1
1.015575E+4	1.278357E-1
1.015600E+4	2.034422E-1
1.015625E+4	2.553556E-1
1.015650E+4	1.857095E-1
1.015675E+4	1.086751E-1
1.015700E+4	1.500182E-1
1.015725E+4	2.671096E-1
1.015750E+4	3.507071E-1
1.015775E+4	3.150806E-1
1.015800E+4	2.057733E-1
1.015825E+4	1.717829E-1
1.015850E+4	1.859315E-1
1.015875E+4	1.906599E-1
1.015900E+4	1.836281E-1
1.015925E+4	1.971010E-1
1.015950E+4	2.132344E-1
1.015975E+4	1.909221E-1
1.016000E+4	1.497178E-1
1.016025E+4	1.614775E-1
1.016050E+4	2.626277E-1
1.016075E+4	3.724447E-1
1.016100E+4	3.692848E-1
1.016125E+4	2.909817E-1
1.016150E+4	2.919997E-1
1.016175E+4	3.863563E-1
1.016200E+4	4.249879E-1
1.016225E+4	4.005949E-1
1.016250E+4	3.553253E-1
1.016275E+4	3.321796E-1
1.016300E+4	3.075371E-1
1.016325E+4	2.440019E-1
1.016350E+4	1.661782E-1
1.016375E+4	1.508621E-1
1.016400E+4	2.736043E-1
1.016425E+4	3.941156E-1
1.016450E+4	4.436136E-1
1.016475E+4	4.578214E-1
1.016500E+4	4.493636E-1
1.016525E+4	4.314687E-1
1.016550E+4	4.285318E-1
1.016575E+4	4.730194E-1
1.016600E+4	5.415878E-1
1.016625E+4	5.259296E-1
1.016650E+4	4.774232E-1
1.016675E+4	4.530380E-1
1.016700E+4	4.596126E-1
1.016725E+4	4.315844E-1
1.016750E+4	3.585035E-1
1.016775E+4	2.919024E-1
1.016800E+4	3.017148E-1
1.016825E+4	3.919846E-1
1.016850E+4	4.397878E-1
1.016875E+4	4.117311E-1
1.016900E+4	3.889718E-1
1.016925E+4	4.574918E-1
1.016950E+4	5.624008E-1
1.016975E+4	5.691272E-1
1.017000E+4	4.804120E-1
1.017025E+4	4.281417E-1
1.017050E+4	4.784898E-1
1.017075E+4	5.588398E-1
1.017100E+4	5.491959E-1
1.017125E+4	5.100280E-1
1.017150E+4	5.502515E-1
1.017175E+4	6.150508E-1
1.017200E+4	6.029429E-1
1.017225E+4	5.266042E-1
1.017250E+4	4.861464E-1
1.017275E+4	5.118105E-1
1.017300E+4	5.422714E-1
1.017325E+4	5.282907E-1
1.017350E+4	5.179315E-1
1.017375E+4	5.261857E-1
1.017400E+4	5.163670E-1
1.017425E+4	4.706851E-1
1.017450E+4	4.462635E-1
1.017475E+4	4.658680E-1
1.017500E+4	5.024918E-1
1.017525E+4	5.309313E-1
1.017550E+4	5.435360E-1
1.017575E+4	5.433602E-1
1.017600E+4	5.338111E-1
1.017625E+4	5.304422E-1
1.017650E+4	5.305759E-1
1.017675E+4	5.061335E-1
1.017700E+4	4.572893E-1
1.017725E+4	4.196320E-1
1.017750E+4	4.687156E-1
1.017775E+4	5.223941E-1
1.017800E+4	4.296956E-1
1.017825E+4	3.261026E-1
1.017850E+4	3.457523E-1
1.017875E+4	5.158322E-1
1.017900E+4	6.125202E-1
1.017925E+4	5.564783E-1
1.017950E+4	5.096517E-1
1.017975E+4	5.573400E-1
1.018000E+4	6.413580E-1
1.018025E+4	6.245075E-1
1.018050E+4	5.762668E-1
1.018075E+4	6.062462E-1
1.018100E+4	6.627763E-1
1.018125E+4	6.444433E-1
1.018150E+4	5.718178E-1
1.018175E+4	5.527484E-1
1.018200E+4	5.773751E-1
1.018225E+4	5.630453E-1
1.018250E+4	5.113614E-1
1.018275E+4	4.800851E-1
1.018300E+4	4.618763E-1
1.018325E+4	4.078610E-1
1.018350E+4	3.624244E-1
1.018375E+4	4.012253E-1
1.018400E+4	5.116562E-1
1.018425E+4	5.730580E-1
1.018450E+4	5.298536E-1
1.018475E+4	4.864996E-1
1.018500E+4	5.029619E-1
1.018525E+4	5.457021E-1
1.018550E+4	5.539854E-1
1.018575E+4	5.488740E-1
1.018600E+4	5.618390E-1
1.018625E+4	5.572913E-1
1.018650E+4	4.918313E-1
1.018675E+4	4.208107E-1
1.018700E+4	4.050160E-1
1.018725E+4	3.692470E-1
1.018750E+4	2.987866E-1
1.018775E+4	2.890542E-1
1.018800E+4	3.855808E-1
1.018825E+4	4.647035E-1
1.018850E+4	4.304410E-1
1.018875E+4	3.629918E-1
1.018900E+4	3.778460E-1
1.018925E+4	4.482771E-1
1.018950E+4	4.789514E-1
1.018975E+4	4.280358E-1
1.019000E+4	4.061057E-1
1.019025E+4	4.593333E-1
1.019050E+4	4.988433E-1
1.019075E+4	4.677249E-1
1.019100E+4	4.076279E-1
1.019125E+4	4.070768E-1
1.019150E+4	4.197232E-1
1.019175E+4	4.015022E-1
1.019200E+4	3.789085E-1
1.019225E+4	3.896786E-1
1.019250E+4	3.930903E-1
1.019275E+4	3.495223E-1
1.019300E+4	3.127005E-1
1.019325E+4	3.513120E-1
1.019350E+4	4.261671E-1
1.019375E+4	4.566449E-1
1.019400E+4	4.342360E-1
1.019425E+4	4.236427E-1
1.019450E+4	4.582072E-1
1.019475E+4	4.718352E-1
1.019500E+4	4.344393E-1
1.019525E+4	3.869868E-1
1.019550E+4	3.796080E-1
1.019575E+4	4.058331E-1
1.019600E+4	4.084591E-1
1.019625E+4	3.749990E-1
1.019650E+4	3.372757E-1
1.019675E+4	3.062330E-1
1.019700E+4	3.025666E-1
1.019725E+4	3.719024E-1
1.019750E+4	4.461979E-1
1.019775E+4	4.295056E-1
1.019800E+4	3.451558E-1
1.019825E+4	2.596669E-1
1.019850E+4	2.751704E-1
1.019875E+4	3.683371E-1
1.019900E+4	4.046398E-1
1.019925E+4	3.835911E-1
1.019950E+4	3.604390E-1
1.019975E+4	3.654959E-1
1.020000E+4	3.716457E-1
1.020025E+4	3.702334E-1
1.020050E+4	3.919780E-1
1.020075E+4	4.317097E-1
1.020100E+4	4.301435E-1
1.020125E+4	3.922903E-1
1.020150E+4	3.828052E-1
1.020175E+4	4.063988E-1
1.020200E+4	4.018494E-1
1.020225E+4	3.366727E-1
1.020250E+4	2.854046E-1
1.020275E+4	3.046248E-1
1.020300E+4	3.329300E-1
1.020325E+4	3.234420E-1
1.020350E+4	3.099060E-1
1.020375E+4	3.355383E-1
1.020400E+4	3.805103E-1
1.020425E+4	3.869079E-1
1.020450E+4	3.568729E-1
1.020475E+4	3.416132E-1
1.020500E+4	3.430461E-1
1.020525E+4	3.390940E-1
1.020550E+4	3.368684E-1
1.020575E+4	3.537194E-1
1.020600E+4	3.530763E-1
1.020625E+4	3.036395E-1
1.020650E+4	2.424540E-1
1.020675E+4	2.385725E-1
1.020700E+4	2.943118E-1
1.020725E+4	3.388942E-1
1.020750E+4	3.397350E-1
1.020775E+4	3.274121E-1
1.020800E+4	3.321498E-1
1.020825E+4	3.412924E-1
1.020850E+4	3.359898E-1
1.020875E+4	3.233132E-1
1.020900E+4	3.173528E-1
1.020925E+4	3.110038E-1
1.020950E+4	2.932821E-1
1.020975E+4	2.685948E-1
1.021000E+4	2.507544E-1
1.021025E+4	2.477278E-1
1.021050E+4	2.559732E-1
1.021075E+4	2.678011E-1
1.021100E+4	2.711235E-1
1.021125E+4	2.528734E-1
1.021150E+4	2.177506E-1
1.021175E+4	1.915941E-1
1.021200E+4	1.904425E-1
1.021225E+4	2.022239E-1
1.021250E+4	2.059080E-1
1.021275E+4	1.960525E-1
1.021300E+4	1.824753E-1
1.021325E+4	1.736908E-1
1.021350E+4	1.706023E-1
1.021375E+4	1.689314E-1
1.021400E+4	1.628382E-1
1.021425E+4	1.523363E-1
1.021450E+4	1.450742E-1
1.021475E+4	1.460224E-1
1.021500E+4	1.480655E-1
1.021525E+4	1.392362E-1
1.021550E+4	1.220615E-1
1.021575E+4	1.137891E-1
1.021600E+4	1.217937E-1
1.021625E+4	1.317084E-1
1.021650E+4	1.295057E-1
1.021675E+4	1.235226E-1
1.021700E+4	1.319692E-1
1.021725E+4	1.552016E-1
1.021750E+4	1.751457E-1
1.021775E+4	1.845898E-1
1.021800E+4	1.952036E-1
1.021825E+4	2.182944E-1
1.021850E+4	2.433296E-1
1.021875E+4	2.494235E-1
1.021900E+4	2.391528E-1
1.021925E+4	2.381633E-1
1.021950E+4	2.744340E-1
1.021975E+4	3.329565E-1
1.022000E+4	3.748627E-1
1.022025E+4	3.982715E-1
1.022050E+4	4.267455E-1
1.022075E+4	4.651560E-1
1.022100E+4	4.907501E-1
1.022125E+4	5.042542E-1
1.022150E+4	5.289925E-1
1.022175E+4	5.659060E-1
1.022200E+4	5.856201E-1
1.022225E+4	5.870916E-1
1.022250E+4	5.911710E-1
1.022275E+4	6.209972E-1
1.022300E+4	6.570688E-1
1.022325E+4	6.760933E-1
1.022350E+4	6.968834E-1
1.022375E+4	7.339303E-1
1.022400E+4	7.644622E-1
1.022425E+4	7.710669E-1
1.022450E+4	7.600674E-1
1.022475E+4	7.479089E-1
1.022500E+4	7.552496E-1
1.022525E+4	7.783461E-1
1.022550E+4	8.030893E-1
1.022575E+4	8.171536E-1
1.022600E+4	8.183202E-1
1.022625E+4	8.286384E-1
1.022650E+4	8.672499E-1
1.022675E+4	9.210947E-1
1.022700E+4	9.444511E-1
1.022725E+4	9.341722E-1
1.022750E+4	9.236355E-1
1.022775E+4	9.320462E-1
1.022800E+4	9.462665E-1
1.022825E+4	9.411244E-1
1.022850E+4	9.247585E-1
1.022875E+4	9.138793E-1
1.022900E+4	9.173166E-1
1.022925E+4	9.330300E-1
1.022950E+4	9.546754E-1
1.022975E+4	9.732039E-1
1.023000E+4	9.721997E-1
1.023025E+4	9.581698E-1
1.023050E+4	9.555704E-1
1.023075E+4	9.674320E-1
1.023100E+4	9.772455E-1
1.023125E+4	9.714260E-1
1.023150E+4	9.617454E-1
1.023175E+4	9.610560E-1
1.023200E+4	9.659567E-1
1.023225E+4	9.672495E-1
1.023250E+4	9.650959E-1
1.023275E+4	9.642227E-1
1.023300E+4	9.620657E-1
1.023325E+4	9.571724E-1
1.023350E+4	9.583740E-1
1.023375E+4	9.701588E-1
1.023400E+4	9.815812E-1
1.023425E+4	9.801083E-1
1.023450E+4	9.693654E-1
1.023475E+4	9.634499E-1
1.023500E+4	9.653132E-1
1.023525E+4	9.671355E-1
1.023550E+4	9.641225E-1
1.023575E+4	9.597023E-1
1.023600E+4	9.579702E-1
1.023625E+4	9.577484E-1
1.023650E+4	9.581249E-1
1.023675E+4	9.607224E-1
1.023700E+4	9.652401E-1
1.023725E+4	9.673417E-1
1.023750E+4	9.645138E-1
1.023775E+4	9.588637E-1
1.023800E+4	9.546738E-1
1.023825E+4	9.557487E-1
1.023850E+4	9.608947E-1
1.023875E+4	9.623299E-1
1.023900E+4	9.564989E-1
1.023925E+4	9.517881E-1
1.023950E+4	9.569777E-1
1.023975E+4	9.671017E-1
1.024000E+4	9.676581E-1
1.024025E+4	9.558298E-1
1.024050E+4	9.439727E-1
1.024075E+4	9.428837E-1
1.024100E+4	9.495657E-1
1.024125E+4	9.533210E-1
1.024150E+4	9.516782E-1
1.024175E+4	9.488156E-1
1.024200E+4	9.458392E-1
1.024225E+4	9.416597E-1
1.024250E+4	9.377863E-1
1.024275E+4	9.355600E-1
1.024300E+4	9.333448E-1
1.024325E+4	9.309972E-1
1.024350E+4	9.327090E-1
1.024375E+4	9.396926E-1
1.024400E+4	9.464850E-1
1.024425E+4	9.471980E-1
1.024450E+4	9.429367E-1
1.024475E+4	9.397146E-1
1.024500E+4	9.373264E-1
1.024525E+4	9.308306E-1
1.024550E+4	9.207418E-1
1.024575E+4	9.153901E-1
1.024600E+4	9.181977E-1
1.024625E+4	9.225077E-1
1.024650E+4	9.229912E-1
1.024675E+4	9.218427E-1
1.024700E+4	9.244788E-1
1.024725E+4	9.319315E-1
1.024750E+4	9.406191E-1
1.024775E+4	9.452690E-1
1.024800E+4	9.430394E-1
1.024825E+4	9.374988E-1
1.024850E+4	9.352255E-1
1.024875E+4	9.390546E-1
1.024900E+4	9.438748E-1
1.024925E+4	9.425251E-1
1.024950E+4	9.352558E-1
1.024975E+4	9.284244E-1
1.025000E+4	9.271671E-1
1.025025E+4	9.299398E-1
1.025050E+4	9.320603E-1
1.025075E+4	9.323566E-1
1.025100E+4	9.323596E-1
1.025125E+4	9.324982E-1
1.025150E+4	9.320496E-1
1.025175E+4	9.312850E-1
1.025200E+4	9.313545E-1
1.025225E+4	9.327575E-1
1.025250E+4	9.353314E-1
1.025275E+4	9.383474E-1
1.025300E+4	9.397003E-1
1.025325E+4	9.374176E-1
1.025350E+4	9.330395E-1
1.025375E+4	9.313182E-1
1.025400E+4	9.350004E-1
1.025425E+4	9.408475E-1
1.025450E+4	9.433792E-1
1.025475E+4	9.416119E-1
1.025500E+4	9.400471E-1
1.025525E+4	9.422656E-1
1.025550E+4	9.463241E-1
1.025575E+4	9.481696E-1
1.025600E+4	9.469426E-1
1.025625E+4	9.456282E-1
1.025650E+4	9.466368E-1
1.025675E+4	9.489649E-1
1.025700E+4	9.499957E-1
1.025725E+4	9.488501E-1
1.025750E+4	9.470867E-1
1.025775E+4	9.463844E-1
1.025800E+4	9.468629E-1
1.025825E+4	9.475390E-1
1.025850E+4	9.481259E-1
1.025875E+4	9.494942E-1
1.025900E+4	9.519641E-1
1.025925E+4	9.540892E-1
1.025950E+4	9.543548E-1
1.025975E+4	9.535791E-1
1.026000E+4	9.536559E-1
1.026025E+4	9.546961E-1
1.026050E+4	9.551933E-1
1.026075E+4	9.549674E-1
1.026100E+4	9.557987E-1
1.026125E+4	9.581429E-1
1.026150E+4	9.595669E-1
1.026175E+4	9.581688E-1
1.026200E+4	9.555662E-1
1.026225E+4	9.549417E-1
1.026250E+4	9.567870E-1
1.026275E+4	9.589972E-1
1.026300E+4	9.604382E-1
1.026325E+4	9.614088E-1
1.026350E+4	9.617103E-1
1.026375E+4	9.610261E-1
1.026400E+4	9.607956E-1
1.026425E+4	9.627530E-1
1.026450E+4	9.655409E-1
1.026475E+4	9.658369E-1
1.026500E+4	9.636433E-1
1.026525E+4	9.623874E-1
1.026550E+4	9.630480E-1
1.026575E+4	9.627064E-1
1.026600E+4	9.602464E-1
1.026625E+4	9.592459E-1
1.026650E+4	9.621330E-1
1.026675E+4	9.657900E-1
1.026700E+4	9.662818E-1
1.026725E+4	9.647749E-1
1.026750E+4	9.653638E-1
1.026775E+4	9.683382E-1
1.026800E+4	9.708599E-1
1.026825E+4	9.723112E-1
1.026850E+4	9.741498E-1
1.026875E+4	9.756167E-1
1.026900E+4	9.747731E-1
1.026925E+4	9.733024E-1
1.026950E+4	9.744656E-1
1.026975E+4	9.772481E-1
1.027000E+4	9.768792E-1
1.027025E+4	9.726842E-1
1.027050E+4	9.701458E-1
1.027075E+4	9.720427E-1
1.027100E+4	9.747231E-1
1.027125E+4	9.736780E-1
1.027150E+4	9.699541E-1
1.027175E+4	9.675231E-1
1.027200E+4	9.678315E-1
1.027225E+4	9.703009E-1
1.027250E+4	9.735308E-1
1.027275E+4	9.749431E-1
1.027300E+4	9.724210E-1
1.027325E+4	9.679626E-1
1.027350E+4	9.670274E-1
1.027375E+4	9.703326E-1
1.027400E+4	9.726988E-1
1.027425E+4	9.709875E-1
1.027450E+4	9.681344E-1
1.027475E+4	9.679921E-1
1.027500E+4	9.689128E-1
1.027525E+4	9.678118E-1
1.027550E+4	9.665515E-1
1.027575E+4	9.679958E-1
1.027600E+4	9.699622E-1
1.027625E+4	9.694928E-1
1.027650E+4	9.685641E-1
1.027675E+4	9.707730E-1
1.027700E+4	9.734031E-1
1.027725E+4	9.706828E-1
1.027750E+4	9.634762E-1
1.027775E+4	9.592647E-1
1.027800E+4	9.617984E-1
1.027825E+4	9.663946E-1
1.027850E+4	9.677387E-1
1.027875E+4	9.664272E-1
1.027900E+4	9.657910E-1
1.027925E+4	9.665706E-1
1.027950E+4	9.671356E-1
1.027975E+4	9.661951E-1
1.028000E+4	9.641931E-1
1.028025E+4	9.641774E-1
1.028050E+4	9.686450E-1
1.028075E+4	9.748029E-1
1.028100E+4	9.758539E-1
1.028125E+4	9.681533E-1
1.028150E+4	9.598982E-1
1.028175E+4	9.604335E-1
1.028200E+4	9.667009E-1
1.028225E+4	9.688368E-1
1.028250E+4	9.637437E-1
1.028275E+4	9.596011E-1
1.028300E+4	9.603582E-1
1.028325E+4	9.618896E-1
1.028350E+4	9.604660E-1
1.028375E+4	9.592865E-1
1.028400E+4	9.615298E-1
1.028425E+4	9.628000E-1
1.028450E+4	9.585112E-1
1.028475E+4	9.520840E-1
1.028500E+4	9.492149E-1
1.028525E+4	9.507550E-1
1.028550E+4	9.545502E-1
1.028575E+4	9.583993E-1
1.028600E+4	9.604659E-1
1.028625E+4	9.591993E-1
1.028650E+4	9.559942E-1
1.028675E+4	9.556148E-1
1.028700E+4	9.582878E-1
1.028725E+4	9.579241E-1
1.028750E+4	9.515615E-1
1.028775E+4	9.462212E-1
1.028800E+4	9.468010E-1
1.028825E+4	9.488800E-1
1.028850E+4	9.475196E-1
1.028875E+4	9.451154E-1
1.028900E+4	9.479516E-1
1.028925E+4	9.541009E-1
1.028950E+4	9.581581E-1
1.028975E+4	9.595384E-1
1.029000E+4	9.609855E-1
1.029025E+4	9.623857E-1
1.029050E+4	9.611295E-1
1.029075E+4	9.577768E-1
1.029100E+4	9.560204E-1
1.029125E+4	9.549862E-1
1.029150E+4	9.514871E-1
1.029175E+4	9.480247E-1
1.029200E+4	9.508481E-1
1.029225E+4	9.571183E-1
1.029250E+4	9.586998E-1
1.029275E+4	9.550303E-1
1.029300E+4	9.549623E-1
1.029325E+4	9.624578E-1
1.029350E+4	9.684986E-1
1.029375E+4	9.638572E-1
1.029400E+4	9.541504E-1
1.029425E+4	9.540877E-1
1.029450E+4	9.612205E-1
1.029475E+4	9.623677E-1
1.029500E+4	9.531581E-1
1.029525E+4	9.468668E-1
1.029550E+4	9.530399E-1
1.029575E+4	9.643533E-1
1.029600E+4	9.679861E-1
1.029625E+4	9.609587E-1
1.029650E+4	9.554147E-1
1.029675E+4	9.562828E-1
1.029700E+4	9.590575E-1
1.029725E+4	9.600976E-1
1.029750E+4	9.622578E-1
1.029775E+4	9.683576E-1
1.029800E+4	9.744470E-1
1.029825E+4	9.741742E-1
1.029850E+4	9.664468E-1
1.029875E+4	9.567873E-1
1.029900E+4	9.504625E-1
1.029925E+4	9.508007E-1
1.029950E+4	9.563237E-1
1.029975E+4	9.586300E-1
1.030000E+4	9.529760E-1
1.030025E+4	9.466153E-1
1.030050E+4	9.505801E-1
1.030075E+4	9.631024E-1
1.030100E+4	9.702830E-1
1.030125E+4	9.669889E-1
1.030150E+4	9.635670E-1
1.030175E+4	9.657873E-1
1.030200E+4	9.658610E-1
1.030225E+4	9.567070E-1
1.030250E+4	9.461670E-1
1.030275E+4	9.472153E-1
1.030300E+4	9.585834E-1
1.030325E+4	9.706765E-1
1.030350E+4	9.770025E-1
1.030375E+4	9.749394E-1
1.030400E+4	9.674132E-1
1.030425E+4	9.633869E-1
1.030450E+4	9.672475E-1
1.030475E+4	9.719197E-1
1.030500E+4	9.641253E-1
1.030525E+4	9.468276E-1
1.030550E+4	9.422709E-1
1.030575E+4	9.571421E-1
1.030600E+4	9.730756E-1
1.030625E+4	9.702742E-1
1.030650E+4	9.637140E-1
1.030675E+4	9.698160E-1
1.030700E+4	9.795183E-1
1.030725E+4	9.756938E-1
1.030750E+4	9.666173E-1
1.030775E+4	9.733362E-1
1.030800E+4	9.872455E-1
1.030825E+4	9.835081E-1
1.030850E+4	9.640436E-1
1.030875E+4	9.585488E-1
1.030900E+4	9.728840E-1
1.030925E+4	9.836679E-1
1.030950E+4	9.706135E-1
1.030975E+4	9.525304E-1
1.031000E+4	9.510769E-1
1.031025E+4	9.600114E-1
1.031050E+4	9.631515E-1
1.031075E+4	9.609648E-1
1.031100E+4	9.640841E-1
1.031125E+4	9.705237E-1
1.031150E+4	9.735196E-1
1.031175E+4	9.754391E-1
1.031200E+4	9.805026E-1
1.031225E+4	9.827354E-1
1.031250E+4	9.769877E-1
1.031275E+4	9.708694E-1
1.031300E+4	9.709652E-1
1.031325E+4	9.732340E-1
1.031350E+4	9.692943E-1
1.031375E+4	9.640841E-1
1.031400E+4	9.664769E-1
1.031425E+4	9.720915E-1
1.031450E+4	9.731655E-1
1.031475E+4	9.696069E-1
1.031500E+4	9.658860E-1
1.031525E+4	9.614548E-1
1.031550E+4	9.564545E-1
1.031575E+4	9.580194E-1
1.031600E+4	9.681992E-1
1.031625E+4	9.750824E-1
1.031650E+4	9.690828E-1
1.031675E+4	9.559562E-1
1.031700E+4	9.473671E-1
1.031725E+4	9.479945E-1
1.031750E+4	9.558766E-1
1.031775E+4	9.679841E-1
1.031800E+4	9.786285E-1
1.031825E+4	9.763397E-1
1.031850E+4	9.573981E-1
1.031875E+4	9.446970E-1
1.031900E+4	9.515714E-1
1.031925E+4	9.625452E-1
1.031950E+4	9.618465E-1
1.031975E+4	9.557880E-1
1.032000E+4	9.604062E-1
1.032025E+4	9.711602E-1
1.032050E+4	9.742636E-1
1.032075E+4	9.665998E-1
1.032100E+4	9.592944E-1
1.032125E+4	9.560790E-1
1.032150E+4	9.498118E-1
1.032175E+4	9.433875E-1
1.032200E+4	9.473725E-1
1.032225E+4	9.584430E-1
1.032250E+4	9.600893E-1
1.032275E+4	9.500702E-1
1.032300E+4	9.483007E-1
1.032325E+4	9.599421E-1
1.032350E+4	9.660406E-1
1.032375E+4	9.552395E-1
1.032400E+4	9.395703E-1
1.032425E+4	9.388738E-1
1.032450E+4	9.480733E-1
1.032475E+4	9.519949E-1
1.032500E+4	9.496347E-1
1.032525E+4	9.491821E-1
1.032550E+4	9.533738E-1
1.032575E+4	9.592558E-1
1.032600E+4	9.665423E-1
1.032625E+4	9.738252E-1
1.032650E+4	9.749758E-1
1.032675E+4	9.686858E-1
1.032700E+4	9.613029E-1
1.032725E+4	9.579822E-1
1.032750E+4	9.565664E-1
1.032775E+4	9.538313E-1
1.032800E+4	9.527215E-1
1.032825E+4	9.551590E-1
1.032850E+4	9.574205E-1
1.032875E+4	9.571373E-1
1.032900E+4	9.582701E-1
1.032925E+4	9.630855E-1
1.032950E+4	9.651694E-1
1.032975E+4	9.593536E-1
1.033000E+4	9.516207E-1
1.033025E+4	9.530605E-1
1.033050E+4	9.629972E-1
1.033075E+4	9.699353E-1
1.033100E+4	9.673291E-1
1.033125E+4	9.591191E-1
1.033150E+4	9.534596E-1
1.033175E+4	9.521417E-1
1.033200E+4	9.541178E-1
1.033225E+4	9.594025E-1
1.033250E+4	9.638812E-1
1.033275E+4	9.606174E-1
1.033300E+4	9.490832E-1
1.033325E+4	9.386098E-1
1.033350E+4	9.388867E-1
1.033375E+4	9.498807E-1
1.033400E+4	9.630661E-1
1.033425E+4	9.682671E-1
1.033450E+4	9.651414E-1
1.033475E+4	9.609284E-1
1.033500E+4	9.618253E-1
1.033525E+4	9.693080E-1
1.033550E+4	9.756608E-1
1.033575E+4	9.748398E-1
1.033600E+4	9.678322E-1
1.033625E+4	9.606898E-1
1.033650E+4	9.623050E-1
1.033675E+4	9.686701E-1
1.033700E+4	9.694346E-1
1.033725E+4	9.610453E-1
1.033750E+4	9.515532E-1
1.033775E+4	9.508892E-1
1.033800E+4	9.561229E-1
1.033825E+4	9.604498E-1
1.033850E+4	9.614666E-1
1.033875E+4	9.605266E-1
1.033900E+4	9.565199E-1
1.033925E+4	9.487875E-1
1.033950E+4	9.462109E-1
1.033975E+4	9.587601E-1
1.034000E+4	9.762101E-1
1.034025E+4	9.794279E-1
1.034050E+4	9.667393E-1
1.034075E+4	9.595445E-1
1.034100E+4	9.685230E-1
1.034125E+4	9.797729E-1
1.034150E+4	9.780425E-1
1.034175E+4	9.711757E-1
1.034200E+4	9.718515E-1
1.034225E+4	9.725088E-1
1.034250E+4	9.608237E-1
1.034275E+4	9.478956E-1
1.034300E+4	9.524920E-1
1.034325E+4	9.687694E-1
1.034350E+4	9.746544E-1
1.034375E+4	9.618387E-1
1.034400E+4	9.527675E-1
1.034425E+4	9.611458E-1
1.034450E+4	9.724167E-1
1.034475E+4	9.714970E-1
1.034500E+4	9.639517E-1
1.034525E+4	9.650626E-1
1.034550E+4	9.725653E-1
1.034575E+4	9.713018E-1
1.034600E+4	9.613510E-1
1.034625E+4	9.567299E-1
1.034650E+4	9.633458E-1
1.034675E+4	9.729952E-1
1.034700E+4	9.776037E-1
1.034725E+4	9.761606E-1
1.034750E+4	9.703873E-1
1.034775E+4	9.637549E-1
1.034800E+4	9.621541E-1
1.034825E+4	9.677561E-1
1.034850E+4	9.736508E-1
1.034875E+4	9.737747E-1
1.034900E+4	9.719590E-1
1.034925E+4	9.740166E-1
1.034950E+4	9.761903E-1
1.034975E+4	9.731596E-1
1.035000E+4	9.694718E-1
1.035025E+4	9.720794E-1
1.035050E+4	9.790417E-1
1.035075E+4	9.818115E-1
1.035100E+4	9.801137E-1
1.035125E+4	9.792937E-1
1.035150E+4	9.787116E-1
1.035175E+4	9.736926E-1
1.035200E+4	9.670858E-1
1.035225E+4	9.674752E-1
1.035250E+4	9.769962E-1
1.035275E+4	9.839999E-1
1.035300E+4	9.826366E-1
1.035325E+4	9.802736E-1
1.035350E+4	9.820971E-1
1.035375E+4	9.825661E-1
1.035400E+4	9.766771E-1
1.035425E+4	9.711084E-1
1.035450E+4	9.740324E-1
1.035475E+4	9.831285E-1
1.035500E+4	9.888301E-1
1.035525E+4	9.883227E-1
1.035550E+4	9.868452E-1
1.035575E+4	9.877713E-1
1.035600E+4	9.890020E-1
1.035625E+4	9.882222E-1
1.035650E+4	9.862561E-1
1.035675E+4	9.855866E-1
1.035700E+4	9.863653E-1
1.035725E+4	9.873899E-1
1.035750E+4	9.877566E-1
1.035775E+4	9.871207E-1
1.035800E+4	9.868264E-1
1.035825E+4	9.880546E-1
1.035850E+4	9.899737E-1
1.035875E+4	9.899601E-1
1.035900E+4	9.865063E-1
1.035925E+4	9.822882E-1
1.035950E+4	9.806096E-1
1.035975E+4	9.825933E-1
1.036000E+4	9.864038E-1
1.036025E+4	9.890756E-1
1.036050E+4	9.897919E-1
1.036075E+4	9.889044E-1
1.036100E+4	9.870533E-1
1.036125E+4	9.855166E-1
1.036150E+4	9.854096E-1
1.036175E+4	9.868036E-1
1.036200E+4	9.884284E-1
1.036225E+4	9.878942E-1
1.036250E+4	9.838583E-1
1.036275E+4	9.786670E-1
1.036300E+4	9.781788E-1
1.036325E+4	9.847550E-1
1.036350E+4	9.918493E-1
1.036375E+4	9.917315E-1
1.036400E+4	9.848026E-1
1.036425E+4	9.795235E-1
1.036450E+4	9.800965E-1
1.036475E+4	9.818781E-1
1.036500E+4	9.800998E-1
1.036525E+4	9.761115E-1
1.036550E+4	9.747985E-1
1.036575E+4	9.760701E-1
1.036600E+4	9.776135E-1
1.036625E+4	9.797702E-1
1.036650E+4	9.830419E-1
1.036675E+4	9.850582E-1
1.036700E+4	9.843219E-1
1.036725E+4	9.820398E-1
1.036750E+4	9.803518E-1
1.036775E+4	9.802122E-1
1.036800E+4	9.814420E-1
1.036825E+4	9.841820E-1
1.036850E+4	9.869285E-1
1.036875E+4	9.863698E-1
1.036900E+4	9.834402E-1
1.036925E+4	9.838113E-1
1.036950E+4	9.882854E-1
1.036975E+4	9.880016E-1
1.037000E+4	9.805985E-1
1.037025E+4	9.766243E-1
1.037050E+4	9.833826E-1
1.037075E+4	9.929940E-1
1.037100E+4	9.905574E-1
1.037125E+4	9.777603E-1
1.037150E+4	9.722282E-1
1.037175E+4	9.784006E-1
1.037200E+4	9.820637E-1
1.037225E+4	9.763809E-1
1.037250E+4	9.713214E-1
1.037275E+4	9.776707E-1
1.037300E+4	9.885089E-1
1.037325E+4	9.917713E-1
1.037350E+4	9.882862E-1
1.037375E+4	9.862994E-1
1.037400E+4	9.866539E-1
1.037425E+4	9.852135E-1
1.037450E+4	9.838635E-1
1.037475E+4	9.856691E-1
1.037500E+4	9.865917E-1
1.037525E+4	9.825581E-1
1.037550E+4	9.776375E-1
1.037575E+4	9.766910E-1
1.037600E+4	9.746807E-1
1.037625E+4	9.657797E-1
1.037650E+4	9.575428E-1
1.037675E+4	9.632022E-1
1.037700E+4	9.773225E-1
1.037725E+4	9.798632E-1
1.037750E+4	9.667182E-1
1.037775E+4	9.590208E-1
1.037800E+4	9.683713E-1
1.037825E+4	9.817859E-1
1.037850E+4	9.850027E-1
1.037875E+4	9.798949E-1
1.037900E+4	9.801130E-1
1.037925E+4	9.872544E-1
1.037950E+4	9.905125E-1
1.037975E+4	9.834340E-1
1.038000E+4	9.716200E-1
1.038025E+4	9.640386E-1
1.038050E+4	9.661371E-1
1.038075E+4	9.760562E-1
1.038100E+4	9.840875E-1
1.038125E+4	9.857539E-1
1.038150E+4	9.850955E-1
1.038175E+4	9.880280E-1
1.038200E+4	9.930585E-1
1.038225E+4	9.942401E-1
1.038250E+4	9.907763E-1
1.038275E+4	9.847685E-1
1.038300E+4	9.777635E-1
1.038325E+4	9.703278E-1
1.038350E+4	9.642440E-1
1.038375E+4	9.627855E-1
1.038400E+4	9.666262E-1
1.038425E+4	9.710285E-1
1.038450E+4	9.732209E-1
1.038475E+4	9.749898E-1
1.038500E+4	9.757166E-1
1.038525E+4	9.721136E-1
1.038550E+4	9.665705E-1
1.038575E+4	9.673806E-1
1.038600E+4	9.743222E-1
1.038625E+4	9.790515E-1
1.038650E+4	9.778226E-1
1.038675E+4	9.757875E-1
1.038700E+4	9.780558E-1
1.038725E+4	9.809331E-1
1.038750E+4	9.805696E-1
1.038775E+4	9.795959E-1
1.038800E+4	9.796879E-1
1.038825E+4	9.764316E-1
1.038850E+4	9.689794E-1
1.038875E+4	9.653180E-1
1.038900E+4	9.710488E-1
1.038925E+4	9.775824E-1
1.038950E+4	9.749058E-1
1.038975E+4	9.691908E-1
1.039000E+4	9.720338E-1
1.039025E+4	9.830082E-1
1.039050E+4	9.889971E-1
1.039075E+4	9.834532E-1
1.039100E+4	9.776657E-1
1.039125E+4	9.808836E-1
1.039150E+4	9.882120E-1
1.039175E+4	9.910605E-1
1.039200E+4	9.877948E-1
1.039225E+4	9.817782E-1
1.039250E+4	9.754083E-1
1.039275E+4	9.707782E-1
1.039300E+4	9.707850E-1
1.039325E+4	9.752113E-1
1.039350E+4	9.799642E-1
1.039375E+4	9.828941E-1
1.039400E+4	9.848383E-1
1.039425E+4	9.845893E-1
1.039450E+4	9.795084E-1
1.039475E+4	9.723760E-1
1.039500E+4	9.717356E-1
1.039525E+4	9.806386E-1
1.039550E+4	9.899396E-1
1.039575E+4	9.913318E-1
1.039600E+4	9.866366E-1
1.039625E+4	9.820822E-1
1.039650E+4	9.807363E-1
1.039675E+4	9.815718E-1
1.039700E+4	9.843862E-1
1.039725E+4	9.892950E-1
1.039750E+4	9.921681E-1
1.039775E+4	9.876622E-1
1.039800E+4	9.797912E-1
1.039825E+4	9.769768E-1
1.039850E+4	9.804553E-1
1.039875E+4	9.849872E-1
1.039900E+4	9.861146E-1
1.039925E+4	9.846340E-1
1.039950E+4	9.836267E-1
1.039975E+4	9.834264E-1
1.040000E+4	9.827895E-1
1.040025E+4	9.827248E-1
1.040050E+4	9.852044E-1
1.040075E+4	9.894720E-1
1.040100E+4	9.921027E-1
1.040125E+4	9.917164E-1
1.040150E+4	9.905619E-1
1.040175E+4	9.906748E-1
1.040200E+4	9.911589E-1
1.040225E+4	9.904543E-1
1.040250E+4	9.894188E-1
1.040275E+4	9.896118E-1
1.040300E+4	9.895476E-1
1.040325E+4	9.870090E-1
1.040350E+4	9.836390E-1
1.040375E+4	9.838732E-1
1.040400E+4	9.878240E-1
1.040425E+4	9.897083E-1
1.040450E+4	9.874311E-1
1.040475E+4	9.851478E-1
1.040500E+4	9.865914E-1
1.040525E+4	9.884305E-1
1.040550E+4	9.866743E-1
1.040575E+4	9.839278E-1
1.040600E+4	9.849757E-1
1.040625E+4	9.875906E-1
1.040650E+4	9.846242E-1
1.040675E+4	9.778728E-1
1.040700E+4	9.755642E-1
1.040725E+4	9.819862E-1
1.040750E+4	9.905349E-1
1.040775E+4	9.937953E-1
1.040800E+4	9.936133E-1
1.040825E+4	9.931067E-1
1.040850E+4	9.904364E-1
1.040875E+4	9.843797E-1
1.040900E+4	9.797078E-1
1.040925E+4	9.808751E-1
1.040950E+4	9.844002E-1
1.040975E+4	9.844130E-1
1.041000E+4	9.824668E-1
1.041025E+4	9.852451E-1
1.041050E+4	9.919180E-1
1.041075E+4	9.948865E-1
1.041100E+4	9.919097E-1
1.041125E+4	9.869277E-1
1.041150E+4	9.841911E-1
1.041175E+4	9.835138E-1
1.041200E+4	9.840936E-1
1.041225E+4	9.872889E-1
1.041250E+4	9.920467E-1
1.041275E+4	9.936736E-1
1.041300E+4	9.904431E-1
1.041325E+4	9.862701E-1
1.041350E+4	9.851634E-1
1.041375E+4	9.853118E-1
1.041400E+4	9.837460E-1
1.041425E+4	9.815211E-1
1.041450E+4	9.817864E-1
1.041475E+4	9.838034E-1
1.041500E+4	9.838361E-1
1.041525E+4	9.821029E-1
1.041550E+4	9.822450E-1
1.041575E+4	9.852494E-1
1.041600E+4	9.873937E-1
1.041625E+4	9.863076E-1
1.041650E+4	9.837700E-1
1.041675E+4	9.832395E-1
1.041700E+4	9.859802E-1
1.041725E+4	9.897320E-1
1.041750E+4	9.912133E-1
1.041775E+4	9.892662E-1
1.041800E+4	9.860431E-1
1.041825E+4	9.851947E-1
1.041850E+4	9.876072E-1
1.041875E+4	9.895202E-1
1.041900E+4	9.874967E-1
1.041925E+4	9.831503E-1
1.041950E+4	9.816005E-1
1.041975E+4	9.843298E-1
1.042000E+4	9.872330E-1
1.042025E+4	9.872296E-1
1.042050E+4	9.856269E-1
1.042075E+4	9.849950E-1
1.042100E+4	9.846709E-1
1.042125E+4	9.825868E-1
1.042150E+4	9.799467E-1
1.042175E+4	9.804978E-1
1.042200E+4	9.840847E-1
1.042225E+4	9.862165E-1
1.042250E+4	9.837012E-1
1.042275E+4	9.786506E-1
1.042300E+4	9.768038E-1
1.042325E+4	9.800043E-1
1.042350E+4	9.831918E-1
1.042375E+4	9.817852E-1
1.042400E+4	9.782348E-1
1.042425E+4	9.783592E-1
1.042450E+4	9.831908E-1
1.042475E+4	9.876002E-1
1.042500E+4	9.882076E-1
1.042525E+4	9.867313E-1
1.042550E+4	9.857568E-1
1.042575E+4	9.845787E-1
1.042600E+4	9.815775E-1
1.042625E+4	9.780512E-1
1.042650E+4	9.772970E-1
1.042675E+4	9.796575E-1
1.042700E+4	9.817062E-1
1.042725E+4	9.818597E-1
1.042750E+4	9.809538E-1
1.042775E+4	9.797037E-1
1.042800E+4	9.784804E-1
1.042825E+4	9.786585E-1
1.042850E+4	9.810554E-1
1.042875E+4	9.830972E-1
1.042900E+4	9.817008E-1
1.042925E+4	9.787627E-1
1.042950E+4	9.787234E-1
1.042975E+4	9.816350E-1
1.043000E+4	9.822670E-1
1.043025E+4	9.788152E-1
1.043050E+4	9.757293E-1
1.043075E+4	9.770933E-1
1.043100E+4	9.806184E-1
1.043125E+4	9.817759E-1
1.043150E+4	9.804249E-1
1.043175E+4	9.785836E-1
1.043200E+4	9.765325E-1
1.043225E+4	9.744229E-1
1.043250E+4	9.744124E-1
1.043275E+4	9.769163E-1
1.043300E+4	9.783458E-1
1.043325E+4	9.767405E-1
1.043350E+4	9.759232E-1
1.043375E+4	9.796089E-1
1.043400E+4	9.833033E-1
1.043425E+4	9.806879E-1
1.043450E+4	9.741694E-1
1.043475E+4	9.717608E-1
1.043500E+4	9.750598E-1
1.043525E+4	9.772974E-1
1.043550E+4	9.754825E-1
1.043575E+4	9.741426E-1
1.043600E+4	9.764908E-1
1.043625E+4	9.791042E-1
1.043650E+4	9.783688E-1
1.043675E+4	9.772588E-1
1.043700E+4	9.787420E-1
1.043725E+4	9.797376E-1
1.043750E+4	9.768174E-1
1.043775E+4	9.737918E-1
1.043800E+4	9.755462E-1
1.043825E+4	9.787409E-1
1.043850E+4	9.773025E-1
1.043875E+4	9.713251E-1
1.043900E+4	9.683756E-1
1.043925E+4	9.710473E-1
1.043950E+4	9.742881E-1
1.043975E+4	9.748315E-1
1.044000E+4	9.746026E-1
1.044025E+4	9.758773E-1
1.044050E+4	9.770768E-1
1.044075E+4	9.766232E-1
1.044100E+4	9.761287E-1
1.044125E+4	9.773020E-1
1.044150E+4	9.784815E-1
1.044175E+4	9.776864E-1
1.044200E+4	9.763499E-1
1.044225E+4	9.768665E-1
1.044250E+4	9.783997E-1
1.044275E+4	9.785739E-1
1.044300E+4	9.775472E-1
1.044325E+4	9.775202E-1
1.044350E+4	9.790062E-1
1.044375E+4	9.800876E-1
1.044400E+4	9.795523E-1
1.044425E+4	9.783808E-1
1.044450E+4	9.777204E-1
1.044475E+4	9.772788E-1
1.044500E+4	9.764341E-1
1.044525E+4	9.755325E-1
1.044550E+4	9.753662E-1
1.044575E+4	9.760720E-1
1.044600E+4	9.769293E-1
1.044625E+4	9.771124E-1
1.044650E+4	9.763655E-1
1.044675E+4	9.752353E-1
1.044700E+4	9.746500E-1
1.044725E+4	9.747548E-1
1.044750E+4	9.746876E-1
1.044775E+4	9.738860E-1
1.044800E+4	9.730734E-1
1.044825E+4	9.732959E-1
1.044850E+4	9.743217E-1
1.044875E+4	9.750143E-1
1.044900E+4	9.749775E-1
1.044925E+4	9.749940E-1
1.044950E+4	9.756700E-1
1.044975E+4	9.764823E-1
1.045000E+4	9.766034E-1
1.045025E+4	9.760981E-1
1.045050E+4	9.757886E-1
1.045075E+4	9.761280E-1
1.045100E+4	9.766640E-1
1.045125E+4	9.766801E-1
1.045150E+4	9.760969E-1
1.045175E+4	9.755500E-1
1.045200E+4	9.756112E-1
1.045225E+4	9.761417E-1
1.045250E+4	9.766643E-1
1.045275E+4	9.770918E-1
1.045300E+4	9.776352E-1
1.045325E+4	9.780676E-1
1.045350E+4	9.777970E-1
1.045375E+4	9.769121E-1
1.045400E+4	9.764818E-1
1.045425E+4	9.772430E-1
1.045450E+4	9.783140E-1
1.045475E+4	9.782332E-1
1.045500E+4	9.769654E-1
1.045525E+4	9.759525E-1
1.045550E+4	9.761999E-1
1.045575E+4	9.770490E-1
1.045600E+4	9.773544E-1
1.045625E+4	9.770341E-1
1.045650E+4	9.768363E-1
1.045675E+4	9.771464E-1
1.045700E+4	9.776017E-1
1.045725E+4	9.777732E-1
1.045750E+4	9.777229E-1
1.045775E+4	9.777943E-1
1.045800E+4	9.781086E-1
1.045825E+4	9.783904E-1
1.045850E+4	9.782892E-1
1.045875E+4	9.778496E-1
1.045900E+4	9.775861E-1
1.045925E+4	9.778632E-1
1.045950E+4	9.782748E-1
1.045975E+4	9.780776E-1
1.046000E+4	9.772586E-1
1.046025E+4	9.767296E-1
1.046050E+4	9.771587E-1
1.046075E+4	9.780036E-1
1.046100E+4	9.781972E-1
1.046125E+4	9.775436E-1
1.046150E+4	9.768800E-1
1.046175E+4	9.768794E-1
1.046200E+4	9.773333E-1
1.046225E+4	9.776839E-1
1.046250E+4	9.777105E-1
1.046275E+4	9.775129E-1
1.046300E+4	9.772613E-1
1.046325E+4	9.772416E-1
1.046350E+4	9.777471E-1
1.046375E+4	9.785991E-1
1.046400E+4	9.791356E-1
1.046425E+4	9.790316E-1
1.046450E+4	9.787768E-1
1.046475E+4	9.788826E-1
1.046500E+4	9.790698E-1
1.046525E+4	9.788698E-1
1.046550E+4	9.786345E-1
1.046575E+4	9.790878E-1
1.046600E+4	9.800011E-1
1.046625E+4	9.804006E-1
1.046650E+4	9.801131E-1
1.046675E+4	9.800480E-1
1.046700E+4	9.805906E-1
1.046725E+4	9.808379E-1
1.046750E+4	9.801116E-1
1.046775E+4	9.793024E-1
1.046800E+4	9.796482E-1
1.046825E+4	9.808260E-1
1.046850E+4	9.815508E-1
1.046875E+4	9.814709E-1
1.046900E+4	9.813197E-1
1.046925E+4	9.814419E-1
1.046950E+4	9.814068E-1
1.046975E+4	9.811346E-1
1.047000E+4	9.811454E-1
1.047025E+4	9.814631E-1
1.047050E+4	9.814447E-1
1.047075E+4	9.809475E-1
1.047100E+4	9.806413E-1
1.047125E+4	9.806950E-1
1.047150E+4	9.803778E-1
1.047175E+4	9.795455E-1
1.047200E+4	9.793613E-1
1.047225E+4	9.806099E-1
1.047250E+4	9.822294E-1
1.047275E+4	9.828523E-1
1.047300E+4	9.826519E-1
1.047325E+4	9.827104E-1
1.047350E+4	9.831605E-1
1.047375E+4	9.830690E-1
1.047400E+4	9.821531E-1
1.047425E+4	9.811034E-1
1.047450E+4	9.803823E-1
1.047475E+4	9.799644E-1
1.047500E+4	9.801999E-1
1.047525E+4	9.817922E-1
1.047550E+4	9.845147E-1
1.047575E+4	9.869058E-1
1.047600E+4	9.877389E-1
1.047625E+4	9.871202E-1
1.047650E+4	9.859187E-1
1.047675E+4	9.848401E-1
1.047700E+4	9.842550E-1
1.047725E+4	9.843161E-1
1.047750E+4	9.848616E-1
1.047775E+4	9.854452E-1
1.047800E+4	9.857978E-1
1.047825E+4	9.861024E-1
1.047850E+4	9.865394E-1
1.047875E+4	9.869844E-1
1.047900E+4	9.872666E-1
1.047925E+4	9.873098E-1
1.047950E+4	9.869387E-1
1.047975E+4	9.861418E-1
1.048000E+4	9.857253E-1
1.048025E+4	9.867404E-1
1.048050E+4	9.887030E-1
1.048075E+4	9.895669E-1
1.048100E+4	9.880684E-1
1.048125E+4	9.855898E-1
1.048150E+4	9.847025E-1
1.048175E+4	9.860746E-1
1.048200E+4	9.879870E-1
1.048225E+4	9.887683E-1
1.048250E+4	9.887213E-1
1.048275E+4	9.890062E-1
1.048300E+4	9.898864E-1
1.048325E+4	9.906797E-1
1.048350E+4	9.908591E-1
1.048375E+4	9.905907E-1
1.048400E+4	9.904404E-1
1.048425E+4	9.910092E-1
1.048450E+4	9.922870E-1
1.048475E+4	9.933967E-1
1.048500E+4	9.935253E-1
1.048525E+4	9.930073E-1
1.048550E+4	9.931694E-1
1.048575E+4	9.944681E-1
1.048600E+4	9.956734E-1
1.048625E+4	9.954867E-1
1.048650E+4	9.940914E-1
1.048675E+4	9.928350E-1
1.048700E+4	9.926107E-1
1.048725E+4	9.932119E-1
1.048750E+4	9.940487E-1
1.048775E+4	9.946363E-1
1.048800E+4	9.946804E-1
1.048825E+4	9.944498E-1
1.048850E+4	9.946619E-1
1.048875E+4	9.951732E-1
1.048900E+4	9.946405E-1
1.048925E+4	9.926155E-1
1.048950E+4	9.910089E-1
1.048975E+4	9.919382E-1
1.049000E+4	9.941091E-1
1.049025E+4	9.941597E-1
1.049050E+4	9.920467E-1
1.049075E+4	9.914093E-1
1.049100E+4	9.938042E-1
1.049125E+4	9.960195E-1
1.049150E+4	9.953947E-1
1.049175E+4	9.938271E-1
1.049200E+4	9.945442E-1
1.049225E+4	9.966281E-1
1.049250E+4	9.967217E-1
1.049275E+4	9.950801E-1
1.049300E+4	9.946533E-1
1.049325E+4	9.960371E-1
1.049350E+4	9.962188E-1
1.049375E+4	9.939054E-1
1.049400E+4	9.917296E-1
1.049425E+4	9.917981E-1
1.049450E+4	9.924532E-1
1.049475E+4	9.915077E-1
1.049500E+4	9.903285E-1
1.049525E+4	9.914953E-1
1.049550E+4	9.947990E-1
1.049575E+4	9.970439E-1
1.049600E+4	9.964160E-1
1.049625E+4	9.943869E-1
1.049650E+4	9.929511E-1
1.049675E+4	9.932483E-1
1.049700E+4	9.953716E-1
1.049725E+4	9.975813E-1
1.049750E+4	9.974659E-1
1.049775E+4	9.944273E-1
1.049800E+4	9.902741E-1
1.049825E+4	9.876314E-1
1.049850E+4	9.869879E-1
1.049875E+4	9.867388E-1
1.049900E+4	9.861967E-1
1.049925E+4	9.864267E-1
1.049950E+4	9.884000E-1
1.049975E+4	9.915947E-1
1.050000E+4	9.945390E-1
1.050025E+4	9.949701E-1
1.050050E+4	9.916866E-1
1.050075E+4	9.878334E-1
1.050100E+4	9.873621E-1
1.050125E+4	9.898122E-1
1.050150E+4	9.906960E-1
1.050175E+4	9.883330E-1
1.050200E+4	9.877099E-1
1.050225E+4	9.916505E-1
1.050250E+4	9.952596E-1
1.050275E+4	9.923737E-1
1.050300E+4	9.865747E-1
1.050325E+4	9.856528E-1
1.050350E+4	9.889849E-1
1.050375E+4	9.887470E-1
1.050400E+4	9.837244E-1
1.050425E+4	9.816567E-1
1.050450E+4	9.857187E-1
1.050475E+4	9.888519E-1
1.050500E+4	9.843085E-1
1.050525E+4	9.779449E-1
1.050550E+4	9.780623E-1
1.050575E+4	9.828380E-1
1.050600E+4	9.839008E-1
1.050625E+4	9.799880E-1
1.050650E+4	9.788193E-1
1.050675E+4	9.837419E-1
1.050700E+4	9.891332E-1
1.050725E+4	9.891946E-1
1.050750E+4	9.858204E-1
1.050775E+4	9.840908E-1
1.050800E+4	9.845703E-1
1.050825E+4	9.854965E-1
1.050850E+4	9.862799E-1
1.050875E+4	9.862911E-1
1.050900E+4	9.846990E-1
1.050925E+4	9.829356E-1
1.050950E+4	9.831333E-1
1.050975E+4	9.841970E-1
1.051000E+4	9.818512E-1
1.051025E+4	9.760517E-1
1.051050E+4	9.723153E-1
1.051075E+4	9.742822E-1
1.051100E+4	9.771152E-1
1.051125E+4	9.737192E-1
1.051150E+4	9.665668E-1
1.051175E+4	9.633048E-1
1.051200E+4	9.669220E-1
1.051225E+4	9.715491E-1
1.051250E+4	9.715042E-1
1.051275E+4	9.697575E-1
1.051300E+4	9.716799E-1
1.051325E+4	9.757762E-1
1.051350E+4	9.767488E-1
1.051375E+4	9.741369E-1
1.051400E+4	9.744468E-1
1.051425E+4	9.800789E-1
1.051450E+4	9.828974E-1
1.051475E+4	9.752045E-1
1.051500E+4	9.625176E-1
1.051525E+4	9.588566E-1
1.051550E+4	9.663490E-1
1.051575E+4	9.752043E-1
1.051600E+4	9.762558E-1
1.051625E+4	9.737386E-1
1.051650E+4	9.758817E-1
1.051675E+4	9.800133E-1
1.051700E+4	9.775131E-1
1.051725E+4	9.696587E-1
1.051750E+4	9.674494E-1
1.051775E+4	9.716124E-1
1.051800E+4	9.727547E-1
1.051825E+4	9.673032E-1
1.051850E+4	9.643296E-1
1.051875E+4	9.685424E-1
1.051900E+4	9.731071E-1
1.051925E+4	9.703819E-1
1.051950E+4	9.661315E-1
1.051975E+4	9.694218E-1
1.052000E+4	9.761329E-1
1.052025E+4	9.738701E-1
1.052050E+4	9.639875E-1
1.052075E+4	9.593775E-1
1.052100E+4	9.625655E-1
1.052125E+4	9.646280E-1
1.052150E+4	9.606553E-1
1.052175E+4	9.579693E-1
1.052200E+4	9.618366E-1
1.052225E+4	9.682880E-1
1.052250E+4	9.717078E-1
1.052275E+4	9.726998E-1
1.052300E+4	9.741812E-1
1.052325E+4	9.750824E-1
1.052350E+4	9.743540E-1
1.052375E+4	9.742423E-1
1.052400E+4	9.752113E-1
1.052425E+4	9.730060E-1
1.052450E+4	9.673312E-1
1.052475E+4	9.640747E-1
1.052500E+4	9.687313E-1
1.052525E+4	9.761048E-1
1.052550E+4	9.770791E-1
1.052575E+4	9.739232E-1
1.052600E+4	9.724643E-1
1.052625E+4	9.722798E-1
1.052650E+4	9.692130E-1
1.052675E+4	9.661774E-1
1.052700E+4	9.694969E-1
1.052725E+4	9.766138E-1
1.052750E+4	9.774716E-1
1.052775E+4	9.720922E-1
1.052800E+4	9.711220E-1
1.052825E+4	9.798191E-1
1.052850E+4	9.884487E-1
1.052875E+4	9.865852E-1
1.052900E+4	9.769782E-1
1.052925E+4	9.703353E-1
1.052950E+4	9.695162E-1
1.052975E+4	9.693218E-1
1.053000E+4	9.684096E-1
1.053025E+4	9.712094E-1
1.053050E+4	9.768365E-1
1.053075E+4	9.790002E-1
1.053100E+4	9.755719E-1
1.053125E+4	9.714983E-1
1.053150E+4	9.728731E-1
1.053175E+4	9.759417E-1
1.053200E+4	9.754367E-1
1.053225E+4	9.718027E-1
1.053250E+4	9.711426E-1
1.053275E+4	9.751348E-1
1.053300E+4	9.796108E-1
1.053325E+4	9.806083E-1
1.053350E+4	9.780740E-1
1.053375E+4	9.757226E-1
1.053400E+4	9.745296E-1
1.053425E+4	9.731096E-1
1.053450E+4	9.718795E-1
1.053475E+4	9.728506E-1
1.053500E+4	9.761376E-1
1.053525E+4	9.803524E-1
1.053550E+4	9.822804E-1
1.053575E+4	9.806876E-1
1.053600E+4	9.775127E-1
1.053625E+4	9.738417E-1
1.053650E+4	9.709798E-1
1.053675E+4	9.707407E-1
1.053700E+4	9.726025E-1
1.053725E+4	9.758390E-1
1.053750E+4	9.798128E-1
1.053775E+4	9.815067E-1
1.053800E+4	9.795257E-1
1.053825E+4	9.777667E-1
1.053850E+4	9.814624E-1
1.053875E+4	9.887666E-1
1.053900E+4	9.912176E-1
1.053925E+4	9.865891E-1
1.053950E+4	9.800666E-1
1.053975E+4	9.793248E-1
1.054000E+4	9.827103E-1
1.054025E+4	9.836442E-1
1.054050E+4	9.821269E-1
1.054075E+4	9.823136E-1
1.054100E+4	9.843078E-1
1.054125E+4	9.833632E-1
1.054150E+4	9.796980E-1
1.054175E+4	9.793735E-1
1.054200E+4	9.834948E-1
1.054225E+4	9.834433E-1
1.054250E+4	9.750364E-1
1.054275E+4	9.680062E-1
1.054300E+4	9.732224E-1
1.054325E+4	9.841990E-1
1.054350E+4	9.867071E-1
1.054375E+4	9.804253E-1
1.054400E+4	9.782481E-1
1.054425E+4	9.829544E-1
1.054450E+4	9.855841E-1
1.054475E+4	9.815533E-1
1.054500E+4	9.766569E-1
1.054525E+4	9.760855E-1
1.054550E+4	9.770345E-1
1.054575E+4	9.765332E-1
1.054600E+4	9.776314E-1
1.054625E+4	9.817307E-1
1.054650E+4	9.845748E-1
1.054675E+4	9.827837E-1
1.054700E+4	9.797019E-1
1.054725E+4	9.809134E-1
1.054750E+4	9.845136E-1
1.054775E+4	9.859116E-1
1.054800E+4	9.847908E-1
1.054825E+4	9.851421E-1
1.054850E+4	9.875838E-1
1.054875E+4	9.892106E-1
1.054900E+4	9.869980E-1
1.054925E+4	9.810380E-1
1.054950E+4	9.753957E-1
1.054975E+4	9.730655E-1
1.055000E+4	9.757618E-1
1.055025E+4	9.814584E-1
1.055050E+4	9.829961E-1
1.055075E+4	9.794402E-1
1.055100E+4	9.760273E-1
1.055125E+4	9.759817E-1
1.055150E+4	9.756975E-1
1.055175E+4	9.730391E-1
1.055200E+4	9.740793E-1
1.055225E+4	9.833746E-1
1.055250E+4	9.933906E-1
1.055275E+4	9.878099E-1
1.055300E+4	9.745454E-1
1.055325E+4	9.718763E-1
1.055350E+4	9.817098E-1
1.055375E+4	9.909321E-1
1.055400E+4	9.865739E-1
1.055425E+4	9.771895E-1
1.055450E+4	9.752238E-1
1.055475E+4	9.776700E-1
1.055500E+4	9.757679E-1
1.055525E+4	9.703965E-1
1.055550E+4	9.715821E-1
1.055575E+4	9.833491E-1
1.055600E+4	9.937663E-1
1.055625E+4	9.907306E-1
1.055650E+4	9.806559E-1
1.055675E+4	9.739252E-1
1.055700E+4	9.738004E-1
1.055725E+4	9.784267E-1
1.055750E+4	9.841607E-1
1.055775E+4	9.871358E-1
1.055800E+4	9.842948E-1
1.055825E+4	9.765964E-1
1.055850E+4	9.705683E-1
1.055875E+4	9.726617E-1
1.055900E+4	9.785357E-1
1.055925E+4	9.797779E-1
1.055950E+4	9.779554E-1
1.055975E+4	9.784974E-1
1.056000E+4	9.826068E-1
1.056025E+4	9.848947E-1
1.056050E+4	9.827409E-1
1.056075E+4	9.796587E-1
1.056100E+4	9.786896E-1
1.056125E+4	9.801426E-1
1.056150E+4	9.821242E-1
1.056175E+4	9.833799E-1
1.056200E+4	9.834255E-1
1.056225E+4	9.817116E-1
1.056250E+4	9.799710E-1
1.056275E+4	9.813440E-1
1.056300E+4	9.846986E-1
1.056325E+4	9.856610E-1
1.056350E+4	9.829405E-1
1.056375E+4	9.799422E-1
1.056400E+4	9.793593E-1
1.056425E+4	9.790948E-1
1.056450E+4	9.768823E-1
1.056475E+4	9.741404E-1
1.056500E+4	9.726168E-1
1.056525E+4	9.723690E-1
1.056550E+4	9.736526E-1
1.056575E+4	9.770017E-1
1.056600E+4	9.800996E-1
1.056625E+4	9.788558E-1
1.056650E+4	9.727867E-1
1.056675E+4	9.703524E-1
1.056700E+4	9.777783E-1
1.056725E+4	9.870939E-1
1.056750E+4	9.876863E-1
1.056775E+4	9.790054E-1
1.056800E+4	9.740913E-1
1.056825E+4	9.787195E-1
1.056850E+4	9.839722E-1
1.056875E+4	9.844501E-1
1.056900E+4	9.833233E-1
1.056925E+4	9.858507E-1
1.056950E+4	9.889371E-1
1.056975E+4	9.882385E-1
1.057000E+4	9.854391E-1
1.057025E+4	9.851822E-1
1.057050E+4	9.889575E-1
1.057075E+4	9.914554E-1
1.057100E+4	9.898361E-1
1.057125E+4	9.873817E-1
1.057150E+4	9.863014E-1
1.057175E+4	9.851906E-1
1.057200E+4	9.822452E-1
1.057225E+4	9.788688E-1
1.057250E+4	9.783433E-1
1.057275E+4	9.816968E-1
1.057300E+4	9.847028E-1
1.057325E+4	9.816729E-1
1.057350E+4	9.744935E-1
1.057375E+4	9.703303E-1
1.057400E+4	9.743467E-1
1.057425E+4	9.842099E-1
1.057450E+4	9.911762E-1
1.057475E+4	9.916873E-1
1.057500E+4	9.902876E-1
1.057525E+4	9.904741E-1
1.057550E+4	9.907235E-1
1.057575E+4	9.897810E-1
1.057600E+4	9.893806E-1
1.057625E+4	9.899058E-1
1.057650E+4	9.891294E-1
1.057675E+4	9.879921E-1
1.057700E+4	9.906272E-1
1.057725E+4	9.963989E-1
1.057750E+4	9.981205E-1
1.057775E+4	9.926130E-1
1.057800E+4	9.863010E-1
1.057825E+4	9.865916E-1
1.057850E+4	9.892687E-1
1.057875E+4	9.857666E-1
1.057900E+4	9.765511E-1
1.057925E+4	9.716722E-1
1.057950E+4	9.768756E-1
1.057975E+4	9.850053E-1
1.058000E+4	9.887050E-1
1.058025E+4	9.885337E-1
1.058050E+4	9.887198E-1
1.058075E+4	9.892143E-1
1.058100E+4	9.880850E-1
1.058125E+4	9.856046E-1
1.058150E+4	9.836685E-1
1.058175E+4	9.841872E-1
1.058200E+4	9.860647E-1
1.058225E+4	9.866847E-1
1.058250E+4	9.863865E-1
1.058275E+4	9.869945E-1
1.058300E+4	9.894090E-1
1.058325E+4	9.918928E-1
1.058350E+4	9.932308E-1
1.058375E+4	9.941596E-1
1.058400E+4	9.943022E-1
1.058425E+4	9.919156E-1
1.058450E+4	9.877633E-1
1.058475E+4	9.841019E-1
1.058500E+4	9.809931E-1
1.058525E+4	9.770246E-1
1.058550E+4	9.725038E-1
1.058575E+4	9.697082E-1
1.058600E+4	9.699449E-1
1.058625E+4	9.710644E-1
1.058650E+4	9.706783E-1
1.058675E+4	9.706745E-1
1.058700E+4	9.717954E-1
1.058725E+4	9.687246E-1
1.058750E+4	9.584389E-1
1.058775E+4	9.517330E-1
1.058800E+4	9.619284E-1
1.058825E+4	9.823843E-1
1.058850E+4	9.933921E-1
1.058875E+4	9.908235E-1
1.058900E+4	9.863532E-1
1.058925E+4	9.903653E-1
1.058950E+4	9.939876E-1
1.058975E+4	9.896521E-1
1.059000E+4	9.837689E-1
1.059025E+4	9.830721E-1
1.059050E+4	9.825980E-1
1.059075E+4	9.770189E-1
1.059100E+4	9.718682E-1
1.059125E+4	9.729451E-1
1.059150E+4	9.716589E-1
1.059175E+4	9.571794E-1
1.059200E+4	9.418950E-1
1.059225E+4	9.451241E-1
1.059250E+4	9.635158E-1
1.059275E+4	9.738438E-1
1.059300E+4	9.635317E-1
1.059325E+4	9.516320E-1
1.059350E+4	9.578205E-1
1.059375E+4	9.683917E-1
1.059400E+4	9.709645E-1
1.059425E+4	9.695581E-1
1.059450E+4	9.742603E-1
1.059475E+4	9.802641E-1
1.059500E+4	9.753645E-1
1.059525E+4	9.596555E-1
1.059550E+4	9.508632E-1
1.059575E+4	9.550067E-1
1.059600E+4	9.612324E-1
1.059625E+4	9.647942E-1
1.059650E+4	9.695595E-1
1.059675E+4	9.755886E-1
1.059700E+4	9.763149E-1
1.059725E+4	9.707964E-1
1.059750E+4	9.678599E-1
1.059775E+4	9.732569E-1
1.059800E+4	9.759126E-1
1.059825E+4	9.656803E-1
1.059850E+4	9.523733E-1
1.059875E+4	9.528073E-1
1.059900E+4	9.634222E-1
1.059925E+4	9.682036E-1
1.059950E+4	9.635814E-1
1.059975E+4	9.637842E-1
1.060000E+4	9.737404E-1
1.060025E+4	9.774224E-1
1.060050E+4	9.660009E-1
1.060075E+4	9.567034E-1
1.060100E+4	9.655841E-1
1.060125E+4	9.764276E-1
1.060150E+4	9.636463E-1
1.060175E+4	9.379386E-1
1.060200E+4	9.314842E-1
1.060225E+4	9.563815E-1
1.060250E+4	9.847056E-1
1.060275E+4	9.871700E-1
1.060300E+4	9.796686E-1
1.060325E+4	9.819640E-1
1.060350E+4	9.854176E-1
1.060375E+4	9.755754E-1
1.060400E+4	9.601652E-1
1.060425E+4	9.592861E-1
1.060450E+4	9.680915E-1
1.060475E+4	9.620407E-1
1.060500E+4	9.397157E-1
1.060525E+4	9.295064E-1
1.060550E+4	9.465986E-1
1.060575E+4	9.620765E-1
1.060600E+4	9.575958E-1
1.060625E+4	9.500577E-1
1.060650E+4	9.605592E-1
1.060675E+4	9.766966E-1
1.060700E+4	9.743765E-1
1.060725E+4	9.591149E-1
1.060750E+4	9.520236E-1
1.060775E+4	9.580881E-1
1.060800E+4	9.645252E-1
1.060825E+4	9.629478E-1
1.060850E+4	9.584809E-1
1.060875E+4	9.529739E-1
1.060900E+4	9.420004E-1
1.060925E+4	9.346097E-1
1.060950E+4	9.454513E-1
1.060975E+4	9.669269E-1
1.061000E+4	9.749207E-1
1.061025E+4	9.546375E-1
1.061050E+4	9.308492E-1
1.061075E+4	9.376151E-1
1.061100E+4	9.653847E-1
1.061125E+4	9.818238E-1
1.061150E+4	9.684067E-1
1.061175E+4	9.523081E-1
1.061200E+4	9.571649E-1
1.061225E+4	9.695890E-1
1.061250E+4	9.686791E-1
1.061275E+4	9.586103E-1
1.061300E+4	9.595259E-1
1.061325E+4	9.729063E-1
1.061350E+4	9.805627E-1
1.061375E+4	9.688816E-1
1.061400E+4	9.556485E-1
1.061425E+4	9.603986E-1
1.061450E+4	9.763243E-1
1.061475E+4	9.819183E-1
1.061500E+4	9.665770E-1
1.061525E+4	9.498682E-1
1.061550E+4	9.502353E-1
1.061575E+4	9.618214E-1
1.061600E+4	9.686445E-1
1.061625E+4	9.595586E-1
1.061650E+4	9.436115E-1
1.061675E+4	9.360584E-1
1.061700E+4	9.376364E-1
1.061725E+4	9.411124E-1
1.061750E+4	9.418792E-1
1.061775E+4	9.436074E-1
1.061800E+4	9.499607E-1
1.061825E+4	9.570319E-1
1.061850E+4	9.577473E-1
1.061875E+4	9.555190E-1
1.061900E+4	9.600830E-1
1.061925E+4	9.728573E-1
1.061950E+4	9.823465E-1
1.061975E+4	9.796989E-1
1.062000E+4	9.740667E-1
1.062025E+4	9.709413E-1
1.062050E+4	9.652590E-1
1.062075E+4	9.577375E-1
1.062100E+4	9.590078E-1
1.062125E+4	9.709177E-1
1.062150E+4	9.799133E-1
1.062175E+4	9.745789E-1
1.062200E+4	9.698870E-1
1.062225E+4	9.783349E-1
1.062250E+4	9.891537E-1
1.062275E+4	9.829277E-1
1.062300E+4	9.647403E-1
1.062325E+4	9.630535E-1
1.062350E+4	9.774910E-1
1.062375E+4	9.858082E-1
1.062400E+4	9.755551E-1
1.062425E+4	9.594560E-1
1.062450E+4	9.603567E-1
1.062475E+4	9.730759E-1
1.062500E+4	9.781240E-1
1.062525E+4	9.727394E-1
1.062550E+4	9.696608E-1
1.062575E+4	9.764329E-1
1.062600E+4	9.879873E-1
1.062625E+4	9.924090E-1
1.062650E+4	9.813840E-1
1.062675E+4	9.653236E-1
1.062700E+4	9.551220E-1
1.062725E+4	9.541962E-1
1.062750E+4	9.636583E-1
1.062775E+4	9.757372E-1
1.062800E+4	9.815213E-1
1.062825E+4	9.823137E-1
1.062850E+4	9.821982E-1
1.062875E+4	9.811471E-1
1.062900E+4	9.755384E-1
1.062925E+4	9.655679E-1
1.062950E+4	9.609811E-1
1.062975E+4	9.703189E-1
1.063000E+4	9.861179E-1
1.063025E+4	9.942048E-1
1.063050E+4	9.867209E-1
1.063075E+4	9.757544E-1
1.063100E+4	9.767824E-1
1.063125E+4	9.838829E-1
1.063150E+4	9.804084E-1
1.063175E+4	9.635071E-1
1.063200E+4	9.545640E-1
1.063225E+4	9.619976E-1
1.063250E+4	9.723836E-1
1.063275E+4	9.730973E-1
1.063300E+4	9.713997E-1
1.063325E+4	9.787633E-1
1.063350E+4	9.874469E-1
1.063375E+4	9.842388E-1
1.063400E+4	9.754258E-1
1.063425E+4	9.783501E-1
1.063450E+4	9.879899E-1
1.063475E+4	9.841311E-1
1.063500E+4	9.651086E-1
1.063525E+4	9.512365E-1
1.063550E+4	9.573233E-1
1.063575E+4	9.707602E-1
1.063600E+4	9.751136E-1
1.063625E+4	9.725364E-1
1.063650E+4	9.655447E-1
1.063675E+4	9.525636E-1
1.063700E+4	9.418205E-1
1.063725E+4	9.440158E-1
1.063750E+4	9.596516E-1
1.063775E+4	9.726839E-1
1.063800E+4	9.670328E-1
1.063825E+4	9.614442E-1
1.063850E+4	9.692611E-1
1.063875E+4	9.798473E-1
1.063900E+4	9.774883E-1
1.063925E+4	9.683202E-1
1.063950E+4	9.694433E-1
1.063975E+4	9.758844E-1
1.064000E+4	9.745173E-1
1.064025E+4	9.653170E-1
1.064050E+4	9.614434E-1
1.064075E+4	9.649494E-1
1.064100E+4	9.643563E-1
1.064125E+4	9.564833E-1
1.064150E+4	9.540395E-1
1.064175E+4	9.634962E-1
1.064200E+4	9.689038E-1
1.064225E+4	9.653320E-1
1.064250E+4	9.625980E-1
1.064275E+4	9.681523E-1
1.064300E+4	9.755219E-1
1.064325E+4	9.750771E-1
1.064350E+4	9.699433E-1
1.064375E+4	9.700617E-1
1.064400E+4	9.768764E-1
1.064425E+4	9.769558E-1
1.064450E+4	9.663252E-1
1.064475E+4	9.545811E-1
1.064500E+4	9.530611E-1
1.064525E+4	9.698761E-1
1.064550E+4	9.884357E-1
1.064575E+4	9.858290E-1
1.064600E+4	9.772569E-1
1.064625E+4	9.769009E-1
1.064650E+4	9.802830E-1
1.064675E+4	9.722956E-1
1.064700E+4	9.592494E-1
1.064725E+4	9.555496E-1
1.064750E+4	9.632904E-1
1.064775E+4	9.700288E-1
1.064800E+4	9.636175E-1
1.064825E+4	9.569058E-1
1.064850E+4	9.598283E-1
1.064875E+4	9.652734E-1
1.064900E+4	9.589001E-1
1.064925E+4	9.466428E-1
1.064950E+4	9.411154E-1
1.064975E+4	9.443918E-1
1.065000E+4	9.539283E-1
1.065025E+4	9.663731E-1
1.065050E+4	9.758260E-1
1.065075E+4	9.691456E-1
1.065100E+4	9.455506E-1
1.065125E+4	9.326885E-1
1.065150E+4	9.430341E-1
1.065175E+4	9.596288E-1
1.065200E+4	9.499226E-1
1.065225E+4	9.268874E-1
1.065250E+4	9.276094E-1
1.065275E+4	9.555752E-1
1.065300E+4	9.847913E-1
1.065325E+4	9.848186E-1
1.065350E+4	9.700290E-1
1.065375E+4	9.683621E-1
1.065400E+4	9.853137E-1
1.065425E+4	9.956206E-1
1.065450E+4	9.893909E-1
1.065475E+4	9.802870E-1
1.065500E+4	9.743008E-1
1.065525E+4	9.684735E-1
1.065550E+4	9.629720E-1
1.065575E+4	9.638148E-1
1.065600E+4	9.696702E-1
1.065625E+4	9.686060E-1
1.065650E+4	9.520721E-1
1.065675E+4	9.346184E-1
1.065700E+4	9.385402E-1
1.065725E+4	9.605223E-1
1.065750E+4	9.708959E-1
1.065775E+4	9.580622E-1
1.065800E+4	9.427301E-1
1.065825E+4	9.504987E-1
1.065850E+4	9.695995E-1
1.065875E+4	9.729204E-1
1.065900E+4	9.536151E-1
1.065925E+4	9.402666E-1
1.065950E+4	9.537579E-1
1.065975E+4	9.657706E-1
1.066000E+4	9.626733E-1
1.066025E+4	9.578933E-1
1.066050E+4	9.720745E-1
1.066075E+4	9.861650E-1
1.066100E+4	9.793994E-1
1.066125E+4	9.623183E-1
1.066150E+4	9.566893E-1
1.066175E+4	9.662976E-1
1.066200E+4	9.726468E-1
1.066225E+4	9.676353E-1
1.066250E+4	9.666560E-1
1.066275E+4	9.743732E-1
1.066300E+4	9.775286E-1
1.066325E+4	9.713265E-1
1.066350E+4	9.672849E-1
1.066375E+4	9.725963E-1
1.066400E+4	9.763637E-1
1.066425E+4	9.710630E-1
1.066450E+4	9.675858E-1
1.066475E+4	9.752481E-1
1.066500E+4	9.835764E-1
1.066525E+4	9.804088E-1
1.066550E+4	9.720543E-1
1.066575E+4	9.671153E-1
1.066600E+4	9.645044E-1
1.066625E+4	9.622117E-1
1.066650E+4	9.643724E-1
1.066675E+4	9.719808E-1
1.066700E+4	9.789525E-1
1.066725E+4	9.793556E-1
1.066750E+4	9.756804E-1
1.066775E+4	9.739091E-1
1.066800E+4	9.695013E-1
1.066825E+4	9.601806E-1
1.066850E+4	9.589379E-1
1.066875E+4	9.764695E-1
1.066900E+4	9.912359E-1
1.066925E+4	9.876899E-1
1.066950E+4	9.707774E-1
1.066975E+4	9.583954E-1
1.067000E+4	9.611945E-1
1.067025E+4	9.700440E-1
1.067050E+4	9.758649E-1
1.067075E+4	9.794273E-1
1.067100E+4	9.837188E-1
1.067125E+4	9.870202E-1
1.067150E+4	9.859477E-1
1.067175E+4	9.773846E-1
1.067200E+4	9.634306E-1
1.067225E+4	9.541815E-1
1.067250E+4	9.549793E-1
1.067275E+4	9.654183E-1
1.067300E+4	9.771376E-1
1.067325E+4	9.739583E-1
1.067350E+4	9.595174E-1
1.067375E+4	9.453102E-1
1.067400E+4	9.368230E-1
1.067425E+4	9.387142E-1
1.067450E+4	9.471116E-1
1.067475E+4	9.560903E-1
1.067500E+4	9.656941E-1
1.067525E+4	9.728639E-1
1.067550E+4	9.710767E-1
1.067575E+4	9.632042E-1
1.067600E+4	9.551907E-1
1.067625E+4	9.550075E-1
1.067650E+4	9.675135E-1
1.067675E+4	9.786478E-1
1.067700E+4	9.787388E-1
1.067725E+4	9.707121E-1
1.067750E+4	9.671160E-1
1.067775E+4	9.735866E-1
1.067800E+4	9.786991E-1
1.067825E+4	9.716685E-1
1.067850E+4	9.530833E-1
1.067875E+4	9.387880E-1
1.067900E+4	9.373916E-1
1.067925E+4	9.460053E-1
1.067950E+4	9.576668E-1
1.067975E+4	9.620391E-1
1.068000E+4	9.588871E-1
1.068025E+4	9.554060E-1
1.068050E+4	9.582178E-1
1.068075E+4	9.672350E-1
1.068100E+4	9.734561E-1
1.068125E+4	9.742873E-1
1.068150E+4	9.765521E-1
1.068175E+4	9.836228E-1
1.068200E+4	9.886346E-1
1.068225E+4	9.832235E-1
1.068250E+4	9.671168E-1
1.068275E+4	9.485358E-1
1.068300E+4	9.380519E-1
1.068325E+4	9.402734E-1
1.068350E+4	9.527014E-1
1.068375E+4	9.674236E-1
1.068400E+4	9.751950E-1
1.068425E+4	9.755822E-1
1.068450E+4	9.769916E-1
1.068475E+4	9.800644E-1
1.068500E+4	9.743975E-1
1.068525E+4	9.602777E-1
1.068550E+4	9.525475E-1
1.068575E+4	9.554117E-1
1.068600E+4	9.599587E-1
1.068625E+4	9.608157E-1
1.068650E+4	9.671978E-1
1.068675E+4	9.810327E-1
1.068700E+4	9.884954E-1
1.068725E+4	9.761970E-1
1.068750E+4	9.573602E-1
1.068775E+4	9.573346E-1
1.068800E+4	9.656570E-1
1.068825E+4	9.604678E-1
1.068850E+4	9.449117E-1
1.068875E+4	9.408157E-1
1.068900E+4	9.528256E-1
1.068925E+4	9.651241E-1
1.068950E+4	9.677499E-1
1.068975E+4	9.727775E-1
1.069000E+4	9.861302E-1
1.069025E+4	9.937924E-1
1.069050E+4	9.845536E-1
1.069075E+4	9.726533E-1
1.069100E+4	9.721357E-1
1.069125E+4	9.776949E-1
1.069150E+4	9.793487E-1
1.069175E+4	9.777607E-1
1.069200E+4	9.759866E-1
1.069225E+4	9.701956E-1
1.069250E+4	9.610521E-1
1.069275E+4	9.571643E-1
1.069300E+4	9.576248E-1
1.069325E+4	9.505367E-1
1.069350E+4	9.358430E-1
1.069375E+4	9.364392E-1
1.069400E+4	9.524117E-1
1.069425E+4	9.590666E-1
1.069450E+4	9.336347E-1
1.069475E+4	9.149318E-1
1.069500E+4	9.291509E-1
1.069525E+4	9.564235E-1
1.069550E+4	9.679321E-1
1.069575E+4	9.525028E-1
1.069600E+4	9.410823E-1
1.069625E+4	9.455326E-1
1.069650E+4	9.531024E-1
1.069675E+4	9.530360E-1
1.069700E+4	9.547241E-1
1.069725E+4	9.639590E-1
1.069750E+4	9.713024E-1
1.069775E+4	9.714382E-1
1.069800E+4	9.721933E-1
1.069825E+4	9.777804E-1
1.069850E+4	9.784353E-1
1.069875E+4	9.688710E-1
1.069900E+4	9.623023E-1
1.069925E+4	9.723090E-1
1.069950E+4	9.841776E-1
1.069975E+4	9.799214E-1
1.070000E+4	9.749527E-1
1.070025E+4	9.822137E-1
1.070050E+4	9.904067E-1
1.070075E+4	9.832374E-1
1.070100E+4	9.722608E-1
1.070125E+4	9.740390E-1
1.070150E+4	9.839271E-1
1.070175E+4	9.810996E-1
1.070200E+4	9.680388E-1
1.070225E+4	9.648964E-1
1.070250E+4	9.800470E-1
1.070275E+4	9.910897E-1
1.070300E+4	9.743845E-1
1.070325E+4	9.451500E-1
1.070350E+4	9.278778E-1
1.070375E+4	9.409975E-1
1.070400E+4	9.714122E-1
1.070425E+4	9.899975E-1
1.070450E+4	9.901751E-1
1.070475E+4	9.812281E-1
1.070500E+4	9.787688E-1
1.070525E+4	9.866980E-1
1.070550E+4	9.902039E-1
1.070575E+4	9.809670E-1
1.070600E+4	9.678186E-1
1.070625E+4	9.619362E-1
1.070650E+4	9.648239E-1
1.070675E+4	9.642171E-1
1.070700E+4	9.554059E-1
1.070725E+4	9.471409E-1
1.070750E+4	9.492161E-1
1.070775E+4	9.602355E-1
1.070800E+4	9.693459E-1
1.070825E+4	9.780456E-1
1.070850E+4	9.899315E-1
1.070875E+4	9.927772E-1
1.070900E+4	9.819526E-1
1.070925E+4	9.699125E-1
1.070950E+4	9.648621E-1
1.070975E+4	9.693700E-1
1.071000E+4	9.724901E-1
1.071025E+4	9.683626E-1
1.071050E+4	9.627455E-1
1.071075E+4	9.650272E-1
1.071100E+4	9.780161E-1
1.071125E+4	9.874802E-1
1.071150E+4	9.859839E-1
1.071175E+4	9.763864E-1
1.071200E+4	9.692961E-1
1.071225E+4	9.703863E-1
1.071250E+4	9.734333E-1
1.071275E+4	9.728891E-1
1.071300E+4	9.715753E-1
1.071325E+4	9.719800E-1
1.071350E+4	9.684440E-1
1.071375E+4	9.588266E-1
1.071400E+4	9.556362E-1
1.071425E+4	9.666972E-1
1.071450E+4	9.782815E-1
1.071475E+4	9.744291E-1
1.071500E+4	9.556267E-1
1.071525E+4	9.431167E-1
1.071550E+4	9.506000E-1
1.071575E+4	9.680878E-1
1.071600E+4	9.754879E-1
1.071625E+4	9.721629E-1
1.071650E+4	9.719505E-1
1.071675E+4	9.755683E-1
1.071700E+4	9.754096E-1
1.071725E+4	9.716148E-1
1.071750E+4	9.688423E-1
1.071775E+4	9.642595E-1
1.071800E+4	9.559196E-1
1.071825E+4	9.497908E-1
1.071850E+4	9.507270E-1
1.071875E+4	9.548038E-1
1.071900E+4	9.550024E-1
1.071925E+4	9.512071E-1
1.071950E+4	9.444819E-1
1.071975E+4	9.317226E-1
1.072000E+4	9.164300E-1
1.072025E+4	9.143089E-1
1.072050E+4	9.311856E-1
1.072075E+4	9.478469E-1
1.072100E+4	9.462701E-1
1.072125E+4	9.354772E-1
1.072150E+4	9.343320E-1
1.072175E+4	9.436253E-1
1.072200E+4	9.466550E-1
1.072225E+4	9.416015E-1
1.072250E+4	9.412147E-1
1.072275E+4	9.454022E-1
1.072300E+4	9.432264E-1
1.072325E+4	9.395330E-1
1.072350E+4	9.460485E-1
1.072375E+4	9.657250E-1
1.072400E+4	9.715030E-1
1.072425E+4	9.496873E-1
1.072450E+4	9.264937E-1
1.072475E+4	9.168804E-1
1.072500E+4	9.277452E-1
1.072525E+4	9.444887E-1
1.072550E+4	9.507393E-1
1.072575E+4	9.520375E-1
1.072600E+4	9.502505E-1
1.072625E+4	9.441044E-1
1.072650E+4	9.408764E-1
1.072675E+4	9.439182E-1
1.072700E+4	9.501890E-1
1.072725E+4	9.574374E-1
1.072750E+4	9.671802E-1
1.072775E+4	9.764651E-1
1.072800E+4	9.760727E-1
1.072825E+4	9.629830E-1
1.072850E+4	9.505570E-1
1.072875E+4	9.518812E-1
1.072900E+4	9.596150E-1
1.072925E+4	9.566690E-1
1.072950E+4	9.435271E-1
1.072975E+4	9.433771E-1
1.073000E+4	9.524878E-1
1.073025E+4	9.487682E-1
1.073050E+4	9.239824E-1
1.073075E+4	8.951390E-1
1.073100E+4	8.913156E-1
1.073125E+4	9.057330E-1
1.073150E+4	9.172189E-1
1.073175E+4	9.274466E-1
1.073200E+4	9.474506E-1
1.073225E+4	9.631645E-1
1.073250E+4	9.580338E-1
1.073275E+4	9.415014E-1
1.073300E+4	9.386884E-1
1.073325E+4	9.576546E-1
1.073350E+4	9.747816E-1
1.073375E+4	9.750511E-1
1.073400E+4	9.675958E-1
1.073425E+4	9.722318E-1
1.073450E+4	9.816603E-1
1.073475E+4	9.762823E-1
1.073500E+4	9.571706E-1
1.073525E+4	9.467139E-1
1.073550E+4	9.593019E-1
1.073575E+4	9.764132E-1
1.073600E+4	9.740770E-1
1.073625E+4	9.564354E-1
1.073650E+4	9.436374E-1
1.073675E+4	9.439632E-1
1.073700E+4	9.489304E-1
1.073725E+4	9.447662E-1
1.073750E+4	9.322683E-1
1.073775E+4	9.157731E-1
1.073800E+4	9.001598E-1
1.073825E+4	9.025117E-1
1.073850E+4	9.225514E-1
1.073875E+4	9.394582E-1
1.073900E+4	9.523466E-1
1.073925E+4	9.656866E-1
1.073950E+4	9.762242E-1
1.073975E+4	9.796964E-1
1.074000E+4	9.771074E-1
1.074025E+4	9.710496E-1
1.074050E+4	9.650851E-1
1.074075E+4	9.596180E-1
1.074100E+4	9.509856E-1
1.074125E+4	9.361825E-1
1.074150E+4	9.209969E-1
1.074175E+4	9.183422E-1
1.074200E+4	9.248950E-1
1.074225E+4	9.325090E-1
1.074250E+4	9.389472E-1
1.074275E+4	9.429437E-1
1.074300E+4	9.433714E-1
1.074325E+4	9.421668E-1
1.074350E+4	9.428338E-1
1.074375E+4	9.486858E-1
1.074400E+4	9.608288E-1
1.074425E+4	9.714317E-1
1.074450E+4	9.704550E-1
1.074475E+4	9.628828E-1
1.074500E+4	9.605710E-1
1.074525E+4	9.677517E-1
1.074550E+4	9.735233E-1
1.074575E+4	9.659337E-1
1.074600E+4	9.548759E-1
1.074625E+4	9.560736E-1
1.074650E+4	9.651056E-1
1.074675E+4	9.651098E-1
1.074700E+4	9.514659E-1
1.074725E+4	9.383824E-1
1.074750E+4	9.393877E-1
1.074775E+4	9.510913E-1
1.074800E+4	9.598069E-1
1.074825E+4	9.581832E-1
1.074850E+4	9.535145E-1
1.074875E+4	9.527699E-1
1.074900E+4	9.603151E-1
1.074925E+4	9.779133E-1
1.074950E+4	9.906377E-1
1.074975E+4	9.794843E-1
1.075000E+4	9.498555E-1
1.075025E+4	9.325394E-1
1.075050E+4	9.485189E-1
1.075075E+4	9.653425E-1
1.075100E+4	9.494334E-1
1.075125E+4	9.203837E-1
1.075150E+4	9.141177E-1
1.075175E+4	9.342338E-1
1.075200E+4	9.477581E-1
1.075225E+4	9.342192E-1
1.075250E+4	9.265783E-1
1.075275E+4	9.419639E-1
1.075300E+4	9.578467E-1
1.075325E+4	9.553107E-1
1.075350E+4	9.498045E-1
1.075375E+4	9.621626E-1
1.075400E+4	9.789956E-1
1.075425E+4	9.791690E-1
1.075450E+4	9.692713E-1
1.075475E+4	9.720448E-1
1.075500E+4	9.789992E-1
1.075525E+4	9.725019E-1
1.075550E+4	9.519388E-1
1.075575E+4	9.451641E-1
1.075600E+4	9.605465E-1
1.075625E+4	9.677126E-1
1.075650E+4	9.574311E-1
1.075675E+4	9.459019E-1
1.075700E+4	9.505752E-1
1.075725E+4	9.589235E-1
1.075750E+4	9.527589E-1
1.075775E+4	9.385930E-1
1.075800E+4	9.335178E-1
1.075825E+4	9.401149E-1
1.075850E+4	9.458744E-1
1.075875E+4	9.481665E-1
1.075900E+4	9.522744E-1
1.075925E+4	9.565564E-1
1.075950E+4	9.566090E-1
1.075975E+4	9.552442E-1
1.076000E+4	9.569943E-1
1.076025E+4	9.599852E-1
1.076050E+4	9.600328E-1
1.076075E+4	9.592694E-1
1.076100E+4	9.582750E-1
1.076125E+4	9.510031E-1
1.076150E+4	9.382185E-1
1.076175E+4	9.360567E-1
1.076200E+4	9.485518E-1
1.076225E+4	9.591677E-1
1.076250E+4	9.464266E-1
1.076275E+4	9.199286E-1
1.076300E+4	9.145896E-1
1.076325E+4	9.369748E-1
1.076350E+4	9.646261E-1
1.076375E+4	9.732745E-1
1.076400E+4	9.645221E-1
1.076425E+4	9.593098E-1
1.076450E+4	9.610676E-1
1.076475E+4	9.584870E-1
1.076500E+4	9.490450E-1
1.076525E+4	9.453502E-1
1.076550E+4	9.554471E-1
1.076575E+4	9.699948E-1
1.076600E+4	9.783961E-1
1.076625E+4	9.751585E-1
1.076650E+4	9.650920E-1
1.076675E+4	9.566801E-1
1.076700E+4	9.528843E-1
1.076725E+4	9.574775E-1
1.076750E+4	9.681301E-1
1.076775E+4	9.671550E-1
1.076800E+4	9.529705E-1
1.076825E+4	9.370714E-1
1.076850E+4	9.325070E-1
1.076875E+4	9.405425E-1
1.076900E+4	9.426993E-1
1.076925E+4	9.353537E-1
1.076950E+4	9.333746E-1
1.076975E+4	9.440554E-1
1.077000E+4	9.506010E-1
1.077025E+4	9.421900E-1
1.077050E+4	9.228377E-1
1.077075E+4	9.120681E-1
1.077100E+4	9.211080E-1
1.077125E+4	9.342120E-1
1.077150E+4	9.439771E-1
1.077175E+4	9.515640E-1
1.077200E+4	9.547546E-1
1.077225E+4	9.530464E-1
1.077250E+4	9.516378E-1
1.077275E+4	9.551034E-1
1.077300E+4	9.587062E-1
1.077325E+4	9.546575E-1
1.077350E+4	9.485220E-1
1.077375E+4	9.475777E-1
1.077400E+4	9.493059E-1
1.077425E+4	9.450870E-1
1.077450E+4	9.359503E-1
1.077475E+4	9.302658E-1
1.077500E+4	9.273794E-1
1.077525E+4	9.167145E-1
1.077550E+4	9.041166E-1
1.077575E+4	9.083381E-1
1.077600E+4	9.374988E-1
1.077625E+4	9.597838E-1
1.077650E+4	9.427252E-1
1.077675E+4	9.086949E-1
1.077700E+4	8.986448E-1
1.077725E+4	9.197881E-1
1.077750E+4	9.359034E-1
1.077775E+4	9.303332E-1
1.077800E+4	9.178270E-1
1.077825E+4	9.168102E-1
1.077850E+4	9.212408E-1
1.077875E+4	9.196580E-1
1.077900E+4	9.204902E-1
1.077925E+4	9.331292E-1
1.077950E+4	9.445964E-1
1.077975E+4	9.376105E-1
1.078000E+4	9.246978E-1
1.078025E+4	9.254695E-1
1.078050E+4	9.388522E-1
1.078075E+4	9.477898E-1
1.078100E+4	9.445382E-1
1.078125E+4	9.314157E-1
1.078150E+4	9.131190E-1
1.078175E+4	9.000173E-1
1.078200E+4	9.022980E-1
1.078225E+4	9.195868E-1
1.078250E+4	9.345903E-1
1.078275E+4	9.255003E-1
1.078300E+4	9.064899E-1
1.078325E+4	9.056521E-1
1.078350E+4	9.123934E-1
1.078375E+4	8.963493E-1
1.078400E+4	8.630265E-1
1.078425E+4	8.532964E-1
1.078450E+4	8.800573E-1
1.078475E+4	9.110671E-1
1.078500E+4	9.098732E-1
1.078525E+4	8.862256E-1
1.078550E+4	8.736019E-1
1.078575E+4	8.734718E-1
1.078600E+4	8.712326E-1
1.078625E+4	8.706565E-1
1.078650E+4	8.840034E-1
1.078675E+4	8.994107E-1
1.078700E+4	8.955542E-1
1.078725E+4	8.745248E-1
1.078750E+4	8.597089E-1
1.078775E+4	8.619797E-1
1.078800E+4	8.717709E-1
1.078825E+4	8.801884E-1
1.078850E+4	8.862143E-1
1.078875E+4	8.875034E-1
1.078900E+4	8.809117E-1
1.078925E+4	8.728523E-1
1.078950E+4	8.740024E-1
1.078975E+4	8.816350E-1
1.079000E+4	8.816039E-1
1.079025E+4	8.659332E-1
1.079050E+4	8.464512E-1
1.079075E+4	8.404782E-1
1.079100E+4	8.469320E-1
1.079125E+4	8.563027E-1
1.079150E+4	8.614244E-1
1.079175E+4	8.597680E-1
1.079200E+4	8.552826E-1
1.079225E+4	8.519124E-1
1.079250E+4	8.438518E-1
1.079275E+4	8.242106E-1
1.079300E+4	8.032402E-1
1.079325E+4	8.003295E-1
1.079350E+4	8.186268E-1
1.079375E+4	8.275340E-1
1.079400E+4	8.025716E-1
1.079425E+4	7.685724E-1
1.079450E+4	7.666456E-1
1.079475E+4	7.952613E-1
1.079500E+4	8.038713E-1
1.079525E+4	7.768854E-1
1.079550E+4	7.511236E-1
1.079575E+4	7.538569E-1
1.079600E+4	7.657637E-1
1.079625E+4	7.562041E-1
1.079650E+4	7.350192E-1
1.079675E+4	7.212926E-1
1.079700E+4	6.902884E-1
1.079725E+4	6.177497E-1
1.079750E+4	5.538406E-1
1.079775E+4	5.644851E-1
1.079800E+4	6.316503E-1
1.079825E+4	6.722634E-1
1.079850E+4	6.515219E-1
1.079875E+4	6.228054E-1
1.079900E+4	6.465531E-1
1.079925E+4	6.693210E-1
1.079950E+4	6.191819E-1
1.079975E+4	5.416840E-1
1.080000E+4	5.217772E-1
1.080025E+4	5.795265E-1
1.080050E+4	6.130357E-1
1.080075E+4	5.533426E-1
1.080100E+4	4.602883E-1
1.080125E+4	4.054300E-1
1.080150E+4	4.010152E-1
1.080175E+4	3.938583E-1
1.080200E+4	3.253925E-1
1.080225E+4	2.256998E-1
1.080250E+4	1.655688E-1
1.080275E+4	1.417315E-1
1.080300E+4	1.174594E-1
1.080325E+4	9.701505E-2
1.080350E+4	1.142155E-1
1.080375E+4	1.489306E-1
1.080400E+4	1.601537E-1
1.080425E+4	1.497542E-1
1.080450E+4	1.454863E-1
1.080475E+4	1.337794E-1
1.080500E+4	9.157224E-2
1.080525E+4	8.806400E-2
1.080550E+4	1.488556E-1
1.080575E+4	2.034879E-1
1.080600E+4	2.039086E-1
1.080625E+4	1.435820E-1
1.080650E+4	1.519587E-1
1.080675E+4	2.909151E-1
1.080700E+4	4.502609E-1
1.080725E+4	5.354858E-1
1.080750E+4	5.369580E-1
1.080775E+4	5.597700E-1
1.080800E+4	6.415153E-1
1.080825E+4	6.864257E-1
1.080850E+4	5.852501E-1
1.080875E+4	5.545891E-1
1.080900E+4	6.316848E-1
1.080925E+4	7.266873E-1
1.080950E+4	7.204249E-1
1.080975E+4	6.207328E-1
1.081000E+4	6.078506E-1
1.081025E+4	6.655876E-1
1.081050E+4	6.666654E-1
1.081075E+4	5.921173E-1
1.081100E+4	5.763891E-1
1.081125E+4	6.712397E-1
1.081150E+4	7.663736E-1
1.081175E+4	7.549709E-1
1.081200E+4	6.907412E-1
1.081225E+4	6.774975E-1
1.081250E+4	7.421602E-1
1.081275E+4	8.098799E-1
1.081300E+4	8.200525E-1
1.081325E+4	7.939903E-1
1.081350E+4	7.781572E-1
1.081375E+4	7.920712E-1
1.081400E+4	8.157177E-1
1.081425E+4	8.300253E-1
1.081450E+4	8.328216E-1
1.081475E+4	8.336770E-1
1.081500E+4	8.405744E-1
1.081525E+4	8.440360E-1
1.081550E+4	8.329491E-1
1.081575E+4	8.190309E-1
1.081600E+4	8.241093E-1
1.081625E+4	8.422678E-1
1.081650E+4	8.492065E-1
1.081675E+4	8.461257E-1
1.081700E+4	8.586042E-1
1.081725E+4	8.886942E-1
1.081750E+4	9.030664E-1
1.081775E+4	8.893482E-1
1.081800E+4	8.771756E-1
1.081825E+4	8.981480E-1
1.081850E+4	9.374347E-1
1.081875E+4	9.502397E-1
1.081900E+4	9.384341E-1
1.081925E+4	9.288444E-1
1.081950E+4	9.287212E-1
1.081975E+4	9.264905E-1
1.082000E+4	9.224121E-1
1.082025E+4	9.263759E-1
1.082050E+4	9.314527E-1
1.082075E+4	9.172719E-1
1.082100E+4	8.976013E-1
1.082125E+4	9.040106E-1
1.082150E+4	9.367066E-1
1.082175E+4	9.611649E-1
1.082200E+4	9.561434E-1
1.082225E+4	9.434963E-1
1.082250E+4	9.445812E-1
1.082275E+4	9.494767E-1
1.082300E+4	9.440096E-1
1.082325E+4	9.346674E-1
1.082350E+4	9.357020E-1
1.082375E+4	9.422792E-1
1.082400E+4	9.414450E-1
1.082425E+4	9.382343E-1
1.082450E+4	9.408178E-1
1.082475E+4	9.423164E-1
1.082500E+4	9.298962E-1
1.082525E+4	9.178015E-1
1.082550E+4	9.239318E-1
1.082575E+4	9.490782E-1
1.082600E+4	9.726520E-1
1.082625E+4	9.744885E-1
1.082650E+4	9.629823E-1
1.082675E+4	9.590256E-1
1.082700E+4	9.656199E-1
1.082725E+4	9.721168E-1
1.082750E+4	9.739372E-1
1.082775E+4	9.736415E-1
1.082800E+4	9.750845E-1
1.082825E+4	9.783890E-1
1.082850E+4	9.806724E-1
1.082875E+4	9.775252E-1
1.082900E+4	9.684005E-1
1.082925E+4	9.624181E-1
1.082950E+4	9.643459E-1
1.082975E+4	9.724450E-1
1.083000E+4	9.821604E-1
1.083025E+4	9.848265E-1
1.083050E+4	9.798907E-1
1.083075E+4	9.733232E-1
1.083100E+4	9.671078E-1
1.083125E+4	9.625339E-1
1.083150E+4	9.619977E-1
1.083175E+4	9.650433E-1
1.083200E+4	9.703519E-1
1.083225E+4	9.768415E-1
1.083250E+4	9.804173E-1
1.083275E+4	9.776264E-1
1.083300E+4	9.723859E-1
1.083325E+4	9.711360E-1
1.083350E+4	9.760967E-1
1.083375E+4	9.823978E-1
1.083400E+4	9.840318E-1
1.083425E+4	9.811437E-1
1.083450E+4	9.768315E-1
1.083475E+4	9.734486E-1
1.083500E+4	9.718510E-1
1.083525E+4	9.705025E-1
1.083550E+4	9.678351E-1
1.083575E+4	9.663033E-1
1.083600E+4	9.706579E-1
1.083625E+4	9.796767E-1
1.083650E+4	9.829216E-1
1.083675E+4	9.753663E-1
1.083700E+4	9.641167E-1
1.083725E+4	9.628569E-1
1.083750E+4	9.726892E-1
1.083775E+4	9.759340E-1
1.083800E+4	9.701948E-1
1.083825E+4	9.653600E-1
1.083850E+4	9.695235E-1
1.083875E+4	9.750159E-1
1.083900E+4	9.726721E-1
1.083925E+4	9.688853E-1
1.083950E+4	9.694711E-1
1.083975E+4	9.681238E-1
1.084000E+4	9.569601E-1
1.084025E+4	9.462975E-1
1.084050E+4	9.531688E-1
1.084075E+4	9.713259E-1
1.084100E+4	9.789210E-1
1.084125E+4	9.739836E-1
1.084150E+4	9.701239E-1
1.084175E+4	9.745744E-1
1.084200E+4	9.771466E-1
1.084225E+4	9.689010E-1
1.084250E+4	9.574585E-1
1.084275E+4	9.573361E-1
1.084300E+4	9.647390E-1
1.084325E+4	9.662565E-1
1.084350E+4	9.626571E-1
1.084375E+4	9.640239E-1
1.084400E+4	9.700672E-1
1.084425E+4	9.705812E-1
1.084450E+4	9.651598E-1
1.084475E+4	9.642633E-1
1.084500E+4	9.712336E-1
1.084525E+4	9.752975E-1
1.084550E+4	9.707911E-1
1.084575E+4	9.641691E-1
1.084600E+4	9.627409E-1
1.084625E+4	9.613727E-1
1.084650E+4	9.536196E-1
1.084675E+4	9.468473E-1
1.084700E+4	9.540409E-1
1.084725E+4	9.675639E-1
1.084750E+4	9.682462E-1
1.084775E+4	9.533899E-1
1.084800E+4	9.399639E-1
1.084825E+4	9.446105E-1
1.084850E+4	9.602414E-1
1.084875E+4	9.716631E-1
1.084900E+4	9.750340E-1
1.084925E+4	9.739122E-1
1.084950E+4	9.711101E-1
1.084975E+4	9.684928E-1
1.085000E+4	9.686077E-1
1.085025E+4	9.700253E-1
1.085050E+4	9.660835E-1
1.085075E+4	9.551768E-1
1.085100E+4	9.472421E-1
1.085125E+4	9.511542E-1
1.085150E+4	9.621477E-1
1.085175E+4	9.658661E-1
1.085200E+4	9.555358E-1
1.085225E+4	9.413000E-1
1.085250E+4	9.347545E-1
1.085275E+4	9.370235E-1
1.085300E+4	9.444477E-1
1.085325E+4	9.530991E-1
1.085350E+4	9.563845E-1
1.085375E+4	9.496950E-1
1.085400E+4	9.402498E-1
1.085425E+4	9.404631E-1
1.085450E+4	9.537263E-1
1.085475E+4	9.664525E-1
1.085500E+4	9.625132E-1
1.085525E+4	9.481886E-1
1.085550E+4	9.399777E-1
1.085575E+4	9.454361E-1
1.085600E+4	9.568714E-1
1.085625E+4	9.617042E-1
1.085650E+4	9.592085E-1
1.085675E+4	9.567474E-1
1.085700E+4	9.584512E-1
1.085725E+4	9.600763E-1
1.085750E+4	9.572925E-1
1.085775E+4	9.528100E-1
1.085800E+4	9.528216E-1
1.085825E+4	9.580611E-1
1.085850E+4	9.617191E-1
1.085875E+4	9.604115E-1
1.085900E+4	9.577445E-1
1.085925E+4	9.573072E-1
1.085950E+4	9.568609E-1
1.085975E+4	9.547201E-1
1.086000E+4	9.557736E-1
1.086025E+4	9.641574E-1
1.086050E+4	9.716279E-1
1.086075E+4	9.666010E-1
1.086100E+4	9.564400E-1
1.086125E+4	9.558822E-1
1.086150E+4	9.653190E-1
1.086175E+4	9.703717E-1
1.086200E+4	9.631560E-1
1.086225E+4	9.561950E-1
1.086250E+4	9.608330E-1
1.086275E+4	9.705904E-1
1.086300E+4	9.720857E-1
1.086325E+4	9.661107E-1
1.086350E+4	9.639184E-1
1.086375E+4	9.662739E-1
1.086400E+4	9.654642E-1
1.086425E+4	9.611043E-1
1.086450E+4	9.608033E-1
1.086475E+4	9.649812E-1
1.086500E+4	9.667111E-1
1.086525E+4	9.659985E-1
1.086550E+4	9.701535E-1
1.086575E+4	9.775292E-1
1.086600E+4	9.771455E-1
1.086625E+4	9.657096E-1
1.086650E+4	9.570706E-1
1.086675E+4	9.608679E-1
1.086700E+4	9.673694E-1
1.086725E+4	9.655624E-1
1.086750E+4	9.608892E-1
1.086775E+4	9.636847E-1
1.086800E+4	9.705074E-1
1.086825E+4	9.714110E-1
1.086850E+4	9.667044E-1
1.086875E+4	9.664569E-1
1.086900E+4	9.733916E-1
1.086925E+4	9.800965E-1
1.086950E+4	9.816865E-1
1.086975E+4	9.814677E-1
1.087000E+4	9.815866E-1
1.087025E+4	9.791698E-1
1.087050E+4	9.745102E-1
1.087075E+4	9.740657E-1
1.087100E+4	9.797248E-1
1.087125E+4	9.838237E-1
1.087150E+4	9.809091E-1
1.087175E+4	9.763635E-1
1.087200E+4	9.772598E-1
1.087225E+4	9.808750E-1
1.087250E+4	9.804519E-1
1.087275E+4	9.771990E-1
1.087300E+4	9.773810E-1
1.087325E+4	9.816005E-1
1.087350E+4	9.849486E-1
1.087375E+4	9.856019E-1
1.087400E+4	9.866343E-1
1.087425E+4	9.883845E-1
1.087450E+4	9.869447E-1
1.087475E+4	9.814922E-1
1.087500E+4	9.772731E-1
1.087525E+4	9.784154E-1
1.087550E+4	9.832801E-1
1.087575E+4	9.870949E-1
1.087600E+4	9.871816E-1
1.087625E+4	9.850435E-1
1.087650E+4	9.835967E-1
1.087675E+4	9.845770E-1
1.087700E+4	9.872563E-1
1.087725E+4	9.888031E-1
1.087750E+4	9.871148E-1
1.087775E+4	9.837978E-1
1.087800E+4	9.829533E-1
1.087825E+4	9.856649E-1
1.087850E+4	9.885690E-1
1.087875E+4	9.887498E-1
1.087900E+4	9.870540E-1
1.087925E+4	9.857382E-1
1.087950E+4	9.855250E-1
1.087975E+4	9.858524E-1
1.088000E+4	9.864390E-1
1.088025E+4	9.873084E-1
1.088050E+4	9.881389E-1
1.088075E+4	9.886133E-1
1.088100E+4	9.888966E-1
1.088125E+4	9.888954E-1
1.088150E+4	9.879413E-1
1.088175E+4	9.859125E-1
1.088200E+4	9.840709E-1
1.088225E+4	9.836421E-1
1.088250E+4	9.845811E-1
1.088275E+4	9.861004E-1
1.088300E+4	9.867890E-1
1.088325E+4	9.852938E-1
1.088350E+4	9.817951E-1
1.088375E+4	9.785986E-1
1.088400E+4	9.784796E-1
1.088425E+4	9.809009E-1
1.088450E+4	9.830929E-1
1.088475E+4	9.846800E-1
1.088500E+4	9.874514E-1
1.088525E+4	9.910611E-1
1.088550E+4	9.919549E-1
1.088575E+4	9.881602E-1
1.088600E+4	9.834582E-1
1.088625E+4	9.831532E-1
1.088650E+4	9.866795E-1
1.088675E+4	9.893026E-1
1.088700E+4	9.883860E-1
1.088725E+4	9.860170E-1
1.088750E+4	9.852448E-1
1.088775E+4	9.860586E-1
1.088800E+4	9.869504E-1
1.088825E+4	9.875493E-1
1.088850E+4	9.878761E-1
1.088875E+4	9.868599E-1
1.088900E+4	9.841135E-1
1.088925E+4	9.817240E-1
1.088950E+4	9.817349E-1
1.088975E+4	9.820594E-1
1.089000E+4	9.775817E-1
1.089025E+4	9.695326E-1
1.089050E+4	9.657579E-1
1.089075E+4	9.704585E-1
1.089100E+4	9.770306E-1
1.089125E+4	9.733521E-1
1.089150E+4	9.584080E-1
1.089175E+4	9.450798E-1
1.089200E+4	9.474521E-1
1.089225E+4	9.654059E-1
1.089250E+4	9.822719E-1
1.089275E+4	9.854034E-1
1.089300E+4	9.783636E-1
1.089325E+4	9.728717E-1
1.089350E+4	9.771124E-1
1.089375E+4	9.856733E-1
1.089400E+4	9.871491E-1
1.089425E+4	9.780716E-1
1.089450E+4	9.641833E-1
1.089475E+4	9.582620E-1
1.089500E+4	9.639610E-1
1.089525E+4	9.708625E-1
1.089550E+4	9.741199E-1
1.089575E+4	9.764633E-1
1.089600E+4	9.777568E-1
1.089625E+4	9.722803E-1
1.089650E+4	9.608641E-1
1.089675E+4	9.547064E-1
1.089700E+4	9.604199E-1
1.089725E+4	9.689371E-1
1.089750E+4	9.677030E-1
1.089775E+4	9.543456E-1
1.089800E+4	9.461505E-1
1.089825E+4	9.519831E-1
1.089850E+4	9.618858E-1
1.089875E+4	9.678102E-1
1.089900E+4	9.673038E-1
1.089925E+4	9.668451E-1
1.089950E+4	9.750007E-1
1.089975E+4	9.891536E-1
1.090000E+4	9.944846E-1
1.090025E+4	9.804660E-1
1.090050E+4	9.581618E-1
1.090075E+4	9.545315E-1
1.090100E+4	9.728592E-1
1.090125E+4	9.817131E-1
1.090150E+4	9.676597E-1
1.090175E+4	9.486865E-1
1.090200E+4	9.487244E-1
1.090225E+4	9.642687E-1
1.090250E+4	9.781773E-1
1.090275E+4	9.815774E-1
1.090300E+4	9.773386E-1
1.090325E+4	9.726893E-1
1.090350E+4	9.681934E-1
1.090375E+4	9.656931E-1
1.090400E+4	9.680420E-1
1.090425E+4	9.683869E-1
1.090450E+4	9.608906E-1
1.090475E+4	9.515522E-1
1.090500E+4	9.515015E-1
1.090525E+4	9.559588E-1
1.090550E+4	9.534209E-1
1.090575E+4	9.484986E-1
1.090600E+4	9.513131E-1
1.090625E+4	9.528951E-1
1.090650E+4	9.357148E-1
1.090675E+4	9.093430E-1
1.090700E+4	9.016504E-1
1.090725E+4	9.254556E-1
1.090750E+4	9.552509E-1
1.090775E+4	9.608221E-1
1.090800E+4	9.524521E-1
1.090825E+4	9.553816E-1
1.090850E+4	9.649740E-1
1.090875E+4	9.686482E-1
1.090900E+4	9.684961E-1
1.090925E+4	9.712341E-1
1.090950E+4	9.735665E-1
1.090975E+4	9.702922E-1
1.091000E+4	9.658282E-1
1.091025E+4	9.644560E-1
1.091050E+4	9.625030E-1
1.091075E+4	9.564353E-1
1.091100E+4	9.491803E-1
1.091125E+4	9.382205E-1
1.091150E+4	9.179299E-1
1.091175E+4	9.006717E-1
1.091200E+4	9.125155E-1
1.091225E+4	9.340527E-1
1.091250E+4	9.290473E-1
1.091275E+4	8.993948E-1
1.091300E+4	9.064380E-1
1.091325E+4	9.623871E-1
1.091350E+4	9.932370E-1
1.091375E+4	9.538009E-1
1.091400E+4	8.851564E-1
1.091425E+4	8.784306E-1
1.091450E+4	9.099297E-1
1.091475E+4	9.299688E-1
1.091500E+4	9.246970E-1
1.091525E+4	9.251478E-1
1.091550E+4	9.435185E-1
1.091575E+4	9.644314E-1
1.091600E+4	9.619266E-1
1.091625E+4	9.417260E-1
1.091650E+4	9.298747E-1
1.091675E+4	9.322981E-1
1.091700E+4	9.455362E-1
1.091725E+4	9.465607E-1
1.091750E+4	9.268699E-1
1.091775E+4	8.914712E-1
1.091800E+4	8.614859E-1
1.091825E+4	8.776977E-1
1.091850E+4	8.957102E-1
1.091875E+4	8.935331E-1
1.091900E+4	8.871367E-1
1.091925E+4	8.945022E-1
1.091950E+4	8.911789E-1
1.091975E+4	8.521991E-1
1.092000E+4	8.111778E-1
1.092025E+4	8.664926E-1
1.092050E+4	9.411069E-1
1.092075E+4	9.648691E-1
1.092100E+4	9.557623E-1
1.092125E+4	9.413218E-1
1.092150E+4	9.377193E-1
1.092175E+4	9.371032E-1
1.092200E+4	9.361373E-1
1.092225E+4	9.406948E-1
1.092250E+4	9.458482E-1
1.092275E+4	9.365631E-1
1.092300E+4	9.072543E-1
1.092325E+4	8.784396E-1
1.092350E+4	8.748332E-1
1.092375E+4	8.987786E-1
1.092400E+4	9.283216E-1
1.092425E+4	9.228207E-1
1.092450E+4	8.927469E-1
1.092475E+4	8.724059E-1
1.092500E+4	8.930824E-1
1.092525E+4	9.108412E-1
1.092550E+4	8.874419E-1
1.092575E+4	8.579095E-1
1.092600E+4	8.667791E-1
1.092625E+4	9.308073E-1
1.092650E+4	9.347224E-1
1.092675E+4	8.903823E-1
1.092700E+4	8.691512E-1
1.092725E+4	9.133880E-1
1.092750E+4	9.784714E-1
1.092775E+4	9.667438E-1
1.092800E+4	8.961929E-1
1.092825E+4	8.799602E-1
1.092850E+4	9.136640E-1
1.092875E+4	9.358843E-1
1.092900E+4	9.362679E-1
1.092925E+4	9.330031E-1
1.092950E+4	9.240108E-1
1.092975E+4	8.929177E-1
1.093000E+4	8.536709E-1
1.093025E+4	8.794095E-1
1.093050E+4	9.143353E-1
1.093075E+4	8.814395E-1
1.093100E+4	8.192173E-1
1.093125E+4	7.939155E-1
1.093150E+4	8.595374E-1
1.093175E+4	8.947830E-1
1.093200E+4	8.600660E-1
1.093225E+4	8.677145E-1
1.093250E+4	9.364234E-1
1.093275E+4	9.796904E-1
1.093300E+4	9.598712E-1
1.093325E+4	8.942347E-1
1.093350E+4	8.946970E-1
1.093375E+4	9.282773E-1
1.093400E+4	9.157534E-1
1.093425E+4	8.831618E-1
1.093450E+4	8.904721E-1
1.093475E+4	9.297763E-1
1.093500E+4	9.215601E-1
1.093525E+4	8.446057E-1
1.093550E+4	7.831899E-1
1.093575E+4	8.211859E-1
1.093600E+4	8.780757E-1
1.093625E+4	8.914866E-1
1.093650E+4	8.409561E-1
1.093675E+4	7.854168E-1
1.093700E+4	8.009783E-1
1.093725E+4	8.234536E-1
1.093750E+4	8.344065E-1
1.093775E+4	8.541602E-1
1.093800E+4	8.885675E-1
1.093825E+4	9.141875E-1
1.093850E+4	9.062613E-1
1.093875E+4	8.784566E-1
1.093900E+4	8.628546E-1
1.093925E+4	8.611846E-1
1.093950E+4	8.826913E-1
1.093975E+4	9.493006E-1
1.094000E+4	9.696096E-1
1.094025E+4	9.526132E-1
1.094050E+4	9.193611E-1
1.094075E+4	8.539721E-1
1.094100E+4	8.449926E-1
1.094125E+4	8.706068E-1
1.094150E+4	8.751656E-1
1.094175E+4	8.605515E-1
1.094200E+4	8.801844E-1
1.094225E+4	9.122425E-1
1.094250E+4	9.062938E-1
1.094275E+4	8.604236E-1
1.094300E+4	8.259366E-1
1.094325E+4	8.823403E-1
1.094350E+4	9.369706E-1
1.094375E+4	9.315352E-1
1.094400E+4	8.665403E-1
1.094425E+4	8.292203E-1
1.094450E+4	8.350029E-1
1.094475E+4	8.406833E-1
1.094500E+4	8.416146E-1
1.094525E+4	8.788058E-1
1.094550E+4	9.270493E-1
1.094575E+4	9.587656E-1
1.094600E+4	9.581714E-1
1.094625E+4	9.190147E-1
1.094650E+4	8.991793E-1
1.094675E+4	8.879514E-1
1.094700E+4	8.210968E-1
1.094725E+4	7.173970E-1
1.094750E+4	7.857087E-1
1.094775E+4	8.607916E-1
1.094800E+4	8.778958E-1
1.094825E+4	8.605211E-1
1.094850E+4	8.833517E-1
1.094875E+4	9.084697E-1
1.094900E+4	8.918864E-1
1.094925E+4	8.558044E-1
1.094950E+4	8.334232E-1
1.094975E+4	8.439613E-1
1.095000E+4	8.722054E-1
1.095025E+4	8.780806E-1
1.095050E+4	8.722113E-1
1.095075E+4	8.774405E-1
1.095100E+4	8.910274E-1
1.095125E+4	8.890148E-1
1.095150E+4	8.676066E-1
1.095175E+4	8.245123E-1
1.095200E+4	7.725246E-1
1.095225E+4	7.737444E-1
1.095250E+4	8.013884E-1
1.095275E+4	8.238149E-1
1.095300E+4	8.431065E-1
1.095325E+4	8.515692E-1
1.095350E+4	8.430358E-1
1.095375E+4	8.111737E-1
1.095400E+4	7.039371E-1
1.095425E+4	6.520732E-1
1.095450E+4	7.428661E-1
1.095475E+4	7.499681E-1
1.095500E+4	7.081994E-1
1.095525E+4	7.242136E-1
1.095550E+4	8.364416E-1
1.095575E+4	9.230536E-1
1.095600E+4	9.745681E-1
1.095625E+4	9.585794E-1
1.095650E+4	9.063006E-1
1.095675E+4	8.976797E-1
1.095700E+4	9.090064E-1
1.095725E+4	8.768709E-1
1.095750E+4	8.151143E-1
1.095775E+4	8.182533E-1
1.095800E+4	8.616844E-1
1.095825E+4	9.043740E-1
1.095850E+4	8.151437E-1
1.095875E+4	7.215210E-1
1.095900E+4	6.783280E-1
1.095925E+4	6.614539E-1
1.095950E+4	7.005638E-1
1.095975E+4	7.582230E-1
1.096000E+4	7.525673E-1
1.096025E+4	7.421048E-1
1.096050E+4	7.616734E-1
1.096075E+4	7.704859E-1
1.096100E+4	7.542421E-1
1.096125E+4	7.450863E-1
1.096150E+4	7.570253E-1
1.096175E+4	7.477979E-1
1.096200E+4	6.898961E-1
1.096225E+4	6.232001E-1
1.096250E+4	6.057711E-1
1.096275E+4	6.461105E-1
1.096300E+4	6.650737E-1
1.096325E+4	6.430311E-1
1.096350E+4	6.474630E-1
1.096375E+4	7.526544E-1
1.096400E+4	8.620872E-1
1.096425E+4	9.015108E-1
1.096450E+4	8.833564E-1
1.096475E+4	8.033509E-1
1.096500E+4	7.186928E-1
1.096525E+4	6.747773E-1
1.096550E+4	6.510321E-1
1.096575E+4	7.141728E-1
1.096600E+4	8.839021E-1
1.096625E+4	8.691414E-1
1.096650E+4	7.528117E-1
1.096675E+4	6.032119E-1
1.096700E+4	5.606343E-1
1.096725E+4	6.935047E-1
1.096750E+4	7.907083E-1
1.096775E+4	7.907682E-1
1.096800E+4	7.378514E-1
1.096825E+4	7.854948E-1
1.096850E+4	8.560893E-1
1.096875E+4	8.787282E-1
1.096900E+4	8.925361E-1
1.096925E+4	9.191063E-1
1.096950E+4	9.152031E-1
1.096975E+4	8.673202E-1
1.097000E+4	8.223386E-1
1.097025E+4	8.451216E-1
1.097050E+4	8.699046E-1
1.097075E+4	7.705007E-1
1.097100E+4	5.305174E-1
1.097125E+4	4.984757E-1
1.097150E+4	7.833898E-1
1.097175E+4	9.334724E-1
1.097200E+4	8.486730E-1
1.097225E+4	5.529712E-1
1.097250E+4	4.543935E-1
1.097275E+4	6.670344E-1
1.097300E+4	7.619086E-1
1.097325E+4	5.879563E-1
1.097350E+4	4.942564E-1
1.097375E+4	5.483225E-1
1.097400E+4	6.233225E-1
1.097425E+4	6.674587E-1
1.097450E+4	6.567273E-1
1.097475E+4	5.996882E-1
1.097500E+4	5.579483E-1
1.097525E+4	6.293025E-1
1.097550E+4	7.505681E-1
1.097575E+4	7.861363E-1
1.097600E+4	6.761096E-1
1.097625E+4	5.198891E-1
1.097650E+4	6.064644E-1
1.097675E+4	7.236260E-1
1.097700E+4	7.241169E-1
1.097725E+4	6.302391E-1
1.097750E+4	6.096043E-1
1.097775E+4	6.073025E-1
1.097800E+4	6.185869E-1
1.097825E+4	7.619148E-1
1.097850E+4	8.962405E-1
1.097875E+4	9.230784E-1
1.097900E+4	8.624024E-1
1.097925E+4	7.258514E-1
1.097950E+4	7.016896E-1
1.097975E+4	7.549479E-1
1.098000E+4	7.237950E-1
1.098025E+4	6.379988E-1
1.098050E+4	7.434203E-1
1.098075E+4	8.685071E-1
1.098100E+4	8.263016E-1
1.098125E+4	6.919293E-1
1.098150E+4	5.284663E-1
1.098175E+4	5.925947E-1
1.098200E+4	7.612441E-1
1.098225E+4	7.665203E-1
1.098250E+4	6.576728E-1
1.098275E+4	5.323864E-1
1.098300E+4	5.744417E-1
1.098325E+4	5.817745E-1
1.098350E+4	5.143195E-1
1.098375E+4	3.967733E-1
1.098400E+4	3.970232E-1
1.098425E+4	5.931628E-1
1.098450E+4	6.871630E-1
1.098475E+4	6.114116E-1
1.098500E+4	3.930414E-1
1.098525E+4	3.601913E-1
1.098550E+4	4.569577E-1
1.098575E+4	5.518643E-1
1.098600E+4	6.270955E-1
1.098625E+4	6.564071E-1
1.098650E+4	6.943977E-1
1.098675E+4	7.520021E-1
1.098700E+4	7.994547E-1
1.098725E+4	8.099639E-1
1.098750E+4	8.190524E-1
1.098775E+4	8.807898E-1
1.098800E+4	9.314354E-1
1.098825E+4	9.110818E-1
1.098850E+4	7.263546E-1
1.098875E+4	5.798924E-1
1.098900E+4	6.274926E-1
1.098925E+4	6.312215E-1
1.098950E+4	5.893910E-1
1.098975E+4	5.604227E-1
1.099000E+4	5.897559E-1
1.099025E+4	6.637438E-1
1.099050E+4	6.438235E-1
1.099075E+4	5.898677E-1
1.099100E+4	6.032789E-1
1.099125E+4	6.988625E-1
1.099150E+4	8.126462E-1
1.099175E+4	8.358284E-1
1.099200E+4	7.887081E-1
1.099225E+4	8.295214E-1
1.099250E+4	9.239945E-1
1.099275E+4	9.116415E-1
1.099300E+4	6.958081E-1
1.099325E+4	4.453231E-1
1.099350E+4	6.318808E-1
1.099375E+4	7.715126E-1
1.099400E+4	7.425794E-1
1.099425E+4	6.103650E-1
1.099450E+4	5.256456E-1
1.099475E+4	7.230899E-1
1.099500E+4	7.882880E-1
1.099525E+4	6.880979E-1
1.099550E+4	5.573723E-1
1.099575E+4	5.760279E-1
1.099600E+4	7.236692E-1
1.099625E+4	7.269210E-1
1.099650E+4	7.191069E-1
1.099675E+4	7.672289E-1
1.099700E+4	7.896381E-1
1.099725E+4	7.114530E-1
1.099750E+4	6.393753E-1
1.099775E+4	6.474591E-1
1.099800E+4	7.501862E-1
1.099825E+4	7.458414E-1
1.099850E+4	6.496766E-1
1.099875E+4	5.326917E-1
1.099900E+4	4.057383E-1
1.099925E+4	5.963958E-1
1.099950E+4	7.479704E-1
1.099975E+4	7.355432E-1
1.100000E+4	6.572155E-1
1.100025E+4	5.302116E-1
1.100050E+4	5.010609E-1
1.100075E+4	5.641622E-1
1.100100E+4	6.044869E-1
1.100125E+4	6.170086E-1
1.100150E+4	6.423249E-1
1.100175E+4	6.582935E-1
1.100200E+4	6.087286E-1
1.100225E+4	4.979975E-1
1.100250E+4	4.838122E-1
1.100275E+4	5.431402E-1
1.100300E+4	5.979860E-1
1.100325E+4	5.865684E-1
1.100350E+4	5.653440E-1
1.100375E+4	5.786933E-1
1.100400E+4	5.643814E-1
1.100425E+4	3.859601E-1
1.100450E+4	3.343406E-1
1.100475E+4	4.101791E-1
1.100500E+4	4.520819E-1
1.100525E+4	4.919705E-1
1.100550E+4	5.583662E-1
1.100575E+4	5.789519E-1
1.100600E+4	5.155670E-1
1.100625E+4	3.446481E-1
1.100650E+4	3.034600E-1
1.100675E+4	4.716818E-1
1.100700E+4	5.843774E-1
1.100725E+4	6.038945E-1
1.100750E+4	5.075532E-1
1.100775E+4	4.382646E-1
1.100800E+4	4.390736E-1
1.100825E+4	4.742604E-1
1.100850E+4	5.524240E-1
1.100875E+4	5.856824E-1
1.100900E+4	5.090317E-1
1.100925E+4	3.859470E-1
1.100950E+4	4.469751E-1
1.100975E+4	7.304302E-1
1.101000E+4	8.290983E-1
1.101025E+4	6.866621E-1
1.101050E+4	3.447297E-1
1.101075E+4	2.609374E-1
1.101100E+4	3.893586E-1
1.101125E+4	4.138102E-1
1.101150E+4	3.817834E-1
1.101175E+4	4.313621E-1
1.101200E+4	5.583995E-1
1.101225E+4	6.999595E-1
1.101250E+4	7.412459E-1
1.101275E+4	6.740643E-1
1.101300E+4	6.695021E-1
1.101325E+4	7.049950E-1
1.101350E+4	7.255648E-1
1.101375E+4	6.680642E-1
1.101400E+4	6.219317E-1
1.101425E+4	5.984095E-1
1.101450E+4	3.308481E-1
1.101475E+4	1.050055E-1
1.101500E+4	2.845168E-1
1.101525E+4	3.441295E-1
1.101550E+4	3.688705E-1
1.101575E+4	4.601511E-1
1.101600E+4	5.405188E-1
1.101625E+4	5.076794E-1
1.101650E+4	3.783465E-1
1.101675E+4	2.641135E-1
1.101700E+4	4.796873E-1
1.101725E+4	7.197843E-1
1.101750E+4	8.025910E-1
1.101775E+4	6.714178E-1
1.101800E+4	2.213248E-1
1.101825E+4	1.873618E-1
1.101850E+4	4.850200E-1
1.101875E+4	6.890383E-1
1.101900E+4	5.774359E-1
1.101925E+4	2.807627E-1
1.101950E+4	3.178096E-1
1.101975E+4	5.867727E-1
1.102000E+4	8.313353E-1
1.102025E+4	8.497991E-1
1.102050E+4	7.329180E-1
1.102075E+4	6.440475E-1
1.102100E+4	6.734616E-1
1.102125E+4	8.088818E-1
1.102150E+4	7.629520E-1
1.102175E+4	6.703083E-1
1.102200E+4	6.146130E-1
1.102225E+4	5.855948E-1
1.102250E+4	5.999298E-1
1.102275E+4	6.628329E-1
1.102300E+4	7.032835E-1
1.102325E+4	6.934550E-1
1.102350E+4	6.520127E-1
1.102375E+4	5.683560E-1
1.102400E+4	3.538008E-1
1.102425E+4	6.332300E-2
1.102450E+4	7.951658E-2
1.102475E+4	2.245789E-1
1.102500E+4	3.469658E-1
1.102525E+4	3.896311E-1
1.102550E+4	3.524922E-1
1.102575E+4	3.487910E-1
1.102600E+4	4.771319E-1
1.102625E+4	7.107324E-1
1.102650E+4	7.898649E-1
1.102675E+4	6.752274E-1
1.102700E+4	5.710816E-1
1.102725E+4	7.002403E-1
1.102750E+4	7.427734E-1
1.102775E+4	6.804422E-1
1.102800E+4	5.874238E-1
1.102825E+4	5.487274E-1
1.102850E+4	6.908962E-1
1.102875E+4	7.403819E-1
1.102900E+4	6.921768E-1
1.102925E+4	6.384100E-1
1.102950E+4	6.446140E-1
1.102975E+4	6.503391E-1
1.103000E+4	5.720630E-1
1.103025E+4	4.190977E-1
1.103050E+4	2.742509E-1
1.103075E+4	2.721956E-1
1.103100E+4	3.425223E-1
1.103125E+4	3.990038E-1
1.103150E+4	4.325568E-1
1.103175E+4	4.221027E-1
1.103200E+4	3.695436E-1
1.103225E+4	3.369104E-1
1.103250E+4	3.590373E-1
1.103275E+4	4.174988E-1
1.103300E+4	4.574008E-1
1.103325E+4	5.061846E-1
1.103350E+4	6.026340E-1
1.103375E+4	6.610350E-1
1.103400E+4	5.065271E-1
1.103425E+4	4.337879E-1
1.103450E+4	5.407263E-1
1.103475E+4	6.904459E-1
1.103500E+4	7.710810E-1
1.103525E+4	7.537602E-1
1.103550E+4	7.052861E-1
1.103575E+4	7.296981E-1
1.103600E+4	6.645701E-1
1.103625E+4	5.820024E-1
1.103650E+4	5.484333E-1
1.103675E+4	5.854067E-1
1.103700E+4	6.099271E-1
1.103725E+4	4.860715E-1
1.103750E+4	3.738487E-1
1.103775E+4	2.669660E-1
1.103800E+4	1.571395E-1
1.103825E+4	2.085570E-1
1.103850E+4	3.061711E-1
1.103875E+4	3.844525E-1
1.103900E+4	4.881560E-1
1.103925E+4	6.383850E-1
1.103950E+4	6.240662E-1
1.103975E+4	6.019012E-1
1.104000E+4	6.384745E-1
1.104025E+4	6.880799E-1
1.104050E+4	5.302382E-1
1.104075E+4	3.887609E-1
1.104100E+4	3.759252E-1
1.104125E+4	3.949169E-1
1.104150E+4	4.786221E-1
1.104175E+4	6.217914E-1
1.104200E+4	7.012613E-1
1.104225E+4	5.985771E-1
1.104250E+4	4.080548E-1
1.104275E+4	4.107141E-1
1.104300E+4	6.539350E-1
1.104325E+4	7.415710E-1
1.104350E+4	7.064222E-1
1.104375E+4	6.968395E-1
1.104400E+4	7.000244E-1
1.104425E+4	5.404193E-1
1.104450E+4	5.072910E-1
1.104475E+4	6.734822E-1
1.104500E+4	8.204180E-1
1.104525E+4	7.487314E-1
1.104550E+4	5.082512E-1
1.104575E+4	4.632543E-1
1.104600E+4	6.022429E-1
1.104625E+4	6.981118E-1
1.104650E+4	6.904154E-1
1.104675E+4	6.277487E-1
1.104700E+4	5.440868E-1
1.104725E+4	4.545010E-1
1.104750E+4	3.874567E-1
1.104775E+4	3.794460E-1
1.104800E+4	4.581563E-1
1.104825E+4	4.625874E-1
1.104850E+4	4.249765E-1
1.104875E+4	4.604027E-1
1.104900E+4	5.537010E-1
1.104925E+4	3.323098E-1
1.104950E+4	1.184203E-1
1.104975E+4	2.706959E-1
1.105000E+4	5.193921E-1
1.105025E+4	7.160081E-1
1.105050E+4	6.985846E-1
1.105075E+4	5.178501E-1
1.105100E+4	4.465073E-1
1.105125E+4	4.832165E-1
1.105150E+4	5.157102E-1
1.105175E+4	5.865463E-1
1.105200E+4	6.924617E-1
1.105225E+4	6.470196E-1
1.105250E+4	5.431576E-1
1.105275E+4	4.448269E-1
1.105300E+4	3.941003E-1
1.105325E+4	4.510167E-1
1.105350E+4	4.109434E-1
1.105375E+4	3.541817E-1
1.105400E+4	3.590071E-1
1.105425E+4	3.999477E-1
1.105450E+4	3.644644E-1
1.105475E+4	2.993580E-1
1.105500E+4	2.845809E-1
1.105525E+4	3.928863E-1
1.105550E+4	5.456840E-1
1.105575E+4	4.652934E-1
1.105600E+4	3.694071E-1
1.105625E+4	3.814561E-1
1.105650E+4	4.068218E-1
1.105675E+4	2.812942E-1
1.105700E+4	2.814615E-1
1.105725E+4	3.530726E-1
1.105750E+4	3.958888E-1
1.105775E+4	3.983439E-1
1.105800E+4	3.961321E-1
1.105825E+4	4.463960E-1
1.105850E+4	4.960014E-1
1.105875E+4	5.472695E-1
1.105900E+4	5.777789E-1
1.105925E+4	4.777638E-1
1.105950E+4	4.208121E-1
1.105975E+4	4.093271E-1
1.106000E+4	4.641499E-1
1.106025E+4	5.683128E-1
1.106050E+4	4.957270E-1
1.106075E+4	3.537159E-1
1.106100E+4	1.981387E-1
1.106125E+4	3.260403E-1
1.106150E+4	6.250827E-1
1.106175E+4	6.781386E-1
1.106200E+4	6.043382E-1
1.106225E+4	4.917061E-1
1.106250E+4	5.396681E-1
1.106275E+4	6.517290E-1
1.106300E+4	6.813072E-1
1.106325E+4	4.135675E-1
1.106350E+4	1.935059E-1
1.106375E+4	2.538931E-1
1.106400E+4	3.768183E-1
1.106425E+4	5.008841E-1
1.106450E+4	4.661169E-1
1.106475E+4	3.689673E-1
1.106500E+4	3.088092E-1
1.106525E+4	3.157170E-1
1.106550E+4	4.110934E-1
1.106575E+4	4.819952E-1
1.106600E+4	4.757124E-1
1.106625E+4	3.281600E-1
1.106650E+4	2.878828E-1
1.106675E+4	3.701076E-1
1.106700E+4	4.158271E-1
1.106725E+4	3.437334E-1
1.106750E+4	2.307992E-1
1.106775E+4	2.685659E-1
1.106800E+4	3.098766E-1
1.106825E+4	3.377948E-1
1.106850E+4	3.498736E-1
1.106875E+4	3.457406E-1
1.106900E+4	3.638997E-1
1.106925E+4	4.266663E-1
1.106950E+4	5.413744E-1
1.106975E+4	6.173668E-1
1.107000E+4	5.685346E-1
1.107025E+4	4.856150E-1
1.107050E+4	5.279960E-1
1.107075E+4	6.039578E-1
1.107100E+4	6.021360E-1
1.107125E+4	5.715754E-1
1.107150E+4	5.630750E-1
1.107175E+4	5.478246E-1
1.107200E+4	4.767961E-1
1.107225E+4	3.998973E-1
1.107250E+4	4.826372E-1
1.107275E+4	5.879784E-1
1.107300E+4	6.647301E-1
1.107325E+4	7.213582E-1
1.107350E+4	7.525821E-1
1.107375E+4	7.461302E-1
1.107400E+4	6.002201E-1
1.107425E+4	2.727955E-1
1.107450E+4	1.718309E-1
1.107475E+4	2.935998E-1
1.107500E+4	4.409725E-1
1.107525E+4	4.147784E-1
1.107550E+4	3.080192E-1
1.107575E+4	3.905641E-1
1.107600E+4	4.537136E-1
1.107625E+4	4.405313E-1
1.107650E+4	3.861295E-1
1.107675E+4	4.687577E-1
1.107700E+4	5.826259E-1
1.107725E+4	5.832460E-1
1.107750E+4	4.175783E-1
1.107775E+4	3.395051E-1
1.107800E+4	3.361778E-1
1.107825E+4	2.951432E-1
1.107850E+4	3.917371E-1
1.107875E+4	6.900468E-1
1.107900E+4	7.729969E-1
1.107925E+4	6.551659E-1
1.107950E+4	1.661628E-1
1.107975E+4	1.028570E-1
1.108000E+4	3.247560E-1
1.108025E+4	3.727591E-1
1.108050E+4	3.165506E-1
1.108075E+4	4.411323E-1
1.108100E+4	6.394440E-1
1.108125E+4	7.228341E-1
1.108150E+4	6.323032E-1
1.108175E+4	5.079380E-1
1.108200E+4	4.830530E-1
1.108225E+4	4.448640E-1
1.108250E+4	3.391192E-1
1.108275E+4	2.774223E-1
1.108300E+4	2.897632E-1
1.108325E+4	2.812246E-1
1.108350E+4	2.476828E-1
1.108375E+4	2.697128E-1
1.108400E+4	3.639751E-1
1.108425E+4	5.139296E-1
1.108450E+4	5.042983E-1
1.108475E+4	3.739390E-1
1.108500E+4	3.046411E-1
1.108525E+4	3.283049E-1
1.108550E+4	4.504604E-1
1.108575E+4	4.836443E-1
1.108600E+4	4.432232E-1
1.108625E+4	3.366028E-1
1.108650E+4	2.117086E-1
1.108675E+4	3.581341E-1
1.108700E+4	4.648035E-1
1.108725E+4	5.747247E-1
1.108750E+4	5.511746E-1
1.108775E+4	4.603825E-1
1.108800E+4	4.102651E-1
1.108825E+4	3.694507E-1
1.108850E+4	4.053299E-1
1.108875E+4	5.621519E-1
1.108900E+4	6.352104E-1
1.108925E+4	6.356589E-1
1.108950E+4	5.513730E-1
1.108975E+4	4.095643E-1
1.109000E+4	3.278063E-1
1.109025E+4	2.794642E-1
1.109050E+4	2.120716E-1
1.109075E+4	1.788304E-1
1.109100E+4	2.220333E-1
1.109125E+4	2.882898E-1
1.109150E+4	2.955734E-1
1.109175E+4	2.385134E-1
1.109200E+4	2.533382E-1
1.109225E+4	4.675756E-1
1.109250E+4	5.546720E-1
1.109275E+4	4.485135E-1
1.109300E+4	3.066434E-1
1.109325E+4	1.880133E-1
1.109350E+4	2.749847E-1
1.109375E+4	4.365443E-1
1.109400E+4	4.935882E-1
1.109425E+4	5.063788E-1
1.109450E+4	5.522585E-1
1.109475E+4	6.299179E-1
1.109500E+4	6.370509E-1
1.109525E+4	5.177204E-1
1.109550E+4	4.412884E-1
1.109575E+4	5.365617E-1
1.109600E+4	6.397754E-1
1.109625E+4	5.452178E-1
1.109650E+4	2.779334E-1
1.109675E+4	3.394512E-1
1.109700E+4	5.008474E-1
1.109725E+4	6.449278E-1
1.109750E+4	6.503914E-1
1.109775E+4	5.578859E-1
1.109800E+4	5.230779E-1
1.109825E+4	5.387406E-1
1.109850E+4	5.677403E-1
1.109875E+4	5.342809E-1
1.109900E+4	4.844129E-1
1.109925E+4	4.321902E-1
1.109950E+4	4.408963E-1
1.109975E+4	5.978158E-1
1.110000E+4	5.960119E-1
1.110025E+4	4.551210E-1
1.110050E+4	2.170219E-1
1.110075E+4	1.740936E-1
1.110100E+4	5.399956E-1
1.110125E+4	6.279747E-1
1.110150E+4	4.020024E-1
1.110175E+4	1.960513E-1
1.110200E+4	2.312327E-1
1.110225E+4	3.829038E-1
1.110250E+4	3.771057E-1
1.110275E+4	3.565539E-1
1.110300E+4	4.865578E-1
1.110325E+4	6.082910E-1
1.110350E+4	5.422930E-1
1.110375E+4	2.835049E-1
1.110400E+4	2.362354E-1
1.110425E+4	3.585354E-1
1.110450E+4	4.803831E-1
1.110475E+4	4.865404E-1
1.110500E+4	5.368165E-1
1.110525E+4	6.503250E-1
1.110550E+4	7.482295E-1
1.110575E+4	7.944484E-1
1.110600E+4	8.114945E-1
1.110625E+4	8.618001E-1
1.110650E+4	8.434306E-1
1.110675E+4	7.031643E-1
1.110700E+4	5.740054E-1
1.110725E+4	5.317035E-1
1.110750E+4	4.892409E-1
1.110775E+4	3.476954E-1
1.110800E+4	2.894757E-1
1.110825E+4	3.063029E-1
1.110850E+4	3.088431E-1
1.110875E+4	2.958876E-1
1.110900E+4	3.369021E-1
1.110925E+4	4.202509E-1
1.110950E+4	4.508141E-1
1.110975E+4	4.323824E-1
1.111000E+4	4.627095E-1
1.111025E+4	6.351390E-1
1.111050E+4	7.504123E-1
1.111075E+4	6.919370E-1
1.111100E+4	5.618174E-1
1.111125E+4	4.904629E-1
1.111150E+4	5.398154E-1
1.111175E+4	6.434815E-1
1.111200E+4	6.763289E-1
1.111225E+4	5.551658E-1
1.111250E+4	4.236721E-1
1.111275E+4	4.175485E-1
1.111300E+4	4.674276E-1
1.111325E+4	4.901903E-1
1.111350E+4	4.797929E-1
1.111375E+4	5.442447E-1
1.111400E+4	6.243275E-1
1.111425E+4	6.396232E-1
1.111450E+4	5.660520E-1
1.111475E+4	4.518431E-1
1.111500E+4	5.225760E-1
1.111525E+4	6.149250E-1
1.111550E+4	5.922873E-1
1.111575E+4	5.474451E-1
1.111600E+4	5.696110E-1
1.111625E+4	6.191871E-1
1.111650E+4	5.635368E-1
1.111675E+4	5.463406E-1
1.111700E+4	7.336623E-1
1.111725E+4	8.353174E-1
1.111750E+4	6.871120E-1
1.111775E+4	5.199938E-1
1.111800E+4	4.881705E-1
1.111825E+4	6.120743E-1
1.111850E+4	5.632344E-1
1.111875E+4	4.267260E-1
1.111900E+4	4.233510E-1
1.111925E+4	6.654542E-1
1.111950E+4	8.323184E-1
1.111975E+4	5.885300E-1
1.112000E+4	4.894942E-1
1.112025E+4	6.024338E-1
1.112050E+4	7.899191E-1
1.112075E+4	7.289944E-1
1.112100E+4	5.025879E-1
1.112125E+4	3.974752E-1
1.112150E+4	5.088091E-1
1.112175E+4	6.226278E-1
1.112200E+4	6.243809E-1
1.112225E+4	6.069401E-1
1.112250E+4	6.042172E-1
1.112275E+4	6.339174E-1
1.112300E+4	6.963265E-1
1.112325E+4	7.069206E-1
1.112350E+4	5.902743E-1
1.112375E+4	4.655148E-1
1.112400E+4	4.739833E-1
1.112425E+4	6.211665E-1
1.112450E+4	7.593458E-1
1.112475E+4	7.334061E-1
1.112500E+4	6.553185E-1
1.112525E+4	6.303153E-1
1.112550E+4	6.058456E-1
1.112575E+4	5.166864E-1
1.112600E+4	4.677174E-1
1.112625E+4	4.666369E-1
1.112650E+4	4.363680E-1
1.112675E+4	3.336525E-1
1.112700E+4	3.104375E-1
1.112725E+4	4.471660E-1
1.112750E+4	5.849750E-1
1.112775E+4	6.047814E-1
1.112800E+4	5.285456E-1
1.112825E+4	4.521758E-1
1.112850E+4	3.950462E-1
1.112875E+4	3.558957E-1
1.112900E+4	4.230853E-1
1.112925E+4	5.324444E-1
1.112950E+4	5.371981E-1
1.112975E+4	4.916025E-1
1.113000E+4	4.900568E-1
1.113025E+4	6.217481E-1
1.113050E+4	7.078207E-1
1.113075E+4	6.187907E-1
1.113100E+4	5.497366E-1
1.113125E+4	5.774949E-1
1.113150E+4	6.291420E-1
1.113175E+4	5.449503E-1
1.113200E+4	4.974174E-1
1.113225E+4	5.127363E-1
1.113250E+4	5.626942E-1
1.113275E+4	6.155885E-1
1.113300E+4	6.692979E-1
1.113325E+4	7.299502E-1
1.113350E+4	7.610563E-1
1.113375E+4	7.368316E-1
1.113400E+4	6.660424E-1
1.113425E+4	5.730253E-1
1.113450E+4	5.224507E-1
1.113475E+4	5.477461E-1
1.113500E+4	5.881300E-1
1.113525E+4	6.252463E-1
1.113550E+4	6.110129E-1
1.113575E+4	4.900113E-1
1.113600E+4	3.985758E-1
1.113625E+4	4.449730E-1
1.113650E+4	5.356739E-1
1.113675E+4	5.721634E-1
1.113700E+4	5.394149E-1
1.113725E+4	4.803988E-1
1.113750E+4	4.375153E-1
1.113775E+4	4.770605E-1
1.113800E+4	5.949983E-1
1.113825E+4	6.875521E-1
1.113850E+4	6.965155E-1
1.113875E+4	5.667741E-1
1.113900E+4	3.863687E-1
1.113925E+4	4.250486E-1
1.113950E+4	5.281877E-1
1.113975E+4	5.546629E-1
1.114000E+4	5.052453E-1
1.114025E+4	4.690912E-1
1.114050E+4	5.209628E-1
1.114075E+4	5.989455E-1
1.114100E+4	6.564366E-1
1.114125E+4	6.542617E-1
1.114150E+4	5.814686E-1
1.114175E+4	5.001301E-1
1.114200E+4	4.574997E-1
1.114225E+4	5.113970E-1
1.114250E+4	6.089595E-1
1.114275E+4	5.755159E-1
1.114300E+4	4.993534E-1
1.114325E+4	4.911217E-1
1.114350E+4	5.559282E-1
1.114375E+4	6.027395E-1
1.114400E+4	6.107557E-1
1.114425E+4	6.126179E-1
1.114450E+4	6.174571E-1
1.114475E+4	5.991117E-1
1.114500E+4	5.680397E-1
1.114525E+4	5.594298E-1
1.114550E+4	6.193924E-1
1.114575E+4	7.471414E-1
1.114600E+4	8.107027E-1
1.114625E+4	7.524556E-1
1.114650E+4	5.911323E-1
1.114675E+4	4.477124E-1
1.114700E+4	4.972654E-1
1.114725E+4	6.896649E-1
1.114750E+4	7.521730E-1
1.114775E+4	6.084310E-1
1.114800E+4	3.903683E-1
1.114825E+4	2.684809E-1
1.114850E+4	4.509517E-1
1.114875E+4	6.391130E-1
1.114900E+4	6.129809E-1
1.114925E+4	5.074785E-1
1.114950E+4	4.253302E-1
1.114975E+4	4.674830E-1
1.115000E+4	5.633807E-1
1.115025E+4	6.335230E-1
1.115050E+4	6.628395E-1
1.115075E+4	6.371254E-1
1.115100E+4	6.433671E-1
1.115125E+4	7.284096E-1
1.115150E+4	7.577815E-1
1.115175E+4	6.485596E-1
1.115200E+4	4.949714E-1
1.115225E+4	5.680743E-1
1.115250E+4	6.859143E-1
1.115275E+4	7.078148E-1
1.115300E+4	6.587686E-1
1.115325E+4	6.230147E-1
1.115350E+4	6.457136E-1
1.115375E+4	6.468537E-1
1.115400E+4	6.342359E-1
1.115425E+4	6.897893E-1
1.115450E+4	7.573751E-1
1.115475E+4	7.239803E-1
1.115500E+4	6.428651E-1
1.115525E+4	6.069221E-1
1.115550E+4	6.244584E-1
1.115575E+4	6.153814E-1
1.115600E+4	5.641020E-1
1.115625E+4	5.326950E-1
1.115650E+4	5.693608E-1
1.115675E+4	5.766702E-1
1.115700E+4	5.027840E-1
1.115725E+4	4.395837E-1
1.115750E+4	5.085702E-1
1.115775E+4	7.234536E-1
1.115800E+4	8.216825E-1
1.115825E+4	7.678405E-1
1.115850E+4	6.662735E-1
1.115875E+4	5.805871E-1
1.115900E+4	5.719778E-1
1.115925E+4	6.480204E-1
1.115950E+4	7.127720E-1
1.115975E+4	7.231712E-1
1.116000E+4	7.494445E-1
1.116025E+4	8.390220E-1
1.116050E+4	8.191185E-1
1.116075E+4	6.468436E-1
1.116100E+4	4.976015E-1
1.116125E+4	4.783932E-1
1.116150E+4	6.514017E-1
1.116175E+4	7.267112E-1
1.116200E+4	6.371222E-1
1.116225E+4	5.055611E-1
1.116250E+4	4.153452E-1
1.116275E+4	4.739059E-1
1.116300E+4	5.806913E-1
1.116325E+4	6.268348E-1
1.116350E+4	6.247913E-1
1.116375E+4	6.066144E-1
1.116400E+4	6.088319E-1
1.116425E+4	6.374728E-1
1.116450E+4	6.837223E-1
1.116475E+4	6.796047E-1
1.116500E+4	6.205321E-1
1.116525E+4	5.672748E-1
1.116550E+4	5.036551E-1
1.116575E+4	4.612309E-1
1.116600E+4	4.955129E-1
1.116625E+4	5.555330E-1
1.116650E+4	6.072436E-1
1.116675E+4	6.339259E-1
1.116700E+4	6.353702E-1
1.116725E+4	6.448059E-1
1.116750E+4	6.810320E-1
1.116775E+4	7.399877E-1
1.116800E+4	7.591457E-1
1.116825E+4	7.337807E-1
1.116850E+4	6.970041E-1
1.116875E+4	6.583155E-1
1.116900E+4	6.543988E-1
1.116925E+4	6.627038E-1
1.116950E+4	6.356965E-1
1.116975E+4	5.486708E-1
1.117000E+4	4.759621E-1
1.117025E+4	4.823993E-1
1.117050E+4	4.983660E-1
1.117075E+4	4.620803E-1
1.117100E+4	4.502365E-1
1.117125E+4	5.325800E-1
1.117150E+4	5.685834E-1
1.117175E+4	5.348319E-1
1.117200E+4	4.899579E-1
1.117225E+4	5.627811E-1
1.117250E+4	6.129753E-1
1.117275E+4	5.889180E-1
1.117300E+4	5.336566E-1
1.117325E+4	5.772467E-1
1.117350E+4	7.021089E-1
1.117375E+4	7.251604E-1
1.117400E+4	6.349134E-1
1.117425E+4	5.231034E-1
1.117450E+4	5.035503E-1
1.117475E+4	5.366501E-1
1.117500E+4	5.786513E-1
1.117525E+4	6.938721E-1
1.117550E+4	7.900032E-1
1.117575E+4	7.197652E-1
1.117600E+4	6.198683E-1
1.117625E+4	5.884895E-1
1.117650E+4	6.396687E-1
1.117675E+4	6.628738E-1
1.117700E+4	6.493356E-1
1.117725E+4	6.808869E-1
1.117750E+4	7.498404E-1
1.117775E+4	7.573107E-1
1.117800E+4	6.211702E-1
1.117825E+4	5.524974E-1
1.117850E+4	6.245729E-1
1.117875E+4	7.056003E-1
1.117900E+4	7.178964E-1
1.117925E+4	6.648592E-1
1.117950E+4	5.927110E-1
1.117975E+4	5.230422E-1
1.118000E+4	4.890531E-1
1.118025E+4	5.343483E-1
1.118050E+4	5.998095E-1
1.118075E+4	6.039579E-1
1.118100E+4	5.851428E-1
1.118125E+4	6.573985E-1
1.118150E+4	7.525649E-1
1.118175E+4	7.700755E-1
1.118200E+4	7.034311E-1
1.118225E+4	6.358700E-1
1.118250E+4	6.767902E-1
1.118275E+4	7.349550E-1
1.118300E+4	6.992957E-1
1.118325E+4	6.241020E-1
1.118350E+4	5.774117E-1
1.118375E+4	5.907616E-1
1.118400E+4	6.109948E-1
1.118425E+4	5.956625E-1
1.118450E+4	5.833772E-1
1.118475E+4	6.157196E-1
1.118500E+4	7.203709E-1
1.118525E+4	7.573378E-1
1.118550E+4	6.986884E-1
1.118575E+4	6.387917E-1
1.118600E+4	6.372237E-1
1.118625E+4	7.113064E-1
1.118650E+4	7.727602E-1
1.118675E+4	7.870480E-1
1.118700E+4	7.586920E-1
1.118725E+4	7.085516E-1
1.118750E+4	6.831260E-1
1.118775E+4	6.741389E-1
1.118800E+4	6.747266E-1
1.118825E+4	6.970230E-1
1.118850E+4	7.235210E-1
1.118875E+4	6.849635E-1
1.118900E+4	6.443188E-1
1.118925E+4	6.513172E-1
1.118950E+4	6.820047E-1
1.118975E+4	7.044872E-1
1.119000E+4	7.193952E-1
1.119025E+4	7.489668E-1
1.119050E+4	7.762344E-1
1.119075E+4	7.626459E-1
1.119100E+4	7.320656E-1
1.119125E+4	7.733094E-1
1.119150E+4	8.634576E-1
1.119175E+4	8.984741E-1
1.119200E+4	8.454165E-1
1.119225E+4	7.828407E-1
1.119250E+4	8.127735E-1
1.119275E+4	8.809752E-1
1.119300E+4	8.822191E-1
1.119325E+4	8.371878E-1
1.119350E+4	8.375844E-1
1.119375E+4	8.897440E-1
1.119400E+4	9.074044E-1
1.119425E+4	8.778015E-1
1.119450E+4	8.630070E-1
1.119475E+4	9.014773E-1
1.119500E+4	9.468562E-1
1.119525E+4	9.334393E-1
1.119550E+4	8.884165E-1
1.119575E+4	8.681907E-1
1.119600E+4	8.798049E-1
1.119625E+4	8.905443E-1
1.119650E+4	8.873140E-1
1.119675E+4	8.837072E-1
1.119700E+4	8.891770E-1
1.119725E+4	8.931998E-1
1.119750E+4	8.863466E-1
1.119775E+4	8.825288E-1
1.119800E+4	8.924061E-1
1.119825E+4	9.014206E-1
1.119850E+4	8.903858E-1
1.119875E+4	8.707506E-1
1.119900E+4	8.657177E-1
1.119925E+4	8.762155E-1
1.119950E+4	8.783917E-1
1.119975E+4	8.635241E-1
1.120000E+4	8.541813E-1
1.120025E+4	8.695317E-1
1.120050E+4	8.983466E-1
1.120075E+4	9.102919E-1
1.120100E+4	9.023180E-1
1.120125E+4	9.043131E-1
1.120150E+4	9.121385E-1
1.120175E+4	8.980588E-1
1.120200E+4	8.650844E-1
1.120225E+4	8.578670E-1
1.120250E+4	8.868980E-1
1.120275E+4	9.146542E-1
1.120300E+4	9.183267E-1
1.120325E+4	9.083333E-1
1.120350E+4	9.074353E-1
1.120375E+4	9.050684E-1
1.120400E+4	8.874907E-1
1.120425E+4	8.787727E-1
1.120450E+4	9.055037E-1
1.120475E+4	9.455040E-1
1.120500E+4	9.561900E-1
1.120525E+4	9.301882E-1
1.120550E+4	9.130156E-1
1.120575E+4	9.303144E-1
1.120600E+4	9.506325E-1
1.120625E+4	9.434823E-1
1.120650E+4	9.136935E-1
1.120675E+4	8.916324E-1
1.120700E+4	8.937463E-1
1.120725E+4	9.126886E-1
1.120750E+4	9.288629E-1
1.120775E+4	9.228724E-1
1.120800E+4	8.935546E-1
1.120825E+4	8.673699E-1
1.120850E+4	8.665178E-1
1.120875E+4	8.756514E-1
1.120900E+4	8.751437E-1
1.120925E+4	8.772482E-1
1.120950E+4	8.976340E-1
1.120975E+4	9.177708E-1
1.121000E+4	9.152250E-1
1.121025E+4	9.009174E-1
1.121050E+4	9.128780E-1
1.121075E+4	9.450985E-1
1.121100E+4	9.467659E-1
1.121125E+4	9.206395E-1
1.121150E+4	9.111329E-1
1.121175E+4	9.225008E-1
1.121200E+4	9.178431E-1
1.121225E+4	8.778739E-1
1.121250E+4	8.497673E-1
1.121275E+4	8.675272E-1
1.121300E+4	8.958026E-1
1.121325E+4	9.001030E-1
1.121350E+4	8.954816E-1
1.121375E+4	9.108571E-1
1.121400E+4	9.345866E-1
1.121425E+4	9.242722E-1
1.121450E+4	8.902816E-1
1.121475E+4	8.809835E-1
1.121500E+4	8.992010E-1
1.121525E+4	9.149067E-1
1.121550E+4	9.087063E-1
1.121575E+4	9.105216E-1
1.121600E+4	9.311670E-1
1.121625E+4	9.488925E-1
1.121650E+4	9.363905E-1
1.121675E+4	9.197237E-1
1.121700E+4	9.313005E-1
1.121725E+4	9.544752E-1
1.121750E+4	9.591860E-1
1.121775E+4	9.396360E-1
1.121800E+4	9.277294E-1
1.121825E+4	9.338224E-1
1.121850E+4	9.327774E-1
1.121875E+4	9.163542E-1
1.121900E+4	9.062378E-1
1.121925E+4	9.190322E-1
1.121950E+4	9.470226E-1
1.121975E+4	9.597019E-1
1.122000E+4	9.565849E-1
1.122025E+4	9.531735E-1
1.122050E+4	9.515350E-1
1.122075E+4	9.487265E-1
1.122100E+4	9.501468E-1
1.122125E+4	9.566447E-1
1.122150E+4	9.536218E-1
1.122175E+4	9.254723E-1
1.122200E+4	9.012568E-1
1.122225E+4	9.066876E-1
1.122250E+4	9.319516E-1
1.122275E+4	9.522165E-1
1.122300E+4	9.444116E-1
1.122325E+4	9.257974E-1
1.122350E+4	9.172937E-1
1.122375E+4	9.221618E-1
1.122400E+4	9.339273E-1
1.122425E+4	9.412910E-1
1.122450E+4	9.417088E-1
1.122475E+4	9.378978E-1
1.122500E+4	9.363574E-1
1.122525E+4	9.431443E-1
1.122550E+4	9.455943E-1
1.122575E+4	9.265387E-1
1.122600E+4	8.938586E-1
1.122625E+4	8.838861E-1
1.122650E+4	9.161938E-1
1.122675E+4	9.593176E-1
1.122700E+4	9.672244E-1
1.122725E+4	9.352497E-1
1.122750E+4	9.095055E-1
1.122775E+4	9.147597E-1
1.122800E+4	9.298035E-1
1.122825E+4	9.317838E-1
1.122850E+4	9.288447E-1
1.122875E+4	9.368349E-1
1.122900E+4	9.438589E-1
1.122925E+4	9.332241E-1
1.122950E+4	9.221145E-1
1.122975E+4	9.334701E-1
1.123000E+4	9.542430E-1
1.123025E+4	9.538237E-1
1.123050E+4	9.342016E-1
1.123075E+4	9.266363E-1
1.123100E+4	9.424126E-1
1.123125E+4	9.622510E-1
1.123150E+4	9.608920E-1
1.123175E+4	9.415769E-1
1.123200E+4	9.253982E-1
1.123225E+4	9.173858E-1
1.123250E+4	9.094651E-1
1.123275E+4	9.001520E-1
1.123300E+4	8.961601E-1
1.123325E+4	9.023013E-1
1.123350E+4	9.151614E-1
1.123375E+4	9.287035E-1
1.123400E+4	9.388520E-1
1.123425E+4	9.396802E-1
1.123450E+4	9.306982E-1
1.123475E+4	9.231970E-1
1.123500E+4	9.242752E-1
1.123525E+4	9.302506E-1
1.123550E+4	9.343055E-1
1.123575E+4	9.366743E-1
1.123600E+4	9.412030E-1
1.123625E+4	9.436263E-1
1.123650E+4	9.398051E-1
1.123675E+4	9.365102E-1
1.123700E+4	9.392176E-1
1.123725E+4	9.406213E-1
1.123750E+4	9.303440E-1
1.123775E+4	9.176299E-1
1.123800E+4	9.175438E-1
1.123825E+4	9.255655E-1
1.123850E+4	9.227907E-1
1.123875E+4	9.089320E-1
1.123900E+4	9.047253E-1
1.123925E+4	9.152528E-1
1.123950E+4	9.205575E-1
1.123975E+4	9.095849E-1
1.124000E+4	9.050733E-1
1.124025E+4	9.193006E-1
1.124050E+4	9.265616E-1
1.124075E+4	9.073707E-1
1.124100E+4	8.820866E-1
1.124125E+4	8.789966E-1
1.124150E+4	8.964175E-1
1.124175E+4	8.979492E-1
1.124200E+4	8.772778E-1
1.124225E+4	8.688336E-1
1.124250E+4	8.946312E-1
1.124275E+4	9.275085E-1
1.124300E+4	9.299192E-1
1.124325E+4	9.174629E-1
1.124350E+4	9.195122E-1
1.124375E+4	9.313893E-1
1.124400E+4	9.283000E-1
1.124425E+4	9.126813E-1
1.124450E+4	9.080400E-1
1.124475E+4	9.174238E-1
1.124500E+4	9.179641E-1
1.124525E+4	9.045093E-1
1.124550E+4	8.971161E-1
1.124575E+4	9.054416E-1
1.124600E+4	9.159469E-1
1.124625E+4	9.101615E-1
1.124650E+4	8.914195E-1
1.124675E+4	8.772334E-1
1.124700E+4	8.725636E-1
1.124725E+4	8.720206E-1
1.124750E+4	8.723735E-1
1.124775E+4	8.742367E-1
1.124800E+4	8.777526E-1
1.124825E+4	8.837433E-1
1.124850E+4	8.927239E-1
1.124875E+4	8.992896E-1
1.124900E+4	8.991859E-1
1.124925E+4	8.968676E-1
1.124950E+4	8.987543E-1
1.124975E+4	9.055577E-1
1.125000E+4	9.090925E-1
1.125025E+4	9.062891E-1
1.125050E+4	9.054782E-1
1.125075E+4	9.135959E-1
1.125100E+4	9.250310E-1
1.125125E+4	9.264842E-1
1.125150E+4	9.140588E-1
1.125175E+4	8.982056E-1
1.125200E+4	8.932111E-1
1.125225E+4	9.025374E-1
1.125250E+4	9.132650E-1
1.125275E+4	9.110030E-1
1.125300E+4	8.997773E-1
1.125325E+4	8.978748E-1
1.125350E+4	9.103147E-1
1.125375E+4	9.175802E-1
1.125400E+4	9.027163E-1
1.125425E+4	8.765773E-1
1.125450E+4	8.699224E-1
1.125475E+4	8.896384E-1
1.125500E+4	9.090934E-1
1.125525E+4	9.081782E-1
1.125550E+4	8.953385E-1
1.125575E+4	8.941328E-1
1.125600E+4	9.064141E-1
1.125625E+4	9.173452E-1
1.125650E+4	9.208179E-1
1.125675E+4	9.208802E-1
1.125700E+4	9.187491E-1
1.125725E+4	9.123528E-1
1.125750E+4	9.070638E-1
1.125775E+4	9.113389E-1
1.125800E+4	9.227067E-1
1.125825E+4	9.268461E-1
1.125850E+4	9.177251E-1
1.125875E+4	9.098768E-1
1.125900E+4	9.165553E-1
1.125925E+4	9.335034E-1
1.125950E+4	9.455917E-1
1.125975E+4	9.439923E-1
1.126000E+4	9.336811E-1
1.126025E+4	9.216311E-1
1.126050E+4	9.148794E-1
1.126075E+4	9.195686E-1
1.126100E+4	9.293743E-1
1.126125E+4	9.319404E-1
1.126150E+4	9.269450E-1
1.126175E+4	9.273888E-1
1.126200E+4	9.388960E-1
1.126225E+4	9.487364E-1
1.126250E+4	9.439746E-1
1.126275E+4	9.321284E-1
1.126300E+4	9.301380E-1
1.126325E+4	9.382537E-1
1.126350E+4	9.428317E-1
1.126375E+4	9.369243E-1
1.126400E+4	9.323598E-1
1.126425E+4	9.384140E-1
1.126450E+4	9.472559E-1
1.126475E+4	9.470761E-1
1.126500E+4	9.394324E-1
1.126525E+4	9.354863E-1
1.126550E+4	9.411867E-1
1.126575E+4	9.530712E-1
1.126600E+4	9.625340E-1
1.126625E+4	9.641886E-1
1.126650E+4	9.582374E-1
1.126675E+4	9.514251E-1
1.126700E+4	9.523549E-1
1.126725E+4	9.593379E-1
1.126750E+4	9.637362E-1
1.126775E+4	9.610402E-1
1.126800E+4	9.553485E-1
1.126825E+4	9.503753E-1
1.126850E+4	9.446850E-1
1.126875E+4	9.397144E-1
1.126900E+4	9.414144E-1
1.126925E+4	9.486138E-1
1.126950E+4	9.534265E-1
1.126975E+4	9.529369E-1
1.127000E+4	9.514552E-1
1.127025E+4	9.516646E-1
1.127050E+4	9.502415E-1
1.127075E+4	9.467644E-1
1.127100E+4	9.488000E-1
1.127125E+4	9.587613E-1
1.127150E+4	9.664757E-1
1.127175E+4	9.656248E-1
1.127200E+4	9.616409E-1
1.127225E+4	9.621529E-1
1.127250E+4	9.648336E-1
1.127275E+4	9.633735E-1
1.127300E+4	9.596508E-1
1.127325E+4	9.594451E-1
1.127350E+4	9.604026E-1
1.127375E+4	9.563241E-1
1.127400E+4	9.510764E-1
1.127425E+4	9.535603E-1
1.127450E+4	9.617043E-1
1.127475E+4	9.667336E-1
1.127500E+4	9.657248E-1
1.127525E+4	9.646233E-1
1.127550E+4	9.666846E-1
1.127575E+4	9.673591E-1
1.127600E+4	9.644432E-1
1.127625E+4	9.625076E-1
1.127650E+4	9.629321E-1
1.127675E+4	9.600238E-1
1.127700E+4	9.518951E-1
1.127725E+4	9.470138E-1
1.127750E+4	9.511881E-1
1.127775E+4	9.562253E-1
1.127800E+4	9.540627E-1
1.127825E+4	9.469987E-1
1.127850E+4	9.442970E-1
1.127875E+4	9.484913E-1
1.127900E+4	9.535095E-1
1.127925E+4	9.557383E-1
1.127950E+4	9.561707E-1
1.127975E+4	9.545754E-1
1.128000E+4	9.487916E-1
1.128025E+4	9.412570E-1
1.128050E+4	9.397143E-1
1.128075E+4	9.461327E-1
1.128100E+4	9.511842E-1
1.128125E+4	9.473638E-1
1.128150E+4	9.404776E-1
1.128175E+4	9.417659E-1
1.128200E+4	9.498862E-1
1.128225E+4	9.527696E-1
1.128250E+4	9.434346E-1
1.128275E+4	9.309901E-1
1.128300E+4	9.300397E-1
1.128325E+4	9.393224E-1
1.128350E+4	9.450368E-1
1.128375E+4	9.397611E-1
1.128400E+4	9.316786E-1
1.128425E+4	9.315909E-1
1.128450E+4	9.377078E-1
1.128475E+4	9.393749E-1
1.128500E+4	9.328344E-1
1.128525E+4	9.260063E-1
1.128550E+4	9.265514E-1
1.128575E+4	9.324040E-1
1.128600E+4	9.350140E-1
1.128625E+4	9.306988E-1
1.128650E+4	9.247717E-1
1.128675E+4	9.239265E-1
1.128700E+4	9.280279E-1
1.128725E+4	9.305793E-1
1.128750E+4	9.268521E-1
1.128775E+4	9.198895E-1
1.128800E+4	9.164630E-1
1.128825E+4	9.187906E-1
1.128850E+4	9.239615E-1
1.128875E+4	9.284210E-1
1.128900E+4	9.301381E-1
1.128925E+4	9.285706E-1
1.128950E+4	9.248439E-1
1.128975E+4	9.216469E-1
1.129000E+4	9.209167E-1
1.129025E+4	9.203253E-1
1.129050E+4	9.159622E-1
1.129075E+4	9.094671E-1
1.129100E+4	9.066593E-1
1.129125E+4	9.095461E-1
1.129150E+4	9.115120E-1
1.129175E+4	9.068828E-1
1.129200E+4	9.000458E-1
1.129225E+4	8.976317E-1
1.129250E+4	8.996927E-1
1.129275E+4	9.014081E-1
1.129300E+4	9.020508E-1
1.129325E+4	9.050136E-1
1.129350E+4	9.102909E-1
1.129375E+4	9.142559E-1
1.129400E+4	9.166353E-1
1.129425E+4	9.199443E-1
1.129450E+4	9.228443E-1
1.129475E+4	9.216832E-1
1.129500E+4	9.188827E-1
1.129525E+4	9.207380E-1
1.129550E+4	9.273678E-1
1.129575E+4	9.317068E-1
1.129600E+4	9.304366E-1
1.129625E+4	9.287739E-1
1.129650E+4	9.310997E-1
1.129675E+4	9.346374E-1
1.129700E+4	9.353031E-1
1.129725E+4	9.342130E-1
1.129750E+4	9.349141E-1
1.129775E+4	9.380929E-1
1.129800E+4	9.419926E-1
1.129825E+4	9.457722E-1
1.129850E+4	9.488225E-1
1.129875E+4	9.494575E-1
1.129900E+4	9.477490E-1
1.129925E+4	9.469104E-1
1.129950E+4	9.489272E-1
1.129975E+4	9.520225E-1
1.130000E+4	9.538789E-1
1.130025E+4	9.551517E-1
1.130050E+4	9.573181E-1
1.130075E+4	9.590600E-1
1.130100E+4	9.582646E-1
1.130125E+4	9.563145E-1
1.130150E+4	9.564767E-1
1.130175E+4	9.588273E-1
1.130200E+4	9.606228E-1
1.130225E+4	9.608316E-1
1.130250E+4	9.611215E-1
1.130275E+4	9.622349E-1
1.130300E+4	9.627205E-1
1.130325E+4	9.620902E-1
1.130350E+4	9.620804E-1
1.130375E+4	9.635580E-1
1.130400E+4	9.649005E-1
1.130425E+4	9.648600E-1
1.130450E+4	9.646700E-1
1.130475E+4	9.657011E-1
1.130500E+4	9.669438E-1
1.130525E+4	9.669659E-1
1.130550E+4	9.666109E-1
1.130575E+4	9.676454E-1
1.130600E+4	9.696042E-1
1.130625E+4	9.704369E-1
1.130650E+4	9.698576E-1
1.130675E+4	9.696543E-1
1.130700E+4	9.707080E-1
1.130725E+4	9.717121E-1
1.130750E+4	9.715683E-1
1.130775E+4	9.712031E-1
1.130800E+4	9.719472E-1
1.130825E+4	9.733708E-1
1.130850E+4	9.741241E-1
1.130875E+4	9.741948E-1
1.130900E+4	9.748150E-1
1.130925E+4	9.763285E-1
1.130950E+4	9.775632E-1
1.130975E+4	9.776193E-1
1.131000E+4	9.772437E-1
1.131025E+4	9.776165E-1
1.131050E+4	9.785688E-1
1.131075E+4	9.790482E-1
1.131100E+4	9.789412E-1
1.131125E+4	9.792919E-1
1.131150E+4	9.805046E-1
1.131175E+4	9.815246E-1
1.131200E+4	9.814682E-1
1.131225E+4	9.811313E-1
1.131250E+4	9.817902E-1
1.131275E+4	9.831953E-1
1.131300E+4	9.839523E-1
1.131325E+4	9.837474E-1
1.131350E+4	9.837310E-1
1.131375E+4	9.845207E-1
1.131400E+4	9.852637E-1
1.131425E+4	9.852100E-1
1.131450E+4	9.850348E-1
1.131475E+4	9.855579E-1
1.131500E+4	9.862691E-1
1.131525E+4	9.862804E-1
1.131550E+4	9.859940E-1
1.131575E+4	9.863902E-1
1.131600E+4	9.872933E-1
1.131625E+4	9.877112E-1
1.131650E+4	9.875942E-1
1.131675E+4	9.877375E-1
1.131700E+4	9.881067E-1
1.131725E+4	9.878708E-1
1.131750E+4	9.871601E-1
1.131775E+4	9.871882E-1
1.131800E+4	9.882438E-1
1.131825E+4	9.890383E-1
1.131850E+4	9.887633E-1
1.131875E+4	9.883884E-1
1.131900E+4	9.889599E-1
1.131925E+4	9.898267E-1
1.131950E+4	9.896576E-1
1.131975E+4	9.885571E-1
1.132000E+4	9.878322E-1
1.132025E+4	9.880204E-1
1.132050E+4	9.881735E-1
1.132075E+4	9.873134E-1
1.132100E+4	9.859457E-1
1.132125E+4	9.856532E-1
1.132150E+4	9.870060E-1
1.132175E+4	9.883120E-1
1.132200E+4	9.874251E-1
1.132225E+4	9.847290E-1
1.132250E+4	9.831997E-1
1.132275E+4	9.843872E-1
1.132300E+4	9.859062E-1
1.132325E+4	9.849405E-1
1.132350E+4	9.825178E-1
1.132375E+4	9.817562E-1
1.132400E+4	9.830299E-1
1.132425E+4	9.840203E-1
1.132450E+4	9.838944E-1
1.132475E+4	9.839393E-1
1.132500E+4	9.841795E-1
1.132525E+4	9.831162E-1
1.132550E+4	9.814255E-1
1.132575E+4	9.816915E-1
1.132600E+4	9.834124E-1
1.132625E+4	9.826497E-1
1.132650E+4	9.785616E-1
1.132675E+4	9.758018E-1
1.132700E+4	9.775700E-1
1.132725E+4	9.801422E-1
1.132750E+4	9.786795E-1
1.132775E+4	9.749220E-1
1.132800E+4	9.736286E-1
1.132825E+4	9.748720E-1
1.132850E+4	9.750674E-1
1.132875E+4	9.739315E-1
1.132900E+4	9.745064E-1
1.132925E+4	9.768368E-1
1.132950E+4	9.774723E-1
1.132975E+4	9.753919E-1
1.133000E+4	9.732678E-1
1.133025E+4	9.724689E-1
1.133050E+4	9.715127E-1
1.133075E+4	9.701677E-1
1.133100E+4	9.704701E-1
1.133125E+4	9.723864E-1
1.133150E+4	9.729811E-1
1.133175E+4	9.713212E-1
1.133200E+4	9.700926E-1
1.133225E+4	9.708499E-1
1.133250E+4	9.711308E-1
1.133275E+4	9.692417E-1
1.133300E+4	9.675709E-1
1.133325E+4	9.685583E-1
1.133350E+4	9.701184E-1
1.133375E+4	9.691003E-1
1.133400E+4	9.663840E-1
1.133425E+4	9.653367E-1
1.133450E+4	9.665734E-1
1.133475E+4	9.676122E-1
1.133500E+4	9.668754E-1
1.133525E+4	9.650735E-1
1.133550E+4	9.639529E-1
1.133575E+4	9.644094E-1
1.133600E+4	9.658346E-1
1.133625E+4	9.665934E-1
1.133650E+4	9.658139E-1
1.133675E+4	9.655553E-1
1.133700E+4	9.687746E-1
1.133725E+4	9.741616E-1
1.133750E+4	9.756126E-1
1.133775E+4	9.704006E-1
1.133800E+4	9.633799E-1
1.133825E+4	9.603790E-1
1.133850E+4	9.620902E-1
1.133875E+4	9.645979E-1
1.133900E+4	9.651356E-1
1.133925E+4	9.647081E-1
1.133950E+4	9.647209E-1
1.133975E+4	9.650775E-1
1.134000E+4	9.653490E-1
1.134025E+4	9.652349E-1
1.134050E+4	9.642350E-1
1.134075E+4	9.626935E-1
1.134100E+4	9.625116E-1
1.134125E+4	9.647170E-1
1.134150E+4	9.666926E-1
1.134175E+4	9.655446E-1
1.134200E+4	9.622081E-1
1.134225E+4	9.598278E-1
1.134250E+4	9.592728E-1
1.134275E+4	9.583063E-1
1.134300E+4	9.561241E-1
1.134325E+4	9.546905E-1
1.134350E+4	9.549651E-1
1.134375E+4	9.555794E-1
1.134400E+4	9.565657E-1
1.134425E+4	9.599521E-1
1.134450E+4	9.651419E-1
1.134475E+4	9.676007E-1
1.134500E+4	9.653531E-1
1.134525E+4	9.623801E-1
1.134550E+4	9.630484E-1
1.134575E+4	9.662285E-1
1.134600E+4	9.682163E-1
1.134625E+4	9.685726E-1
1.134650E+4	9.691365E-1
1.134675E+4	9.695623E-1
1.134700E+4	9.681718E-1
1.134725E+4	9.665208E-1
1.134750E+4	9.677978E-1
1.134775E+4	9.706974E-1
1.134800E+4	9.710005E-1
1.134825E+4	9.683532E-1
1.134850E+4	9.685331E-1
1.134875E+4	9.747847E-1
1.134900E+4	9.818794E-1
1.134925E+4	9.840053E-1
1.134950E+4	9.811157E-1
1.134975E+4	9.779415E-1
1.135000E+4	9.770503E-1
1.135025E+4	9.765561E-1
1.135050E+4	9.758332E-1
1.135075E+4	9.762517E-1
1.135100E+4	9.763545E-1
1.135125E+4	9.728697E-1
1.135150E+4	9.675870E-1
1.135175E+4	9.676240E-1
1.135200E+4	9.747609E-1
1.135225E+4	9.809643E-1
1.135250E+4	9.789546E-1
1.135275E+4	9.728225E-1
1.135300E+4	9.724630E-1
1.135325E+4	9.781661E-1
1.135350E+4	9.816699E-1
1.135375E+4	9.793677E-1
1.135400E+4	9.766271E-1
1.135425E+4	9.780180E-1
1.135450E+4	9.799725E-1
1.135475E+4	9.782420E-1
1.135500E+4	9.759263E-1
1.135525E+4	9.783622E-1
1.135550E+4	9.835166E-1
1.135575E+4	9.846333E-1
1.135600E+4	9.801270E-1
1.135625E+4	9.765196E-1
1.135650E+4	9.788875E-1
1.135675E+4	9.842960E-1
1.135700E+4	9.866389E-1
1.135725E+4	9.844360E-1
1.135750E+4	9.826821E-1
1.135775E+4	9.846190E-1
1.135800E+4	9.876193E-1
1.135825E+4	9.872505E-1
1.135850E+4	9.840462E-1
1.135875E+4	9.827907E-1
1.135900E+4	9.855354E-1
1.135925E+4	9.897636E-1
1.135950E+4	9.914624E-1
1.135975E+4	9.907894E-1
1.136000E+4	9.902791E-1
1.136025E+4	9.899791E-1
1.136050E+4	9.881909E-1
1.136075E+4	9.857614E-1
1.136100E+4	9.854978E-1
1.136125E+4	9.882409E-1
1.136150E+4	9.921742E-1
1.136175E+4	9.945323E-1
1.136200E+4	9.948907E-1
1.136225E+4	9.944229E-1
1.136250E+4	9.934656E-1
1.136275E+4	9.923435E-1
1.136300E+4	9.922184E-1
1.136325E+4	9.933943E-1
1.136350E+4	9.945632E-1
1.136375E+4	9.945585E-1
1.136400E+4	9.938980E-1
1.136425E+4	9.936827E-1
1.136450E+4	9.941304E-1
1.136475E+4	9.950106E-1
1.136500E+4	9.959604E-1
1.136525E+4	9.959556E-1
1.136550E+4	9.941397E-1
1.136575E+4	9.916118E-1
1.136600E+4	9.912493E-1
1.136625E+4	9.937885E-1
1.136650E+4	9.960407E-1
1.136675E+4	9.958999E-1
1.136700E+4	9.950069E-1
1.136725E+4	9.955139E-1
1.136750E+4	9.963065E-1
1.136775E+4	9.954520E-1
1.136800E+4	9.942803E-1
1.136825E+4	9.954926E-1
1.136850E+4	9.980033E-1
1.136875E+4	9.980571E-1
1.136900E+4	9.955238E-1
1.136925E+4	9.940208E-1
1.136950E+4	9.949418E-1
1.136975E+4	9.952946E-1
1.137000E+4	9.930110E-1
1.137025E+4	9.897345E-1
1.137050E+4	9.875297E-1
1.137075E+4	9.856835E-1
1.137100E+4	9.833655E-1
1.137125E+4	9.827205E-1
1.137150E+4	9.854667E-1
1.137175E+4	9.886234E-1
1.137200E+4	9.893280E-1
1.137225E+4	9.893386E-1
1.137250E+4	9.916712E-1
1.137275E+4	9.949601E-1
1.137300E+4	9.952631E-1
1.137325E+4	9.926267E-1
1.137350E+4	9.909625E-1
1.137375E+4	9.919378E-1
1.137400E+4	9.927458E-1
1.137425E+4	9.912170E-1
1.137450E+4	9.881769E-1
1.137475E+4	9.855622E-1
1.137500E+4	9.844487E-1
1.137525E+4	9.854356E-1
1.137550E+4	9.888978E-1
1.137575E+4	9.929506E-1
1.137600E+4	9.935443E-1
1.137625E+4	9.907109E-1
1.137650E+4	9.892651E-1
1.137675E+4	9.905565E-1
1.137700E+4	9.908930E-1
1.137725E+4	9.882481E-1
1.137750E+4	9.867582E-1
1.137775E+4	9.886560E-1
1.137800E+4	9.892337E-1
1.137825E+4	9.844734E-1
1.137850E+4	9.785993E-1
1.137875E+4	9.779298E-1
1.137900E+4	9.801323E-1
1.137925E+4	9.786176E-1
1.137950E+4	9.741095E-1
1.137975E+4	9.743143E-1
1.138000E+4	9.812803E-1
1.138025E+4	9.879985E-1
1.138050E+4	9.900029E-1
1.138075E+4	9.903269E-1
1.138100E+4	9.919302E-1
1.138125E+4	9.924946E-1
1.138150E+4	9.904391E-1
1.138175E+4	9.884635E-1
1.138200E+4	9.881186E-1
1.138225E+4	9.869279E-1
1.138250E+4	9.839865E-1
1.138275E+4	9.836893E-1
1.138300E+4	9.874318E-1
1.138325E+4	9.896895E-1
1.138350E+4	9.854278E-1
1.138375E+4	9.786481E-1
1.138400E+4	9.769002E-1
1.138425E+4	9.815538E-1
1.138450E+4	9.875774E-1
1.138475E+4	9.908982E-1
1.138500E+4	9.918440E-1
1.138525E+4	9.905509E-1
1.138550E+4	9.863511E-1
1.138575E+4	9.818541E-1
1.138600E+4	9.818017E-1
1.138625E+4	9.853283E-1
1.138650E+4	9.876361E-1
1.138675E+4	9.871743E-1
1.138700E+4	9.854004E-1
1.138725E+4	9.838155E-1
1.138750E+4	9.832810E-1
1.138775E+4	9.848091E-1
1.138800E+4	9.882782E-1
1.138825E+4	9.902207E-1
1.138850E+4	9.860933E-1
1.138875E+4	9.786846E-1
1.138900E+4	9.748674E-1
1.138925E+4	9.760730E-1
1.138950E+4	9.794314E-1
1.138975E+4	9.829050E-1
1.139000E+4	9.861035E-1
1.139025E+4	9.866730E-1
1.139050E+4	9.820000E-1
1.139075E+4	9.756381E-1
1.139100E+4	9.744653E-1
1.139125E+4	9.799426E-1
1.139150E+4	9.863607E-1
1.139175E+4	9.884566E-1
1.139200E+4	9.883833E-1
1.139225E+4	9.891890E-1
1.139250E+4	9.897585E-1
1.139275E+4	9.889304E-1
1.139300E+4	9.880131E-1
1.139325E+4	9.879512E-1
1.139350E+4	9.876159E-1
1.139375E+4	9.870870E-1
1.139400E+4	9.879186E-1
1.139425E+4	9.890178E-1
1.139450E+4	9.865876E-1
1.139475E+4	9.825957E-1
1.139500E+4	9.818309E-1
1.139525E+4	9.852914E-1
1.139550E+4	9.880141E-1
1.139575E+4	9.835319E-1
1.139600E+4	9.771488E-1
1.139625E+4	9.762618E-1
1.139650E+4	9.808582E-1
1.139675E+4	9.860593E-1
1.139700E+4	9.880979E-1
1.139725E+4	9.862670E-1
1.139750E+4	9.797689E-1
1.139775E+4	9.719445E-1
1.139800E+4	9.703605E-1
1.139825E+4	9.753307E-1
1.139850E+4	9.813696E-1
1.139875E+4	9.820887E-1
1.139900E+4	9.773949E-1
1.139925E+4	9.744563E-1
1.139950E+4	9.751907E-1
1.139975E+4	9.771068E-1
1.140000E+4	9.790263E-1
1.140025E+4	9.819304E-1
1.140050E+4	9.855884E-1
1.140075E+4	9.883734E-1
1.140100E+4	9.898449E-1
1.140125E+4	9.906606E-1
1.140150E+4	9.902728E-1
1.140175E+4	9.870498E-1
1.140200E+4	9.817091E-1
1.140225E+4	9.787170E-1
1.140250E+4	9.805894E-1
1.140275E+4	9.852343E-1
1.140300E+4	9.889770E-1
1.140325E+4	9.881445E-1
1.140350E+4	9.826453E-1
1.140375E+4	9.772464E-1
1.140400E+4	9.776409E-1
1.140425E+4	9.851326E-1
1.140450E+4	9.909286E-1
1.140475E+4	9.882781E-1
1.140500E+4	9.807512E-1
1.140525E+4	9.747865E-1
1.140550E+4	9.747497E-1
1.140575E+4	9.777506E-1
1.140600E+4	9.773230E-1
1.140625E+4	9.730758E-1
1.140650E+4	9.707711E-1
1.140675E+4	9.747794E-1
1.140700E+4	9.809333E-1
1.140725E+4	9.838513E-1
1.140750E+4	9.829111E-1
1.140775E+4	9.808788E-1
1.140800E+4	9.809568E-1
1.140825E+4	9.827201E-1
1.140850E+4	9.844824E-1
1.140875E+4	9.864065E-1
1.140900E+4	9.880138E-1
1.140925E+4	9.860107E-1
1.140950E+4	9.788140E-1
1.140975E+4	9.695740E-1
1.141000E+4	9.625491E-1
1.141025E+4	9.598292E-1
1.141050E+4	9.598115E-1
1.141075E+4	9.599505E-1
1.141100E+4	9.604205E-1
1.141125E+4	9.620616E-1
1.141150E+4	9.644891E-1
1.141175E+4	9.673730E-1
1.141200E+4	9.708590E-1
1.141225E+4	9.733323E-1
1.141250E+4	9.722226E-1
1.141275E+4	9.696982E-1
1.141300E+4	9.718555E-1
1.141325E+4	9.782534E-1
1.141350E+4	9.817575E-1
1.141375E+4	9.771765E-1
1.141400E+4	9.687595E-1
1.141425E+4	9.655263E-1
1.141450E+4	9.669755E-1
1.141475E+4	9.670174E-1
1.141500E+4	9.648576E-1
1.141525E+4	9.657151E-1
1.141550E+4	9.702266E-1
1.141575E+4	9.727330E-1
1.141600E+4	9.698456E-1
1.141625E+4	9.657382E-1
1.141650E+4	9.672515E-1
1.141675E+4	9.724955E-1
1.141700E+4	9.753767E-1
1.141725E+4	9.727840E-1
1.141750E+4	9.687934E-1
1.141775E+4	9.702747E-1
1.141800E+4	9.762086E-1
1.141825E+4	9.791186E-1
1.141850E+4	9.737714E-1
1.141875E+4	9.670981E-1
1.141900E+4	9.699461E-1
1.141925E+4	9.819642E-1
1.141950E+4	9.907673E-1
1.141975E+4	9.876210E-1
1.142000E+4	9.821644E-1
1.142025E+4	9.826674E-1
1.142050E+4	9.836546E-1
1.142075E+4	9.754265E-1
1.142100E+4	9.626280E-1
1.142125E+4	9.603669E-1
1.142150E+4	9.675171E-1
1.142175E+4	9.725128E-1
1.142200E+4	9.710664E-1
1.142225E+4	9.704024E-1
1.142250E+4	9.768085E-1
1.142275E+4	9.850415E-1
1.142300E+4	9.874146E-1
1.142325E+4	9.840725E-1
1.142350E+4	9.818706E-1
1.142375E+4	9.833950E-1
1.142400E+4	9.831153E-1
1.142425E+4	9.762943E-1
1.142450E+4	9.656571E-1
1.142475E+4	9.603879E-1
1.142500E+4	9.656670E-1
1.142525E+4	9.755010E-1
1.142550E+4	9.798787E-1
1.142575E+4	9.756965E-1
1.142600E+4	9.703125E-1
1.142625E+4	9.715724E-1
1.142650E+4	9.767494E-1
1.142675E+4	9.792324E-1
1.142700E+4	9.778381E-1
1.142725E+4	9.748326E-1
1.142750E+4	9.710248E-1
1.142775E+4	9.680794E-1
1.142800E+4	9.704223E-1
1.142825E+4	9.786638E-1
1.142850E+4	9.842881E-1
1.142875E+4	9.793069E-1
1.142900E+4	9.724352E-1
1.142925E+4	9.770968E-1
1.142950E+4	9.889167E-1
1.142975E+4	9.894250E-1
1.143000E+4	9.739188E-1
1.143025E+4	9.621769E-1
1.143050E+4	9.663810E-1
1.143075E+4	9.759337E-1
1.143100E+4	9.783016E-1
1.143125E+4	9.747139E-1
1.143150E+4	9.744056E-1
1.143175E+4	9.788172E-1
1.143200E+4	9.827006E-1
1.143225E+4	9.851115E-1
1.143250E+4	9.875843E-1
1.143275E+4	9.877959E-1
1.143300E+4	9.830191E-1
1.143325E+4	9.770990E-1
1.143350E+4	9.754170E-1
1.143375E+4	9.778296E-1
1.143400E+4	9.812371E-1
1.143425E+4	9.837638E-1
1.143450E+4	9.843672E-1
1.143475E+4	9.820403E-1
1.143500E+4	9.778761E-1
1.143525E+4	9.760015E-1
1.143550E+4	9.799117E-1
1.143575E+4	9.856630E-1
1.143600E+4	9.869192E-1
1.143625E+4	9.840816E-1
1.143650E+4	9.813138E-1
1.143675E+4	9.803714E-1
1.143700E+4	9.799958E-1
1.143725E+4	9.789334E-1
1.143750E+4	9.763994E-1
1.143775E+4	9.730549E-1
1.143800E+4	9.728498E-1
1.143825E+4	9.782752E-1
1.143850E+4	9.827575E-1
1.143875E+4	9.769503E-1
1.143900E+4	9.639539E-1
1.143925E+4	9.561098E-1
1.143950E+4	9.587137E-1
1.143975E+4	9.631883E-1
1.144000E+4	9.608607E-1
1.144025E+4	9.577797E-1
1.144050E+4	9.636964E-1
1.144075E+4	9.741817E-1
1.144100E+4	9.768038E-1
1.144125E+4	9.721683E-1
1.144150E+4	9.701913E-1
1.144175E+4	9.716983E-1
1.144200E+4	9.697714E-1
1.144225E+4	9.637202E-1
1.144250E+4	9.608853E-1
1.144275E+4	9.641313E-1
1.144300E+4	9.676045E-1
1.144325E+4	9.676966E-1
1.144350E+4	9.680014E-1
1.144375E+4	9.703614E-1
1.144400E+4	9.709006E-1
1.144425E+4	9.670560E-1
1.144450E+4	9.640615E-1
1.144475E+4	9.664288E-1
1.144500E+4	9.711298E-1
1.144525E+4	9.718011E-1
1.144550E+4	9.654754E-1
1.144575E+4	9.555855E-1
1.144600E+4	9.449477E-1
1.144625E+4	9.360324E-1
1.144650E+4	9.351791E-1
1.144675E+4	9.435936E-1
1.144700E+4	9.528798E-1
1.144725E+4	9.547744E-1
1.144750E+4	9.485305E-1
1.144775E+4	9.439635E-1
1.144800E+4	9.488600E-1
1.144825E+4	9.577854E-1
1.144850E+4	9.595467E-1
1.144875E+4	9.532752E-1
1.144900E+4	9.502713E-1
1.144925E+4	9.572257E-1
1.144950E+4	9.652578E-1
1.144975E+4	9.625879E-1
1.145000E+4	9.547588E-1
1.145025E+4	9.529559E-1
1.145050E+4	9.574455E-1
1.145075E+4	9.566770E-1
1.145100E+4	9.481269E-1
1.145125E+4	9.410709E-1
1.145150E+4	9.431652E-1
1.145175E+4	9.491134E-1
1.145200E+4	9.485242E-1
1.145225E+4	9.476913E-1
1.145250E+4	9.554358E-1
1.145275E+4	9.623426E-1
1.145300E+4	9.504536E-1
1.145325E+4	9.288725E-1
1.145350E+4	9.210948E-1
1.145375E+4	9.327529E-1
1.145400E+4	9.461514E-1
1.145425E+4	9.436924E-1
1.145450E+4	9.292366E-1
1.145475E+4	9.259612E-1
1.145500E+4	9.378211E-1
1.145525E+4	9.510212E-1
1.145550E+4	9.581346E-1
1.145575E+4	9.598745E-1
1.145600E+4	9.611560E-1
1.145625E+4	9.615278E-1
1.145650E+4	9.579703E-1
1.145675E+4	9.532716E-1
1.145700E+4	9.541856E-1
1.145725E+4	9.570164E-1
1.145750E+4	9.528134E-1
1.145775E+4	9.421712E-1
1.145800E+4	9.383897E-1
1.145825E+4	9.465791E-1
1.145850E+4	9.554626E-1
1.145875E+4	9.557342E-1
1.145900E+4	9.544976E-1
1.145925E+4	9.609992E-1
1.145950E+4	9.680237E-1
1.145975E+4	9.643858E-1
1.146000E+4	9.538263E-1
1.146025E+4	9.504934E-1
1.146050E+4	9.528362E-1
1.146075E+4	9.502443E-1
1.146100E+4	9.462626E-1
1.146125E+4	9.522956E-1
1.146150E+4	9.635400E-1
1.146175E+4	9.633728E-1
1.146200E+4	9.549997E-1
1.146225E+4	9.589348E-1
1.146250E+4	9.742554E-1
1.146275E+4	9.730144E-1
1.146300E+4	9.508700E-1
1.146325E+4	9.420477E-1
1.146350E+4	9.591366E-1
1.146375E+4	9.835164E-1
1.146400E+4	9.822383E-1
1.146425E+4	9.642524E-1
1.146450E+4	9.576587E-1
1.146475E+4	9.596260E-1
1.146500E+4	9.533654E-1
1.146525E+4	9.427437E-1
1.146550E+4	9.416185E-1
1.146575E+4	9.455656E-1
1.146600E+4	9.422511E-1
1.146625E+4	9.352045E-1
1.146650E+4	9.367358E-1
1.146675E+4	9.459096E-1
1.146700E+4	9.512963E-1
1.146725E+4	9.482461E-1
1.146750E+4	9.426639E-1
1.146775E+4	9.347450E-1
1.146800E+4	9.270792E-1
1.146825E+4	9.334842E-1
1.146850E+4	9.528593E-1
1.146875E+4	9.652162E-1
1.146900E+4	9.521544E-1
1.146925E+4	9.311269E-1
1.146950E+4	9.372199E-1
1.146975E+4	9.648644E-1
1.147000E+4	9.834971E-1
1.147025E+4	9.763425E-1
1.147050E+4	9.650610E-1
1.147075E+4	9.712584E-1
1.147100E+4	9.819590E-1
1.147125E+4	9.803141E-1
1.147150E+4	9.730471E-1
1.147175E+4	9.729214E-1
1.147200E+4	9.777191E-1
1.147225E+4	9.793803E-1
1.147250E+4	9.805223E-1
1.147275E+4	9.831233E-1
1.147300E+4	9.778066E-1
1.147325E+4	9.647179E-1
1.147350E+4	9.596855E-1
1.147375E+4	9.628012E-1
1.147400E+4	9.629547E-1
1.147425E+4	9.562340E-1
1.147450E+4	9.548400E-1
1.147475E+4	9.613862E-1
1.147500E+4	9.614325E-1
1.147525E+4	9.463007E-1
1.147550E+4	9.372787E-1
1.147575E+4	9.529375E-1
1.147600E+4	9.755075E-1
1.147625E+4	9.802715E-1
1.147650E+4	9.684387E-1
1.147675E+4	9.568831E-1
1.147700E+4	9.553774E-1
1.147725E+4	9.628511E-1
1.147750E+4	9.703366E-1
1.147775E+4	9.716551E-1
1.147800E+4	9.656873E-1
1.147825E+4	9.545151E-1
1.147850E+4	9.473197E-1
1.147875E+4	9.505244E-1
1.147900E+4	9.586712E-1
1.147925E+4	9.655885E-1
1.147950E+4	9.715216E-1
1.147975E+4	9.767376E-1
1.148000E+4	9.759906E-1
1.148025E+4	9.674480E-1
1.148050E+4	9.597987E-1
1.148075E+4	9.599037E-1
1.148100E+4	9.627131E-1
1.148125E+4	9.602480E-1
1.148150E+4	9.548952E-1
1.148175E+4	9.573842E-1
1.148200E+4	9.674682E-1
1.148225E+4	9.730344E-1
1.148250E+4	9.694357E-1
1.148275E+4	9.635125E-1
1.148300E+4	9.651575E-1
1.148325E+4	9.700881E-1
1.148350E+4	9.612186E-1
1.148375E+4	9.313444E-1
1.148400E+4	8.968242E-1
1.148425E+4	8.912650E-1
1.148450E+4	9.233620E-1
1.148475E+4	9.570781E-1
1.148500E+4	9.552193E-1
1.148525E+4	9.317023E-1
1.148550E+4	9.204693E-1
1.148575E+4	9.316736E-1
1.148600E+4	9.509393E-1
1.148625E+4	9.527942E-1
1.148650E+4	9.392224E-1
1.148675E+4	9.320875E-1
1.148700E+4	9.405442E-1
1.148725E+4	9.565091E-1
1.148750E+4	9.655557E-1
1.148775E+4	9.652284E-1
1.148800E+4	9.613542E-1
1.148825E+4	9.626240E-1
1.148850E+4	9.719878E-1
1.148875E+4	9.774703E-1
1.148900E+4	9.677581E-1
1.148925E+4	9.477864E-1
1.148950E+4	9.345571E-1
1.148975E+4	9.343084E-1
1.149000E+4	9.389154E-1
1.149025E+4	9.440017E-1
1.149050E+4	9.542210E-1
1.149075E+4	9.673786E-1
1.149100E+4	9.707426E-1
1.149125E+4	9.618132E-1
1.149150E+4	9.536452E-1
1.149175E+4	9.548163E-1
1.149200E+4	9.585433E-1
1.149225E+4	9.546034E-1
1.149250E+4	9.467278E-1
1.149275E+4	9.431148E-1
1.149300E+4	9.422769E-1
1.149325E+4	9.407261E-1
1.149350E+4	9.398947E-1
1.149375E+4	9.381514E-1
1.149400E+4	9.310877E-1
1.149425E+4	9.259006E-1
1.149450E+4	9.345127E-1
1.149475E+4	9.530241E-1
1.149500E+4	9.593796E-1
1.149525E+4	9.378107E-1
1.149550E+4	9.138078E-1
1.149575E+4	9.148755E-1
1.149600E+4	9.320146E-1
1.149625E+4	9.348722E-1
1.149650E+4	9.194295E-1
1.149675E+4	9.127221E-1
1.149700E+4	9.279336E-1
1.149725E+4	9.563149E-1
1.149750E+4	9.739324E-1
1.149775E+4	9.723837E-1
1.149800E+4	9.637438E-1
1.149825E+4	9.585003E-1
1.149850E+4	9.616165E-1
1.149875E+4	9.709823E-1
1.149900E+4	9.771195E-1
1.149925E+4	9.688891E-1
1.149950E+4	9.469945E-1
1.149975E+4	9.262011E-1
1.150000E+4	9.182157E-1
1.150025E+4	9.269989E-1
1.150050E+4	9.469277E-1
1.150075E+4	9.581911E-1
1.150100E+4	9.416271E-1
1.150125E+4	9.094117E-1
1.150150E+4	8.968082E-1
1.150175E+4	9.140403E-1
1.150200E+4	9.419714E-1
1.150225E+4	9.537323E-1
1.150250E+4	9.471921E-1
1.150275E+4	9.410505E-1
1.150300E+4	9.383449E-1
1.150325E+4	9.308131E-1
1.150350E+4	9.216830E-1
1.150375E+4	9.220179E-1
1.150400E+4	9.267407E-1
1.150425E+4	9.230395E-1
1.150450E+4	9.123756E-1
1.150475E+4	9.145849E-1
1.150500E+4	9.246362E-1
1.150525E+4	9.231909E-1
1.150550E+4	9.085882E-1
1.150575E+4	9.070376E-1
1.150600E+4	9.278043E-1
1.150625E+4	9.432722E-1
1.150650E+4	9.298067E-1
1.150675E+4	8.989454E-1
1.150700E+4	8.907957E-1
1.150725E+4	9.125085E-1
1.150750E+4	9.330973E-1
1.150775E+4	9.301981E-1
1.150800E+4	9.144309E-1
1.150825E+4	9.051325E-1
1.150850E+4	9.113262E-1
1.150875E+4	9.248585E-1
1.150900E+4	9.298788E-1
1.150925E+4	9.269844E-1
1.150950E+4	9.243210E-1
1.150975E+4	9.321549E-1
1.151000E+4	9.481168E-1
1.151025E+4	9.594568E-1
1.151050E+4	9.663202E-1
1.151075E+4	9.703083E-1
1.151100E+4	9.675943E-1
1.151125E+4	9.603520E-1
1.151150E+4	9.544068E-1
1.151175E+4	9.518047E-1
1.151200E+4	9.509511E-1
1.151225E+4	9.450558E-1
1.151250E+4	9.331636E-1
1.151275E+4	9.191708E-1
1.151300E+4	9.112980E-1
1.151325E+4	9.199508E-1
1.151350E+4	9.340596E-1
1.151375E+4	9.409563E-1
1.151400E+4	9.444669E-1
1.151425E+4	9.491003E-1
1.151450E+4	9.510778E-1
1.151475E+4	9.490703E-1
1.151500E+4	9.449147E-1
1.151525E+4	9.406424E-1
1.151550E+4	9.387723E-1
1.151575E+4	9.406109E-1
1.151600E+4	9.454051E-1
1.151625E+4	9.465371E-1
1.151650E+4	9.369550E-1
1.151675E+4	9.261760E-1
1.151700E+4	9.310644E-1
1.151725E+4	9.579723E-1
1.151750E+4	9.761400E-1
1.151775E+4	9.614367E-1
1.151800E+4	9.438507E-1
1.151825E+4	9.459246E-1
1.151850E+4	9.589191E-1
1.151875E+4	9.554887E-1
1.151900E+4	9.385369E-1
1.151925E+4	9.352146E-1
1.151950E+4	9.493727E-1
1.151975E+4	9.588853E-1
1.152000E+4	9.560877E-1
1.152025E+4	9.536230E-1
1.152050E+4	9.544015E-1
1.152075E+4	9.433154E-1
1.152100E+4	9.226052E-1
1.152125E+4	9.224084E-1
1.152150E+4	9.435639E-1
1.152175E+4	9.579816E-1
1.152200E+4	9.493553E-1
1.152225E+4	9.402032E-1
1.152250E+4	9.501463E-1
1.152275E+4	9.568280E-1
1.152300E+4	9.442715E-1
1.152325E+4	9.317197E-1
1.152350E+4	9.443054E-1
1.152375E+4	9.606703E-1
1.152400E+4	9.506503E-1
1.152425E+4	9.272987E-1
1.152450E+4	9.240701E-1
1.152475E+4	9.403203E-1
1.152500E+4	9.372758E-1
1.152525E+4	9.078357E-1
1.152550E+4	8.890089E-1
1.152575E+4	8.984996E-1
1.152600E+4	9.096604E-1
1.152625E+4	9.028631E-1
1.152650E+4	8.967977E-1
1.152675E+4	9.086023E-1
1.152700E+4	9.316124E-1
1.152725E+4	9.508621E-1
1.152750E+4	9.574528E-1
1.152775E+4	9.450537E-1
1.152800E+4	9.173183E-1
1.152825E+4	9.019637E-1
1.152850E+4	9.174141E-1
1.152875E+4	9.419593E-1
1.152900E+4	9.353154E-1
1.152925E+4	9.029785E-1
1.152950E+4	8.986511E-1
1.152975E+4	9.219537E-1
1.153000E+4	9.294209E-1
1.153025E+4	9.059129E-1
1.153050E+4	8.911870E-1
1.153075E+4	9.092308E-1
1.153100E+4	9.359321E-1
1.153125E+4	9.383289E-1
1.153150E+4	9.310166E-1
1.153175E+4	9.346191E-1
1.153200E+4	9.329294E-1
1.153225E+4	9.025909E-1
1.153250E+4	8.709613E-1
1.153275E+4	8.784883E-1
1.153300E+4	8.969819E-1
1.153325E+4	8.952809E-1
1.153350E+4	8.784647E-1
1.153375E+4	8.750470E-1
1.153400E+4	8.866877E-1
1.153425E+4	8.932101E-1
1.153450E+4	8.952905E-1
1.153475E+4	9.038016E-1
1.153500E+4	9.113546E-1
1.153525E+4	9.064658E-1
1.153550E+4	9.001237E-1
1.153575E+4	9.090464E-1
1.153600E+4	9.200620E-1
1.153625E+4	9.143795E-1
1.153650E+4	9.029640E-1
1.153675E+4	9.059482E-1
1.153700E+4	9.151757E-1
1.153725E+4	9.118504E-1
1.153750E+4	9.034351E-1
1.153775E+4	9.076381E-1
1.153800E+4	9.133261E-1
1.153825E+4	8.962911E-1
1.153850E+4	8.722872E-1
1.153875E+4	8.721089E-1
1.153900E+4	8.885064E-1
1.153925E+4	8.944873E-1
1.153950E+4	8.923224E-1
1.153975E+4	9.073371E-1
1.154000E+4	9.287628E-1
1.154025E+4	9.245272E-1
1.154050E+4	8.980832E-1
1.154075E+4	8.899392E-1
1.154100E+4	9.053025E-1
1.154125E+4	8.987063E-1
1.154150E+4	8.660028E-1
1.154175E+4	8.569168E-1
1.154200E+4	8.862826E-1
1.154225E+4	9.138374E-1
1.154250E+4	8.958032E-1
1.154275E+4	8.627331E-1
1.154300E+4	8.698511E-1
1.154325E+4	9.019628E-1
1.154350E+4	9.024250E-1
1.154375E+4	8.683445E-1
1.154400E+4	8.522374E-1
1.154425E+4	8.763540E-1
1.154450E+4	8.968136E-1
1.154475E+4	8.840378E-1
1.154500E+4	8.536320E-1
1.154525E+4	8.304796E-1
1.154550E+4	8.255006E-1
1.154575E+4	8.272707E-1
1.154600E+4	8.302330E-1
1.154625E+4	8.366806E-1
1.154650E+4	8.441835E-1
1.154675E+4	8.499427E-1
1.154700E+4	8.591008E-1
1.154725E+4	8.684965E-1
1.154750E+4	8.581392E-1
1.154775E+4	8.295782E-1
1.154800E+4	8.202640E-1
1.154825E+4	8.383885E-1
1.154850E+4	8.648251E-1
1.154875E+4	8.723529E-1
1.154900E+4	8.584547E-1
1.154925E+4	8.365448E-1
1.154950E+4	8.096276E-1
1.154975E+4	7.896391E-1
1.155000E+4	8.013423E-1
1.155025E+4	8.413345E-1
1.155050E+4	8.692920E-1
1.155075E+4	8.382490E-1
1.155100E+4	7.817151E-1
1.155125E+4	7.653681E-1
1.155150E+4	7.920250E-1
1.155175E+4	8.158650E-1
1.155200E+4	8.029744E-1
1.155225E+4	7.833234E-1
1.155250E+4	7.849315E-1
1.155275E+4	7.868117E-1
1.155300E+4	7.647631E-1
1.155325E+4	7.416611E-1
1.155350E+4	7.415285E-1
1.155375E+4	7.543441E-1
1.155400E+4	7.537196E-1
1.155425E+4	7.488806E-1
1.155450E+4	7.654099E-1
1.155475E+4	7.945673E-1
1.155500E+4	7.919169E-1
1.155525E+4	7.555080E-1
1.155550E+4	7.382953E-1
1.155575E+4	7.496537E-1
1.155600E+4	7.575912E-1
1.155625E+4	7.459238E-1
1.155650E+4	7.410097E-1
1.155675E+4	7.533964E-1
1.155700E+4	7.584511E-1
1.155725E+4	7.333854E-1
1.155750E+4	7.241578E-1
1.155775E+4	7.443039E-1
1.155800E+4	7.558366E-1
1.155825E+4	7.309094E-1
1.155850E+4	6.915031E-1
1.155875E+4	6.824678E-1
1.155900E+4	6.830777E-1
1.155925E+4	6.637625E-1
1.155950E+4	6.552252E-1
1.155975E+4	7.094267E-1
1.156000E+4	7.631732E-1
1.156025E+4	7.584740E-1
1.156050E+4	7.196788E-1
1.156075E+4	7.087058E-1
1.156100E+4	7.416689E-1
1.156125E+4	7.568468E-1
1.156150E+4	7.340708E-1
1.156175E+4	7.320893E-1
1.156200E+4	7.783465E-1
1.156225E+4	8.172410E-1
1.156250E+4	8.110415E-1
1.156275E+4	7.926468E-1
1.156300E+4	8.102004E-1
1.156325E+4	8.489150E-1
1.156350E+4	8.497548E-1
1.156375E+4	8.195889E-1
1.156400E+4	7.996805E-1
1.156425E+4	8.172357E-1
1.156450E+4	8.527338E-1
1.156475E+4	8.652950E-1
1.156500E+4	8.531964E-1
1.156525E+4	8.351395E-1
1.156550E+4	8.350579E-1
1.156575E+4	8.552085E-1
1.156600E+4	8.697538E-1
1.156625E+4	8.521612E-1
1.156650E+4	8.000810E-1
1.156675E+4	7.706859E-1
1.156700E+4	7.948633E-1
1.156725E+4	8.106770E-1
1.156750E+4	7.849842E-1
1.156775E+4	7.393932E-1
1.156800E+4	7.302979E-1
1.156825E+4	7.911090E-1
1.156850E+4	8.460879E-1
1.156875E+4	8.461861E-1
1.156900E+4	8.142599E-1
1.156925E+4	7.939753E-1
1.156950E+4	8.048584E-1
1.156975E+4	8.132488E-1
1.157000E+4	8.156487E-1
1.157025E+4	8.315020E-1
1.157050E+4	8.485784E-1
1.157075E+4	8.365521E-1
1.157100E+4	7.945338E-1
1.157125E+4	7.687064E-1
1.157150E+4	8.079001E-1
1.157175E+4	8.596899E-1
1.157200E+4	8.720489E-1
1.157225E+4	8.287556E-1
1.157250E+4	7.727253E-1
1.157275E+4	7.615338E-1
1.157300E+4	7.719111E-1
1.157325E+4	7.754603E-1
1.157350E+4	7.634164E-1
1.157375E+4	7.468178E-1
1.157400E+4	7.303983E-1
1.157425E+4	7.174099E-1
1.157450E+4	7.251252E-1
1.157475E+4	7.438822E-1
1.157500E+4	7.395315E-1
1.157525E+4	7.235450E-1
1.157550E+4	7.437462E-1
1.157575E+4	7.973588E-1
1.157600E+4	8.124964E-1
1.157625E+4	7.890980E-1
1.157650E+4	7.453729E-1
1.157675E+4	7.163373E-1
1.157700E+4	7.066155E-1
1.157725E+4	6.887695E-1
1.157750E+4	6.641242E-1
1.157775E+4	6.633706E-1
1.157800E+4	7.265800E-1
1.157825E+4	7.367731E-1
1.157850E+4	7.076851E-1
1.157875E+4	6.694795E-1
1.157900E+4	6.294580E-1
1.157925E+4	6.153001E-1
1.157950E+4	6.413628E-1
1.157975E+4	6.844411E-1
1.158000E+4	7.236158E-1
1.158025E+4	7.462898E-1
1.158050E+4	7.555245E-1
1.158075E+4	7.565671E-1
1.158100E+4	7.432842E-1
1.158125E+4	7.227045E-1
1.158150E+4	7.227494E-1
1.158175E+4	7.231257E-1
1.158200E+4	6.759540E-1
1.158225E+4	5.995036E-1
1.158250E+4	5.637955E-1
1.158275E+4	5.713313E-1
1.158300E+4	5.926560E-1
1.158325E+4	6.135086E-1
1.158350E+4	6.359274E-1
1.158375E+4	6.548178E-1
1.158400E+4	6.553626E-1
1.158425E+4	6.294126E-1
1.158450E+4	6.137215E-1
1.158475E+4	6.416088E-1
1.158500E+4	6.617759E-1
1.158525E+4	6.360215E-1
1.158550E+4	5.931839E-1
1.158575E+4	5.797674E-1
1.158600E+4	5.866643E-1
1.158625E+4	5.639457E-1
1.158650E+4	5.316384E-1
1.158675E+4	5.308105E-1
1.158700E+4	5.551781E-1
1.158725E+4	5.729914E-1
1.158750E+4	5.578265E-1
1.158775E+4	5.374182E-1
1.158800E+4	5.505088E-1
1.158825E+4	6.084288E-1
1.158850E+4	6.676911E-1
1.158875E+4	6.702335E-1
1.158900E+4	6.132337E-1
1.158925E+4	5.459789E-1
1.158950E+4	5.473411E-1
1.158975E+4	6.079084E-1
1.159000E+4	6.435581E-1
1.159025E+4	6.002301E-1
1.159050E+4	5.244389E-1
1.159075E+4	5.150831E-1
1.159100E+4	5.470646E-1
1.159125E+4	5.654291E-1
1.159150E+4	5.644036E-1
1.159175E+4	5.648939E-1
1.159200E+4	5.676013E-1
1.159225E+4	5.458591E-1
1.159250E+4	5.129115E-1
1.159275E+4	5.183834E-1
1.159300E+4	5.456267E-1
1.159325E+4	5.501112E-1
1.159350E+4	5.044991E-1
1.159375E+4	4.680504E-1
1.159400E+4	4.956144E-1
1.159425E+4	5.586730E-1
1.159450E+4	5.808338E-1
1.159475E+4	5.383667E-1
1.159500E+4	5.111970E-1
1.159525E+4	5.383068E-1
1.159550E+4	5.752418E-1
1.159575E+4	5.498707E-1
1.159600E+4	4.868071E-1
1.159625E+4	4.750700E-1
1.159650E+4	5.107775E-1
1.159675E+4	5.121436E-1
1.159700E+4	4.376002E-1
1.159725E+4	3.786998E-1
1.159750E+4	4.339415E-1
1.159775E+4	5.240877E-1
1.159800E+4	5.548864E-1
1.159825E+4	5.299138E-1
1.159850E+4	5.221798E-1
1.159875E+4	5.586760E-1
1.159900E+4	5.809329E-1
1.159925E+4	5.540776E-1
1.159950E+4	5.066166E-1
1.159975E+4	4.910296E-1
1.160000E+4	5.092963E-1
1.160025E+4	5.144438E-1
1.160050E+4	4.900477E-1
1.160075E+4	4.583963E-1
1.160100E+4	4.512411E-1
1.160125E+4	4.735797E-1
1.160150E+4	4.847492E-1
1.160175E+4	4.635349E-1
1.160200E+4	4.323278E-1
1.160225E+4	4.312733E-1
1.160250E+4	4.693701E-1
1.160275E+4	4.935329E-1
1.160300E+4	4.630498E-1
1.160325E+4	4.233407E-1
1.160350E+4	4.330946E-1
1.160375E+4	4.791685E-1
1.160400E+4	5.190782E-1
1.160425E+4	5.241288E-1
1.160450E+4	5.111745E-1
1.160475E+4	5.170887E-1
1.160500E+4	5.630306E-1
1.160525E+4	6.259276E-1
1.160550E+4	6.319634E-1
1.160575E+4	5.830359E-1
1.160600E+4	5.401918E-1
1.160625E+4	5.481728E-1
1.160650E+4	5.848307E-1
1.160675E+4	5.749878E-1
1.160700E+4	5.291402E-1
1.160725E+4	5.169181E-1
1.160750E+4	5.664520E-1
1.160775E+4	5.978064E-1
1.160800E+4	5.715102E-1
1.160825E+4	5.383327E-1
1.160850E+4	5.538749E-1
1.160875E+4	6.057880E-1
1.160900E+4	6.326009E-1
1.160925E+4	6.348279E-1
1.160950E+4	6.455479E-1
1.160975E+4	6.599756E-1
1.161000E+4	6.499077E-1
1.161025E+4	6.204175E-1
1.161050E+4	6.006987E-1
1.161075E+4	5.994373E-1
1.161100E+4	6.048182E-1
1.161125E+4	6.140715E-1
1.161150E+4	6.310596E-1
1.161175E+4	6.409650E-1
1.161200E+4	6.294554E-1
1.161225E+4	6.137559E-1
1.161250E+4	6.168337E-1
1.161275E+4	6.313474E-1
1.161300E+4	6.330654E-1
1.161325E+4	6.223017E-1
1.161350E+4	6.237817E-1
1.161375E+4	6.415916E-1
1.161400E+4	6.547518E-1
1.161425E+4	6.561730E-1
1.161450E+4	6.589027E-1
1.161475E+4	6.680302E-1
1.161500E+4	6.693824E-1
1.161525E+4	6.577182E-1
1.161550E+4	6.489740E-1
1.161575E+4	6.536287E-1
1.161600E+4	6.631831E-1
1.161625E+4	6.666004E-1
1.161650E+4	6.691168E-1
1.161675E+4	6.782567E-1
1.161700E+4	6.895204E-1
1.161725E+4	6.956958E-1
1.161750E+4	7.006883E-1
1.161775E+4	7.081390E-1
1.161800E+4	7.103858E-1
1.161825E+4	7.019549E-1
1.161850E+4	6.924047E-1
1.161875E+4	6.920061E-1
1.161900E+4	6.951415E-1
1.161925E+4	6.911183E-1
1.161950E+4	6.840585E-1
1.161975E+4	6.844757E-1
1.162000E+4	6.897958E-1
1.162025E+4	6.866315E-1
1.162050E+4	6.729847E-1
1.162075E+4	6.659400E-1
1.162100E+4	6.749711E-1
1.162125E+4	6.895163E-1
1.162150E+4	6.946863E-1
1.162175E+4	6.916284E-1
1.162200E+4	6.923348E-1
1.162225E+4	7.011263E-1
1.162250E+4	7.098838E-1
1.162275E+4	7.103984E-1
1.162300E+4	7.053778E-1
1.162325E+4	7.027973E-1
1.162350E+4	7.065594E-1
1.162375E+4	7.123050E-1
1.162400E+4	7.119464E-1
1.162425E+4	7.035618E-1
1.162450E+4	6.928558E-1
1.162475E+4	6.867027E-1
1.162500E+4	6.875438E-1
1.162525E+4	6.911958E-1
1.162550E+4	6.912005E-1
1.162575E+4	6.859045E-1
1.162600E+4	6.795145E-1
1.162625E+4	6.779223E-1
1.162650E+4	6.813003E-1
1.162675E+4	6.831512E-1
1.162700E+4	6.783264E-1
1.162725E+4	6.686246E-1
1.162750E+4	6.621799E-1
1.162775E+4	6.640620E-1
1.162800E+4	6.704531E-1
1.162825E+4	6.726337E-1
1.162850E+4	6.653527E-1
1.162875E+4	6.547809E-1
1.162900E+4	6.502699E-1
1.162925E+4	6.526021E-1
1.162950E+4	6.517638E-1
1.162975E+4	6.382198E-1
1.163000E+4	6.194440E-1
1.163025E+4	6.110717E-1
1.163050E+4	6.173402E-1
1.163075E+4	6.247538E-1
1.163100E+4	6.191951E-1
1.163125E+4	6.045294E-1
1.163150E+4	5.934411E-1
1.163175E+4	5.890422E-1
1.163200E+4	5.848900E-1
1.163225E+4	5.799495E-1
1.163250E+4	5.795384E-1
1.163275E+4	5.831858E-1
1.163300E+4	5.826908E-1
1.163325E+4	5.751206E-1
1.163350E+4	5.650490E-1
1.163375E+4	5.545679E-1
1.163400E+4	5.431848E-1
1.163425E+4	5.349691E-1
1.163450E+4	5.335868E-1
1.163475E+4	5.325263E-1
1.163500E+4	5.212834E-1
1.163525E+4	5.032372E-1
1.163550E+4	4.941093E-1
1.163575E+4	4.967435E-1
1.163600E+4	4.979406E-1
1.163625E+4	4.894671E-1
1.163650E+4	4.783624E-1
1.163675E+4	4.717814E-1
1.163700E+4	4.664883E-1
1.163725E+4	4.613151E-1
1.163750E+4	4.618735E-1
1.163775E+4	4.651480E-1
1.163800E+4	4.574667E-1
1.163825E+4	4.359499E-1
1.163850E+4	4.185280E-1
1.163875E+4	4.179428E-1
1.163900E+4	4.197113E-1
1.163925E+4	4.050376E-1
1.163950E+4	3.808853E-1
1.163975E+4	3.674639E-1
1.164000E+4	3.655004E-1
1.164025E+4	3.600281E-1
1.164050E+4	3.472096E-1
1.164075E+4	3.392060E-1
1.164100E+4	3.405822E-1
1.164125E+4	3.410080E-1
1.164150E+4	3.327611E-1
1.164175E+4	3.207940E-1
1.164200E+4	3.123133E-1
1.164225E+4	3.069762E-1
1.164250E+4	3.014221E-1
1.164275E+4	2.949160E-1
1.164300E+4	2.872624E-1
1.164325E+4	2.778038E-1
1.164350E+4	2.688292E-1
1.164375E+4	2.641828E-1
1.164400E+4	2.622551E-1
1.164425E+4	2.581542E-1
1.164450E+4	2.520336E-1
1.164475E+4	2.484954E-1
1.164500E+4	2.484888E-1
1.164525E+4	2.476089E-1
1.164550E+4	2.428639E-1
1.164575E+4	2.356342E-1
1.164600E+4	2.284319E-1
1.164625E+4	2.227342E-1
1.164650E+4	2.199282E-1
1.164675E+4	2.196257E-1
1.164700E+4	2.176575E-1
1.164725E+4	2.117289E-1
1.164750E+4	2.063770E-1
1.164775E+4	2.070434E-1
1.164800E+4	2.111443E-1
1.164825E+4	2.112207E-1
1.164850E+4	2.067437E-1
1.164875E+4	2.032801E-1
1.164900E+4	2.014699E-1
1.164925E+4	1.960053E-1
1.164950E+4	1.872420E-1
1.164975E+4	1.832729E-1
1.165000E+4	1.863445E-1
1.165025E+4	1.876741E-1
1.165050E+4	1.813456E-1
1.165075E+4	1.743575E-1
1.165100E+4	1.754403E-1
1.165125E+4	1.805244E-1
1.165150E+4	1.798719E-1
1.165175E+4	1.742604E-1
1.165200E+4	1.723191E-1
1.165225E+4	1.755436E-1
1.165250E+4	1.769950E-1
1.165275E+4	1.733652E-1
1.165300E+4	1.691450E-1
1.165325E+4	1.682926E-1
1.165350E+4	1.691226E-1
1.165375E+4	1.693014E-1
1.165400E+4	1.683629E-1
1.165425E+4	1.652431E-1
1.165450E+4	1.598521E-1
1.165475E+4	1.564484E-1
1.165500E+4	1.587658E-1
1.165525E+4	1.638244E-1
1.165550E+4	1.647051E-1
1.165575E+4	1.604862E-1
1.165600E+4	1.577360E-1
1.165625E+4	1.595127E-1
1.165650E+4	1.617792E-1
1.165675E+4	1.599565E-1
1.165700E+4	1.550817E-1
1.165725E+4	1.517845E-1
1.165750E+4	1.521564E-1
1.165775E+4	1.534391E-1
1.165800E+4	1.504964E-1
1.165825E+4	1.419998E-1
1.165850E+4	1.352032E-1
1.165875E+4	1.396644E-1
1.165900E+4	1.512307E-1
1.165925E+4	1.544463E-1
1.165950E+4	1.433358E-1
1.165975E+4	1.300677E-1
1.166000E+4	1.271295E-1
1.166025E+4	1.269517E-1
1.166050E+4	1.176007E-1
1.166075E+4	1.051778E-1
1.166100E+4	1.059050E-1
1.166125E+4	1.180972E-1
1.166150E+4	1.239501E-1
1.166175E+4	1.157626E-1
1.166200E+4	1.038299E-1
1.166225E+4	9.957721E-2
1.166250E+4	1.022432E-1
1.166275E+4	1.065202E-1
1.166300E+4	1.096155E-1
1.166325E+4	1.092049E-1
1.166350E+4	1.048954E-1
1.166375E+4	1.018711E-1
1.166400E+4	1.031165E-1
1.166425E+4	1.008142E-1
1.166450E+4	8.990322E-2
1.166475E+4	8.164792E-2
1.166500E+4	8.865734E-2
1.166525E+4	9.812893E-2
1.166550E+4	9.225625E-2
1.166575E+4	7.876127E-2
1.166600E+4	8.240836E-2
1.166625E+4	1.016561E-1
1.166650E+4	1.108816E-1
1.166675E+4	1.057086E-1
1.166700E+4	1.052607E-1
1.166725E+4	1.147162E-1
1.166750E+4	1.125780E-1
1.166775E+4	9.477344E-2
1.166800E+4	8.641980E-2
1.166825E+4	1.038846E-1
1.166850E+4	1.181331E-1
1.166875E+4	1.067977E-1
1.166900E+4	9.561934E-2
1.166925E+4	1.133053E-1
1.166950E+4	1.367514E-1
1.166975E+4	1.279904E-1
1.167000E+4	9.648427E-2
1.167025E+4	8.649642E-2
1.167050E+4	1.039258E-1
1.167075E+4	1.132814E-1
1.167100E+4	1.057912E-1
1.167125E+4	1.044613E-1
1.167150E+4	1.224575E-1
1.167175E+4	1.298104E-1
1.167200E+4	1.155892E-1
1.167225E+4	1.020374E-1
1.167250E+4	1.062696E-1
1.167275E+4	1.143182E-1
1.167300E+4	1.075554E-1
1.167325E+4	1.031238E-1
1.167350E+4	1.221505E-1
1.167375E+4	1.482074E-1
1.167400E+4	1.487071E-1
1.167425E+4	1.292266E-1
1.167450E+4	1.195025E-1
1.167475E+4	1.316009E-1
1.167500E+4	1.415558E-1
1.167525E+4	1.354454E-1
1.167550E+4	1.296973E-1
1.167575E+4	1.393580E-1
1.167600E+4	1.510168E-1
1.167625E+4	1.448726E-1
1.167650E+4	1.290971E-1
1.167675E+4	1.238127E-1
1.167700E+4	1.343176E-1
1.167725E+4	1.484219E-1
1.167750E+4	1.572745E-1
1.167775E+4	1.611022E-1
1.167800E+4	1.636137E-1
1.167825E+4	1.708723E-1
1.167850E+4	1.882901E-1
1.167875E+4	2.087279E-1
1.167900E+4	2.120718E-1
1.167925E+4	2.009119E-1
1.167950E+4	2.005650E-1
1.167975E+4	2.213206E-1
1.168000E+4	2.372485E-1
1.168025E+4	2.177634E-1
1.168050E+4	1.821894E-1
1.168075E+4	1.714476E-1
1.168100E+4	1.964734E-1
1.168125E+4	2.184612E-1
1.168150E+4	2.097082E-1
1.168175E+4	1.928952E-1
1.168200E+4	1.991876E-1
1.168225E+4	2.279720E-1
1.168250E+4	2.414865E-1
1.168275E+4	2.277689E-1
1.168300E+4	2.149999E-1
1.168325E+4	2.273797E-1
1.168350E+4	2.565904E-1
1.168375E+4	2.734132E-1
1.168400E+4	2.703346E-1
1.168425E+4	2.655041E-1
1.168450E+4	2.812205E-1
1.168475E+4	3.125152E-1
1.168500E+4	3.286932E-1
1.168525E+4	3.143754E-1
1.168550E+4	2.894325E-1
1.168575E+4	2.932631E-1
1.168600E+4	3.289171E-1
1.168625E+4	3.617998E-1
1.168650E+4	3.663179E-1
1.168675E+4	3.509822E-1
1.168700E+4	3.390517E-1
1.168725E+4	3.327566E-1
1.168750E+4	3.252722E-1
1.168775E+4	3.250972E-1
1.168800E+4	3.433664E-1
1.168825E+4	3.655204E-1
1.168850E+4	3.638240E-1
1.168875E+4	3.458453E-1
1.168900E+4	3.441027E-1
1.168925E+4	3.651310E-1
1.168950E+4	3.855192E-1
1.168975E+4	3.752937E-1
1.169000E+4	3.577509E-1
1.169025E+4	3.640562E-1
1.169050E+4	3.880742E-1
1.169075E+4	4.091974E-1
1.169100E+4	4.202796E-1
1.169125E+4	4.419527E-1
1.169150E+4	4.772816E-1
1.169175E+4	4.947626E-1
1.169200E+4	4.744075E-1
1.169225E+4	4.509542E-1
1.169250E+4	4.653937E-1
1.169275E+4	5.055004E-1
1.169300E+4	5.303199E-1
1.169325E+4	5.326493E-1
1.169350E+4	5.296889E-1
1.169375E+4	5.249380E-1
1.169400E+4	5.102097E-1
1.169425E+4	4.963028E-1
1.169450E+4	5.036962E-1
1.169475E+4	5.225874E-1
1.169500E+4	5.187911E-1
1.169525E+4	4.944936E-1
1.169550E+4	4.800089E-1
1.169575E+4	4.990781E-1
1.169600E+4	5.303758E-1
1.169625E+4	5.389230E-1
1.169650E+4	5.411894E-1
1.169675E+4	5.707105E-1
1.169700E+4	6.191484E-1
1.169725E+4	6.312160E-1
1.169750E+4	6.059574E-1
1.169775E+4	5.762902E-1
1.169800E+4	5.602125E-1
1.169825E+4	5.570612E-1
1.169850E+4	5.592915E-1
1.169875E+4	5.688591E-1
1.169900E+4	5.900492E-1
1.169925E+4	6.142333E-1
1.169950E+4	6.226954E-1
1.169975E+4	6.082423E-1
1.170000E+4	5.872881E-1
1.170025E+4	5.848767E-1
1.170050E+4	6.083044E-1
1.170075E+4	6.331863E-1
1.170100E+4	6.343480E-1
1.170125E+4	6.184127E-1
1.170150E+4	6.114520E-1
1.170175E+4	6.254186E-1
1.170200E+4	6.370649E-1
1.170225E+4	6.225676E-1
1.170250E+4	5.871832E-1
1.170275E+4	5.648079E-1
1.170300E+4	5.758286E-1
1.170325E+4	6.063299E-1
1.170350E+4	6.417127E-1
1.170375E+4	6.646947E-1
1.170400E+4	6.649188E-1
1.170425E+4	6.591680E-1
1.170450E+4	6.610134E-1
1.170475E+4	6.675966E-1
1.170500E+4	6.693494E-1
1.170525E+4	6.718580E-1
1.170550E+4	6.809861E-1
1.170575E+4	6.819338E-1
1.170600E+4	6.644084E-1
1.170625E+4	6.553203E-1
1.170650E+4	6.691646E-1
1.170675E+4	6.857632E-1
1.170700E+4	6.728742E-1
1.170725E+4	6.492185E-1
1.170750E+4	6.539352E-1
1.170775E+4	6.806585E-1
1.170800E+4	6.831358E-1
1.170825E+4	6.458953E-1
1.170850E+4	6.213502E-1
1.170875E+4	6.434129E-1
1.170900E+4	6.835097E-1
1.170925E+4	6.980993E-1
1.170950E+4	7.027485E-1
1.170975E+4	7.238988E-1
1.171000E+4	7.314782E-1
1.171025E+4	6.937134E-1
1.171050E+4	6.504330E-1
1.171075E+4	6.559293E-1
1.171100E+4	7.042320E-1
1.171125E+4	7.251335E-1
1.171150E+4	6.921849E-1
1.171175E+4	6.680108E-1
1.171200E+4	6.909868E-1
1.171225E+4	7.288024E-1
1.171250E+4	7.374508E-1
1.171275E+4	7.221800E-1
1.171300E+4	7.147888E-1
1.171325E+4	7.176737E-1
1.171350E+4	7.115197E-1
1.171375E+4	6.974642E-1
1.171400E+4	6.961513E-1
1.171425E+4	7.060175E-1
1.171450E+4	7.036192E-1
1.171475E+4	6.745979E-1
1.171500E+4	6.483106E-1
1.171525E+4	6.492247E-1
1.171550E+4	6.749432E-1
1.171575E+4	7.120455E-1
1.171600E+4	7.296680E-1
1.171625E+4	7.183516E-1
1.171650E+4	6.963601E-1
1.171675E+4	6.830778E-1
1.171700E+4	6.911212E-1
1.171725E+4	7.060376E-1
1.171750E+4	7.100881E-1
1.171775E+4	6.982119E-1
1.171800E+4	6.747686E-1
1.171825E+4	6.593987E-1
1.171850E+4	6.674732E-1
1.171875E+4	6.970519E-1
1.171900E+4	7.273218E-1
1.171925E+4	7.322806E-1
1.171950E+4	7.164428E-1
1.171975E+4	7.047308E-1
1.172000E+4	7.088324E-1
1.172025E+4	7.156556E-1
1.172050E+4	7.127316E-1
1.172075E+4	7.060504E-1
1.172100E+4	7.038146E-1
1.172125E+4	6.989739E-1
1.172150E+4	6.851759E-1
1.172175E+4	6.807980E-1
1.172200E+4	7.102308E-1
1.172225E+4	7.451210E-1
1.172250E+4	7.427829E-1
1.172275E+4	7.028049E-1
1.172300E+4	6.731135E-1
1.172325E+4	6.896010E-1
1.172350E+4	7.151379E-1
1.172375E+4	7.093195E-1
1.172400E+4	6.819442E-1
1.172425E+4	6.827244E-1
1.172450E+4	7.172391E-1
1.172475E+4	7.449698E-1
1.172500E+4	7.340733E-1
1.172525E+4	7.034553E-1
1.172550E+4	6.946169E-1
1.172575E+4	7.013909E-1
1.172600E+4	7.064231E-1
1.172625E+4	7.131658E-1
1.172650E+4	7.307252E-1
1.172675E+4	7.465863E-1
1.172700E+4	7.425102E-1
1.172725E+4	7.226466E-1
1.172750E+4	7.126810E-1
1.172775E+4	7.193093E-1
1.172800E+4	7.222998E-1
1.172825E+4	7.126499E-1
1.172850E+4	7.000418E-1
1.172875E+4	6.938208E-1
1.172900E+4	6.919354E-1
1.172925E+4	6.941797E-1
1.172950E+4	7.090553E-1
1.172975E+4	7.379230E-1
1.173000E+4	7.553047E-1
1.173025E+4	7.533047E-1
1.173050E+4	7.534711E-1
1.173075E+4	7.649597E-1
1.173100E+4	7.740577E-1
1.173125E+4	7.678358E-1
1.173150E+4	7.600138E-1
1.173175E+4	7.672605E-1
1.173200E+4	7.836139E-1
1.173225E+4	7.860090E-1
1.173250E+4	7.728635E-1
1.173275E+4	7.590111E-1
1.173300E+4	7.547327E-1
1.173325E+4	7.581916E-1
1.173350E+4	7.605384E-1
1.173375E+4	7.606662E-1
1.173400E+4	7.639365E-1
1.173425E+4	7.714241E-1
1.173450E+4	7.782161E-1
1.173475E+4	7.825134E-1
1.173500E+4	7.845285E-1
1.173525E+4	7.831741E-1
1.173550E+4	7.801190E-1
1.173575E+4	7.819390E-1
1.173600E+4	7.966457E-1
1.173625E+4	8.224613E-1
1.173650E+4	8.381439E-1
1.173675E+4	8.296541E-1
1.173700E+4	8.060735E-1
1.173725E+4	7.895596E-1
1.173750E+4	7.937194E-1
1.173775E+4	8.048617E-1
1.173800E+4	8.057599E-1
1.173825E+4	8.028979E-1
1.173850E+4	8.149642E-1
1.173875E+4	8.322020E-1
1.173900E+4	8.301863E-1
1.173925E+4	8.067594E-1
1.173950E+4	7.877779E-1
1.173975E+4	7.971459E-1
1.174000E+4	8.237655E-1
1.174025E+4	8.410561E-1
1.174050E+4	8.418081E-1
1.174075E+4	8.396417E-1
1.174100E+4	8.440000E-1
1.174125E+4	8.503078E-1
1.174150E+4	8.511873E-1
1.174175E+4	8.481577E-1
1.174200E+4	8.485558E-1
1.174225E+4	8.535460E-1
1.174250E+4	8.567470E-1
1.174275E+4	8.522161E-1
1.174300E+4	8.443615E-1
1.174325E+4	8.438630E-1
1.174350E+4	8.524430E-1
1.174375E+4	8.613693E-1
1.174400E+4	8.640773E-1
1.174425E+4	8.679280E-1
1.174450E+4	8.808751E-1
1.174475E+4	8.946849E-1
1.174500E+4	8.901860E-1
1.174525E+4	8.648348E-1
1.174550E+4	8.453685E-1
1.174575E+4	8.514880E-1
1.174600E+4	8.761957E-1
1.174625E+4	8.938823E-1
1.174650E+4	8.901981E-1
1.174675E+4	8.742917E-1
1.174700E+4	8.589727E-1
1.174725E+4	8.571417E-1
1.174750E+4	8.727397E-1
1.174775E+4	8.886105E-1
1.174800E+4	8.898651E-1
1.174825E+4	8.837880E-1
1.174850E+4	8.920273E-1
1.174875E+4	9.171195E-1
1.174900E+4	9.305036E-1
1.174925E+4	9.177973E-1
1.174950E+4	8.986919E-1
1.174975E+4	8.993716E-1
1.175000E+4	9.120821E-1
1.175025E+4	9.066394E-1
1.175050E+4	8.869385E-1
1.175075E+4	8.728645E-1
1.175100E+4	8.710852E-1
1.175125E+4	8.728740E-1
1.175150E+4	8.738605E-1
1.175175E+4	8.836070E-1
1.175200E+4	9.027562E-1
1.175225E+4	9.136680E-1
1.175250E+4	9.007894E-1
1.175275E+4	8.810964E-1
1.175300E+4	8.756739E-1
1.175325E+4	8.836881E-1
1.175350E+4	8.906430E-1
1.175375E+4	8.901436E-1
1.175400E+4	8.892152E-1
1.175425E+4	8.914130E-1
1.175450E+4	8.935293E-1
1.175475E+4	8.942667E-1
1.175500E+4	8.930849E-1
1.175525E+4	8.815798E-1
1.175550E+4	8.529230E-1
1.175575E+4	8.291855E-1
1.175600E+4	8.389969E-1
1.175625E+4	8.767243E-1
1.175650E+4	9.114860E-1
1.175675E+4	9.136728E-1
1.175700E+4	9.024535E-1
1.175725E+4	9.160423E-1
1.175750E+4	9.471586E-1
1.175775E+4	9.508266E-1
1.175800E+4	9.091396E-1
1.175825E+4	8.704941E-1
1.175850E+4	8.749356E-1
1.175875E+4	9.001952E-1
1.175900E+4	9.041699E-1
1.175925E+4	8.906884E-1
1.175950E+4	8.956028E-1
1.175975E+4	9.225614E-1
1.176000E+4	9.336048E-1
1.176025E+4	9.140165E-1
1.176050E+4	8.934858E-1
1.176075E+4	8.958775E-1
1.176100E+4	9.061067E-1
1.176125E+4	9.005235E-1
1.176150E+4	8.911059E-1
1.176175E+4	8.965771E-1
1.176200E+4	9.073114E-1
1.176225E+4	8.982163E-1
1.176250E+4	8.782258E-1
1.176275E+4	8.778695E-1
1.176300E+4	8.985992E-1
1.176325E+4	9.128208E-1
1.176350E+4	9.065702E-1
1.176375E+4	9.033361E-1
1.176400E+4	9.147827E-1
1.176425E+4	9.223169E-1
1.176450E+4	9.102657E-1
1.176475E+4	8.975667E-1
1.176500E+4	9.069966E-1
1.176525E+4	9.313584E-1
1.176550E+4	9.389816E-1
1.176575E+4	9.175339E-1
1.176600E+4	8.935446E-1
1.176625E+4	8.831279E-1
1.176650E+4	8.836698E-1
1.176675E+4	8.895349E-1
1.176700E+4	8.957771E-1
1.176725E+4	8.969205E-1
1.176750E+4	8.928135E-1
1.176775E+4	8.913234E-1
1.176800E+4	8.989398E-1
1.176825E+4	9.132618E-1
1.176850E+4	9.246686E-1
1.176875E+4	9.296564E-1
1.176900E+4	9.329453E-1
1.176925E+4	9.339353E-1
1.176950E+4	9.281938E-1
1.176975E+4	9.209419E-1
1.177000E+4	9.198467E-1
1.177025E+4	9.169146E-1
1.177050E+4	8.986603E-1
1.177075E+4	8.744300E-1
1.177100E+4	8.741162E-1
1.177125E+4	8.981184E-1
1.177150E+4	9.202515E-1
1.177175E+4	9.216156E-1
1.177200E+4	9.147345E-1
1.177225E+4	9.196053E-1
1.177250E+4	9.308010E-1
1.177275E+4	9.307110E-1
1.177300E+4	9.242345E-1
1.177325E+4	9.281855E-1
1.177350E+4	9.414218E-1
1.177375E+4	9.440096E-1
1.177400E+4	9.298858E-1
1.177425E+4	9.223028E-1
1.177450E+4	9.280458E-1
1.177475E+4	9.335723E-1
1.177500E+4	9.288152E-1
1.177525E+4	9.232371E-1
1.177550E+4	9.258080E-1
1.177575E+4	9.303183E-1
1.177600E+4	9.279154E-1
1.177625E+4	9.236969E-1
1.177650E+4	9.263780E-1
1.177675E+4	9.330456E-1
1.177700E+4	9.371275E-1
1.177725E+4	9.400353E-1
1.177750E+4	9.432615E-1
1.177775E+4	9.394991E-1
1.177800E+4	9.260489E-1
1.177825E+4	9.170192E-1
1.177850E+4	9.225577E-1
1.177875E+4	9.317951E-1
1.177900E+4	9.273927E-1
1.177925E+4	9.136156E-1
1.177950E+4	9.096580E-1
1.177975E+4	9.172110E-1
1.178000E+4	9.192223E-1
1.178025E+4	9.105640E-1
1.178050E+4	9.095313E-1
1.178075E+4	9.265019E-1
1.178100E+4	9.469350E-1
1.178125E+4	9.478941E-1
1.178150E+4	9.347258E-1
1.178175E+4	9.319153E-1
1.178200E+4	9.452974E-1
1.178225E+4	9.571927E-1
1.178250E+4	9.542443E-1
1.178275E+4	9.449536E-1
1.178300E+4	9.417328E-1
1.178325E+4	9.436681E-1
1.178350E+4	9.427804E-1
1.178375E+4	9.405335E-1
1.178400E+4	9.447112E-1
1.178425E+4	9.524091E-1
1.178450E+4	9.517274E-1
1.178475E+4	9.414027E-1
1.178500E+4	9.323155E-1
1.178525E+4	9.366782E-1
1.178550E+4	9.492671E-1
1.178575E+4	9.528236E-1
1.178600E+4	9.472468E-1
1.178625E+4	9.449705E-1
1.178650E+4	9.515792E-1
1.178675E+4	9.593478E-1
1.178700E+4	9.599137E-1
1.178725E+4	9.545245E-1
1.178750E+4	9.508428E-1
1.178775E+4	9.505099E-1
1.178800E+4	9.507550E-1
1.178825E+4	9.521464E-1
1.178850E+4	9.563685E-1
1.178875E+4	9.609911E-1
1.178900E+4	9.636135E-1
1.178925E+4	9.649162E-1
1.178950E+4	9.642057E-1
1.178975E+4	9.597688E-1
1.179000E+4	9.555387E-1
1.179025E+4	9.581166E-1
1.179050E+4	9.672164E-1
1.179075E+4	9.705743E-1
1.179100E+4	9.622691E-1
1.179125E+4	9.526061E-1
1.179150E+4	9.520578E-1
1.179175E+4	9.573958E-1
1.179200E+4	9.571842E-1
1.179225E+4	9.543935E-1
1.179250E+4	9.599713E-1
1.179275E+4	9.693438E-1
1.179300E+4	9.655261E-1
1.179325E+4	9.494189E-1
1.179350E+4	9.408267E-1
1.179375E+4	9.503192E-1
1.179400E+4	9.634106E-1
1.179425E+4	9.654992E-1
1.179450E+4	9.625246E-1
1.179475E+4	9.670712E-1
1.179500E+4	9.744683E-1
1.179525E+4	9.726354E-1
1.179550E+4	9.632230E-1
1.179575E+4	9.605156E-1
1.179600E+4	9.689026E-1
1.179625E+4	9.763704E-1
1.179650E+4	9.742897E-1
1.179675E+4	9.656172E-1
1.179700E+4	9.618623E-1
1.179725E+4	9.667458E-1
1.179750E+4	9.730497E-1
1.179775E+4	9.728712E-1
1.179800E+4	9.651596E-1
1.179825E+4	9.578265E-1
1.179850E+4	9.582246E-1
1.179875E+4	9.651251E-1
1.179900E+4	9.693837E-1
1.179925E+4	9.668220E-1
1.179950E+4	9.626514E-1
1.179975E+4	9.620143E-1
1.180000E+4	9.633045E-1
1.180025E+4	9.627176E-1
1.180050E+4	9.621650E-1
1.180075E+4	9.639634E-1
1.180100E+4	9.658529E-1
1.180125E+4	9.651661E-1
1.180150E+4	9.652696E-1
1.180175E+4	9.698166E-1
1.180200E+4	9.729109E-1
1.180225E+4	9.669426E-1
1.180250E+4	9.550146E-1
1.180275E+4	9.488793E-1
1.180300E+4	9.545158E-1
1.180325E+4	9.631712E-1
1.180350E+4	9.660085E-1
1.180375E+4	9.639858E-1
1.180400E+4	9.631848E-1
1.180425E+4	9.657026E-1
1.180450E+4	9.673093E-1
1.180475E+4	9.647647E-1
1.180500E+4	9.613624E-1
1.180525E+4	9.635119E-1
1.180550E+4	9.710394E-1
1.180575E+4	9.768967E-1
1.180600E+4	9.745219E-1
1.180625E+4	9.680714E-1
1.180650E+4	9.683650E-1
1.180675E+4	9.751525E-1
1.180700E+4	9.767942E-1
1.180725E+4	9.668684E-1
1.180750E+4	9.575456E-1
1.180775E+4	9.604968E-1
1.180800E+4	9.691608E-1
1.180825E+4	9.705649E-1
1.180850E+4	9.642305E-1
1.180875E+4	9.621205E-1
1.180900E+4	9.674900E-1
1.180925E+4	9.721495E-1
1.180950E+4	9.714378E-1
1.180975E+4	9.705386E-1
1.181000E+4	9.729504E-1
1.181025E+4	9.727757E-1
1.181050E+4	9.660006E-1
1.181075E+4	9.584138E-1
1.181100E+4	9.572492E-1
1.181125E+4	9.619716E-1
1.181150E+4	9.687173E-1
1.181175E+4	9.759202E-1
1.181200E+4	9.815021E-1
1.181225E+4	9.818016E-1
1.181250E+4	9.777863E-1
1.181275E+4	9.765611E-1
1.181300E+4	9.813106E-1
1.181325E+4	9.856892E-1
1.181350E+4	9.842207E-1
1.181375E+4	9.814882E-1
1.181400E+4	9.834449E-1
1.181425E+4	9.856468E-1
1.181450E+4	9.810576E-1
1.181475E+4	9.729767E-1
1.181500E+4	9.716158E-1
1.181525E+4	9.770966E-1
1.181550E+4	9.801067E-1
1.181575E+4	9.760456E-1
1.181600E+4	9.720602E-1
1.181625E+4	9.746687E-1
1.181650E+4	9.801529E-1
1.181675E+4	9.817957E-1
1.181700E+4	9.788721E-1
1.181725E+4	9.766717E-1
1.181750E+4	9.769867E-1
1.181775E+4	9.788895E-1
1.181800E+4	9.822636E-1
1.181825E+4	9.855952E-1
1.181850E+4	9.852820E-1
1.181875E+4	9.813756E-1
1.181900E+4	9.784132E-1
1.181925E+4	9.794877E-1
1.181950E+4	9.821505E-1
1.181975E+4	9.816750E-1
1.182000E+4	9.786267E-1
1.182025E+4	9.785159E-1
1.182050E+4	9.818653E-1
1.182075E+4	9.830939E-1
1.182100E+4	9.789119E-1
1.182125E+4	9.744133E-1
1.182150E+4	9.759812E-1
1.182175E+4	9.827540E-1
1.182200E+4	9.873701E-1
1.182225E+4	9.865294E-1
1.182250E+4	9.850581E-1
1.182275E+4	9.865375E-1
1.182300E+4	9.885848E-1
1.182325E+4	9.873863E-1
1.182350E+4	9.853909E-1
1.182375E+4	9.860362E-1
1.182400E+4	9.880573E-1
1.182425E+4	9.870780E-1
1.182450E+4	9.833605E-1
1.182475E+4	9.824286E-1
1.182500E+4	9.861777E-1
1.182525E+4	9.909512E-1
1.182550E+4	9.930076E-1
1.182575E+4	9.932053E-1
1.182600E+4	9.929240E-1
1.182625E+4	9.903596E-1
1.182650E+4	9.847465E-1
1.182675E+4	9.801849E-1
1.182700E+4	9.809271E-1
1.182725E+4	9.848678E-1
1.182750E+4	9.870086E-1
1.182775E+4	9.868402E-1
1.182800E+4	9.875815E-1
1.182825E+4	9.896715E-1
1.182850E+4	9.902313E-1
1.182875E+4	9.886720E-1
1.182900E+4	9.877898E-1
1.182925E+4	9.890300E-1
1.182950E+4	9.900254E-1
1.182975E+4	9.895973E-1
1.183000E+4	9.898419E-1
1.183025E+4	9.919708E-1
1.183050E+4	9.930144E-1
1.183075E+4	9.909149E-1
1.183100E+4	9.879231E-1
1.183125E+4	9.871675E-1
1.183150E+4	9.886069E-1
1.183175E+4	9.894066E-1
1.183200E+4	9.890610E-1
1.183225E+4	9.898056E-1
1.183250E+4	9.918691E-1
1.183275E+4	9.924710E-1
1.183300E+4	9.902396E-1
1.183325E+4	9.879604E-1
1.183350E+4	9.886927E-1
1.183375E+4	9.916248E-1
1.183400E+4	9.933273E-1
1.183425E+4	9.921158E-1
1.183450E+4	9.899794E-1
1.183475E+4	9.892765E-1
1.183500E+4	9.900768E-1
1.183525E+4	9.908004E-1
1.183550E+4	9.905220E-1
1.183575E+4	9.898203E-1
1.183600E+4	9.891314E-1
1.183625E+4	9.879781E-1
1.183650E+4	9.861383E-1
1.183675E+4	9.845602E-1
1.183700E+4	9.842498E-1
1.183725E+4	9.845415E-1
1.183750E+4	9.830774E-1
1.183775E+4	9.789196E-1
1.183800E+4	9.744865E-1
1.183825E+4	9.735771E-1
1.183850E+4	9.771911E-1
1.183875E+4	9.816935E-1
1.183900E+4	9.834840E-1
1.183925E+4	9.832793E-1
1.183950E+4	9.836826E-1
1.183975E+4	9.841137E-1
1.184000E+4	9.818099E-1
1.184025E+4	9.771127E-1
1.184050E+4	9.744749E-1
1.184075E+4	9.759873E-1
1.184100E+4	9.775919E-1
1.184125E+4	9.757888E-1
1.184150E+4	9.736312E-1
1.184175E+4	9.763095E-1
1.184200E+4	9.825300E-1
1.184225E+4	9.866799E-1
1.184250E+4	9.864760E-1
1.184275E+4	9.841390E-1
1.184300E+4	9.817255E-1
1.184325E+4	9.791517E-1
1.184350E+4	9.774413E-1
1.184375E+4	9.788671E-1
1.184400E+4	9.820010E-1
1.184425E+4	9.814657E-1
1.184450E+4	9.759359E-1
1.184475E+4	9.708987E-1
1.184500E+4	9.711196E-1
1.184525E+4	9.751354E-1
1.184550E+4	9.785485E-1
1.184575E+4	9.795734E-1
1.184600E+4	9.788803E-1
1.184625E+4	9.770079E-1
1.184650E+4	9.754247E-1
1.184675E+4	9.769636E-1
1.184700E+4	9.814078E-1
1.184725E+4	9.841491E-1
1.184750E+4	9.822735E-1
1.184775E+4	9.785389E-1
1.184800E+4	9.770996E-1
1.184825E+4	9.771986E-1
1.184850E+4	9.763352E-1
1.184875E+4	9.763538E-1
1.184900E+4	9.798415E-1
1.184925E+4	9.833528E-1
1.184950E+4	9.814404E-1
1.184975E+4	9.764981E-1
1.185000E+4	9.754693E-1
1.185025E+4	9.790944E-1
1.185050E+4	9.811521E-1
1.185075E+4	9.790017E-1
1.185100E+4	9.775062E-1
1.185125E+4	9.793546E-1
1.185150E+4	9.805749E-1
1.185175E+4	9.780554E-1
1.185200E+4	9.752603E-1
1.185225E+4	9.761161E-1
1.185250E+4	9.779225E-1
1.185275E+4	9.766391E-1
1.185300E+4	9.738714E-1
1.185325E+4	9.736251E-1
1.185350E+4	9.746527E-1
1.185375E+4	9.724274E-1
1.185400E+4	9.679387E-1
1.185425E+4	9.673397E-1
1.185450E+4	9.730801E-1
1.185475E+4	9.788896E-1
1.185500E+4	9.782670E-1
1.185525E+4	9.735363E-1
1.185550E+4	9.713947E-1
1.185575E+4	9.747014E-1
1.185600E+4	9.791138E-1
1.185625E+4	9.791554E-1
1.185650E+4	9.754539E-1
1.185675E+4	9.724348E-1
1.185700E+4	9.727707E-1
1.185725E+4	9.748131E-1
1.185750E+4	9.760046E-1
1.185775E+4	9.769553E-1
1.185800E+4	9.792422E-1
1.185825E+4	9.816079E-1
1.185850E+4	9.816276E-1
1.185875E+4	9.796388E-1
1.185900E+4	9.782288E-1
1.185925E+4	9.785259E-1
1.185950E+4	9.792222E-1
1.185975E+4	9.799216E-1
1.186000E+4	9.815319E-1
1.186025E+4	9.833933E-1
1.186050E+4	9.837086E-1
1.186075E+4	9.836607E-1
1.186100E+4	9.856063E-1
1.186125E+4	9.881395E-1
1.186150E+4	9.872506E-1
1.186175E+4	9.838054E-1
1.186200E+4	9.833732E-1
1.186225E+4	9.867543E-1
1.186250E+4	9.883803E-1
1.186275E+4	9.852422E-1
1.186300E+4	9.819911E-1
1.186325E+4	9.831421E-1
1.186350E+4	9.863596E-1
1.186375E+4	9.868625E-1
1.186400E+4	9.850562E-1
1.186425E+4	9.842474E-1
1.186450E+4	9.837694E-1
1.186475E+4	9.816630E-1
1.186500E+4	9.804508E-1
1.186525E+4	9.834351E-1
1.186550E+4	9.876924E-1
1.186575E+4	9.874733E-1
1.186600E+4	9.837848E-1
1.186625E+4	9.829257E-1
1.186650E+4	9.860782E-1
1.186675E+4	9.883028E-1
1.186700E+4	9.877224E-1
1.186725E+4	9.878190E-1
1.186750E+4	9.903143E-1
1.186775E+4	9.921435E-1
1.186800E+4	9.915260E-1
1.186825E+4	9.911696E-1
1.186850E+4	9.928294E-1
1.186875E+4	9.937833E-1
1.186900E+4	9.919146E-1
1.186925E+4	9.897986E-1
1.186950E+4	9.905234E-1
1.186975E+4	9.925262E-1
1.187000E+4	9.928665E-1
1.187025E+4	9.924462E-1
1.187050E+4	9.935559E-1
1.187075E+4	9.951383E-1
1.187100E+4	9.946196E-1
1.187125E+4	9.925720E-1
1.187150E+4	9.921397E-1
1.187175E+4	9.939903E-1
1.187200E+4	9.951254E-1
1.187225E+4	9.940113E-1
1.187250E+4	9.924325E-1
1.187275E+4	9.925744E-1
1.187300E+4	9.939595E-1
1.187325E+4	9.948691E-1
1.187350E+4	9.950518E-1
1.187375E+4	9.955112E-1
1.187400E+4	9.965323E-1
1.187425E+4	9.970501E-1
1.187450E+4	9.963664E-1
1.187475E+4	9.954023E-1
1.187500E+4	9.956542E-1
1.187525E+4	9.967325E-1
1.187550E+4	9.968853E-1
1.187575E+4	9.957286E-1
1.187600E+4	9.950736E-1
1.187625E+4	9.961627E-1
1.187650E+4	9.974868E-1
1.187675E+4	9.975000E-1
1.187700E+4	9.973104E-1
1.187725E+4	9.981469E-1
1.187750E+4	9.984212E-1
1.187775E+4	9.959613E-1
1.187800E+4	9.924933E-1
1.187825E+4	9.917008E-1
1.187850E+4	9.937311E-1
1.187875E+4	9.955449E-1
1.187900E+4	9.953712E-1
1.187925E+4	9.948552E-1
1.187950E+4	9.954303E-1
1.187975E+4	9.961159E-1
1.188000E+4	9.957748E-1
1.188025E+4	9.952599E-1
1.188050E+4	9.953363E-1
1.188075E+4	9.953272E-1
1.188100E+4	9.950577E-1
1.188125E+4	9.957010E-1
1.188150E+4	9.971185E-1
1.188175E+4	9.973058E-1
1.188200E+4	9.955270E-1
1.188225E+4	9.940288E-1
1.188250E+4	9.943844E-1
1.188275E+4	9.946094E-1
1.188300E+4	9.926692E-1
1.188325E+4	9.901868E-1
1.188350E+4	9.898934E-1
1.188375E+4	9.916438E-1
1.188400E+4	9.930584E-1
1.188425E+4	9.928494E-1
1.188450E+4	9.919026E-1
1.188475E+4	9.908983E-1
1.188500E+4	9.899593E-1
1.188525E+4	9.898928E-1
1.188550E+4	9.911340E-1
1.188575E+4	9.923262E-1
1.188600E+4	9.918590E-1
1.188625E+4	9.904353E-1
1.188650E+4	9.903269E-1
1.188675E+4	9.917752E-1
1.188700E+4	9.928433E-1
1.188725E+4	9.921992E-1
1.188750E+4	9.906887E-1
1.188775E+4	9.895298E-1
1.188800E+4	9.888548E-1
1.188825E+4	9.885054E-1
1.188850E+4	9.885100E-1
1.188875E+4	9.885701E-1
1.188900E+4	9.882450E-1
1.188925E+4	9.877786E-1
1.188950E+4	9.878480E-1
1.188975E+4	9.881776E-1
1.189000E+4	9.877019E-1
1.189025E+4	9.860538E-1
1.189050E+4	9.843494E-1
1.189075E+4	9.839209E-1
1.189100E+4	9.847779E-1
1.189125E+4	9.861844E-1
1.189150E+4	9.874505E-1
1.189175E+4	9.881495E-1
1.189200E+4	9.882685E-1
1.189225E+4	9.880114E-1
1.189250E+4	9.874626E-1
1.189275E+4	9.867233E-1
1.189300E+4	9.862560E-1
1.189325E+4	9.865133E-1
1.189350E+4	9.870914E-1
1.189375E+4	9.871618E-1
1.189400E+4	9.868206E-1
1.189425E+4	9.868377E-1
1.189450E+4	9.870112E-1
1.189475E+4	9.859904E-1
1.189500E+4	9.836665E-1
1.189525E+4	9.821203E-1
1.189550E+4	9.828569E-1
1.189575E+4	9.845421E-1
1.189600E+4	9.849021E-1
1.189625E+4	9.841316E-1
1.189650E+4	9.841638E-1
1.189675E+4	9.853185E-1
1.189700E+4	9.859879E-1
1.189725E+4	9.855023E-1
1.189750E+4	9.853194E-1
1.189775E+4	9.864153E-1
1.189800E+4	9.874808E-1
1.189825E+4	9.868386E-1
1.189850E+4	9.852504E-1
1.189875E+4	9.848156E-1
1.189900E+4	9.858882E-1
1.189925E+4	9.867132E-1
1.189950E+4	9.859173E-1
1.189975E+4	9.845951E-1
1.190000E+4	9.847462E-1
1.190025E+4	9.866479E-1
1.190050E+4	9.882496E-1
1.190075E+4	9.877703E-1
1.190100E+4	9.861523E-1
1.190125E+4	9.855938E-1
1.190150E+4	9.867876E-1
1.190175E+4	9.880078E-1
1.190200E+4	9.875981E-1
1.190225E+4	9.863249E-1
1.190250E+4	9.862235E-1
1.190275E+4	9.879720E-1
1.190300E+4	9.901758E-1
1.190325E+4	9.912948E-1
1.190350E+4	9.911106E-1
1.190375E+4	9.903200E-1
1.190400E+4	9.895984E-1
1.190425E+4	9.892947E-1
1.190450E+4	9.895325E-1
1.190475E+4	9.901139E-1
1.190500E+4	9.904968E-1
1.190525E+4	9.902417E-1
1.190550E+4	9.895597E-1
1.190575E+4	9.892993E-1
1.190600E+4	9.901262E-1
1.190625E+4	9.916114E-1
1.190650E+4	9.923821E-1
1.190675E+4	9.916603E-1
1.190700E+4	9.903827E-1
1.190725E+4	9.900665E-1
1.190750E+4	9.909096E-1
1.190775E+4	9.916411E-1
1.190800E+4	9.914410E-1
1.190825E+4	9.909628E-1
1.190850E+4	9.909146E-1
1.190875E+4	9.909307E-1
1.190900E+4	9.905650E-1
1.190925E+4	9.903941E-1
1.190950E+4	9.910393E-1
1.190975E+4	9.919453E-1
1.191000E+4	9.922431E-1
1.191025E+4	9.922930E-1
1.191050E+4	9.929638E-1
1.191075E+4	9.938582E-1
1.191100E+4	9.937661E-1
1.191125E+4	9.927438E-1
1.191150E+4	9.922673E-1
1.191175E+4	9.929615E-1
1.191200E+4	9.937474E-1
1.191225E+4	9.936449E-1
1.191250E+4	9.932060E-1
1.191275E+4	9.933836E-1
1.191300E+4	9.938743E-1
1.191325E+4	9.937744E-1
1.191350E+4	9.931929E-1
1.191375E+4	9.930879E-1
1.191400E+4	9.936890E-1
1.191425E+4	9.940930E-1
1.191450E+4	9.936276E-1
1.191475E+4	9.928395E-1
1.191500E+4	9.926953E-1
1.191525E+4	9.933185E-1
1.191550E+4	9.939586E-1
1.191575E+4	9.940439E-1
1.191600E+4	9.938345E-1
1.191625E+4	9.938438E-1
1.191650E+4	9.940608E-1
1.191675E+4	9.940724E-1
1.191700E+4	9.937379E-1
1.191725E+4	9.933611E-1
1.191750E+4	9.932015E-1
1.191775E+4	9.931851E-1
1.191800E+4	9.931730E-1
1.191825E+4	9.931656E-1
1.191850E+4	9.931507E-1
1.191875E+4	9.930765E-1
1.191900E+4	9.930317E-1
1.191925E+4	9.930885E-1
1.191950E+4	9.929562E-1
1.191975E+4	9.923010E-1
1.192000E+4	9.915052E-1
1.192025E+4	9.914329E-1
1.192050E+4	9.921499E-1
1.192075E+4	9.925504E-1
1.192100E+4	9.918402E-1
1.192125E+4	9.907100E-1
1.192150E+4	9.903603E-1
1.192175E+4	9.908263E-1
1.192200E+4	9.910780E-1
1.192225E+4	9.906655E-1
1.192250E+4	9.902127E-1
1.192275E+4	9.902860E-1
1.192300E+4	9.905870E-1
1.192325E+4	9.905981E-1
1.192350E+4	9.903970E-1
1.192375E+4	9.903378E-1
1.192400E+4	9.903117E-1
1.192425E+4	9.897954E-1
1.192450E+4	9.886138E-1
1.192475E+4	9.873819E-1
1.192500E+4	9.869909E-1
1.192525E+4	9.875526E-1
1.192550E+4	9.880901E-1
1.192575E+4	9.876126E-1
1.192600E+4	9.864435E-1
1.192625E+4	9.858709E-1
1.192650E+4	9.863307E-1
1.192675E+4	9.866779E-1
1.192700E+4	9.858330E-1
1.192725E+4	9.844621E-1
1.192750E+4	9.839879E-1
1.192775E+4	9.844761E-1
1.192800E+4	9.846187E-1
1.192825E+4	9.837872E-1
1.192850E+4	9.828799E-1
1.192875E+4	9.828008E-1
1.192900E+4	9.831132E-1
1.192925E+4	9.829094E-1
1.192950E+4	9.822289E-1
1.192975E+4	9.817306E-1
1.193000E+4	9.815386E-1
1.193025E+4	9.812469E-1
1.193050E+4	9.808219E-1
1.193075E+4	9.806283E-1
1.193100E+4	9.805928E-1
1.193125E+4	9.801369E-1
1.193150E+4	9.791340E-1
1.193175E+4	9.782891E-1
1.193200E+4	9.782058E-1
1.193225E+4	9.784917E-1
1.193250E+4	9.782889E-1
1.193275E+4	9.773971E-1
1.193300E+4	9.763969E-1
1.193325E+4	9.758038E-1
1.193350E+4	9.755964E-1
1.193375E+4	9.755517E-1
1.193400E+4	9.755024E-1
1.193425E+4	9.751938E-1
1.193450E+4	9.744092E-1
1.193475E+4	9.734671E-1
1.193500E+4	9.731397E-1
1.193525E+4	9.736000E-1
1.193550E+4	9.739531E-1
1.193575E+4	9.734084E-1
1.193600E+4	9.723515E-1
1.193625E+4	9.716641E-1
1.193650E+4	9.712880E-1
1.193675E+4	9.704987E-1
1.193700E+4	9.695135E-1
1.193725E+4	9.694712E-1
1.193750E+4	9.705353E-1
1.193775E+4	9.712709E-1
1.193800E+4	9.705558E-1
1.193825E+4	9.691467E-1
1.193850E+4	9.683286E-1
1.193875E+4	9.679509E-1
1.193900E+4	9.671061E-1
1.193925E+4	9.660482E-1
1.193950E+4	9.659027E-1
1.193975E+4	9.666801E-1
1.194000E+4	9.671769E-1
1.194025E+4	9.669101E-1
1.194050E+4	9.668024E-1
1.194075E+4	9.674421E-1
1.194100E+4	9.679846E-1
1.194125E+4	9.675609E-1
1.194150E+4	9.666719E-1
1.194175E+4	9.662800E-1
1.194200E+4	9.663347E-1
1.194225E+4	9.661467E-1
1.194250E+4	9.656594E-1
1.194275E+4	9.653250E-1
1.194300E+4	9.651076E-1
1.194325E+4	9.646364E-1
1.194350E+4	9.641428E-1
1.194375E+4	9.642513E-1
1.194400E+4	9.648310E-1
1.194425E+4	9.649258E-1
1.194450E+4	9.641188E-1
1.194475E+4	9.632295E-1
1.194500E+4	9.631933E-1
1.194525E+4	9.637979E-1
1.194550E+4	9.639644E-1
1.194575E+4	9.631829E-1
1.194600E+4	9.622321E-1
1.194625E+4	9.621925E-1
1.194650E+4	9.629480E-1
1.194675E+4	9.632476E-1
1.194700E+4	9.624287E-1
1.194725E+4	9.613945E-1
1.194750E+4	9.612633E-1
1.194775E+4	9.615605E-1
1.194800E+4	9.609689E-1
1.194825E+4	9.595945E-1
1.194850E+4	9.589964E-1
1.194875E+4	9.597622E-1
1.194900E+4	9.605758E-1
1.194925E+4	9.603759E-1
1.194950E+4	9.598239E-1
1.194975E+4	9.596302E-1
1.195000E+4	9.591104E-1
1.195025E+4	9.577682E-1
1.195050E+4	9.568446E-1
1.195075E+4	9.574491E-1
1.195100E+4	9.585587E-1
1.195125E+4	9.587914E-1
1.195150E+4	9.588557E-1
1.195175E+4	9.599501E-1
1.195200E+4	9.607575E-1
1.195225E+4	9.591493E-1
1.195250E+4	9.562754E-1
1.195275E+4	9.554222E-1
1.195300E+4	9.567534E-1
1.195325E+4	9.569990E-1
1.195350E+4	9.550102E-1
1.195375E+4	9.537293E-1
1.195400E+4	9.551110E-1
1.195425E+4	9.567462E-1
1.195450E+4	9.557067E-1
1.195475E+4	9.529789E-1
1.195500E+4	9.513894E-1
1.195525E+4	9.514445E-1
1.195550E+4	9.520493E-1
1.195575E+4	9.530864E-1
1.195600E+4	9.544381E-1
1.195625E+4	9.543471E-1
1.195650E+4	9.518790E-1
1.195675E+4	9.493594E-1
1.195700E+4	9.495712E-1
1.195725E+4	9.513798E-1
1.195750E+4	9.513195E-1
1.195775E+4	9.490931E-1
1.195800E+4	9.475046E-1
1.195825E+4	9.479188E-1
1.195850E+4	9.486987E-1
1.195875E+4	9.482985E-1
1.195900E+4	9.471516E-1
1.195925E+4	9.459944E-1
1.195950E+4	9.449164E-1
1.195975E+4	9.444436E-1
1.196000E+4	9.453114E-1
1.196025E+4	9.467391E-1
1.196050E+4	9.469575E-1
1.196075E+4	9.460285E-1
1.196100E+4	9.456222E-1
1.196125E+4	9.462233E-1
1.196150E+4	9.465530E-1
1.196175E+4	9.458488E-1
1.196200E+4	9.446074E-1
1.196225E+4	9.429071E-1
1.196250E+4	9.408340E-1
1.196275E+4	9.400169E-1
1.196300E+4	9.416966E-1
1.196325E+4	9.437594E-1
1.196350E+4	9.426907E-1
1.196375E+4	9.391243E-1
1.196400E+4	9.374941E-1
1.196425E+4	9.391521E-1
1.196450E+4	9.403710E-1
1.196475E+4	9.380803E-1
1.196500E+4	9.343153E-1
1.196525E+4	9.324109E-1
1.196550E+4	9.322233E-1
1.196575E+4	9.318452E-1
1.196600E+4	9.312252E-1
1.196625E+4	9.312461E-1
1.196650E+4	9.313328E-1
1.196675E+4	9.308564E-1
1.196700E+4	9.310675E-1
1.196725E+4	9.328216E-1
1.196750E+4	9.340652E-1
1.196775E+4	9.327044E-1
1.196800E+4	9.303108E-1
1.196825E+4	9.295870E-1
1.196850E+4	9.303210E-1
1.196875E+4	9.304157E-1
1.196900E+4	9.298416E-1
1.196925E+4	9.298868E-1
1.196950E+4	9.297581E-1
1.196975E+4	9.275419E-1
1.197000E+4	9.245703E-1
1.197025E+4	9.240893E-1
1.197050E+4	9.258068E-1
1.197075E+4	9.260970E-1
1.197100E+4	9.237657E-1
1.197125E+4	9.223214E-1
1.197150E+4	9.238314E-1
1.197175E+4	9.250320E-1
1.197200E+4	9.222878E-1
1.197225E+4	9.174608E-1
1.197250E+4	9.152411E-1
1.197275E+4	9.160671E-1
1.197300E+4	9.164324E-1
1.197325E+4	9.154451E-1
1.197350E+4	9.161212E-1
1.197375E+4	9.189169E-1
1.197400E+4	9.189610E-1
1.197425E+4	9.129827E-1
1.197450E+4	9.053764E-1
1.197475E+4	9.034452E-1
1.197500E+4	9.074913E-1
1.197525E+4	9.105397E-1
1.197550E+4	9.080464E-1
1.197575E+4	9.031678E-1
1.197600E+4	9.011888E-1
1.197625E+4	9.022875E-1
1.197650E+4	9.034347E-1
1.197675E+4	9.041410E-1
1.197700E+4	9.059540E-1
1.197725E+4	9.080877E-1
1.197750E+4	9.077049E-1
1.197775E+4	9.050200E-1
1.197800E+4	9.037372E-1
1.197825E+4	9.058920E-1
1.197850E+4	9.088672E-1
1.197875E+4	9.092209E-1
1.197900E+4	9.075022E-1
1.197925E+4	9.065305E-1
1.197950E+4	9.067790E-1
1.197975E+4	9.055240E-1
1.198000E+4	9.011674E-1
1.198025E+4	8.965858E-1
1.198050E+4	8.966974E-1
1.198075E+4	9.021117E-1
1.198100E+4	9.072545E-1
1.198125E+4	9.067640E-1
1.198150E+4	9.020273E-1
1.198175E+4	8.989955E-1
1.198200E+4	8.994704E-1
1.198225E+4	8.996575E-1
1.198250E+4	8.965892E-1
1.198275E+4	8.925089E-1
1.198300E+4	8.910909E-1
1.198325E+4	8.921133E-1
1.198350E+4	8.930064E-1
1.198375E+4	8.928046E-1
1.198400E+4	8.925739E-1
1.198425E+4	8.927159E-1
1.198450E+4	8.925616E-1
1.198475E+4	8.918560E-1
1.198500E+4	8.912453E-1
1.198525E+4	8.918355E-1
1.198550E+4	8.945612E-1
1.198575E+4	8.986394E-1
1.198600E+4	9.001199E-1
1.198625E+4	8.955970E-1
1.198650E+4	8.885128E-1
1.198675E+4	8.862687E-1
1.198700E+4	8.908844E-1
1.198725E+4	8.963063E-1
1.198750E+4	8.971269E-1
1.198775E+4	8.956818E-1
1.198800E+4	8.962795E-1
1.198825E+4	8.979336E-1
1.198850E+4	8.972504E-1
1.198875E+4	8.949515E-1
1.198900E+4	8.939473E-1
1.198925E+4	8.942752E-1
1.198950E+4	8.943673E-1
1.198975E+4	8.944622E-1
1.199000E+4	8.947746E-1
1.199025E+4	8.939125E-1
1.199050E+4	8.925929E-1
1.199075E+4	8.941162E-1
1.199100E+4	8.970087E-1
1.199125E+4	8.938150E-1
1.199150E+4	8.834102E-1
1.199175E+4	8.753078E-1
1.199200E+4	8.774850E-1
1.199225E+4	8.849705E-1
1.199250E+4	8.884161E-1
1.199275E+4	8.891551E-1
1.199300E+4	8.921426E-1
1.199325E+4	8.926019E-1
1.199350E+4	8.844521E-1
1.199375E+4	8.759470E-1
1.199400E+4	8.776309E-1
1.199425E+4	8.859938E-1
1.199450E+4	8.882189E-1
1.199475E+4	8.854443E-1
1.199500E+4	8.906012E-1
1.199525E+4	9.023287E-1
1.199550E+4	9.041004E-1
1.199575E+4	8.934871E-1
1.199600E+4	8.887604E-1
1.199625E+4	8.986506E-1
1.199650E+4	9.068969E-1
1.199675E+4	9.022618E-1
1.199700E+4	8.972229E-1
1.199725E+4	9.041516E-1
1.199750E+4	9.127537E-1
1.199775E+4	9.062605E-1
1.199800E+4	8.923282E-1
1.199825E+4	8.855506E-1
1.199850E+4	8.858898E-1
1.199875E+4	8.829926E-1
1.199900E+4	8.773429E-1
1.199925E+4	8.775013E-1
1.199950E+4	8.817463E-1
1.199975E+4	8.798097E-1
1.200000E+4	8.720049E-1
1.200025E+4	8.683163E-1
1.200050E+4	8.713817E-1
1.200075E+4	8.737464E-1
1.200100E+4	8.714590E-1
1.200125E+4	8.694289E-1
1.200150E+4	8.705492E-1
1.200175E+4	8.722219E-1
1.200200E+4	8.728274E-1
1.200225E+4	8.713378E-1
1.200250E+4	8.638240E-1
1.200275E+4	8.510498E-1
1.200300E+4	8.419043E-1
1.200325E+4	8.407858E-1
1.200350E+4	8.408887E-1
1.200375E+4	8.343397E-1
1.200400E+4	8.292455E-1
1.200425E+4	8.356176E-1
1.200450E+4	8.445714E-1
1.200475E+4	8.394757E-1
1.200500E+4	8.214928E-1
1.200525E+4	8.116582E-1
1.200550E+4	8.187425E-1
1.200575E+4	8.255549E-1
1.200600E+4	8.203948E-1
1.200625E+4	8.104617E-1
1.200650E+4	8.053351E-1
1.200675E+4	8.008541E-1
1.200700E+4	7.910908E-1
1.200725E+4	7.830181E-1
1.200750E+4	7.853075E-1
1.200775E+4	7.907377E-1
1.200800E+4	7.878511E-1
1.200825E+4	7.800361E-1
1.200850E+4	7.753694E-1
1.200875E+4	7.702469E-1
1.200900E+4	7.572924E-1
1.200925E+4	7.433116E-1
1.200950E+4	7.423459E-1
1.200975E+4	7.527094E-1
1.201000E+4	7.551413E-1
1.201025E+4	7.466168E-1
1.201050E+4	7.405317E-1
1.201075E+4	7.417723E-1
1.201100E+4	7.377773E-1
1.201125E+4	7.222275E-1
1.201150E+4	7.061582E-1
1.201175E+4	6.978585E-1
1.201200E+4	6.880758E-1
1.201225E+4	6.701473E-1
1.201250E+4	6.592731E-1
1.201275E+4	6.708817E-1
1.201300E+4	6.841246E-1
1.201325E+4	6.750524E-1
1.201350E+4	6.519858E-1
1.201375E+4	6.469350E-1
1.201400E+4	6.649011E-1
1.201425E+4	6.710276E-1
1.201450E+4	6.455106E-1
1.201475E+4	6.101657E-1
1.201500E+4	6.025251E-1
1.201525E+4	6.157257E-1
1.201550E+4	6.208841E-1
1.201575E+4	6.076320E-1
1.201600E+4	5.880642E-1
1.201625E+4	5.722525E-1
1.201650E+4	5.578597E-1
1.201675E+4	5.441641E-1
1.201700E+4	5.364575E-1
1.201725E+4	5.348252E-1
1.201750E+4	5.322624E-1
1.201775E+4	5.210914E-1
1.201800E+4	4.959911E-1
1.201825E+4	4.627211E-1
1.201850E+4	4.406637E-1
1.201875E+4	4.437894E-1
1.201900E+4	4.561786E-1
1.201925E+4	4.497255E-1
1.201950E+4	4.297252E-1
1.201975E+4	4.252338E-1
1.202000E+4	4.421893E-1
1.202025E+4	4.523014E-1
1.202050E+4	4.318117E-1
1.202075E+4	4.048363E-1
1.202100E+4	4.056707E-1
1.202125E+4	4.201800E-1
1.202150E+4	4.104632E-1
1.202175E+4	3.644726E-1
1.202200E+4	3.160889E-1
1.202225E+4	2.960429E-1
1.202250E+4	3.036014E-1
1.202275E+4	3.247613E-1
1.202300E+4	3.413414E-1
1.202325E+4	3.419846E-1
1.202350E+4	3.292447E-1
1.202375E+4	3.134127E-1
1.202400E+4	3.039045E-1
1.202425E+4	3.023311E-1
1.202450E+4	3.047948E-1
1.202475E+4	3.075329E-1
1.202500E+4	3.071488E-1
1.202525E+4	3.020712E-1
1.202550E+4	2.959997E-1
1.202575E+4	2.933570E-1
1.202600E+4	2.900399E-1
1.202625E+4	2.807399E-1
1.202650E+4	2.738371E-1
1.202675E+4	2.804537E-1
1.202700E+4	2.937051E-1
1.202725E+4	2.954199E-1
1.202750E+4	2.821521E-1
1.202775E+4	2.741514E-1
1.202800E+4	2.832984E-1
1.202825E+4	2.944130E-1
1.202850E+4	2.926973E-1
1.202875E+4	2.878317E-1
1.202900E+4	2.960545E-1
1.202925E+4	3.116864E-1
1.202950E+4	3.141719E-1
1.202975E+4	3.012509E-1
1.203000E+4	2.979038E-1
1.203025E+4	3.167641E-1
1.203050E+4	3.431973E-1
1.203075E+4	3.553405E-1
1.203100E+4	3.515314E-1
1.203125E+4	3.496543E-1
1.203150E+4	3.592536E-1
1.203175E+4	3.731853E-1
1.203200E+4	3.829339E-1
1.203225E+4	3.901993E-1
1.203250E+4	3.998713E-1
1.203275E+4	4.110072E-1
1.203300E+4	4.192751E-1
1.203325E+4	4.234669E-1
1.203350E+4	4.264654E-1
1.203375E+4	4.331172E-1
1.203400E+4	4.457054E-1
1.203425E+4	4.612821E-1
1.203450E+4	4.750194E-1
1.203475E+4	4.868118E-1
1.203500E+4	5.024422E-1
1.203525E+4	5.223384E-1
1.203550E+4	5.370207E-1
1.203575E+4	5.383158E-1
1.203600E+4	5.356372E-1
1.203625E+4	5.450652E-1
1.203650E+4	5.628539E-1
1.203675E+4	5.724673E-1
1.203700E+4	5.703865E-1
1.203725E+4	5.723326E-1
1.203750E+4	5.854685E-1
1.203775E+4	5.983955E-1
1.203800E+4	6.023554E-1
1.203825E+4	6.050746E-1
1.203850E+4	6.152335E-1
1.203875E+4	6.255590E-1
1.203900E+4	6.271322E-1
1.203925E+4	6.276642E-1
1.203950E+4	6.397295E-1
1.203975E+4	6.583330E-1
1.204000E+4	6.663863E-1
1.204025E+4	6.597710E-1
1.204050E+4	6.531881E-1
1.204075E+4	6.584477E-1
1.204100E+4	6.708755E-1
1.204125E+4	6.812491E-1
1.204150E+4	6.879630E-1
1.204175E+4	6.933127E-1
1.204200E+4	6.975810E-1
1.204225E+4	7.011587E-1
1.204250E+4	7.058012E-1
1.204275E+4	7.105089E-1
1.204300E+4	7.123536E-1
1.204325E+4	7.136369E-1
1.204350E+4	7.201337E-1
1.204375E+4	7.302117E-1
1.204400E+4	7.349124E-1
1.204425E+4	7.314996E-1
1.204450E+4	7.295646E-1
1.204475E+4	7.352379E-1
1.204500E+4	7.414370E-1
1.204525E+4	7.416866E-1
1.204550E+4	7.427491E-1
1.204575E+4	7.533031E-1
1.204600E+4	7.665006E-1
1.204625E+4	7.698456E-1
1.204650E+4	7.649779E-1
1.204675E+4	7.649854E-1
1.204700E+4	7.724566E-1
1.204725E+4	7.767614E-1
1.204750E+4	7.745433E-1
1.204775E+4	7.759915E-1
1.204800E+4	7.866644E-1
1.204825E+4	7.964423E-1
1.204850E+4	7.973309E-1
1.204875E+4	7.963097E-1
1.204900E+4	8.020775E-1
1.204925E+4	8.106898E-1
1.204950E+4	8.136694E-1
1.204975E+4	8.134768E-1
1.205000E+4	8.180800E-1
1.205025E+4	8.263691E-1
1.205050E+4	8.302368E-1
1.205075E+4	8.287929E-1
1.205100E+4	8.298481E-1
1.205125E+4	8.371717E-1
1.205150E+4	8.453929E-1
1.205175E+4	8.492139E-1
1.205200E+4	8.499348E-1
1.205225E+4	8.503555E-1
1.205250E+4	8.509763E-1
1.205275E+4	8.520420E-1
1.205300E+4	8.539894E-1
1.205325E+4	8.553497E-1
1.205350E+4	8.549384E-1
1.205375E+4	8.560308E-1
1.205400E+4	8.625665E-1
1.205425E+4	8.723880E-1
1.205450E+4	8.790306E-1
1.205475E+4	8.802815E-1
1.205500E+4	8.818115E-1
1.205525E+4	8.869494E-1
1.205550E+4	8.911947E-1
1.205575E+4	8.905123E-1
1.205600E+4	8.898933E-1
1.205625E+4	8.965404E-1
1.205650E+4	9.084989E-1
1.205675E+4	9.155441E-1
1.205700E+4	9.117075E-1
1.205725E+4	9.052327E-1
1.205750E+4	9.068308E-1
1.205775E+4	9.170002E-1
1.205800E+4	9.263940E-1
1.205825E+4	9.271012E-1
1.205850E+4	9.233748E-1
1.205875E+4	9.240726E-1
1.205900E+4	9.301263E-1
1.205925E+4	9.340164E-1
1.205950E+4	9.300547E-1
1.205975E+4	9.227728E-1
1.206000E+4	9.219509E-1
1.206025E+4	9.303426E-1
1.206050E+4	9.419258E-1
1.206075E+4	9.489917E-1
1.206100E+4	9.488767E-1
1.206125E+4	9.460797E-1
1.206150E+4	9.465579E-1
1.206175E+4	9.519186E-1
1.206200E+4	9.579850E-1
1.206225E+4	9.594219E-1
1.206250E+4	9.568615E-1
1.206275E+4	9.555213E-1
1.206300E+4	9.588935E-1
1.206325E+4	9.639990E-1
1.206350E+4	9.643265E-1
1.206375E+4	9.588362E-1
1.206400E+4	9.530800E-1
1.206425E+4	9.525740E-1
1.206450E+4	9.574681E-1
1.206475E+4	9.632022E-1
1.206500E+4	9.657935E-1
1.206525E+4	9.647755E-1
1.206550E+4	9.617412E-1
1.206575E+4	9.592734E-1
1.206600E+4	9.603500E-1
1.206625E+4	9.653827E-1
1.206650E+4	9.705249E-1
1.206675E+4	9.713066E-1
1.206700E+4	9.683097E-1
1.206725E+4	9.669752E-1
1.206750E+4	9.704031E-1
1.206775E+4	9.758234E-1
1.206800E+4	9.784286E-1
1.206825E+4	9.766710E-1
1.206850E+4	9.731797E-1
1.206875E+4	9.714004E-1
1.206900E+4	9.728376E-1
1.206925E+4	9.768355E-1
1.206950E+4	9.806512E-1
1.206975E+4	9.799618E-1
1.207000E+4	9.737921E-1
1.207025E+4	9.678831E-1
1.207050E+4	9.673049E-1
1.207075E+4	9.706682E-1
1.207100E+4	9.733374E-1
1.207125E+4	9.741227E-1
1.207150E+4	9.761648E-1
1.207175E+4	9.804960E-1
1.207200E+4	9.833633E-1
1.207225E+4	9.823370E-1
1.207250E+4	9.802772E-1
1.207275E+4	9.799109E-1
1.207300E+4	9.795882E-1
1.207325E+4	9.768824E-1
1.207350E+4	9.737527E-1
1.207375E+4	9.741869E-1
1.207400E+4	9.782882E-1
1.207425E+4	9.819781E-1
1.207450E+4	9.827837E-1
1.207475E+4	9.821076E-1
1.207500E+4	9.821312E-1
1.207525E+4	9.831652E-1
1.207550E+4	9.839052E-1
1.207575E+4	9.833685E-1
1.207600E+4	9.817203E-1
1.207625E+4	9.797104E-1
1.207650E+4	9.778974E-1
1.207675E+4	9.766266E-1
1.207700E+4	9.764751E-1
1.207725E+4	9.776221E-1
1.207750E+4	9.786182E-1
1.207775E+4	9.774726E-1
1.207800E+4	9.746598E-1
1.207825E+4	9.730690E-1
1.207850E+4	9.743779E-1
1.207875E+4	9.769369E-1
1.207900E+4	9.784170E-1
1.207925E+4	9.781435E-1
1.207950E+4	9.757166E-1
1.207975E+4	9.715796E-1
1.208000E+4	9.693458E-1
1.208025E+4	9.717187E-1
1.208050E+4	9.746817E-1
1.208075E+4	9.703472E-1
1.208100E+4	9.598447E-1
1.208125E+4	9.556749E-1
1.208150E+4	9.625477E-1
1.208175E+4	9.693592E-1
1.208200E+4	9.652499E-1
1.208225E+4	9.578437E-1
1.208250E+4	9.599353E-1
1.208275E+4	9.694432E-1
1.208300E+4	9.719111E-1
1.208325E+4	9.646347E-1
1.208350E+4	9.604120E-1
1.208375E+4	9.629026E-1
1.208400E+4	9.634422E-1
1.208425E+4	9.582722E-1
1.208450E+4	9.547447E-1
1.208475E+4	9.567337E-1
1.208500E+4	9.568025E-1
1.208525E+4	9.514258E-1
1.208550E+4	9.483285E-1
1.208575E+4	9.522732E-1
1.208600E+4	9.576297E-1
1.208625E+4	9.571951E-1
1.208650E+4	9.553597E-1
1.208675E+4	9.575200E-1
1.208700E+4	9.595354E-1
1.208725E+4	9.567674E-1
1.208750E+4	9.529290E-1
1.208775E+4	9.513655E-1
1.208800E+4	9.486700E-1
1.208825E+4	9.444668E-1
1.208850E+4	9.457508E-1
1.208875E+4	9.539171E-1
1.208900E+4	9.578832E-1
1.208925E+4	9.522976E-1
1.208950E+4	9.463041E-1
1.208975E+4	9.463546E-1
1.209000E+4	9.472219E-1
1.209025E+4	9.451196E-1
1.209050E+4	9.475811E-1
1.209075E+4	9.553626E-1
1.209100E+4	9.526517E-1
1.209125E+4	9.311231E-1
1.209150E+4	9.146816E-1
1.209175E+4	9.244399E-1
1.209200E+4	9.493961E-1
1.209225E+4	9.566130E-1
1.209250E+4	9.436881E-1
1.209275E+4	9.379235E-1
1.209300E+4	9.468122E-1
1.209325E+4	9.533757E-1
1.209350E+4	9.437434E-1
1.209375E+4	9.332622E-1
1.209400E+4	9.334660E-1
1.209425E+4	9.338922E-1
1.209450E+4	9.269353E-1
1.209475E+4	9.239289E-1
1.209500E+4	9.328846E-1
1.209525E+4	9.435312E-1
1.209550E+4	9.416782E-1
1.209575E+4	9.310169E-1
1.209600E+4	9.260848E-1
1.209625E+4	9.303881E-1
1.209650E+4	9.366552E-1
1.209675E+4	9.395032E-1
1.209700E+4	9.377370E-1
1.209725E+4	9.312853E-1
1.209750E+4	9.266689E-1
1.209775E+4	9.340264E-1
1.209800E+4	9.490808E-1
1.209825E+4	9.532041E-1
1.209850E+4	9.397649E-1
1.209875E+4	9.269287E-1
1.209900E+4	9.319797E-1
1.209925E+4	9.467476E-1
1.209950E+4	9.480010E-1
1.209975E+4	9.328640E-1
1.210000E+4	9.209289E-1
1.210025E+4	9.205380E-1
1.210050E+4	9.237900E-1
1.210075E+4	9.241103E-1
1.210100E+4	9.251210E-1
1.210125E+4	9.276279E-1
1.210150E+4	9.268143E-1
1.210175E+4	9.222456E-1
1.210200E+4	9.215793E-1
1.210225E+4	9.254801E-1
1.210250E+4	9.253635E-1
1.210275E+4	9.219112E-1
1.210300E+4	9.256093E-1
1.210325E+4	9.389682E-1
1.210350E+4	9.471612E-1
1.210375E+4	9.409566E-1
1.210400E+4	9.290206E-1
1.210425E+4	9.230595E-1
1.210450E+4	9.243511E-1
1.210475E+4	9.261694E-1
1.210500E+4	9.270040E-1
1.210525E+4	9.314995E-1
1.210550E+4	9.409989E-1
1.210575E+4	9.505842E-1
1.210600E+4	9.556444E-1
1.210625E+4	9.579486E-1
1.210650E+4	9.592928E-1
1.210675E+4	9.569033E-1
1.210700E+4	9.496586E-1
1.210725E+4	9.434026E-1
1.210750E+4	9.421144E-1
1.210775E+4	9.432392E-1
1.210800E+4	9.424888E-1
1.210825E+4	9.407299E-1
1.210850E+4	9.436734E-1
1.210875E+4	9.548734E-1
1.210900E+4	9.684271E-1
1.210925E+4	9.731433E-1
1.210950E+4	9.716633E-1
1.210975E+4	9.734769E-1
1.211000E+4	9.785086E-1
1.211025E+4	9.782132E-1
1.211050E+4	9.722102E-1
1.211075E+4	9.679110E-1
1.211100E+4	9.689875E-1
1.211125E+4	9.709501E-1
1.211150E+4	9.708723E-1
1.211175E+4	9.729525E-1
1.211200E+4	9.771823E-1
1.211225E+4	9.747921E-1
1.211250E+4	9.653590E-1
1.211275E+4	9.618794E-1
1.211300E+4	9.721937E-1
1.211325E+4	9.832190E-1
1.211350E+4	9.732885E-1
1.211375E+4	9.526428E-1
1.211400E+4	9.452456E-1
1.211425E+4	9.567167E-1
1.211450E+4	9.674432E-1
1.211475E+4	9.639589E-1
1.211500E+4	9.570808E-1
1.211525E+4	9.592273E-1
1.211550E+4	9.625125E-1
1.211575E+4	9.579859E-1
1.211600E+4	9.538965E-1
1.211625E+4	9.583243E-1
1.211650E+4	9.612065E-1
1.211675E+4	9.496543E-1
1.211700E+4	9.400491E-1
1.211725E+4	9.517746E-1
1.211750E+4	9.772382E-1
1.211775E+4	9.888812E-1
1.211800E+4	9.757055E-1
1.211825E+4	9.566652E-1
1.211850E+4	9.539513E-1
1.211875E+4	9.653888E-1
1.211900E+4	9.756671E-1
1.211925E+4	9.802713E-1
1.211950E+4	9.831765E-1
1.211975E+4	9.840775E-1
1.212000E+4	9.814654E-1
1.212025E+4	9.802576E-1
1.212050E+4	9.837450E-1
1.212075E+4	9.849561E-1
1.212100E+4	9.784151E-1
1.212125E+4	9.710800E-1
1.212150E+4	9.720820E-1
1.212175E+4	9.780780E-1
1.212200E+4	9.785059E-1
1.212225E+4	9.738289E-1
1.212250E+4	9.726662E-1
1.212275E+4	9.747986E-1
1.212300E+4	9.714129E-1
1.212325E+4	9.624043E-1
1.212350E+4	9.629926E-1
1.212375E+4	9.764528E-1
1.212400E+4	9.880975E-1
1.212425E+4	9.861172E-1
1.212450E+4	9.744414E-1
1.212475E+4	9.677012E-1
1.212500E+4	9.684391E-1
1.212525E+4	9.694407E-1
1.212550E+4	9.691637E-1
1.212575E+4	9.721760E-1
1.212600E+4	9.776807E-1
1.212625E+4	9.802441E-1
1.212650E+4	9.793263E-1
1.212675E+4	9.811418E-1
1.212700E+4	9.877633E-1
1.212725E+4	9.898962E-1
1.212750E+4	9.820693E-1
1.212775E+4	9.709913E-1
1.212800E+4	9.686592E-1
1.212825E+4	9.765928E-1
1.212850E+4	9.817645E-1
1.212875E+4	9.761702E-1
1.212900E+4	9.660842E-1
1.212925E+4	9.632346E-1
1.212950E+4	9.699919E-1
1.212975E+4	9.770302E-1
1.213000E+4	9.784416E-1
1.213025E+4	9.757343E-1
1.213050E+4	9.719713E-1
1.213075E+4	9.691925E-1
1.213100E+4	9.695968E-1
1.213125E+4	9.751033E-1
1.213150E+4	9.836186E-1
1.213175E+4	9.874976E-1
1.213200E+4	9.828600E-1
1.213225E+4	9.763086E-1
1.213250E+4	9.735161E-1
1.213275E+4	9.729533E-1
1.213300E+4	9.717020E-1
1.213325E+4	9.716663E-1
1.213350E+4	9.749093E-1
1.213375E+4	9.766082E-1
1.213400E+4	9.727120E-1
1.213425E+4	9.698297E-1
1.213450E+4	9.754637E-1
1.213475E+4	9.837209E-1
1.213500E+4	9.818767E-1
1.213525E+4	9.716390E-1
1.213550E+4	9.687291E-1
1.213575E+4	9.793177E-1
1.213600E+4	9.892009E-1
1.213625E+4	9.817917E-1
1.213650E+4	9.633630E-1
1.213675E+4	9.492891E-1
1.213700E+4	9.468978E-1
1.213725E+4	9.544323E-1
1.213750E+4	9.642545E-1
1.213775E+4	9.691808E-1
1.213800E+4	9.642357E-1
1.213825E+4	9.528612E-1
1.213850E+4	9.483341E-1
1.213875E+4	9.535302E-1
1.213900E+4	9.605093E-1
1.213925E+4	9.623660E-1
1.213950E+4	9.612842E-1
1.213975E+4	9.618437E-1
1.214000E+4	9.596846E-1
1.214025E+4	9.498102E-1
1.214050E+4	9.405423E-1
1.214075E+4	9.461605E-1
1.214100E+4	9.590838E-1
1.214125E+4	9.610789E-1
1.214150E+4	9.484102E-1
1.214175E+4	9.416120E-1
1.214200E+4	9.520082E-1
1.214225E+4	9.674503E-1
1.214250E+4	9.756803E-1
1.214275E+4	9.750134E-1
1.214300E+4	9.704865E-1
1.214325E+4	9.661799E-1
1.214350E+4	9.645026E-1
1.214375E+4	9.652411E-1
1.214400E+4	9.620149E-1
1.214425E+4	9.479872E-1
1.214450E+4	9.301617E-1
1.214475E+4	9.289537E-1
1.214500E+4	9.456540E-1
1.214525E+4	9.584298E-1
1.214550E+4	9.523634E-1
1.214575E+4	9.391147E-1
1.214600E+4	9.413701E-1
1.214625E+4	9.597570E-1
1.214650E+4	9.702646E-1
1.214675E+4	9.604407E-1
1.214700E+4	9.500260E-1
1.214725E+4	9.538007E-1
1.214750E+4	9.609355E-1
1.214775E+4	9.548535E-1
1.214800E+4	9.413034E-1
1.214825E+4	9.357091E-1
1.214850E+4	9.378921E-1
1.214875E+4	9.353973E-1
1.214900E+4	9.271787E-1
1.214925E+4	9.271298E-1
1.214950E+4	9.403099E-1
1.214975E+4	9.529972E-1
1.215000E+4	9.510648E-1
1.215025E+4	9.425892E-1
1.215050E+4	9.460093E-1
1.215075E+4	9.611555E-1
1.215100E+4	9.691343E-1
1.215125E+4	9.635903E-1
1.215150E+4	9.573498E-1
1.215175E+4	9.595319E-1
1.215200E+4	9.627501E-1
1.215225E+4	9.577389E-1
1.215250E+4	9.500679E-1
1.215275E+4	9.516615E-1
1.215300E+4	9.590072E-1
1.215325E+4	9.580467E-1
1.215350E+4	9.507772E-1
1.215375E+4	9.501607E-1
1.215400E+4	9.619264E-1
1.215425E+4	9.733934E-1
1.215450E+4	9.715470E-1
1.215475E+4	9.680095E-1
1.215500E+4	9.734060E-1
1.215525E+4	9.811323E-1
1.215550E+4	9.758203E-1
1.215575E+4	9.600727E-1
1.215600E+4	9.538847E-1
1.215625E+4	9.614287E-1
1.215650E+4	9.704352E-1
1.215675E+4	9.711694E-1
1.215700E+4	9.654535E-1
1.215725E+4	9.578786E-1
1.215750E+4	9.500796E-1
1.215775E+4	9.461790E-1
1.215800E+4	9.516481E-1
1.215825E+4	9.633149E-1
1.215850E+4	9.700028E-1
1.215875E+4	9.661516E-1
1.215900E+4	9.611891E-1
1.215925E+4	9.651423E-1
1.215950E+4	9.727843E-1
1.215975E+4	9.713948E-1
1.216000E+4	9.612355E-1
1.216025E+4	9.551116E-1
1.216050E+4	9.589583E-1
1.216075E+4	9.643270E-1
1.216100E+4	9.646681E-1
1.216125E+4	9.644976E-1
1.216150E+4	9.667435E-1
1.216175E+4	9.657468E-1
1.216200E+4	9.582685E-1
1.216225E+4	9.521060E-1
1.216250E+4	9.530566E-1
1.216275E+4	9.549164E-1
1.216300E+4	9.476654E-1
1.216325E+4	9.347679E-1
1.216350E+4	9.273404E-1
1.216375E+4	9.267430E-1
1.216400E+4	9.321067E-1
1.216425E+4	9.493805E-1
1.216450E+4	9.758994E-1
1.216475E+4	9.855599E-1
1.216500E+4	9.729733E-1
1.216525E+4	9.587622E-1
1.216550E+4	9.609867E-1
1.216575E+4	9.794958E-1
1.216600E+4	9.855997E-1
1.216625E+4	9.697362E-1
1.216650E+4	9.502221E-1
1.216675E+4	9.419016E-1
1.216700E+4	9.482115E-1
1.216725E+4	9.578240E-1
1.216750E+4	9.615790E-1
1.216775E+4	9.616178E-1
1.216800E+4	9.599696E-1
1.216825E+4	9.563301E-1
1.216850E+4	9.542315E-1
1.216875E+4	9.588952E-1
1.216900E+4	9.674034E-1
1.216925E+4	9.720954E-1
1.216950E+4	9.671816E-1
1.216975E+4	9.563481E-1
1.217000E+4	9.538629E-1
1.217025E+4	9.625529E-1
1.217050E+4	9.722380E-1
1.217075E+4	9.742550E-1
1.217100E+4	9.695858E-1
1.217125E+4	9.666198E-1
1.217150E+4	9.663087E-1
1.217175E+4	9.633368E-1
1.217200E+4	9.600757E-1
1.217225E+4	9.666882E-1
1.217250E+4	9.755887E-1
1.217275E+4	9.717991E-1
1.217300E+4	9.550555E-1
1.217325E+4	9.469189E-1
1.217350E+4	9.649863E-1
1.217375E+4	9.809627E-1
1.217400E+4	9.725404E-1
1.217425E+4	9.528301E-1
1.217450E+4	9.536133E-1
1.217475E+4	9.734097E-1
1.217500E+4	9.818768E-1
1.217525E+4	9.699002E-1
1.217550E+4	9.508179E-1
1.217575E+4	9.441422E-1
1.217600E+4	9.425534E-1
1.217625E+4	9.366266E-1
1.217650E+4	9.323154E-1
1.217675E+4	9.346478E-1
1.217700E+4	9.358694E-1
1.217725E+4	9.324849E-1
1.217750E+4	9.342864E-1
1.217775E+4	9.481329E-1
1.217800E+4	9.608511E-1
1.217825E+4	9.615090E-1
1.217850E+4	9.604606E-1
1.217875E+4	9.672221E-1
1.217900E+4	9.767324E-1
1.217925E+4	9.783654E-1
1.217950E+4	9.722096E-1
1.217975E+4	9.629491E-1
1.218000E+4	9.573520E-1
1.218025E+4	9.594514E-1
1.218050E+4	9.579045E-1
1.218075E+4	9.395977E-1
1.218100E+4	9.074175E-1
1.218125E+4	9.014027E-1
1.218150E+4	9.371453E-1
1.218175E+4	9.588514E-1
1.218200E+4	9.373750E-1
1.218225E+4	8.959773E-1
1.218250E+4	8.964182E-1
1.218275E+4	9.401901E-1
1.218300E+4	9.504427E-1
1.218325E+4	9.053267E-1
1.218350E+4	8.776969E-1
1.218375E+4	9.191090E-1
1.218400E+4	9.598202E-1
1.218425E+4	9.537788E-1
1.218450E+4	9.290994E-1
1.218475E+4	9.348772E-1
1.218500E+4	9.609127E-1
1.218525E+4	9.621054E-1
1.218550E+4	9.413642E-1
1.218575E+4	9.313947E-1
1.218600E+4	9.414275E-1
1.218625E+4	9.478263E-1
1.218650E+4	9.397016E-1
1.218675E+4	9.325770E-1
1.218700E+4	9.366242E-1
1.218725E+4	9.444976E-1
1.218750E+4	9.544492E-1
1.218775E+4	9.687028E-1
1.218800E+4	9.744656E-1
1.218825E+4	9.552233E-1
1.218850E+4	9.276209E-1
1.218875E+4	9.248299E-1
1.218900E+4	9.384420E-1
1.218925E+4	9.367308E-1
1.218950E+4	9.200410E-1
1.218975E+4	9.166719E-1
1.219000E+4	9.353874E-1
1.219025E+4	9.505503E-1
1.219050E+4	9.488547E-1
1.219075E+4	9.457305E-1
1.219100E+4	9.488906E-1
1.219125E+4	9.456163E-1
1.219150E+4	9.316651E-1
1.219175E+4	9.212505E-1
1.219200E+4	9.239038E-1
1.219225E+4	9.264358E-1
1.219250E+4	9.191727E-1
1.219275E+4	9.103118E-1
1.219300E+4	9.065074E-1
1.219325E+4	9.051408E-1
1.219350E+4	9.076640E-1
1.219375E+4	9.196888E-1
1.219400E+4	9.337205E-1
1.219425E+4	9.290612E-1
1.219450E+4	9.134645E-1
1.219475E+4	9.184134E-1
1.219500E+4	9.453271E-1
1.219525E+4	9.644949E-1
1.219550E+4	9.483923E-1
1.219575E+4	9.200881E-1
1.219600E+4	9.097110E-1
1.219625E+4	9.148467E-1
1.219650E+4	9.318441E-1
1.219675E+4	9.610905E-1
1.219700E+4	9.799144E-1
1.219725E+4	9.618972E-1
1.219750E+4	9.260011E-1
1.219775E+4	9.121872E-1
1.219800E+4	9.271099E-1
1.219825E+4	9.333889E-1
1.219850E+4	9.100625E-1
1.219875E+4	8.837750E-1
1.219900E+4	8.852947E-1
1.219925E+4	9.092989E-1
1.219950E+4	9.273357E-1
1.219975E+4	9.320155E-1
1.220000E+4	9.360260E-1
1.220025E+4	9.403328E-1
1.220050E+4	9.398840E-1
1.220075E+4	9.375396E-1
1.220100E+4	9.351587E-1
1.220125E+4	9.264470E-1
1.220150E+4	9.172690E-1
1.220175E+4	9.261480E-1
1.220200E+4	9.474865E-1
1.220225E+4	9.446134E-1
1.220250E+4	9.155571E-1
1.220275E+4	8.984198E-1
1.220300E+4	9.158183E-1
1.220325E+4	9.441699E-1
1.220350E+4	9.282264E-1
1.220375E+4	8.958148E-1
1.220400E+4	9.006974E-1
1.220425E+4	9.265775E-1
1.220450E+4	9.235289E-1
1.220475E+4	8.931757E-1
1.220500E+4	8.822202E-1
1.220525E+4	9.067534E-1
1.220550E+4	9.274573E-1
1.220575E+4	9.115037E-1
1.220600E+4	8.838337E-1
1.220625E+4	8.805301E-1
1.220650E+4	8.879561E-1
1.220675E+4	8.806156E-1
1.220700E+4	8.775390E-1
1.220725E+4	9.102476E-1
1.220750E+4	9.616024E-1
1.220775E+4	9.680282E-1
1.220800E+4	9.467726E-1
1.220825E+4	9.318391E-1
1.220850E+4	9.289907E-1
1.220875E+4	9.231077E-1
1.220900E+4	9.172024E-1
1.220925E+4	9.267558E-1
1.220950E+4	9.479143E-1
1.220975E+4	9.490505E-1
1.221000E+4	9.193962E-1
1.221025E+4	8.962898E-1
1.221050E+4	9.033501E-1
1.221075E+4	9.308882E-1
1.221100E+4	9.393342E-1
1.221125E+4	9.315489E-1
1.221150E+4	9.289793E-1
1.221175E+4	9.306766E-1
1.221200E+4	9.226321E-1
1.221225E+4	9.117661E-1
1.221250E+4	9.161686E-1
1.221275E+4	9.331981E-1
1.221300E+4	9.395642E-1
1.221325E+4	9.219127E-1
1.221350E+4	9.048285E-1
1.221375E+4	9.069957E-1
1.221400E+4	9.175306E-1
1.221425E+4	9.232814E-1
1.221450E+4	9.321633E-1
1.221475E+4	9.497366E-1
1.221500E+4	9.619381E-1
1.221525E+4	9.515891E-1
1.221550E+4	9.293480E-1
1.221575E+4	9.175371E-1
1.221600E+4	9.117224E-1
1.221625E+4	8.873044E-1
1.221650E+4	8.507838E-1
1.221675E+4	8.580656E-1
1.221700E+4	9.152626E-1
1.221725E+4	9.594082E-1
1.221750E+4	9.486569E-1
1.221775E+4	9.027854E-1
1.221800E+4	8.779919E-1
1.221825E+4	8.954531E-1
1.221850E+4	9.230861E-1
1.221875E+4	9.298361E-1
1.221900E+4	9.205353E-1
1.221925E+4	9.185445E-1
1.221950E+4	9.245588E-1
1.221975E+4	9.223322E-1
1.222000E+4	9.151982E-1
1.222025E+4	9.173383E-1
1.222050E+4	9.289835E-1
1.222075E+4	9.391924E-1
1.222100E+4	9.384846E-1
1.222125E+4	9.334289E-1
1.222150E+4	9.374782E-1
1.222175E+4	9.524124E-1
1.222200E+4	9.606594E-1
1.222225E+4	9.474290E-1
1.222250E+4	9.267785E-1
1.222275E+4	9.065995E-1
1.222300E+4	8.821112E-1
1.222325E+4	8.619184E-1
1.222350E+4	8.673118E-1
1.222375E+4	8.957808E-1
1.222400E+4	9.271616E-1
1.222425E+4	9.295652E-1
1.222450E+4	9.066425E-1
1.222475E+4	9.000562E-1
1.222500E+4	9.168829E-1
1.222525E+4	9.314832E-1
1.222550E+4	9.232376E-1
1.222575E+4	9.140903E-1
1.222600E+4	9.295179E-1
1.222625E+4	9.469530E-1
1.222650E+4	9.254893E-1
1.222675E+4	8.887440E-1
1.222700E+4	8.742325E-1
1.222725E+4	8.914710E-1
1.222750E+4	9.124696E-1
1.222775E+4	9.221826E-1
1.222800E+4	9.408825E-1
1.222825E+4	9.721514E-1
1.222850E+4	9.785561E-1
1.222875E+4	9.493168E-1
1.222900E+4	9.229232E-1
1.222925E+4	9.224033E-1
1.222950E+4	9.362803E-1
1.222975E+4	9.318198E-1
1.223000E+4	9.125412E-1
1.223025E+4	9.096453E-1
1.223050E+4	9.443579E-1
1.223075E+4	9.685895E-1
1.223100E+4	9.473127E-1
1.223125E+4	9.114919E-1
1.223150E+4	8.972270E-1
1.223175E+4	9.181019E-1
1.223200E+4	9.329995E-1
1.223225E+4	9.147833E-1
1.223250E+4	8.886258E-1
1.223275E+4	8.906383E-1
1.223300E+4	9.205253E-1
1.223325E+4	9.454085E-1
1.223350E+4	9.501028E-1
1.223375E+4	9.533770E-1
1.223400E+4	9.626267E-1
1.223425E+4	9.638368E-1
1.223450E+4	9.434859E-1
1.223475E+4	9.302580E-1
1.223500E+4	9.411800E-1
1.223525E+4	9.508835E-1
1.223550E+4	9.440181E-1
1.223575E+4	9.365150E-1
1.223600E+4	9.539113E-1
1.223625E+4	9.729548E-1
1.223650E+4	9.714800E-1
1.223675E+4	9.466572E-1
1.223700E+4	9.260986E-1
1.223725E+4	9.256557E-1
1.223750E+4	9.290990E-1
1.223775E+4	9.306465E-1
1.223800E+4	9.353199E-1
1.223825E+4	9.360619E-1
1.223850E+4	9.152888E-1
1.223875E+4	8.817130E-1
1.223900E+4	8.669343E-1
1.223925E+4	8.934736E-1
1.223950E+4	9.376202E-1
1.223975E+4	9.529192E-1
1.224000E+4	9.378747E-1
1.224025E+4	9.106164E-1
1.224050E+4	8.910763E-1
1.224075E+4	9.001203E-1
1.224100E+4	9.272086E-1
1.224125E+4	9.488874E-1
1.224150E+4	9.555824E-1
1.224175E+4	9.498178E-1
1.224200E+4	9.405147E-1
1.224225E+4	9.276235E-1
1.224250E+4	9.095779E-1
1.224275E+4	9.030507E-1
1.224300E+4	9.108244E-1
1.224325E+4	9.034642E-1
1.224350E+4	8.769198E-1
1.224375E+4	8.703220E-1
1.224400E+4	9.093842E-1
1.224425E+4	9.274096E-1
1.224450E+4	8.894630E-1
1.224475E+4	8.215985E-1
1.224500E+4	8.382602E-1
1.224525E+4	9.125924E-1
1.224550E+4	9.456796E-1
1.224575E+4	9.449677E-1
1.224600E+4	9.460613E-1
1.224625E+4	9.671874E-1
1.224650E+4	9.696768E-1
1.224675E+4	9.450949E-1
1.224700E+4	9.145573E-1
1.224725E+4	9.045091E-1
1.224750E+4	8.968621E-1
1.224775E+4	8.708546E-1
1.224800E+4	8.546127E-1
1.224825E+4	8.909466E-1
1.224850E+4	9.593394E-1
1.224875E+4	9.619017E-1
1.224900E+4	9.182494E-1
1.224925E+4	8.932337E-1
1.224950E+4	8.942215E-1
1.224975E+4	8.946541E-1
1.225000E+4	8.982990E-1
1.225025E+4	9.286367E-1
1.225050E+4	9.645404E-1
1.225075E+4	9.624776E-1
1.225100E+4	9.228289E-1
1.225125E+4	9.087707E-1
1.225150E+4	9.473616E-1
1.225175E+4	9.760506E-1
1.225200E+4	9.624869E-1
1.225225E+4	9.231768E-1
1.225250E+4	9.142844E-1
1.225275E+4	9.314857E-1
1.225300E+4	9.277524E-1
1.225325E+4	9.074851E-1
1.225350E+4	8.956043E-1
1.225375E+4	9.112441E-1
1.225400E+4	9.321193E-1
1.225425E+4	9.296458E-1
1.225450E+4	9.187057E-1
1.225475E+4	9.209815E-1
1.225500E+4	9.408037E-1
1.225525E+4	9.604425E-1
1.225550E+4	9.534130E-1
1.225575E+4	9.330801E-1
1.225600E+4	9.270812E-1
1.225625E+4	9.440602E-1
1.225650E+4	9.714166E-1
1.225675E+4	9.760669E-1
1.225700E+4	9.578256E-1
1.225725E+4	9.457348E-1
1.225750E+4	9.435293E-1
1.225775E+4	9.336644E-1
1.225800E+4	9.136955E-1
1.225825E+4	9.059480E-1
1.225850E+4	9.277172E-1
1.225875E+4	9.603007E-1
1.225900E+4	9.618680E-1
1.225925E+4	9.455282E-1
1.225950E+4	9.471321E-1
1.225975E+4	9.618237E-1
1.226000E+4	9.552031E-1
1.226025E+4	9.197672E-1
1.226050E+4	8.925021E-1
1.226075E+4	8.869212E-1
1.226100E+4	8.977160E-1
1.226125E+4	9.208311E-1
1.226150E+4	9.419775E-1
1.226175E+4	9.494046E-1
1.226200E+4	9.498641E-1
1.226225E+4	9.548001E-1
1.226250E+4	9.676435E-1
1.226275E+4	9.677243E-1
1.226300E+4	9.441982E-1
1.226325E+4	9.151057E-1
1.226350E+4	9.137399E-1
1.226375E+4	9.349730E-1
1.226400E+4	9.403428E-1
1.226425E+4	9.147491E-1
1.226450E+4	8.844856E-1
1.226475E+4	8.954792E-1
1.226500E+4	9.144513E-1
1.226525E+4	9.135543E-1
1.226550E+4	9.060984E-1
1.226575E+4	9.164056E-1
1.226600E+4	9.337368E-1
1.226625E+4	9.235628E-1
1.226650E+4	8.915728E-1
1.226675E+4	8.846148E-1
1.226700E+4	9.154383E-1
1.226725E+4	9.461276E-1
1.226750E+4	9.596805E-1
1.226775E+4	9.664290E-1
1.226800E+4	9.694067E-1
1.226825E+4	9.516237E-1
1.226850E+4	9.245426E-1
1.226875E+4	9.227337E-1
1.226900E+4	9.427135E-1
1.226925E+4	9.532592E-1
1.226950E+4	9.326427E-1
1.226975E+4	9.034042E-1
1.227000E+4	9.117604E-1
1.227025E+4	9.453097E-1
1.227050E+4	9.555560E-1
1.227075E+4	9.242295E-1
1.227100E+4	8.668117E-1
1.227125E+4	8.198415E-1
1.227150E+4	8.298927E-1
1.227175E+4	8.837741E-1
1.227200E+4	9.340856E-1
1.227225E+4	9.566359E-1
1.227250E+4	9.377799E-1
1.227275E+4	9.102917E-1
1.227300E+4	9.172843E-1
1.227325E+4	9.458489E-1
1.227350E+4	9.702477E-1
1.227375E+4	9.784310E-1
1.227400E+4	9.787512E-1
1.227425E+4	9.791699E-1
1.227450E+4	9.732338E-1
1.227475E+4	9.629608E-1
1.227500E+4	9.569277E-1
1.227525E+4	9.512994E-1
1.227550E+4	9.365108E-1
1.227575E+4	9.291604E-1
1.227600E+4	9.405699E-1
1.227625E+4	9.597314E-1
1.227650E+4	9.557288E-1
1.227675E+4	9.159990E-1
1.227700E+4	8.917946E-1
1.227725E+4	9.023830E-1
1.227750E+4	9.222744E-1
1.227775E+4	9.230501E-1
1.227800E+4	9.143114E-1
1.227825E+4	9.213978E-1
1.227850E+4	9.448615E-1
1.227875E+4	9.574512E-1
1.227900E+4	9.479505E-1
1.227925E+4	9.370696E-1
1.227950E+4	9.386362E-1
1.227975E+4	9.457671E-1
1.228000E+4	9.396195E-1
1.228025E+4	9.093400E-1
1.228050E+4	8.701051E-1
1.228075E+4	8.718361E-1
1.228100E+4	9.237736E-1
1.228125E+4	9.783542E-1
1.228150E+4	9.804115E-1
1.228175E+4	9.231642E-1
1.228200E+4	8.905837E-1
1.228225E+4	9.049358E-1
1.228250E+4	9.204909E-1
1.228275E+4	9.072483E-1
1.228300E+4	8.959922E-1
1.228325E+4	9.244375E-1
1.228350E+4	9.543924E-1
1.228375E+4	9.253329E-1
1.228400E+4	8.635801E-1
1.228425E+4	8.443836E-1
1.228450E+4	9.162782E-1
1.228475E+4	9.571561E-1
1.228500E+4	9.321415E-1
1.228525E+4	9.244418E-1
1.228550E+4	9.524360E-1
1.228575E+4	9.639795E-1
1.228600E+4	9.311684E-1
1.228625E+4	8.939188E-1
1.228650E+4	8.856967E-1
1.228675E+4	9.105946E-1
1.228700E+4	9.332579E-1
1.228725E+4	9.512139E-1
1.228750E+4	9.709199E-1
1.228775E+4	9.577045E-1
1.228800E+4	8.999203E-1
1.228825E+4	8.538200E-1
1.228850E+4	8.681867E-1
1.228875E+4	9.399697E-1
1.228900E+4	9.674461E-1
1.228925E+4	9.502805E-1
1.228950E+4	9.400056E-1
1.228975E+4	9.488108E-1
1.229000E+4	9.357844E-1
1.229025E+4	8.984670E-1
1.229050E+4	8.559919E-1
1.229075E+4	8.299135E-1
1.229100E+4	8.497495E-1
1.229125E+4	8.803042E-1
1.229150E+4	9.023216E-1
1.229175E+4	9.114515E-1
1.229200E+4	8.973228E-1
1.229225E+4	8.907733E-1
1.229250E+4	9.022207E-1
1.229275E+4	9.080720E-1
1.229300E+4	8.666086E-1
1.229325E+4	7.923884E-1
1.229350E+4	8.068345E-1
1.229375E+4	8.873338E-1
1.229400E+4	9.455742E-1
1.229425E+4	9.392158E-1
1.229450E+4	8.966124E-1
1.229475E+4	8.969522E-1
1.229500E+4	9.173371E-1
1.229525E+4	9.118731E-1
1.229550E+4	8.853212E-1
1.229575E+4	8.807799E-1
1.229600E+4	9.148734E-1
1.229625E+4	9.060633E-1
1.229650E+4	8.597769E-1
1.229675E+4	8.170226E-1
1.229700E+4	8.174525E-1
1.229725E+4	8.442526E-1
1.229750E+4	8.503661E-1
1.229775E+4	8.262413E-1
1.229800E+4	7.951177E-1
1.229825E+4	7.852555E-1
1.229850E+4	8.125759E-1
1.229875E+4	8.820589E-1
1.229900E+4	9.195555E-1
1.229925E+4	8.973245E-1
1.229950E+4	8.754754E-1
1.229975E+4	8.772148E-1
1.230000E+4	8.870322E-1
1.230025E+4	8.681127E-1
1.230050E+4	8.419889E-1
1.230075E+4	8.580321E-1
1.230100E+4	9.179207E-1
1.230125E+4	9.439945E-1
1.230150E+4	9.069060E-1
1.230175E+4	8.554873E-1
1.230200E+4	8.466277E-1
1.230225E+4	8.684403E-1
1.230250E+4	8.535567E-1
1.230275E+4	7.851582E-1
1.230300E+4	7.150904E-1
1.230325E+4	7.386331E-1
1.230350E+4	8.235510E-1
1.230375E+4	8.895998E-1
1.230400E+4	9.106320E-1
1.230425E+4	8.854999E-1
1.230450E+4	8.556884E-1
1.230475E+4	8.622956E-1
1.230500E+4	8.788208E-1
1.230525E+4	8.765085E-1
1.230550E+4	8.610546E-1
1.230575E+4	8.591546E-1
1.230600E+4	8.791096E-1
1.230625E+4	8.957644E-1
1.230650E+4	9.075759E-1
1.230675E+4	9.239722E-1
1.230700E+4	9.235691E-1
1.230725E+4	8.795428E-1
1.230750E+4	8.462948E-1
1.230775E+4	8.629321E-1
1.230800E+4	9.099029E-1
1.230825E+4	9.296119E-1
1.230850E+4	8.806846E-1
1.230875E+4	8.241509E-1
1.230900E+4	8.259810E-1
1.230925E+4	8.639836E-1
1.230950E+4	8.856623E-1
1.230975E+4	8.728392E-1
1.231000E+4	8.448029E-1
1.231025E+4	8.259973E-1
1.231050E+4	8.325119E-1
1.231075E+4	8.475613E-1
1.231100E+4	8.322850E-1
1.231125E+4	7.961118E-1
1.231150E+4	7.689358E-1
1.231175E+4	7.964444E-1
1.231200E+4	8.764131E-1
1.231225E+4	9.011860E-1
1.231250E+4	8.672144E-1
1.231275E+4	8.531658E-1
1.231300E+4	9.073960E-1
1.231325E+4	9.619313E-1
1.231350E+4	9.385244E-1
1.231375E+4	8.881775E-1
1.231400E+4	8.772567E-1
1.231425E+4	8.910629E-1
1.231450E+4	8.888139E-1
1.231475E+4	8.704101E-1
1.231500E+4	8.699213E-1
1.231525E+4	8.750081E-1
1.231550E+4	8.533408E-1
1.231575E+4	8.092178E-1
1.231600E+4	7.919478E-1
1.231625E+4	8.395489E-1
1.231650E+4	8.911496E-1
1.231675E+4	8.997999E-1
1.231700E+4	8.917095E-1
1.231725E+4	9.097900E-1
1.231750E+4	9.265488E-1
1.231775E+4	9.074767E-1
1.231800E+4	8.690066E-1
1.231825E+4	8.290198E-1
1.231850E+4	7.974333E-1
1.231875E+4	7.978788E-1
1.231900E+4	8.315712E-1
1.231925E+4	8.699508E-1
1.231950E+4	8.870240E-1
1.231975E+4	8.535170E-1
1.232000E+4	7.916936E-1
1.232025E+4	7.730555E-1
1.232050E+4	8.088703E-1
1.232075E+4	8.588532E-1
1.232100E+4	8.799493E-1
1.232125E+4	8.728668E-1
1.232150E+4	8.588901E-1
1.232175E+4	8.524434E-1
1.232200E+4	8.631519E-1
1.232225E+4	8.841275E-1
1.232250E+4	8.979997E-1
1.232275E+4	8.905486E-1
1.232300E+4	8.684413E-1
1.232325E+4	8.626729E-1
1.232350E+4	8.862143E-1
1.232375E+4	9.288442E-1
1.232400E+4	9.604786E-1
1.232425E+4	9.668462E-1
1.232450E+4	9.591623E-1
1.232475E+4	9.396014E-1
1.232500E+4	9.131960E-1
1.232525E+4	9.006235E-1
1.232550E+4	9.007196E-1
1.232575E+4	8.935534E-1
1.232600E+4	8.673039E-1
1.232625E+4	8.557369E-1
1.232650E+4	8.769144E-1
1.232675E+4	9.042590E-1
1.232700E+4	8.837942E-1
1.232725E+4	8.146666E-1
1.232750E+4	7.867096E-1
1.232775E+4	8.360059E-1
1.232800E+4	9.136028E-1
1.232825E+4	9.117939E-1
1.232850E+4	8.773904E-1
1.232875E+4	8.806998E-1
1.232900E+4	9.200233E-1
1.232925E+4	9.152236E-1
1.232950E+4	8.582223E-1
1.232975E+4	8.368761E-1
1.233000E+4	9.010042E-1
1.233025E+4	9.328784E-1
1.233050E+4	9.040831E-1
1.233075E+4	8.825311E-1
1.233100E+4	9.062808E-1
1.233125E+4	9.552637E-1
1.233150E+4	9.291425E-1
1.233175E+4	8.819243E-1
1.233200E+4	8.783022E-1
1.233225E+4	9.091463E-1
1.233250E+4	9.242556E-1
1.233275E+4	8.974773E-1
1.233300E+4	8.579895E-1
1.233325E+4	8.393648E-1
1.233350E+4	8.325128E-1
1.233375E+4	8.259596E-1
1.233400E+4	8.355100E-1
1.233425E+4	8.797242E-1
1.233450E+4	9.200958E-1
1.233475E+4	9.093717E-1
1.233500E+4	8.704968E-1
1.233525E+4	8.478570E-1
1.233550E+4	8.588095E-1
1.233575E+4	8.901243E-1
1.233600E+4	9.105157E-1
1.233625E+4	8.871689E-1
1.233650E+4	8.343775E-1
1.233675E+4	8.063078E-1
1.233700E+4	8.564872E-1
1.233725E+4	9.296118E-1
1.233750E+4	9.259201E-1
1.233775E+4	8.874147E-1
1.233800E+4	8.738827E-1
1.233825E+4	9.127680E-1
1.233850E+4	9.451661E-1
1.233875E+4	9.385637E-1
1.233900E+4	9.303944E-1
1.233925E+4	9.289638E-1
1.233950E+4	9.129747E-1
1.233975E+4	8.811383E-1
1.234000E+4	8.611999E-1
1.234025E+4	8.709052E-1
1.234050E+4	8.917223E-1
1.234075E+4	9.103937E-1
1.234100E+4	9.431566E-1
1.234125E+4	9.728958E-1
1.234150E+4	9.604335E-1
1.234175E+4	9.140730E-1
1.234200E+4	8.794845E-1
1.234225E+4	8.852006E-1
1.234250E+4	9.099004E-1
1.234275E+4	9.203103E-1
1.234300E+4	8.949008E-1
1.234325E+4	8.601930E-1
1.234350E+4	8.595601E-1
1.234375E+4	8.789842E-1
1.234400E+4	9.012011E-1
1.234425E+4	9.016541E-1
1.234450E+4	8.847398E-1
1.234475E+4	8.826849E-1
1.234500E+4	9.065719E-1
1.234525E+4	9.299708E-1
1.234550E+4	9.028666E-1
1.234575E+4	8.507174E-1
1.234600E+4	8.253681E-1
1.234625E+4	8.304140E-1
1.234650E+4	8.233015E-1
1.234675E+4	8.040277E-1
1.234700E+4	8.190955E-1
1.234725E+4	8.811309E-1
1.234750E+4	9.030717E-1
1.234775E+4	8.590376E-1
1.234800E+4	8.282323E-1
1.234825E+4	8.628219E-1
1.234850E+4	9.171063E-1
1.234875E+4	9.141229E-1
1.234900E+4	8.668005E-1
1.234925E+4	8.563911E-1
1.234950E+4	8.910710E-1
1.234975E+4	8.989613E-1
1.235000E+4	8.749311E-1
1.235025E+4	8.515913E-1
1.235050E+4	8.484406E-1
1.235075E+4	8.449824E-1
1.235100E+4	8.517840E-1
1.235125E+4	8.944379E-1
1.235150E+4	9.390599E-1
1.235175E+4	9.125479E-1
1.235200E+4	8.435018E-1
1.235225E+4	7.930316E-1
1.235250E+4	8.267699E-1
1.235275E+4	8.723186E-1
1.235300E+4	8.147239E-1
1.235325E+4	7.138512E-1
1.235350E+4	7.083987E-1
1.235375E+4	7.896854E-1
1.235400E+4	8.285797E-1
1.235425E+4	7.988224E-1
1.235450E+4	7.404454E-1
1.235475E+4	7.395206E-1
1.235500E+4	7.607713E-1
1.235525E+4	7.671069E-1
1.235550E+4	7.978948E-1
1.235575E+4	8.745418E-1
1.235600E+4	9.155431E-1
1.235625E+4	8.799965E-1
1.235650E+4	8.155599E-1
1.235675E+4	8.269989E-1
1.235700E+4	8.827996E-1
1.235725E+4	9.098118E-1
1.235750E+4	8.620108E-1
1.235775E+4	7.644639E-1
1.235800E+4	7.649916E-1
1.235825E+4	8.061087E-1
1.235850E+4	8.461850E-1
1.235875E+4	8.872643E-1
1.235900E+4	9.015835E-1
1.235925E+4	8.784138E-1
1.235950E+4	8.582049E-1
1.235975E+4	8.775375E-1
1.236000E+4	9.370492E-1
1.236025E+4	9.493970E-1
1.236050E+4	8.898581E-1
1.236075E+4	8.308918E-1
1.236100E+4	8.399725E-1
1.236125E+4	8.821916E-1
1.236150E+4	8.592058E-1
1.236175E+4	7.621591E-1
1.236200E+4	6.895223E-1
1.236225E+4	7.111186E-1
1.236250E+4	7.892037E-1
1.236275E+4	8.277740E-1
1.236300E+4	8.061207E-1
1.236325E+4	8.099824E-1
1.236350E+4	8.585113E-1
1.236375E+4	9.029965E-1
1.236400E+4	8.969640E-1
1.236425E+4	8.838778E-1
1.236450E+4	8.999335E-1
1.236475E+4	9.210934E-1
1.236500E+4	9.250958E-1
1.236525E+4	9.304100E-1
1.236550E+4	9.591567E-1
1.236575E+4	9.759340E-1
1.236600E+4	9.573379E-1
1.236625E+4	9.083528E-1
1.236650E+4	8.660102E-1
1.236675E+4	8.812683E-1
1.236700E+4	9.258410E-1
1.236725E+4	9.338628E-1
1.236750E+4	8.759606E-1
1.236775E+4	7.724262E-1
1.236800E+4	7.453396E-1
1.236825E+4	8.002555E-1
1.236850E+4	8.452535E-1
1.236875E+4	8.416579E-1
1.236900E+4	8.000176E-1
1.236925E+4	7.808832E-1
1.236950E+4	8.157135E-1
1.236975E+4	8.755892E-1
1.237000E+4	9.108039E-1
1.237025E+4	9.071268E-1
1.237050E+4	9.065224E-1
1.237075E+4	9.362476E-1
1.237100E+4	9.666768E-1
1.237125E+4	9.534196E-1
1.237150E+4	9.199675E-1
1.237175E+4	9.071987E-1
1.237200E+4	9.230090E-1
1.237225E+4	9.393452E-1
1.237250E+4	9.431448E-1
1.237275E+4	9.516777E-1
1.237300E+4	9.696330E-1
1.237325E+4	9.746288E-1
1.237350E+4	9.621639E-1
1.237375E+4	9.564680E-1
1.237400E+4	9.640457E-1
1.237425E+4	9.555399E-1
1.237450E+4	9.045703E-1
1.237475E+4	8.625950E-1
1.237500E+4	8.834452E-1
1.237525E+4	9.438632E-1
1.237550E+4	9.409516E-1
1.237575E+4	8.816807E-1
1.237600E+4	8.418411E-1
1.237625E+4	8.754116E-1
1.237650E+4	9.486192E-1
1.237675E+4	9.414639E-1
1.237700E+4	8.887727E-1
1.237725E+4	8.747471E-1
1.237750E+4	9.189138E-1
1.237775E+4	9.544284E-1
1.237800E+4	9.327528E-1
1.237825E+4	9.011389E-1
1.237850E+4	9.216926E-1
1.237875E+4	9.656927E-1
1.237900E+4	9.541937E-1
1.237925E+4	9.076713E-1
1.237950E+4	8.827301E-1
1.237975E+4	8.985729E-1
1.238000E+4	9.219744E-1
1.238025E+4	9.121525E-1
1.238050E+4	8.922440E-1
1.238075E+4	8.884082E-1
1.238100E+4	9.063059E-1
1.238125E+4	9.466695E-1
1.238150E+4	9.630035E-1
1.238175E+4	9.289375E-1
1.238200E+4	8.901864E-1
1.238225E+4	8.623432E-1
1.238250E+4	8.626423E-1
1.238275E+4	9.056698E-1
1.238300E+4	9.400757E-1
1.238325E+4	9.333354E-1
1.238350E+4	9.230949E-1
1.238375E+4	9.402804E-1
1.238400E+4	9.640267E-1
1.238425E+4	9.555801E-1
1.238450E+4	9.424263E-1
1.238475E+4	9.499885E-1
1.238500E+4	9.716142E-1
1.238525E+4	9.719950E-1
1.238550E+4	9.446266E-1
1.238575E+4	9.271998E-1
1.238600E+4	9.288909E-1
1.238625E+4	9.227217E-1
1.238650E+4	8.920194E-1
1.238675E+4	8.719494E-1
1.238700E+4	8.610886E-1
1.238725E+4	8.509493E-1
1.238750E+4	8.484055E-1
1.238775E+4	8.599036E-1
1.238800E+4	8.795812E-1
1.238825E+4	9.100584E-1
1.238850E+4	9.508800E-1
1.238875E+4	9.745617E-1
1.238900E+4	9.662408E-1
1.238925E+4	9.277334E-1
1.238950E+4	8.822228E-1
1.238975E+4	8.807100E-1
1.239000E+4	9.228348E-1
1.239025E+4	9.673258E-1
1.239050E+4	9.649858E-1
1.239075E+4	9.422809E-1
1.239100E+4	9.426016E-1
1.239125E+4	9.489626E-1
1.239150E+4	9.388964E-1
1.239175E+4	9.177645E-1
1.239200E+4	9.161897E-1
1.239225E+4	9.183686E-1
1.239250E+4	9.087320E-1
1.239275E+4	8.929220E-1
1.239300E+4	8.939209E-1
1.239325E+4	8.950453E-1
1.239350E+4	8.839520E-1
1.239375E+4	8.743133E-1
1.239400E+4	8.829540E-1
1.239425E+4	8.866430E-1
1.239450E+4	8.711231E-1
1.239475E+4	8.608474E-1
1.239500E+4	8.883513E-1
1.239525E+4	9.148409E-1
1.239550E+4	8.993006E-1
1.239575E+4	8.753114E-1
1.239600E+4	8.921226E-1
1.239625E+4	9.389010E-1
1.239650E+4	9.725526E-1
1.239675E+4	9.617397E-1
1.239700E+4	9.306701E-1
1.239725E+4	9.198883E-1
1.239750E+4	9.256524E-1
1.239775E+4	9.374986E-1
1.239800E+4	9.459280E-1
1.239825E+4	9.293496E-1
1.239850E+4	8.731287E-1
1.239875E+4	8.033726E-1
1.239900E+4	7.899354E-1
1.239925E+4	8.388540E-1
1.239950E+4	8.800186E-1
1.239975E+4	8.721166E-1
1.240000E+4	8.512577E-1
1.240025E+4	8.521871E-1
1.240050E+4	8.637830E-1
1.240075E+4	8.756000E-1
1.240100E+4	8.930828E-1
1.240125E+4	9.103592E-1
1.240150E+4	9.155996E-1
1.240175E+4	9.043900E-1
1.240200E+4	8.859016E-1
1.240225E+4	8.872423E-1
1.240250E+4	8.962869E-1
1.240275E+4	8.973231E-1
1.240300E+4	8.871774E-1
1.240325E+4	8.700492E-1
1.240350E+4	8.561978E-1
1.240375E+4	8.482693E-1
1.240400E+4	8.447365E-1
1.240425E+4	8.442899E-1
1.240450E+4	8.466440E-1
1.240475E+4	8.592630E-1
1.240500E+4	8.872670E-1
1.240525E+4	9.175253E-1
1.240550E+4	9.232166E-1
1.240575E+4	9.108364E-1
1.240600E+4	9.090748E-1
1.240625E+4	9.168438E-1
1.240650E+4	8.949262E-1
1.240675E+4	8.425761E-1
1.240700E+4	8.105825E-1
1.240725E+4	8.269045E-1
1.240750E+4	8.488900E-1
1.240775E+4	8.381572E-1
1.240800E+4	8.289070E-1
1.240825E+4	8.481831E-1
1.240850E+4	8.910936E-1
1.240875E+4	8.836227E-1
1.240900E+4	8.509021E-1
1.240925E+4	8.540475E-1
1.240950E+4	8.959698E-1
1.240975E+4	9.331496E-1
1.241000E+4	8.994090E-1
1.241025E+4	8.570009E-1
1.241050E+4	8.478743E-1
1.241075E+4	8.687009E-1
1.241100E+4	8.992082E-1
1.241125E+4	9.038581E-1
1.241150E+4	8.837368E-1
1.241175E+4	8.613769E-1
1.241200E+4	8.480631E-1
1.241225E+4	8.379288E-1
1.241250E+4	8.190393E-1
1.241275E+4	8.052221E-1
1.241300E+4	8.311828E-1
1.241325E+4	8.951246E-1
1.241350E+4	9.360771E-1
1.241375E+4	9.298902E-1
1.241400E+4	9.130583E-1
1.241425E+4	9.193401E-1
1.241450E+4	9.243840E-1
1.241475E+4	8.883713E-1
1.241500E+4	8.453765E-1
1.241525E+4	8.557526E-1
1.241550E+4	9.164982E-1
1.241575E+4	9.494881E-1
1.241600E+4	9.297409E-1
1.241625E+4	8.865286E-1
1.241650E+4	8.758794E-1
1.241675E+4	9.088504E-1
1.241700E+4	9.041867E-1
1.241725E+4	8.664156E-1
1.241750E+4	8.249510E-1
1.241775E+4	8.406529E-1
1.241800E+4	8.996467E-1
1.241825E+4	9.393147E-1
1.241850E+4	9.508706E-1
1.241875E+4	9.207591E-1
1.241900E+4	8.807889E-1
1.241925E+4	8.816779E-1
1.241950E+4	9.014427E-1
1.241975E+4	9.123161E-1
1.242000E+4	8.862926E-1
1.242025E+4	8.659853E-1
1.242050E+4	8.655036E-1
1.242075E+4	8.672845E-1
1.242100E+4	8.429434E-1
1.242125E+4	7.865817E-1
1.242150E+4	7.383600E-1
1.242175E+4	7.297359E-1
1.242200E+4	7.895851E-1
1.242225E+4	8.742536E-1
1.242250E+4	9.029460E-1
1.242275E+4	8.548399E-1
1.242300E+4	8.010778E-1
1.242325E+4	8.458694E-1
1.242350E+4	9.291587E-1
1.242375E+4	9.565502E-1
1.242400E+4	8.943254E-1
1.242425E+4	8.315147E-1
1.242450E+4	8.587286E-1
1.242475E+4	9.079685E-1
1.242500E+4	9.218718E-1
1.242525E+4	9.126346E-1
1.242550E+4	9.069786E-1
1.242575E+4	8.871974E-1
1.242600E+4	8.253039E-1
1.242625E+4	7.865948E-1
1.242650E+4	8.334930E-1
1.242675E+4	9.018612E-1
1.242700E+4	9.406660E-1
1.242725E+4	9.233032E-1
1.242750E+4	8.778782E-1
1.242775E+4	8.587527E-1
1.242800E+4	8.589941E-1
1.242825E+4	8.702549E-1
1.242850E+4	9.052501E-1
1.242875E+4	9.577929E-1
1.242900E+4	9.725992E-1
1.242925E+4	9.207328E-1
1.242950E+4	8.707806E-1
1.242975E+4	8.533515E-1
1.243000E+4	8.470865E-1
1.243025E+4	8.328193E-1
1.243050E+4	8.143423E-1
1.243075E+4	8.146381E-1
1.243100E+4	8.254699E-1
1.243125E+4	8.270702E-1
1.243150E+4	8.176320E-1
1.243175E+4	8.027596E-1
1.243200E+4	8.023562E-1
1.243225E+4	8.429682E-1
1.243250E+4	8.863606E-1
1.243275E+4	8.968795E-1
1.243300E+4	8.821180E-1
1.243325E+4	8.691087E-1
1.243350E+4	8.875606E-1
1.243375E+4	9.228001E-1
1.243400E+4	9.450977E-1
1.243425E+4	9.521038E-1
1.243450E+4	9.661722E-1
1.243475E+4	9.852035E-1
1.243500E+4	9.798773E-1
1.243525E+4	9.370869E-1
1.243550E+4	8.901023E-1
1.243575E+4	8.810255E-1
1.243600E+4	8.976395E-1
1.243625E+4	9.054964E-1
1.243650E+4	8.810031E-1
1.243675E+4	8.552021E-1
1.243700E+4	8.560928E-1
1.243725E+4	8.636232E-1
1.243750E+4	8.658447E-1
1.243775E+4	8.742615E-1
1.243800E+4	8.947229E-1
1.243825E+4	9.068002E-1
1.243850E+4	9.028666E-1
1.243875E+4	8.980783E-1
1.243900E+4	9.058791E-1
1.243925E+4	9.063703E-1
1.243950E+4	8.722602E-1
1.243975E+4	7.908838E-1
1.244000E+4	7.059114E-1
1.244025E+4	7.006274E-1
1.244050E+4	7.708335E-1
1.244075E+4	8.492695E-1
1.244100E+4	8.988497E-1
1.244125E+4	9.059553E-1
1.244150E+4	8.604676E-1
1.244175E+4	8.409244E-1
1.244200E+4	8.708745E-1
1.244225E+4	8.955840E-1
1.244250E+4	8.954784E-1
1.244275E+4	8.590249E-1
1.244300E+4	8.248816E-1
1.244325E+4	8.456902E-1
1.244350E+4	8.554951E-1
1.244375E+4	8.271218E-1
1.244400E+4	8.015858E-1
1.244425E+4	8.254887E-1
1.244450E+4	8.944654E-1
1.244475E+4	8.985235E-1
1.244500E+4	8.275587E-1
1.244525E+4	7.838283E-1
1.244550E+4	7.870353E-1
1.244575E+4	8.254439E-1
1.244600E+4	8.259356E-1
1.244625E+4	7.889453E-1
1.244650E+4	7.544267E-1
1.244675E+4	7.452807E-1
1.244700E+4	8.038083E-1
1.244725E+4	8.899964E-1
1.244750E+4	9.283840E-1
1.244775E+4	9.147311E-1
1.244800E+4	8.514332E-1
1.244825E+4	8.028889E-1
1.244850E+4	8.282829E-1
1.244875E+4	8.997795E-1
1.244900E+4	9.654816E-1
1.244925E+4	9.491733E-1
1.244950E+4	8.611469E-1
1.244975E+4	8.145674E-1
1.245000E+4	8.307941E-1
1.245025E+4	8.607963E-1
1.245050E+4	8.571017E-1
1.245075E+4	8.410672E-1
1.245100E+4	8.789882E-1
1.245125E+4	9.412236E-1
1.245150E+4	9.691986E-1
1.245175E+4	9.605190E-1
1.245200E+4	9.470073E-1
1.245225E+4	9.428785E-1
1.245250E+4	9.171791E-1
1.245275E+4	8.657106E-1
1.245300E+4	8.504095E-1
1.245325E+4	8.842111E-1
1.245350E+4	9.431076E-1
1.245375E+4	9.498244E-1
1.245400E+4	8.909381E-1
1.245425E+4	8.467367E-1
1.245450E+4	7.994826E-1
1.245475E+4	7.302741E-1
1.245500E+4	7.404707E-1
1.245525E+4	8.400059E-1
1.245550E+4	9.267643E-1
1.245575E+4	9.409408E-1
1.245600E+4	8.374469E-1
1.245625E+4	7.950205E-1
1.245650E+4	8.477983E-1
1.245675E+4	8.934080E-1
1.245700E+4	8.782944E-1
1.245725E+4	8.166704E-1
1.245750E+4	8.035523E-1
1.245775E+4	8.503033E-1
1.245800E+4	8.704348E-1
1.245825E+4	8.281622E-1
1.245850E+4	7.831036E-1
1.245875E+4	7.681015E-1
1.245900E+4	7.539019E-1
1.245925E+4	7.303007E-1
1.245950E+4	7.417012E-1
1.245975E+4	8.274683E-1
1.246000E+4	9.078023E-1
1.246025E+4	9.110256E-1
1.246050E+4	8.963321E-1
1.246075E+4	9.128232E-1
1.246100E+4	9.368291E-1
1.246125E+4	9.058963E-1
1.246150E+4	8.590593E-1
1.246175E+4	8.420508E-1
1.246200E+4	8.374416E-1
1.246225E+4	7.782707E-1
1.246250E+4	7.347527E-1
1.246275E+4	7.507821E-1
1.246300E+4	8.428459E-1
1.246325E+4	9.291143E-1
1.246350E+4	8.971393E-1
1.246375E+4	8.464960E-1
1.246400E+4	8.320309E-1
1.246425E+4	8.558368E-1
1.246450E+4	8.819351E-1
1.246475E+4	8.958775E-1
1.246500E+4	9.197670E-1
1.246525E+4	9.473344E-1
1.246550E+4	9.453356E-1
1.246575E+4	8.996417E-1
1.246600E+4	8.588713E-1
1.246625E+4	8.631822E-1
1.246650E+4	9.076611E-1
1.246675E+4	9.548313E-1
1.246700E+4	9.421275E-1
1.246725E+4	9.096098E-1
1.246750E+4	9.010049E-1
1.246775E+4	8.752054E-1
1.246800E+4	7.756257E-1
1.246825E+4	7.167601E-1
1.246850E+4	7.218319E-1
1.246875E+4	7.557187E-1
1.246900E+4	8.133992E-1
1.246925E+4	8.418053E-1
1.246950E+4	8.242004E-1
1.246975E+4	8.199988E-1
1.247000E+4	8.343348E-1
1.247025E+4	8.295090E-1
1.247050E+4	7.962352E-1
1.247075E+4	7.899075E-1
1.247100E+4	8.215652E-1
1.247125E+4	8.649269E-1
1.247150E+4	8.586623E-1
1.247175E+4	8.207895E-1
1.247200E+4	7.902762E-1
1.247225E+4	8.036259E-1
1.247250E+4	8.698585E-1
1.247275E+4	9.036342E-1
1.247300E+4	8.996962E-1
1.247325E+4	8.832254E-1
1.247350E+4	8.748918E-1
1.247375E+4	8.714536E-1
1.247400E+4	8.437056E-1
1.247425E+4	7.652313E-1
1.247450E+4	7.001272E-1
1.247475E+4	7.596035E-1
1.247500E+4	8.086422E-1
1.247525E+4	8.158550E-1
1.247550E+4	8.320851E-1
1.247575E+4	8.786388E-1
1.247600E+4	9.087143E-1
1.247625E+4	9.024485E-1
1.247650E+4	8.597144E-1
1.247675E+4	8.599506E-1
1.247700E+4	8.996089E-1
1.247725E+4	9.180695E-1
1.247750E+4	9.040846E-1
1.247775E+4	8.656174E-1
1.247800E+4	8.556770E-1
1.247825E+4	8.555085E-1
1.247850E+4	8.182525E-1
1.247875E+4	7.721785E-1
1.247900E+4	8.089005E-1
1.247925E+4	8.370921E-1
1.247950E+4	7.903018E-1
1.247975E+4	6.952160E-1
1.248000E+4	7.377034E-1
1.248025E+4	8.412443E-1
1.248050E+4	8.882347E-1
1.248075E+4	9.027529E-1
1.248100E+4	9.145409E-1
1.248125E+4	9.211816E-1
1.248150E+4	9.162734E-1
1.248175E+4	9.165774E-1
1.248200E+4	9.305603E-1
1.248225E+4	9.035514E-1
1.248250E+4	8.402384E-1
1.248275E+4	7.975593E-1
1.248300E+4	8.179509E-1
1.248325E+4	8.541679E-1
1.248350E+4	8.236783E-1
1.248375E+4	7.639968E-1
1.248400E+4	7.593781E-1
1.248425E+4	8.326657E-1
1.248450E+4	8.934335E-1
1.248475E+4	8.967389E-1
1.248500E+4	8.938439E-1
1.248525E+4	9.129423E-1
1.248550E+4	9.075405E-1
1.248575E+4	8.644025E-1
1.248600E+4	8.585651E-1
1.248625E+4	8.886308E-1
1.248650E+4	8.824274E-1
1.248675E+4	8.345493E-1
1.248700E+4	8.295399E-1
1.248725E+4	8.848381E-1
1.248750E+4	9.146688E-1
1.248775E+4	8.048791E-1
1.248800E+4	7.238397E-1
1.248825E+4	7.898320E-1
1.248850E+4	8.769101E-1
1.248875E+4	9.166579E-1
1.248900E+4	8.603417E-1
1.248925E+4	8.478996E-1
1.248950E+4	8.722024E-1
1.248975E+4	8.513429E-1
1.249000E+4	8.004921E-1
1.249025E+4	8.324408E-1
1.249050E+4	9.033668E-1
1.249075E+4	9.095685E-1
1.249100E+4	8.388837E-1
1.249125E+4	7.894719E-1
1.249150E+4	8.201454E-1
1.249175E+4	8.188742E-1
1.249200E+4	7.152812E-1
1.249225E+4	6.524819E-1
1.249250E+4	7.496741E-1
1.249275E+4	8.553250E-1
1.249300E+4	8.897335E-1
1.249325E+4	8.483484E-1
1.249350E+4	8.212899E-1
1.249375E+4	8.830655E-1
1.249400E+4	9.301203E-1
1.249425E+4	9.002722E-1
1.249450E+4	8.141626E-1
1.249475E+4	7.597320E-1
1.249500E+4	8.030844E-1
1.249525E+4	8.898975E-1
1.249550E+4	9.284606E-1
1.249575E+4	8.573970E-1
1.249600E+4	7.720973E-1
1.249625E+4	7.785851E-1
1.249650E+4	8.379782E-1
1.249675E+4	8.989864E-1
1.249700E+4	9.113556E-1
1.249725E+4	9.013835E-1
1.249750E+4	9.148296E-1
1.249775E+4	9.224469E-1
1.249800E+4	8.731610E-1
1.249825E+4	8.114311E-1
1.249850E+4	8.381215E-1
1.249875E+4	8.585984E-1
1.249900E+4	8.152099E-1
1.249925E+4	7.747527E-1
1.249950E+4	8.309349E-1
1.249975E+4	9.132434E-1
1.250000E+4	9.368931E-1
1.250025E+4	8.960824E-1
1.250050E+4	9.009720E-1
1.250075E+4	9.574138E-1
1.250100E+4	9.410928E-1
1.250125E+4	8.351770E-1
1.250150E+4	7.440276E-1
1.250175E+4	7.424939E-1
1.250200E+4	8.126665E-1
1.250225E+4	8.371342E-1
1.250250E+4	8.001533E-1
1.250275E+4	7.880090E-1
1.250300E+4	8.206179E-1
1.250325E+4	8.297048E-1
1.250350E+4	7.971784E-1
1.250375E+4	7.926730E-1
1.250400E+4	8.227701E-1
1.250425E+4	8.500618E-1
1.250450E+4	8.040119E-1
1.250475E+4	7.380606E-1
1.250500E+4	7.559277E-1
1.250525E+4	8.224348E-1
1.250550E+4	8.708560E-1
1.250575E+4	8.921989E-1
1.250600E+4	9.253584E-1
1.250625E+4	9.604661E-1
1.250650E+4	9.320451E-1
1.250675E+4	8.370931E-1
1.250700E+4	7.262788E-1
1.250725E+4	6.625015E-1
1.250750E+4	7.200764E-1
1.250775E+4	8.558098E-1
1.250800E+4	8.945941E-1
1.250825E+4	8.619682E-1
1.250850E+4	8.373369E-1
1.250875E+4	8.441464E-1
1.250900E+4	8.536841E-1
1.250925E+4	8.018661E-1
1.250950E+4	7.568415E-1
1.250975E+4	7.472886E-1
1.251000E+4	7.884045E-1
1.251025E+4	8.478530E-1
1.251050E+4	8.418672E-1
1.251075E+4	7.977231E-1
1.251100E+4	7.604156E-1
1.251125E+4	7.740239E-1
1.251150E+4	8.300990E-1
1.251175E+4	7.915574E-1
1.251200E+4	6.699339E-1
1.251225E+4	6.214418E-1
1.251250E+4	6.716195E-1
1.251275E+4	7.403225E-1
1.251300E+4	7.965914E-1
1.251325E+4	8.213867E-1
1.251350E+4	7.816294E-1
1.251375E+4	7.514848E-1
1.251400E+4	7.544907E-1
1.251425E+4	7.851885E-1
1.251450E+4	8.320620E-1
1.251475E+4	8.342842E-1
1.251500E+4	7.778592E-1
1.251525E+4	7.196814E-1
1.251550E+4	6.947080E-1
1.251575E+4	7.046858E-1
1.251600E+4	7.221232E-1
1.251625E+4	7.445639E-1
1.251650E+4	7.947105E-1
1.251675E+4	8.474348E-1
1.251700E+4	8.401889E-1
1.251725E+4	6.826072E-1
1.251750E+4	5.987743E-1
1.251775E+4	6.497290E-1
1.251800E+4	7.277035E-1
1.251825E+4	8.094487E-1
1.251850E+4	8.152568E-1
1.251875E+4	7.593923E-1
1.251900E+4	7.095962E-1
1.251925E+4	6.463390E-1
1.251950E+4	5.930934E-1
1.251975E+4	6.687249E-1
1.252000E+4	7.534001E-1
1.252025E+4	7.529978E-1
1.252050E+4	6.508244E-1
1.252075E+4	5.864298E-1
1.252100E+4	7.005082E-1
1.252125E+4	8.223501E-1
1.252150E+4	9.155852E-1
1.252175E+4	9.113382E-1
1.252200E+4	8.152268E-1
1.252225E+4	7.458242E-1
1.252250E+4	7.076764E-1
1.252275E+4	7.143262E-1
1.252300E+4	8.245832E-1
1.252325E+4	8.801489E-1
1.252350E+4	8.216293E-1
1.252375E+4	7.427577E-1
1.252400E+4	7.145251E-1
1.252425E+4	7.498112E-1
1.252450E+4	7.639132E-1
1.252475E+4	7.438060E-1
1.252500E+4	7.485448E-1
1.252525E+4	7.592240E-1
1.252550E+4	7.159152E-1
1.252575E+4	5.792452E-1
1.252600E+4	5.189003E-1
1.252625E+4	6.709656E-1
1.252650E+4	7.699110E-1
1.252675E+4	7.532199E-1
1.252700E+4	6.269559E-1
1.252725E+4	6.060279E-1
1.252750E+4	7.382962E-1
1.252775E+4	8.187634E-1
1.252800E+4	8.266316E-1
1.252825E+4	8.113345E-1
1.252850E+4	8.216413E-1
1.252875E+4	8.236362E-1
1.252900E+4	7.865101E-1
1.252925E+4	7.732392E-1
1.252950E+4	8.035227E-1
1.252975E+4	7.679614E-1
1.253000E+4	6.365340E-1
1.253025E+4	4.703261E-1
1.253050E+4	5.232952E-1
1.253075E+4	7.103928E-1
1.253100E+4	7.775077E-1
1.253125E+4	6.768901E-1
1.253150E+4	6.065891E-1
1.253175E+4	6.831857E-1
1.253200E+4	7.419753E-1
1.253225E+4	7.042829E-1
1.253250E+4	6.619341E-1
1.253275E+4	7.189686E-1
1.253300E+4	7.716356E-1
1.253325E+4	7.722939E-1
1.253350E+4	7.480467E-1
1.253375E+4	7.360051E-1
1.253400E+4	7.142504E-1
1.253425E+4	6.557287E-1
1.253450E+4	6.561720E-1
1.253475E+4	7.551304E-1
1.253500E+4	8.351335E-1
1.253525E+4	8.571319E-1
1.253550E+4	7.851133E-1
1.253575E+4	6.715287E-1
1.253600E+4	6.799353E-1
1.253625E+4	7.642530E-1
1.253650E+4	8.611093E-1
1.253675E+4	8.928097E-1
1.253700E+4	8.166319E-1
1.253725E+4	6.280324E-1
1.253750E+4	4.708739E-1
1.253775E+4	6.674559E-1
1.253800E+4	8.828168E-1
1.253825E+4	9.465983E-1
1.253850E+4	8.884607E-1
1.253875E+4	7.557109E-1
1.253900E+4	6.560174E-1
1.253925E+4	6.354956E-1
1.253950E+4	6.273244E-1
1.253975E+4	6.306697E-1
1.254000E+4	6.599669E-1
1.254025E+4	6.855004E-1
1.254050E+4	6.697992E-1
1.254075E+4	6.526521E-1
1.254100E+4	7.124961E-1
1.254125E+4	8.025187E-1
1.254150E+4	8.277177E-1
1.254175E+4	7.431128E-1
1.254200E+4	6.215974E-1
1.254225E+4	6.087671E-1
1.254250E+4	7.277216E-1
1.254275E+4	7.940882E-1
1.254300E+4	7.425557E-1
1.254325E+4	6.256344E-1
1.254350E+4	5.565189E-1
1.254375E+4	6.455632E-1
1.254400E+4	6.940798E-1
1.254425E+4	6.571082E-1
1.254450E+4	6.119480E-1
1.254475E+4	6.874763E-1
1.254500E+4	8.053211E-1
1.254525E+4	8.371319E-1
1.254550E+4	8.094065E-1
1.254575E+4	7.542134E-1
1.254600E+4	6.909216E-1
1.254625E+4	6.157104E-1
1.254650E+4	5.605674E-1
1.254675E+4	6.493494E-1
1.254700E+4	7.945887E-1
1.254725E+4	7.979033E-1
1.254750E+4	7.085742E-1
1.254775E+4	6.264424E-1
1.254800E+4	6.630759E-1
1.254825E+4	7.765468E-1
1.254850E+4	8.382389E-1
1.254875E+4	7.691503E-1
1.254900E+4	5.887231E-1
1.254925E+4	5.432386E-1
1.254950E+4	6.432296E-1
1.254975E+4	7.478772E-1
1.255000E+4	7.962263E-1
1.255025E+4	7.828440E-1
1.255050E+4	7.580561E-1
1.255075E+4	7.818259E-1
1.255100E+4	8.472572E-1
1.255125E+4	8.854001E-1
1.255150E+4	8.562716E-1
1.255175E+4	8.029094E-1
1.255200E+4	8.137779E-1
1.255225E+4	8.438890E-1
1.255250E+4	8.449200E-1
1.255275E+4	8.179209E-1
1.255300E+4	8.240489E-1
1.255325E+4	8.895804E-1
1.255350E+4	9.219617E-1
1.255375E+4	8.897258E-1
1.255400E+4	8.357886E-1
1.255425E+4	8.568901E-1
1.255450E+4	9.085568E-1
1.255475E+4	9.171679E-1
1.255500E+4	8.603041E-1
1.255525E+4	8.026784E-1
1.255550E+4	8.371605E-1
1.255575E+4	8.966135E-1
1.255600E+4	8.603815E-1
1.255625E+4	8.063656E-1
1.255650E+4	7.754915E-1
1.255675E+4	7.459757E-1
1.255700E+4	6.842323E-1
1.255725E+4	6.324197E-1
1.255750E+4	6.436098E-1
1.255775E+4	7.121559E-1
1.255800E+4	7.874716E-1
1.255825E+4	7.326552E-1
1.255850E+4	6.272661E-1
1.255875E+4	4.968555E-1
1.255900E+4	3.881881E-1
1.255925E+4	5.114018E-1
1.255950E+4	6.656921E-1
1.255975E+4	7.646945E-1
1.256000E+4	8.070205E-1
1.256025E+4	7.346466E-1
1.256050E+4	6.385313E-1
1.256075E+4	6.286881E-1
1.256100E+4	6.368654E-1
1.256125E+4	5.854495E-1
1.256150E+4	5.801721E-1
1.256175E+4	6.620424E-1
1.256200E+4	7.683981E-1
1.256225E+4	8.218848E-1
1.256250E+4	7.854555E-1
1.256275E+4	7.591236E-1
1.256300E+4	8.206487E-1
1.256325E+4	8.665683E-1
1.256350E+4	7.595076E-1
1.256375E+4	6.449085E-1
1.256400E+4	7.344538E-1
1.256425E+4	8.944136E-1
1.256450E+4	9.060285E-1
1.256475E+4	7.224805E-1
1.256500E+4	5.044914E-1
1.256525E+4	7.179298E-1
1.256550E+4	8.475829E-1
1.256575E+4	8.454508E-1
1.256600E+4	8.115329E-1
1.256625E+4	7.506134E-1
1.256650E+4	6.645617E-1
1.256675E+4	6.600941E-1
1.256700E+4	7.376880E-1
1.256725E+4	8.536473E-1
1.256750E+4	9.198927E-1
1.256775E+4	7.828546E-1
1.256800E+4	6.138773E-1
1.256825E+4	6.470982E-1
1.256850E+4	7.704901E-1
1.256875E+4	8.175975E-1
1.256900E+4	7.325874E-1
1.256925E+4	6.601390E-1
1.256950E+4	7.349573E-1
1.256975E+4	7.981336E-1
1.257000E+4	7.273181E-1
1.257025E+4	6.529244E-1
1.257050E+4	6.219048E-1
1.257075E+4	6.134232E-1
1.257100E+4	6.193483E-1
1.257125E+4	6.580600E-1
1.257150E+4	7.168555E-1
1.257175E+4	7.403149E-1
1.257200E+4	7.102035E-1
1.257225E+4	6.676183E-1
1.257250E+4	6.088567E-1
1.257275E+4	4.916824E-1
1.257300E+4	3.963681E-1
1.257325E+4	4.821493E-1
1.257350E+4	5.946566E-1
1.257375E+4	6.102952E-1
1.257400E+4	5.441678E-1
1.257425E+4	6.108691E-1
1.257450E+4	7.661568E-1
1.257475E+4	7.957691E-1
1.257500E+4	7.061432E-1
1.257525E+4	5.606381E-1
1.257550E+4	5.776685E-1
1.257575E+4	6.535747E-1
1.257600E+4	6.298009E-1
1.257625E+4	5.816820E-1
1.257650E+4	6.376043E-1
1.257675E+4	7.276860E-1
1.257700E+4	7.640933E-1
1.257725E+4	7.197487E-1
1.257750E+4	6.093211E-1
1.257775E+4	5.669393E-1
1.257800E+4	5.173155E-1
1.257825E+4	4.542285E-1
1.257850E+4	4.912821E-1
1.257875E+4	7.178946E-1
1.257900E+4	7.712840E-1
1.257925E+4	6.035448E-1
1.257950E+4	6.074203E-1
1.257975E+4	7.678740E-1
1.258000E+4	8.288550E-1
1.258025E+4	7.252360E-1
1.258050E+4	6.490103E-1
1.258075E+4	7.356451E-1
1.258100E+4	7.617557E-1
1.258125E+4	6.288861E-1
1.258150E+4	5.752762E-1
1.258175E+4	7.116239E-1
1.258200E+4	8.247344E-1
1.258225E+4	7.689998E-1
1.258250E+4	5.653787E-1
1.258275E+4	4.028571E-1
1.258300E+4	4.562622E-1
1.258325E+4	5.171150E-1
1.258350E+4	4.331772E-1
1.258375E+4	3.696674E-1
1.258400E+4	5.123668E-1
1.258425E+4	6.940724E-1
1.258450E+4	6.771828E-1
1.258475E+4	5.815744E-1
1.258500E+4	5.693153E-1
1.258525E+4	6.556752E-1
1.258550E+4	7.459686E-1
1.258575E+4	7.552814E-1
1.258600E+4	7.156924E-1
1.258625E+4	6.814674E-1
1.258650E+4	6.548347E-1
1.258675E+4	6.278694E-1
1.258700E+4	5.784594E-1
1.258725E+4	4.788519E-1
1.258750E+4	3.925036E-1
1.258775E+4	4.199529E-1
1.258800E+4	5.209309E-1
1.258825E+4	6.317413E-1
1.258850E+4	7.279336E-1
1.258875E+4	7.644510E-1
1.258900E+4	6.333365E-1
1.258925E+4	4.924535E-1
1.258950E+4	5.027691E-1
1.258975E+4	6.045368E-1
1.259000E+4	7.110714E-1
1.259025E+4	5.276624E-1
1.259050E+4	3.533799E-1
1.259075E+4	4.179833E-1
1.259100E+4	4.771921E-1
1.259125E+4	4.407277E-1
1.259150E+4	4.014226E-1
1.259175E+4	6.152109E-1
1.259200E+4	7.283760E-1
1.259225E+4	6.892405E-1
1.259250E+4	5.533451E-1
1.259275E+4	5.270878E-1
1.259300E+4	6.161267E-1
1.259325E+4	4.839609E-1
1.259350E+4	2.350836E-1
1.259375E+4	1.676192E-1
1.259400E+4	3.898048E-1
1.259425E+4	5.691020E-1
1.259450E+4	4.877795E-1
1.259475E+4	3.880581E-1
1.259500E+4	6.991295E-1
1.259525E+4	8.247808E-1
1.259550E+4	6.579784E-1
1.259575E+4	4.860898E-1
1.259600E+4	5.451338E-1
1.259625E+4	7.845129E-1
1.259650E+4	7.792408E-1
1.259675E+4	5.294504E-1
1.259700E+4	4.654450E-1
1.259725E+4	6.214315E-1
1.259750E+4	5.709376E-1
1.259775E+4	2.892471E-1
1.259800E+4	1.085265E-1
1.259825E+4	3.092419E-1
1.259850E+4	5.971831E-1
1.259875E+4	4.306903E-1
1.259900E+4	1.487040E-1
1.259925E+4	3.819904E-1
1.259950E+4	6.609426E-1
1.259975E+4	6.568591E-1
1.260000E+4	5.266486E-1
1.260025E+4	5.339490E-1
1.260050E+4	7.532258E-1
1.260075E+4	8.434584E-1
1.260100E+4	7.665371E-1
1.260125E+4	6.754406E-1
1.260150E+4	6.351891E-1
1.260175E+4	5.633710E-1
1.260200E+4	5.026127E-1
1.260225E+4	4.847034E-1
1.260250E+4	3.368500E-1
1.260275E+4	3.281414E-2
1.260300E+4	1.356297E-1
1.260325E+4	4.507615E-1
1.260350E+4	6.381514E-1
1.260375E+4	6.550331E-1
1.260400E+4	5.864630E-1
1.260425E+4	5.841675E-1
1.260450E+4	5.950922E-1
1.260475E+4	5.239284E-1
1.260500E+4	4.025908E-1
1.260525E+4	4.728256E-1
1.260550E+4	6.220422E-1
1.260575E+4	5.776020E-1
1.260600E+4	4.560295E-1
1.260625E+4	3.497878E-1
1.260650E+4	5.010258E-1
1.260675E+4	6.106174E-1
1.260700E+4	5.422383E-1
1.260725E+4	4.746901E-1
1.260750E+4	3.804281E-1
1.260775E+4	3.180754E-1
1.260800E+4	3.614009E-1
1.260825E+4	4.403254E-1
1.260850E+4	5.421034E-1
1.260875E+4	6.052861E-1
1.260900E+4	4.684979E-1
1.260925E+4	3.967331E-1
1.260950E+4	4.325301E-1
1.260975E+4	4.114184E-1
1.261000E+4	2.960402E-1
1.261025E+4	2.134229E-1
1.261050E+4	2.183106E-1
1.261075E+4	2.282114E-1
1.261100E+4	1.839339E-1
1.261125E+4	1.658278E-1
1.261150E+4	2.351920E-1
1.261175E+4	3.366134E-1
1.261200E+4	3.174905E-1
1.261225E+4	2.798885E-1
1.261250E+4	2.934723E-1
1.261275E+4	3.201348E-1
1.261300E+4	3.823368E-1
1.261325E+4	5.071419E-1
1.261350E+4	5.558474E-1
1.261375E+4	5.099621E-1
1.261400E+4	4.627384E-1
1.261425E+4	4.445147E-1
1.261450E+4	4.063429E-1
1.261475E+4	3.165804E-1
1.261500E+4	1.765575E-1
1.261525E+4	1.250146E-1
1.261550E+4	3.802207E-1
1.261575E+4	3.743915E-1
1.261600E+4	2.928229E-1
1.261625E+4	2.819235E-1
1.261650E+4	4.608538E-1
1.261675E+4	5.426928E-1
1.261700E+4	2.186148E-1
1.261725E+4	2.540437E-2
1.261750E+4	2.289364E-2
1.261775E+4	1.703205E-1
1.261800E+4	1.971629E-1
1.261825E+4	4.507585E-2
1.261850E+4	3.025085E-2
1.261875E+4	1.115219E-1
1.261900E+4	1.679270E-1
1.261925E+4	1.321778E-1
1.261950E+4	9.191650E-2
1.261975E+4	9.869105E-2
1.262000E+4	2.452772E-1
1.262025E+4	3.772827E-1
1.262050E+4	2.607068E-1
1.262075E+4	2.263671E-1
1.262100E+4	2.709763E-1
1.262125E+4	3.525776E-1
1.262150E+4	2.873941E-1
1.262175E+4	1.677464E-1
1.262200E+4	8.147915E-2
1.262225E+4	2.108581E-2
1.262250E+4	5.515205E-3
1.262275E+4	4.393530E-3
1.262300E+4	2.671923E-2
1.262325E+4	1.181954E-1
1.262350E+4	2.316222E-1
1.262375E+4	1.327987E-1
1.262400E+4	1.297197E-2
1.262425E+4	4.475577E-2
1.262450E+4	2.355133E-1
1.262475E+4	3.122999E-1
1.262500E+4	1.590589E-1
1.262525E+4	4.306478E-3
1.262550E+4	1.323502E-1
1.262575E+4	3.377881E-1
1.262600E+4	2.999033E-1
1.262625E+4	1.147866E-1
1.262650E+4	3.940409E-2
1.262675E+4	8.363834E-2
1.262700E+4	1.552414E-1
1.262725E+4	2.746572E-1
1.262750E+4	3.372593E-1
1.262775E+4	1.611127E-1
1.262800E+4	2.328051E-2
1.262825E+4	9.981730E-2
1.262850E+4	3.693830E-1
1.262875E+4	5.438804E-1
1.262900E+4	4.240899E-1
1.262925E+4	2.341498E-1
1.262950E+4	2.656146E-1
1.262975E+4	3.147347E-1
1.263000E+4	2.485812E-1
1.263025E+4	1.471751E-1
1.263050E+4	1.666604E-1
1.263075E+4	3.658503E-1
1.263100E+4	4.765413E-1
1.263125E+4	4.300925E-1
1.263150E+4	3.797381E-1
1.263175E+4	4.229756E-1
1.263200E+4	4.794792E-1
1.263225E+4	5.380688E-1
1.263250E+4	5.944282E-1
1.263275E+4	5.614508E-1
1.263300E+4	4.696982E-1
1.263325E+4	3.306824E-1
1.263350E+4	1.043488E-1
1.263375E+4	1.714765E-2
1.263400E+4	1.591981E-1
1.263425E+4	2.014019E-1
1.263450E+4	2.472915E-1
1.263475E+4	5.060651E-1
1.263500E+4	6.092667E-1
1.263525E+4	5.772381E-1
1.263550E+4	5.082316E-1
1.263575E+4	4.334905E-1
1.263600E+4	4.688714E-1
1.263625E+4	6.035289E-1
1.263650E+4	6.882749E-1
1.263675E+4	6.536317E-1
1.263700E+4	5.628864E-1
1.263725E+4	5.659849E-1
1.263750E+4	6.690025E-1
1.263775E+4	7.653748E-1
1.263800E+4	7.244476E-1
1.263825E+4	5.455282E-1
1.263850E+4	3.875193E-1
1.263875E+4	4.338833E-1
1.263900E+4	6.152581E-1
1.263925E+4	6.984841E-1
1.263950E+4	6.248816E-1
1.263975E+4	5.370205E-1
1.264000E+4	5.285216E-1
1.264025E+4	5.744991E-1
1.264050E+4	6.806004E-1
1.264075E+4	8.020212E-1
1.264100E+4	7.812797E-1
1.264125E+4	7.152875E-1
1.264150E+4	7.038136E-1
1.264175E+4	7.251261E-1
1.264200E+4	6.899112E-1
1.264225E+4	4.987217E-1
1.264250E+4	3.196706E-1
1.264275E+4	4.657687E-1
1.264300E+4	5.798695E-1
1.264325E+4	5.695423E-1
1.264350E+4	4.987796E-1
1.264375E+4	5.296550E-1
1.264400E+4	6.292834E-1
1.264425E+4	6.462811E-1
1.264450E+4	5.765709E-1
1.264475E+4	5.049431E-1
1.264500E+4	6.135355E-1
1.264525E+4	7.517945E-1
1.264550E+4	7.977726E-1
1.264575E+4	7.749459E-1
1.264600E+4	7.280370E-1
1.264625E+4	7.108312E-1
1.264650E+4	7.160561E-1
1.264675E+4	7.502714E-1
1.264700E+4	8.050227E-1
1.264725E+4	8.510207E-1
1.264750E+4	8.687186E-1
1.264775E+4	8.346384E-1
1.264800E+4	7.749252E-1
1.264825E+4	7.314882E-1
1.264850E+4	6.947543E-1
1.264875E+4	6.781353E-1
1.264900E+4	7.097521E-1
1.264925E+4	7.522334E-1
1.264950E+4	7.814352E-1
1.264975E+4	8.009729E-1
1.265000E+4	8.022200E-1
1.265025E+4	7.825631E-1
1.265050E+4	7.722102E-1
1.265075E+4	7.999667E-1
1.265100E+4	8.624389E-1
1.265125E+4	8.961865E-1
1.265150E+4	8.585985E-1
1.265175E+4	7.352595E-1
1.265200E+4	6.350535E-1
1.265225E+4	6.689012E-1
1.265250E+4	7.106913E-1
1.265275E+4	7.008499E-1
1.265300E+4	6.841906E-1
1.265325E+4	7.349735E-1
1.265350E+4	7.689071E-1
1.265375E+4	7.602505E-1
1.265400E+4	7.379473E-1
1.265425E+4	7.702698E-1
1.265450E+4	8.533981E-1
1.265475E+4	8.656557E-1
1.265500E+4	8.210164E-1
1.265525E+4	8.100881E-1
1.265550E+4	8.330500E-1
1.265575E+4	8.395404E-1
1.265600E+4	8.198408E-1
1.265625E+4	8.323885E-1
1.265650E+4	8.930043E-1
1.265675E+4	9.241830E-1
1.265700E+4	8.528048E-1
1.265725E+4	7.350200E-1
1.265750E+4	7.100497E-1
1.265775E+4	7.990138E-1
1.265800E+4	8.933081E-1
1.265825E+4	8.982970E-1
1.265850E+4	8.419448E-1
1.265875E+4	8.159119E-1
1.265900E+4	8.553905E-1
1.265925E+4	8.621572E-1
1.265950E+4	8.170299E-1
1.265975E+4	8.289847E-1
1.266000E+4	8.952311E-1
1.266025E+4	9.403286E-1
1.266050E+4	9.372307E-1
1.266075E+4	9.398271E-1
1.266100E+4	9.528442E-1
1.266125E+4	9.279515E-1
1.266150E+4	8.653039E-1
1.266175E+4	8.450813E-1
1.266200E+4	8.939062E-1
1.266225E+4	9.345050E-1
1.266250E+4	9.204031E-1
1.266275E+4	8.815966E-1
1.266300E+4	8.807738E-1
1.266325E+4	9.016864E-1
1.266350E+4	8.863643E-1
1.266375E+4	8.355830E-1
1.266400E+4	8.057386E-1
1.266425E+4	8.328251E-1
1.266450E+4	8.692018E-1
1.266475E+4	8.850179E-1
1.266500E+4	8.896438E-1
1.266525E+4	8.832667E-1
1.266550E+4	8.640522E-1
1.266575E+4	8.615906E-1
1.266600E+4	9.029973E-1
1.266625E+4	9.469833E-1
1.266650E+4	9.563145E-1
1.266675E+4	9.431202E-1
1.266700E+4	9.352152E-1
1.266725E+4	9.416462E-1
1.266750E+4	9.445495E-1
1.266775E+4	9.414807E-1
1.266800E+4	9.484548E-1
1.266825E+4	9.667597E-1
1.266850E+4	9.824259E-1
1.266875E+4	9.868774E-1
1.266900E+4	9.817663E-1
1.266925E+4	9.611058E-1
1.266950E+4	9.215573E-1
1.266975E+4	8.940831E-1
1.267000E+4	9.144391E-1
1.267025E+4	9.529594E-1
1.267050E+4	9.655971E-1
1.267075E+4	9.476958E-1
1.267100E+4	9.383638E-1
1.267125E+4	9.573649E-1
1.267150E+4	9.722297E-1
1.267175E+4	9.611116E-1
1.267200E+4	9.416394E-1
1.267225E+4	9.520489E-1
1.267250E+4	9.718950E-1
1.267275E+4	9.785387E-1
1.267300E+4	9.813347E-1
1.267325E+4	9.885645E-1
1.267350E+4	9.846531E-1
1.267375E+4	9.667989E-1
1.267400E+4	9.555891E-1
1.267425E+4	9.650399E-1
1.267450E+4	9.790913E-1
1.267475E+4	9.747090E-1
1.267500E+4	9.606315E-1
1.267525E+4	9.679370E-1
1.267550E+4	9.875585E-1
1.267575E+4	9.933301E-1
1.267600E+4	9.799813E-1
1.267625E+4	9.680380E-1
1.267650E+4	9.736348E-1
1.267675E+4	9.803555E-1
1.267700E+4	9.744496E-1
1.267725E+4	9.628651E-1
1.267750E+4	9.609885E-1
1.267775E+4	9.685088E-1
1.267800E+4	9.734427E-1
1.267825E+4	9.706472E-1
1.267850E+4	9.663036E-1
1.267875E+4	9.663769E-1
1.267900E+4	9.710083E-1
1.267925E+4	9.764355E-1
1.267950E+4	9.779243E-1
1.267975E+4	9.748662E-1
1.268000E+4	9.696015E-1
1.268025E+4	9.652968E-1
1.268050E+4	9.646403E-1
1.268075E+4	9.687829E-1
1.268100E+4	9.778493E-1
1.268125E+4	9.864172E-1
1.268150E+4	9.849111E-1
1.268175E+4	9.761847E-1
1.268200E+4	9.700583E-1
1.268225E+4	9.716438E-1
1.268250E+4	9.767356E-1
1.268275E+4	9.772747E-1
1.268300E+4	9.760863E-1
1.268325E+4	9.789055E-1
1.268350E+4	9.828758E-1
1.268375E+4	9.804976E-1
1.268400E+4	9.731376E-1
1.268425E+4	9.681044E-1
1.268450E+4	9.673392E-1
1.268475E+4	9.662383E-1
1.268500E+4	9.624255E-1
1.268525E+4	9.602939E-1
1.268550E+4	9.640384E-1
1.268575E+4	9.687400E-1
1.268600E+4	9.671941E-1
1.268625E+4	9.595854E-1
1.268650E+4	9.533427E-1
1.268675E+4	9.556797E-1
1.268700E+4	9.629939E-1
1.268725E+4	9.678773E-1
1.268750E+4	9.683858E-1
1.268775E+4	9.664846E-1
1.268800E+4	9.639006E-1
1.268825E+4	9.605285E-1
1.268850E+4	9.575180E-1
1.268875E+4	9.579344E-1
1.268900E+4	9.615954E-1
1.268925E+4	9.626768E-1
1.268950E+4	9.577560E-1
1.268975E+4	9.540722E-1
1.269000E+4	9.595877E-1
1.269025E+4	9.695183E-1
1.269050E+4	9.708755E-1
1.269075E+4	9.619231E-1
1.269100E+4	9.545343E-1
1.269125E+4	9.546067E-1
1.269150E+4	9.559098E-1
1.269175E+4	9.537507E-1
1.269200E+4	9.535038E-1
1.269225E+4	9.599104E-1
1.269250E+4	9.643081E-1
1.269275E+4	9.572955E-1
1.269300E+4	9.482704E-1
1.269325E+4	9.470068E-1
1.269350E+4	9.512407E-1
1.269375E+4	9.510690E-1
1.269400E+4	9.460463E-1
1.269425E+4	9.462435E-1
1.269450E+4	9.526568E-1
1.269475E+4	9.551776E-1
1.269500E+4	9.503296E-1
1.269525E+4	9.485315E-1
1.269550E+4	9.539978E-1
1.269575E+4	9.543623E-1
1.269600E+4	9.390104E-1
1.269625E+4	9.200595E-1
1.269650E+4	9.155862E-1
1.269675E+4	9.272132E-1
1.269700E+4	9.386567E-1
1.269725E+4	9.381170E-1
1.269750E+4	9.309042E-1
1.269775E+4	9.287599E-1
1.269800E+4	9.335239E-1
1.269825E+4	9.370081E-1
1.269850E+4	9.394796E-1
1.269875E+4	9.470255E-1
1.269900E+4	9.587316E-1
1.269925E+4	9.631184E-1
1.269950E+4	9.575176E-1
1.269975E+4	9.521878E-1
1.270000E+4	9.540077E-1
1.270025E+4	9.585520E-1
1.270050E+4	9.577334E-1
1.270075E+4	9.525311E-1
1.270100E+4	9.498017E-1
1.270125E+4	9.482699E-1
1.270150E+4	9.403492E-1
1.270175E+4	9.281734E-1
1.270200E+4	9.239395E-1
1.270225E+4	9.292236E-1
1.270250E+4	9.290880E-1
1.270275E+4	9.196489E-1
1.270300E+4	9.167075E-1
1.270325E+4	9.299562E-1
1.270350E+4	9.449311E-1
1.270375E+4	9.456454E-1
1.270400E+4	9.388291E-1
1.270425E+4	9.429507E-1
1.270450E+4	9.571492E-1
1.270475E+4	9.590604E-1
1.270500E+4	9.481041E-1
1.270525E+4	9.460502E-1
1.270550E+4	9.588284E-1
1.270575E+4	9.694997E-1
1.270600E+4	9.621201E-1
1.270625E+4	9.496794E-1
1.270650E+4	9.521318E-1
1.270675E+4	9.590796E-1
1.270700E+4	9.498930E-1
1.270725E+4	9.265625E-1
1.270750E+4	9.088178E-1
1.270775E+4	9.117684E-1
1.270800E+4	9.329738E-1
1.270825E+4	9.520272E-1
1.270850E+4	9.485247E-1
1.270875E+4	9.269108E-1
1.270900E+4	9.124499E-1
1.270925E+4	9.224160E-1
1.270950E+4	9.473369E-1
1.270975E+4	9.588129E-1
1.271000E+4	9.512586E-1
1.271025E+4	9.424424E-1
1.271050E+4	9.406187E-1
1.271075E+4	9.399506E-1
1.271100E+4	9.374456E-1
1.271125E+4	9.406125E-1
1.271150E+4	9.473427E-1
1.271175E+4	9.376289E-1
1.271200E+4	9.043033E-1
1.271225E+4	8.871918E-1
1.271250E+4	8.974949E-1
1.271275E+4	9.254299E-1
1.271300E+4	9.456702E-1
1.271325E+4	9.349306E-1
1.271350E+4	9.233505E-1
1.271375E+4	9.242530E-1
1.271400E+4	9.283616E-1
1.271425E+4	9.213567E-1
1.271450E+4	9.077626E-1
1.271475E+4	8.994939E-1
1.271500E+4	9.052920E-1
1.271525E+4	9.246861E-1
1.271550E+4	9.395423E-1
1.271575E+4	9.390634E-1
1.271600E+4	9.160358E-1
1.271625E+4	8.860006E-1
1.271650E+4	8.849035E-1
1.271675E+4	9.032874E-1
1.271700E+4	9.202921E-1
1.271725E+4	9.117078E-1
1.271750E+4	8.813895E-1
1.271775E+4	8.518809E-1
1.271800E+4	8.221058E-1
1.271825E+4	7.983327E-1
1.271850E+4	8.053758E-1
1.271875E+4	8.352446E-1
1.271900E+4	8.720752E-1
1.271925E+4	9.089273E-1
1.271950E+4	9.266248E-1
1.271975E+4	9.192412E-1
1.272000E+4	9.064299E-1
1.272025E+4	8.997502E-1
1.272050E+4	8.919727E-1
1.272075E+4	8.757657E-1
1.272100E+4	8.624164E-1
1.272125E+4	8.615008E-1
1.272150E+4	8.615153E-1
1.272175E+4	8.550609E-1
1.272200E+4	8.587802E-1
1.272225E+4	8.891392E-1
1.272250E+4	9.067781E-1
1.272275E+4	8.964584E-1
1.272300E+4	8.828815E-1
1.272325E+4	8.880885E-1
1.272350E+4	9.055846E-1
1.272375E+4	9.023174E-1
1.272400E+4	8.842960E-1
1.272425E+4	8.790763E-1
1.272450E+4	9.034668E-1
1.272475E+4	9.173798E-1
1.272500E+4	9.087227E-1
1.272525E+4	9.135469E-1
1.272550E+4	9.357993E-1
1.272575E+4	9.416165E-1
1.272600E+4	9.257277E-1
1.272625E+4	9.116692E-1
1.272650E+4	9.076204E-1
1.272675E+4	8.951380E-1
1.272700E+4	8.743136E-1
1.272725E+4	8.729779E-1
1.272750E+4	8.928901E-1
1.272775E+4	8.991173E-1
1.272800E+4	8.712822E-1
1.272825E+4	8.514453E-1
1.272850E+4	8.683286E-1
1.272875E+4	8.930895E-1
1.272900E+4	8.932285E-1
1.272925E+4	8.829480E-1
1.272950E+4	8.958451E-1
1.272975E+4	9.013991E-1
1.273000E+4	8.837980E-1
1.273025E+4	8.557292E-1
1.273050E+4	8.609250E-1
1.273075E+4	9.006864E-1
1.273100E+4	9.183492E-1
1.273125E+4	9.098129E-1
1.273150E+4	9.136780E-1
1.273175E+4	9.397810E-1
1.273200E+4	9.444608E-1
1.273225E+4	9.162461E-1
1.273250E+4	8.828857E-1
1.273275E+4	8.805808E-1
1.273300E+4	8.961582E-1
1.273325E+4	9.059434E-1
1.273350E+4	9.077566E-1
1.273375E+4	9.040043E-1
1.273400E+4	8.923766E-1
1.273425E+4	8.785456E-1
1.273450E+4	8.727122E-1
1.273475E+4	8.724581E-1
1.273500E+4	8.656100E-1
1.273525E+4	8.542311E-1
1.273550E+4	8.576579E-1
1.273575E+4	8.711635E-1
1.273600E+4	8.754453E-1
1.273625E+4	8.633608E-1
1.273650E+4	8.559570E-1
1.273675E+4	8.732683E-1
1.273700E+4	8.955466E-1
1.273725E+4	9.190413E-1
1.273750E+4	9.527331E-1
1.273775E+4	9.620136E-1
1.273800E+4	9.152799E-1
1.273825E+4	8.517804E-1
1.273850E+4	8.086028E-1
1.273875E+4	8.158839E-1
1.273900E+4	8.497667E-1
1.273925E+4	8.514335E-1
1.273950E+4	8.324521E-1
1.273975E+4	8.429399E-1
1.274000E+4	8.711411E-1
1.274025E+4	8.618254E-1
1.274050E+4	8.200072E-1
1.274075E+4	8.143486E-1
1.274100E+4	8.800574E-1
1.274125E+4	9.379017E-1
1.274150E+4	9.093587E-1
1.274175E+4	8.267823E-1
1.274200E+4	7.763614E-1
1.274225E+4	7.829455E-1
1.274250E+4	8.071063E-1
1.274275E+4	8.254707E-1
1.274300E+4	8.563128E-1
1.274325E+4	8.968788E-1
1.274350E+4	9.053606E-1
1.274375E+4	8.790678E-1
1.274400E+4	8.461841E-1
1.274425E+4	8.438484E-1
1.274450E+4	8.657633E-1
1.274475E+4	8.789095E-1
1.274500E+4	8.879032E-1
1.274525E+4	9.121426E-1
1.274550E+4	9.335848E-1
1.274575E+4	9.225570E-1
1.274600E+4	9.002226E-1
1.274625E+4	8.915204E-1
1.274650E+4	9.018254E-1
1.274675E+4	9.082864E-1
1.274700E+4	9.059091E-1
1.274725E+4	9.032963E-1
1.274750E+4	8.959495E-1
1.274775E+4	8.800163E-1
1.274800E+4	8.724883E-1
1.274825E+4	8.779238E-1
1.274850E+4	8.744890E-1
1.274875E+4	8.343079E-1
1.274900E+4	7.941640E-1
1.274925E+4	8.077483E-1
1.274950E+4	8.537328E-1
1.274975E+4	8.352519E-1
1.275000E+4	7.897640E-1
1.275025E+4	7.990614E-1
1.275050E+4	8.885653E-1
1.275075E+4	9.454098E-1
1.275100E+4	8.806794E-1
1.275125E+4	7.991145E-1
1.275150E+4	7.935077E-1
1.275175E+4	8.581063E-1
1.275200E+4	9.048402E-1
1.275225E+4	8.998595E-1
1.275250E+4	8.833853E-1
1.275275E+4	8.921080E-1
1.275300E+4	9.059831E-1
1.275325E+4	8.917681E-1
1.275350E+4	8.451103E-1
1.275375E+4	8.018486E-1
1.275400E+4	7.919908E-1
1.275425E+4	8.145359E-1
1.275450E+4	8.659579E-1
1.275475E+4	8.862039E-1
1.275500E+4	8.454910E-1
1.275525E+4	8.040535E-1
1.275550E+4	8.049746E-1
1.275575E+4	8.436962E-1
1.275600E+4	8.503037E-1
1.275625E+4	8.128733E-1
1.275650E+4	8.009412E-1
1.275675E+4	8.458513E-1
1.275700E+4	8.725968E-1
1.275725E+4	8.621050E-1
1.275750E+4	8.531633E-1
1.275775E+4	8.805598E-1
1.275800E+4	9.022457E-1
1.275825E+4	8.730650E-1
1.275850E+4	8.267774E-1
1.275875E+4	8.040041E-1
1.275900E+4	8.090206E-1
1.275925E+4	8.074761E-1
1.275950E+4	8.040194E-1
1.275975E+4	8.198478E-1
1.276000E+4	8.362959E-1
1.276025E+4	8.229326E-1
1.276050E+4	8.014565E-1
1.276075E+4	8.275943E-1
1.276100E+4	9.132660E-1
1.276125E+4	8.843242E-1
1.276150E+4	8.130542E-1
1.276175E+4	7.721912E-1
1.276200E+4	7.841041E-1
1.276225E+4	8.367864E-1
1.276250E+4	8.617447E-1
1.276275E+4	8.439283E-1
1.276300E+4	8.163160E-1
1.276325E+4	8.027016E-1
1.276350E+4	8.039549E-1
1.276375E+4	8.106106E-1
1.276400E+4	8.255351E-1
1.276425E+4	8.489941E-1
1.276450E+4	8.554739E-1
1.276475E+4	8.411664E-1
1.276500E+4	8.325752E-1
1.276525E+4	8.310133E-1
1.276550E+4	8.242154E-1
1.276575E+4	8.075418E-1
1.276600E+4	7.923502E-1
1.276625E+4	7.873057E-1
1.276650E+4	7.801524E-1
1.276675E+4	7.684385E-1
1.276700E+4	7.698338E-1
1.276725E+4	7.905227E-1
1.276750E+4	8.182466E-1
1.276775E+4	8.158990E-1
1.276800E+4	8.015898E-1
1.276825E+4	8.226109E-1
1.276850E+4	8.634521E-1
1.276875E+4	8.508111E-1
1.276900E+4	7.708631E-1
1.276925E+4	6.976321E-1
1.276950E+4	6.903708E-1
1.276975E+4	7.589427E-1
1.277000E+4	8.328517E-1
1.277025E+4	8.333088E-1
1.277050E+4	7.968502E-1
1.277075E+4	8.107363E-1
1.277100E+4	8.493597E-1
1.277125E+4	8.535762E-1
1.277150E+4	8.071391E-1
1.277175E+4	7.727558E-1
1.277200E+4	8.160252E-1
1.277225E+4	8.692159E-1
1.277250E+4	8.607703E-1
1.277275E+4	8.037619E-1
1.277300E+4	7.956806E-1
1.277325E+4	8.625669E-1
1.277350E+4	9.274434E-1
1.277375E+4	9.081148E-1
1.277400E+4	8.297995E-1
1.277425E+4	7.952621E-1
1.277450E+4	8.364920E-1
1.277475E+4	8.931562E-1
1.277500E+4	8.903020E-1
1.277525E+4	8.546722E-1
1.277550E+4	8.610714E-1
1.277575E+4	9.012228E-1
1.277600E+4	9.088901E-1
1.277625E+4	8.804674E-1
1.277650E+4	8.296606E-1
1.277675E+4	7.830726E-1
1.277700E+4	7.857868E-1
1.277725E+4	8.134125E-1
1.277750E+4	8.279374E-1
1.277775E+4	7.952928E-1
1.277800E+4	7.284994E-1
1.277825E+4	6.942797E-1
1.277850E+4	7.100259E-1
1.277875E+4	7.688807E-1
1.277900E+4	8.201871E-1
1.277925E+4	8.316916E-1
1.277950E+4	8.206473E-1
1.277975E+4	7.935350E-1
1.278000E+4	7.779167E-1
1.278025E+4	8.044618E-1
1.278050E+4	8.343524E-1
1.278075E+4	8.239483E-1
1.278100E+4	7.652636E-1
1.278125E+4	7.455662E-1
1.278150E+4	7.845194E-1
1.278175E+4	8.123402E-1
1.278200E+4	7.910610E-1
1.278225E+4	7.678220E-1
1.278250E+4	7.889066E-1
1.278275E+4	8.440323E-1
1.278300E+4	8.937248E-1
1.278325E+4	9.031652E-1
1.278350E+4	9.024110E-1
1.278375E+4	8.978573E-1
1.278400E+4	8.680910E-1
1.278425E+4	8.310955E-1
1.278450E+4	8.216748E-1
1.278475E+4	8.474822E-1
1.278500E+4	8.661048E-1
1.278525E+4	8.177501E-1
1.278550E+4	7.468949E-1
1.278575E+4	7.213269E-1
1.278600E+4	7.675533E-1
1.278625E+4	8.397200E-1
1.278650E+4	8.833547E-1
1.278675E+4	8.799201E-1
1.278700E+4	8.431862E-1
1.278725E+4	8.554541E-1
1.278750E+4	9.066874E-1
1.278775E+4	9.276487E-1
1.278800E+4	8.877300E-1
1.278825E+4	8.390330E-1
1.278850E+4	8.369287E-1
1.278875E+4	8.429873E-1
1.278900E+4	8.048526E-1
1.278925E+4	7.512776E-1
1.278950E+4	7.863994E-1
1.278975E+4	8.509993E-1
1.279000E+4	8.717583E-1
1.279025E+4	8.377139E-1
1.279050E+4	8.109603E-1
1.279075E+4	8.188782E-1
1.279100E+4	8.208804E-1
1.279125E+4	7.991280E-1
1.279150E+4	7.985664E-1
1.279175E+4	8.514671E-1
1.279200E+4	9.109351E-1
1.279225E+4	9.086345E-1
1.279250E+4	8.537089E-1
1.279275E+4	8.314109E-1
1.279300E+4	8.421466E-1
1.279325E+4	8.591849E-1
1.279350E+4	8.737100E-1
1.279375E+4	8.857919E-1
1.279400E+4	8.914997E-1
1.279425E+4	8.844745E-1
1.279450E+4	8.606872E-1
1.279475E+4	8.328370E-1
1.279500E+4	8.269494E-1
1.279525E+4	8.362104E-1
1.279550E+4	8.311499E-1
1.279575E+4	7.939529E-1
1.279600E+4	7.523851E-1
1.279625E+4	7.589897E-1
1.279650E+4	8.166229E-1
1.279675E+4	8.859828E-1
1.279700E+4	9.016701E-1
1.279725E+4	8.500054E-1
1.279750E+4	8.307400E-1
1.279775E+4	8.552257E-1
1.279800E+4	8.866816E-1
1.279825E+4	9.028869E-1
1.279850E+4	8.959645E-1
1.279875E+4	8.795320E-1
1.279900E+4	8.660349E-1
1.279925E+4	8.538258E-1
1.279950E+4	8.426609E-1
1.279975E+4	8.413826E-1
1.280000E+4	8.559854E-1
1.280025E+4	8.742987E-1
1.280050E+4	8.659851E-1
1.280075E+4	8.300520E-1
1.280100E+4	8.225888E-1
1.280125E+4	8.611805E-1
1.280150E+4	9.172160E-1
1.280175E+4	9.176814E-1
1.280200E+4	8.369808E-1
1.280225E+4	8.082899E-1
1.280250E+4	8.626879E-1
1.280275E+4	9.223225E-1
1.280300E+4	8.986066E-1
1.280325E+4	8.384722E-1
1.280350E+4	8.298651E-1
1.280375E+4	8.524363E-1
1.280400E+4	8.484667E-1
1.280425E+4	8.281164E-1
1.280450E+4	8.385706E-1
1.280475E+4	8.833934E-1
1.280500E+4	8.821998E-1
1.280525E+4	8.507953E-1
1.280550E+4	8.374343E-1
1.280575E+4	8.330108E-1
1.280600E+4	8.163389E-1
1.280625E+4	8.191258E-1
1.280650E+4	8.420988E-1
1.280675E+4	8.542235E-1
1.280700E+4	8.060433E-1
1.280725E+4	7.194005E-1
1.280750E+4	7.535672E-1
1.280775E+4	8.299542E-1
1.280800E+4	8.926994E-1
1.280825E+4	8.653050E-1
1.280850E+4	7.277031E-1
1.280875E+4	6.727529E-1
1.280900E+4	6.909411E-1
1.280925E+4	7.543518E-1
1.280950E+4	8.286924E-1
1.280975E+4	7.892838E-1
1.281000E+4	6.754556E-1
1.281025E+4	6.587921E-1
1.281050E+4	7.589821E-1
1.281075E+4	8.352602E-1
1.281100E+4	8.470798E-1
1.281125E+4	8.401170E-1
1.281150E+4	8.529077E-1
1.281175E+4	8.387772E-1
1.281200E+4	7.681896E-1
1.281225E+4	7.192145E-1
1.281250E+4	7.306461E-1
1.281275E+4	7.562920E-1
1.281300E+4	7.311460E-1
1.281325E+4	6.907719E-1
1.281350E+4	7.066509E-1
1.281375E+4	7.714246E-1
1.281400E+4	7.980896E-1
1.281425E+4	7.208900E-1
1.281450E+4	6.412096E-1
1.281475E+4	6.179898E-1
1.281500E+4	6.359352E-1
1.281525E+4	6.994920E-1
1.281550E+4	7.845180E-1
1.281575E+4	8.366256E-1
1.281600E+4	8.216567E-1
1.281625E+4	7.985476E-1
1.281650E+4	8.604860E-1
1.281675E+4	9.212606E-1
1.281700E+4	9.098969E-1
1.281725E+4	8.287273E-1
1.281750E+4	7.962583E-1
1.281775E+4	8.494450E-1
1.281800E+4	8.693610E-1
1.281825E+4	7.881493E-1
1.281850E+4	6.825063E-1
1.281875E+4	7.357682E-1
1.281900E+4	8.056353E-1
1.281925E+4	8.111650E-1
1.281950E+4	7.849591E-1
1.281975E+4	7.733259E-1
1.282000E+4	7.637502E-1
1.282025E+4	7.392272E-1
1.282050E+4	7.405212E-1
1.282075E+4	7.824678E-1
1.282100E+4	8.036919E-1
1.282125E+4	7.970705E-1
1.282150E+4	8.098857E-1
1.282175E+4	8.374747E-1
1.282200E+4	8.323967E-1
1.282225E+4	7.828731E-1
1.282250E+4	7.792473E-1
1.282275E+4	8.414070E-1
1.282300E+4	8.244502E-1
1.282325E+4	7.559388E-1
1.282350E+4	7.633857E-1
1.282375E+4	8.649354E-1
1.282400E+4	8.910056E-1
1.282425E+4	7.664950E-1
1.282450E+4	6.695910E-1
1.282475E+4	7.166571E-1
1.282500E+4	7.604296E-1
1.282525E+4	6.665328E-1
1.282550E+4	6.106535E-1
1.282575E+4	6.817942E-1
1.282600E+4	8.078722E-1
1.282625E+4	8.302429E-1
1.282650E+4	6.741676E-1
1.282675E+4	5.976824E-1
1.282700E+4	6.966098E-1
1.282725E+4	7.990480E-1
1.282750E+4	7.801724E-1
1.282775E+4	7.340260E-1
1.282800E+4	7.820837E-1
1.282825E+4	8.416970E-1
1.282850E+4	7.675823E-1
1.282875E+4	6.715249E-1
1.282900E+4	6.590168E-1
1.282925E+4	6.876845E-1
1.282950E+4	6.765535E-1
1.282975E+4	6.346136E-1
1.283000E+4	6.679714E-1
1.283025E+4	7.590258E-1
1.283050E+4	8.195794E-1
1.283075E+4	7.610706E-1
1.283100E+4	6.653300E-1
1.283125E+4	6.549726E-1
1.283150E+4	7.451116E-1
1.283175E+4	8.045664E-1
1.283200E+4	7.229152E-1
1.283225E+4	6.262840E-1
1.283250E+4	5.677837E-1
1.283275E+4	6.181432E-1
1.283300E+4	7.747917E-1
1.283325E+4	8.214641E-1
1.283350E+4	7.343215E-1
1.283375E+4	5.500074E-1
1.283400E+4	3.911737E-1
1.283425E+4	4.203938E-1
1.283450E+4	5.907819E-1
1.283475E+4	7.414902E-1
1.283500E+4	7.277634E-1
1.283525E+4	6.198763E-1
1.283550E+4	5.843101E-1
1.283575E+4	6.551193E-1
1.283600E+4	7.295654E-1
1.283625E+4	6.992181E-1
1.283650E+4	6.771732E-1
1.283675E+4	7.471289E-1
1.283700E+4	8.165469E-1
1.283725E+4	6.907839E-1
1.283750E+4	5.189353E-1
1.283775E+4	6.105304E-1
1.283800E+4	8.109864E-1
1.283825E+4	8.690958E-1
1.283850E+4	7.862323E-1
1.283875E+4	6.645617E-1
1.283900E+4	6.149865E-1
1.283925E+4	6.861271E-1
1.283950E+4	7.651971E-1
1.283975E+4	7.437447E-1
1.284000E+4	6.870304E-1
1.284025E+4	6.803893E-1
1.284050E+4	7.103406E-1
1.284075E+4	7.264918E-1
1.284100E+4	6.680114E-1
1.284125E+4	5.643617E-1
1.284150E+4	5.413295E-1
1.284175E+4	5.996087E-1
1.284200E+4	6.903340E-1
1.284225E+4	7.484196E-1
1.284250E+4	7.575357E-1
1.284275E+4	7.594560E-1
1.284300E+4	7.725974E-1
1.284325E+4	7.840908E-1
1.284350E+4	7.743042E-1
1.284375E+4	7.473794E-1
1.284400E+4	7.107895E-1
1.284425E+4	6.805458E-1
1.284450E+4	6.917648E-1
1.284475E+4	7.375298E-1
1.284500E+4	7.358654E-1
1.284525E+4	6.676527E-1
1.284550E+4	6.340952E-1
1.284575E+4	6.671383E-1
1.284600E+4	7.083861E-1
1.284625E+4	7.006886E-1
1.284650E+4	6.647361E-1
1.284675E+4	7.043409E-1
1.284700E+4	7.646136E-1
1.284725E+4	7.906294E-1
1.284750E+4	7.820929E-1
1.284775E+4	7.421557E-1
1.284800E+4	6.879151E-1
1.284825E+4	6.391791E-1
1.284850E+4	6.042898E-1
1.284875E+4	6.117311E-1
1.284900E+4	6.619267E-1
1.284925E+4	6.621927E-1
1.284950E+4	5.958614E-1
1.284975E+4	5.598955E-1
1.285000E+4	6.666529E-1
1.285025E+4	7.865220E-1
1.285050E+4	7.948676E-1
1.285075E+4	7.296417E-1
1.285100E+4	6.475727E-1
1.285125E+4	6.581317E-1
1.285150E+4	6.884851E-1
1.285175E+4	6.948984E-1
1.285200E+4	7.109959E-1
1.285225E+4	7.564174E-1
1.285250E+4	8.011085E-1
1.285275E+4	7.950140E-1
1.285300E+4	7.613125E-1
1.285325E+4	7.237026E-1
1.285350E+4	6.739181E-1
1.285375E+4	6.325223E-1
1.285400E+4	6.794693E-1
1.285425E+4	7.598638E-1
1.285450E+4	7.677971E-1
1.285475E+4	7.011074E-1
1.285500E+4	5.980905E-1
1.285525E+4	6.173520E-1
1.285550E+4	7.425473E-1
1.285575E+4	7.889861E-1
1.285600E+4	7.488369E-1
1.285625E+4	6.837767E-1
1.285650E+4	6.706982E-1
1.285675E+4	7.260588E-1
1.285700E+4	7.970531E-1
1.285725E+4	8.121778E-1
1.285750E+4	8.071662E-1
1.285775E+4	7.946741E-1
1.285800E+4	7.322691E-1
1.285825E+4	6.115413E-1
1.285850E+4	6.024381E-1
1.285875E+4	6.656760E-1
1.285900E+4	7.340649E-1
1.285925E+4	8.041866E-1
1.285950E+4	8.180114E-1
1.285975E+4	7.807414E-1
1.286000E+4	7.389155E-1
1.286025E+4	7.261592E-1
1.286050E+4	7.993284E-1
1.286075E+4	8.894209E-1
1.286100E+4	9.040524E-1
1.286125E+4	8.525090E-1
1.286150E+4	7.876734E-1
1.286175E+4	8.151055E-1
1.286200E+4	8.661108E-1
1.286225E+4	8.232237E-1
1.286250E+4	7.304487E-1
1.286275E+4	6.922605E-1
1.286300E+4	7.517426E-1
1.286325E+4	7.734581E-1
1.286350E+4	6.767060E-1
1.286375E+4	5.953314E-1
1.286400E+4	6.505105E-1
1.286425E+4	7.598977E-1
1.286450E+4	7.642263E-1
1.286475E+4	5.981640E-1
1.286500E+4	4.433652E-1
1.286525E+4	6.047640E-1
1.286550E+4	8.131419E-1
1.286575E+4	8.830185E-1
1.286600E+4	8.710637E-1
1.286625E+4	8.647476E-1
1.286650E+4	9.011459E-1
1.286675E+4	9.373304E-1
1.286700E+4	9.084156E-1
1.286725E+4	8.417221E-1
1.286750E+4	8.351221E-1
1.286775E+4	8.430758E-1
1.286800E+4	8.290102E-1
1.286825E+4	8.216661E-1
1.286850E+4	8.730691E-1
1.286875E+4	9.264912E-1
1.286900E+4	9.185739E-1
1.286925E+4	8.724657E-1
1.286950E+4	8.570945E-1
1.286975E+4	8.905730E-1
1.287000E+4	9.098392E-1
1.287025E+4	8.727123E-1
1.287050E+4	8.154255E-1
1.287075E+4	8.442271E-1
1.287100E+4	8.714950E-1
1.287125E+4	8.508232E-1
1.287150E+4	8.057468E-1
1.287175E+4	7.859936E-1
1.287200E+4	8.420326E-1
1.287225E+4	8.750345E-1
1.287250E+4	8.767568E-1
1.287275E+4	8.899786E-1
1.287300E+4	9.155736E-1
1.287325E+4	9.189587E-1
1.287350E+4	9.057170E-1
1.287375E+4	9.073930E-1
1.287400E+4	9.290688E-1
1.287425E+4	9.324049E-1
1.287450E+4	8.682440E-1
1.287475E+4	7.535122E-1
1.287500E+4	7.013095E-1
1.287525E+4	7.780671E-1
1.287550E+4	8.622801E-1
1.287575E+4	8.571586E-1
1.287600E+4	7.934595E-1
1.287625E+4	7.961269E-1
1.287650E+4	8.421482E-1
1.287675E+4	8.733747E-1
1.287700E+4	8.525623E-1
1.287725E+4	7.963150E-1
1.287750E+4	8.151578E-1
1.287775E+4	8.588246E-1
1.287800E+4	8.725341E-1
1.287825E+4	8.523937E-1
1.287850E+4	8.422244E-1
1.287875E+4	8.492606E-1
1.287900E+4	8.674323E-1
1.287925E+4	9.064915E-1
1.287950E+4	9.280892E-1
1.287975E+4	9.139581E-1
1.288000E+4	8.769152E-1
1.288025E+4	8.496025E-1
1.288050E+4	8.882600E-1
1.288075E+4	8.992556E-1
1.288100E+4	8.562978E-1
1.288125E+4	8.090727E-1
1.288150E+4	8.339686E-1
1.288175E+4	8.767852E-1
1.288200E+4	8.521322E-1
1.288225E+4	7.692375E-1
1.288250E+4	7.601401E-1
1.288275E+4	8.425644E-1
1.288300E+4	8.711769E-1
1.288325E+4	8.225208E-1
1.288350E+4	7.996971E-1
1.288375E+4	8.346773E-1
1.288400E+4	8.454240E-1
1.288425E+4	7.687384E-1
1.288450E+4	7.630851E-1
1.288475E+4	8.539350E-1
1.288500E+4	9.112582E-1
1.288525E+4	8.886323E-1
1.288550E+4	8.223710E-1
1.288575E+4	8.433063E-1
1.288600E+4	9.119816E-1
1.288625E+4	9.413455E-1
1.288650E+4	9.030967E-1
1.288675E+4	8.792138E-1
1.288700E+4	8.864489E-1
1.288725E+4	8.999801E-1
1.288750E+4	9.170477E-1
1.288775E+4	9.393306E-1
1.288800E+4	9.467021E-1
1.288825E+4	9.353522E-1
1.288850E+4	9.110050E-1
1.288875E+4	8.882909E-1
1.288900E+4	8.635373E-1
1.288925E+4	8.176411E-1
1.288950E+4	7.755250E-1
1.288975E+4	7.768709E-1
1.289000E+4	7.971784E-1
1.289025E+4	7.981459E-1
1.289050E+4	7.937866E-1
1.289075E+4	8.230813E-1
1.289100E+4	8.812812E-1
1.289125E+4	8.848255E-1
1.289150E+4	8.291999E-1
1.289175E+4	7.948159E-1
1.289200E+4	7.828615E-1
1.289225E+4	7.633796E-1
1.289250E+4	7.662058E-1
1.289275E+4	8.340893E-1
1.289300E+4	9.076363E-1
1.289325E+4	9.083857E-1
1.289350E+4	8.411278E-1
1.289375E+4	7.889326E-1
1.289400E+4	8.155538E-1
1.289425E+4	8.873821E-1
1.289450E+4	8.898806E-1
1.289475E+4	8.457141E-1
1.289500E+4	8.467550E-1
1.289525E+4	9.101377E-1
1.289550E+4	9.775764E-1
1.289575E+4	9.478180E-1
1.289600E+4	8.701935E-1
1.289625E+4	8.721281E-1
1.289650E+4	9.027237E-1
1.289675E+4	8.732586E-1
1.289700E+4	7.704256E-1
1.289725E+4	6.265094E-1
1.289750E+4	6.167946E-1
1.289775E+4	7.834616E-1
1.289800E+4	7.917011E-1
1.289825E+4	7.133731E-1
1.289850E+4	6.896303E-1
1.289875E+4	7.673756E-1
1.289900E+4	8.439573E-1
1.289925E+4	8.096793E-1
1.289950E+4	7.295749E-1
1.289975E+4	7.325691E-1
1.290000E+4	8.035043E-1
1.290025E+4	8.420259E-1
1.290050E+4	8.160174E-1
1.290075E+4	8.121757E-1
1.290100E+4	8.402052E-1
1.290125E+4	8.490362E-1
1.290150E+4	8.317051E-1
1.290175E+4	8.372835E-1
1.290200E+4	8.720574E-1
1.290225E+4	9.038243E-1
1.290250E+4	9.170547E-1
1.290275E+4	9.144972E-1
1.290300E+4	9.017538E-1
1.290325E+4	8.771697E-1
1.290350E+4	8.414355E-1
1.290375E+4	7.920226E-1
1.290400E+4	7.222487E-1
1.290425E+4	6.679113E-1
1.290450E+4	6.881549E-1
1.290475E+4	7.317535E-1
1.290500E+4	7.067522E-1
1.290525E+4	6.195568E-1
1.290550E+4	6.131260E-1
1.290575E+4	7.178803E-1
1.290600E+4	8.408074E-1
1.290625E+4	9.288604E-1
1.290650E+4	9.478298E-1
1.290675E+4	9.343613E-1
1.290700E+4	9.091987E-1
1.290725E+4	8.346535E-1
1.290750E+4	6.791297E-1
1.290775E+4	5.957829E-1
1.290800E+4	6.882448E-1
1.290825E+4	7.540479E-1
1.290850E+4	7.627973E-1
1.290875E+4	7.670656E-1
1.290900E+4	7.777370E-1
1.290925E+4	7.462431E-1
1.290950E+4	6.979435E-1
1.290975E+4	7.190748E-1
1.291000E+4	7.689315E-1
1.291025E+4	7.952997E-1
1.291050E+4	8.087064E-1
1.291075E+4	8.528673E-1
1.291100E+4	8.973604E-1
1.291125E+4	9.089735E-1
1.291150E+4	8.594753E-1
1.291175E+4	7.889086E-1
1.291200E+4	7.926894E-1
1.291225E+4	8.107530E-1
1.291250E+4	8.240988E-1
1.291275E+4	8.667542E-1
1.291300E+4	9.116174E-1
1.291325E+4	9.144837E-1
1.291350E+4	9.074936E-1
1.291375E+4	9.139765E-1
1.291400E+4	9.021912E-1
1.291425E+4	8.323030E-1
1.291450E+4	7.635037E-1
1.291475E+4	7.772273E-1
1.291500E+4	8.473225E-1
1.291525E+4	8.905731E-1
1.291550E+4	8.596625E-1
1.291575E+4	8.270104E-1
1.291600E+4	8.395618E-1
1.291625E+4	8.502959E-1
1.291650E+4	8.420298E-1
1.291675E+4	8.502976E-1
1.291700E+4	8.763821E-1
1.291725E+4	8.646421E-1
1.291750E+4	8.031888E-1
1.291775E+4	7.695798E-1
1.291800E+4	8.156666E-1
1.291825E+4	8.471524E-1
1.291850E+4	8.274442E-1
1.291875E+4	8.095821E-1
1.291900E+4	8.341777E-1
1.291925E+4	8.607723E-1
1.291950E+4	8.297013E-1
1.291975E+4	7.766864E-1
1.292000E+4	7.856477E-1
1.292025E+4	8.152121E-1
1.292050E+4	8.263315E-1
1.292075E+4	8.299109E-1
1.292100E+4	8.396032E-1
1.292125E+4	8.285362E-1
1.292150E+4	7.791096E-1
1.292175E+4	7.334276E-1
1.292200E+4	8.001770E-1
1.292225E+4	8.810741E-1
1.292250E+4	9.200746E-1
1.292275E+4	9.475594E-1
1.292300E+4	9.595517E-1
1.292325E+4	9.304879E-1
1.292350E+4	8.853394E-1
1.292375E+4	8.556281E-1
1.292400E+4	8.646437E-1
1.292425E+4	8.925298E-1
1.292450E+4	8.663825E-1
1.292475E+4	8.031272E-1
1.292500E+4	7.280169E-1
1.292525E+4	6.458709E-1
1.292550E+4	6.124477E-1
1.292575E+4	6.924016E-1
1.292600E+4	8.129454E-1
1.292625E+4	8.664380E-1
1.292650E+4	8.333328E-1
1.292675E+4	7.751400E-1
1.292700E+4	7.517648E-1
1.292725E+4	7.921764E-1
1.292750E+4	8.607192E-1
1.292775E+4	9.055770E-1
1.292800E+4	9.292662E-1
1.292825E+4	9.072805E-1
1.292850E+4	8.036716E-1
1.292875E+4	7.585582E-1
1.292900E+4	7.848059E-1
1.292925E+4	8.211770E-1
1.292950E+4	8.115579E-1
1.292975E+4	7.639081E-1
1.293000E+4	7.712422E-1
1.293025E+4	8.232658E-1
1.293050E+4	8.634589E-1
1.293075E+4	8.178880E-1
1.293100E+4	7.596612E-1
1.293125E+4	7.470668E-1
1.293150E+4	7.776561E-1
1.293175E+4	8.434265E-1
1.293200E+4	8.480627E-1
1.293225E+4	7.775877E-1
1.293250E+4	7.391183E-1
1.293275E+4	7.641089E-1
1.293300E+4	8.416274E-1
1.293325E+4	8.856512E-1
1.293350E+4	8.837554E-1
1.293375E+4	8.909336E-1
1.293400E+4	9.101668E-1
1.293425E+4	9.063978E-1
1.293450E+4	8.564291E-1
1.293475E+4	7.860630E-1
1.293500E+4	7.500667E-1
1.293525E+4	7.573489E-1
1.293550E+4	7.623194E-1
1.293575E+4	7.367337E-1
1.293600E+4	6.977898E-1
1.293625E+4	6.707721E-1
1.293650E+4	6.590614E-1
1.293675E+4	6.667422E-1
1.293700E+4	7.128889E-1
1.293725E+4	7.885807E-1
1.293750E+4	8.457709E-1
1.293775E+4	8.353175E-1
1.293800E+4	7.627540E-1
1.293825E+4	7.119878E-1
1.293850E+4	7.417975E-1
1.293875E+4	7.926112E-1
1.293900E+4	7.792346E-1
1.293925E+4	7.240184E-1
1.293950E+4	6.999262E-1
1.293975E+4	7.117912E-1
1.294000E+4	6.999288E-1
1.294025E+4	6.492543E-1
1.294050E+4	6.316425E-1
1.294075E+4	6.582292E-1
1.294100E+4	6.390301E-1
1.294125E+4	5.401655E-1
1.294150E+4	5.140500E-1
1.294175E+4	6.203564E-1
1.294200E+4	7.552739E-1
1.294225E+4	7.613200E-1
1.294250E+4	6.514584E-1
1.294275E+4	6.576510E-1
1.294300E+4	7.468599E-1
1.294325E+4	7.737154E-1
1.294350E+4	6.905958E-1
1.294375E+4	6.170649E-1
1.294400E+4	6.188105E-1
1.294425E+4	6.334976E-1
1.294450E+4	5.999476E-1
1.294475E+4	5.841981E-1
1.294500E+4	6.487342E-1
1.294525E+4	7.506169E-1
1.294550E+4	7.900211E-1
1.294575E+4	7.321410E-1
1.294600E+4	6.781088E-1
1.294625E+4	6.856477E-1
1.294650E+4	7.367906E-1
1.294675E+4	7.765345E-1
1.294700E+4	7.930968E-1
1.294725E+4	8.007151E-1
1.294750E+4	7.909572E-1
1.294775E+4	7.513290E-1
1.294800E+4	7.023372E-1
1.294825E+4	6.507858E-1
1.294850E+4	6.165799E-1
1.294875E+4	6.365085E-1
1.294900E+4	6.619887E-1
1.294925E+4	6.341091E-1
1.294950E+4	5.729174E-1
1.294975E+4	6.185419E-1
1.295000E+4	7.299455E-1
1.295025E+4	7.531017E-1
1.295050E+4	6.698909E-1
1.295075E+4	5.877055E-1
1.295100E+4	6.163449E-1
1.295125E+4	7.115522E-1
1.295150E+4	7.578039E-1
1.295175E+4	7.177009E-1
1.295200E+4	6.638964E-1
1.295225E+4	6.403953E-1
1.295250E+4	6.737359E-1
1.295275E+4	7.628209E-1
1.295300E+4	8.125832E-1
1.295325E+4	8.127850E-1
1.295350E+4	7.660096E-1
1.295375E+4	6.867888E-1
1.295400E+4	6.839265E-1
1.295425E+4	7.291835E-1
1.295450E+4	7.546256E-1
1.295475E+4	7.339212E-1
1.295500E+4	6.831710E-1
1.295525E+4	6.704668E-1
1.295550E+4	6.976592E-1
1.295575E+4	7.327071E-1
1.295600E+4	7.553903E-1
1.295625E+4	7.655812E-1
1.295650E+4	7.716468E-1
1.295675E+4	7.712755E-1
1.295700E+4	7.607146E-1
1.295725E+4	7.575396E-1
1.295750E+4	7.809247E-1
1.295775E+4	8.280816E-1
1.295800E+4	8.566279E-1
1.295825E+4	7.936919E-1
1.295850E+4	7.073325E-1
1.295875E+4	7.283832E-1
1.295900E+4	7.791670E-1
1.295925E+4	7.645111E-1
1.295950E+4	6.780489E-1
1.295975E+4	6.552014E-1
1.296000E+4	7.767950E-1
1.296025E+4	8.809552E-1
1.296050E+4	8.092454E-1
1.296075E+4	6.559465E-1
1.296100E+4	6.599611E-1
1.296125E+4	7.929626E-1
1.296150E+4	8.729259E-1
1.296175E+4	7.733568E-1
1.296200E+4	6.954567E-1
1.296225E+4	7.425608E-1
1.296250E+4	8.494551E-1
1.296275E+4	8.952477E-1
1.296300E+4	8.211673E-1
1.296325E+4	7.731880E-1
1.296350E+4	7.929454E-1
1.296375E+4	8.334290E-1
1.296400E+4	8.350044E-1
1.296425E+4	8.149298E-1
1.296450E+4	8.423474E-1
1.296475E+4	9.224873E-1
1.296500E+4	9.424030E-1
1.296525E+4	8.782286E-1
1.296550E+4	8.077802E-1
1.296575E+4	7.826389E-1
1.296600E+4	8.003164E-1
1.296625E+4	7.817819E-1
1.296650E+4	7.149689E-1
1.296675E+4	6.892302E-1
1.296700E+4	7.536419E-1
1.296725E+4	8.044852E-1
1.296750E+4	7.953254E-1
1.296775E+4	7.681519E-1
1.296800E+4	7.806427E-1
1.296825E+4	8.149416E-1
1.296850E+4	8.127039E-1
1.296875E+4	7.861153E-1
1.296900E+4	7.742338E-1
1.296925E+4	7.661095E-1
1.296950E+4	7.374071E-1
1.296975E+4	7.392652E-1
1.297000E+4	8.356372E-1
1.297025E+4	9.171980E-1
1.297050E+4	9.113381E-1
1.297075E+4	8.424138E-1
1.297100E+4	8.131708E-1
1.297125E+4	8.969979E-1
1.297150E+4	9.380514E-1
1.297175E+4	9.162509E-1
1.297200E+4	8.920123E-1
1.297225E+4	9.018121E-1
1.297250E+4	9.090244E-1
1.297275E+4	8.835597E-1
1.297300E+4	8.652950E-1
1.297325E+4	8.801828E-1
1.297350E+4	8.834878E-1
1.297375E+4	8.156351E-1
1.297400E+4	7.411320E-1
1.297425E+4	7.598633E-1
1.297450E+4	8.628265E-1
1.297475E+4	9.149515E-1
1.297500E+4	8.247422E-1
1.297525E+4	7.727058E-1
1.297550E+4	7.934801E-1
1.297575E+4	8.083619E-1
1.297600E+4	7.858081E-1
1.297625E+4	7.852141E-1
1.297650E+4	8.223339E-1
1.297675E+4	8.303180E-1
1.297700E+4	7.778345E-1
1.297725E+4	7.220118E-1
1.297750E+4	7.585024E-1
1.297775E+4	8.484004E-1
1.297800E+4	8.257898E-1
1.297825E+4	7.373815E-1
1.297850E+4	6.944427E-1
1.297875E+4	7.419215E-1
1.297900E+4	8.093535E-1
1.297925E+4	8.224085E-1
1.297950E+4	8.160872E-1
1.297975E+4	8.342877E-1
1.298000E+4	8.539053E-1
1.298025E+4	8.221263E-1
1.298050E+4	7.861151E-1
1.298075E+4	7.690694E-1
1.298100E+4	7.722357E-1
1.298125E+4	7.809786E-1
1.298150E+4	7.635570E-1
1.298175E+4	7.008075E-1
1.298200E+4	6.019559E-1
1.298225E+4	5.347019E-1
1.298250E+4	5.541665E-1
1.298275E+4	6.654589E-1
1.298300E+4	8.192461E-1
1.298325E+4	8.757111E-1
1.298350E+4	8.138490E-1
1.298375E+4	7.376972E-1
1.298400E+4	7.126490E-1
1.298425E+4	7.533035E-1
1.298450E+4	7.875266E-1
1.298475E+4	7.807970E-1
1.298500E+4	7.875190E-1
1.298525E+4	8.345982E-1
1.298550E+4	8.909408E-1
1.298575E+4	8.959654E-1
1.298600E+4	8.575952E-1
1.298625E+4	8.306281E-1
1.298650E+4	8.279879E-1
1.298675E+4	8.284457E-1
1.298700E+4	8.107453E-1
1.298725E+4	7.986474E-1
1.298750E+4	8.025421E-1
1.298775E+4	8.043565E-1
1.298800E+4	7.807367E-1
1.298825E+4	7.501035E-1
1.298850E+4	7.612295E-1
1.298875E+4	7.837348E-1
1.298900E+4	7.865424E-1
1.298925E+4	7.721544E-1
1.298950E+4	7.894152E-1
1.298975E+4	8.485984E-1
1.299000E+4	8.685726E-1
1.299025E+4	8.261664E-1
1.299050E+4	7.796590E-1
1.299075E+4	7.951010E-1
1.299100E+4	8.719067E-1
1.299125E+4	9.004626E-1
1.299150E+4	8.692558E-1
1.299175E+4	8.423672E-1
1.299200E+4	8.379797E-1
1.299225E+4	8.210355E-1
1.299250E+4	7.722133E-1
1.299275E+4	7.298497E-1
1.299300E+4	7.422708E-1
1.299325E+4	7.969875E-1
1.299350E+4	8.152888E-1
1.299375E+4	8.083734E-1
1.299400E+4	8.191932E-1
1.299425E+4	8.427795E-1
1.299450E+4	8.245500E-1
1.299475E+4	7.866677E-1
1.299500E+4	7.669435E-1
1.299525E+4	8.050631E-1
1.299550E+4	8.828746E-1
1.299575E+4	9.042255E-1
1.299600E+4	8.847002E-1
1.299625E+4	8.631111E-1
1.299650E+4	8.434311E-1
1.299675E+4	8.098727E-1
1.299700E+4	7.655291E-1
1.299725E+4	7.633691E-1
1.299750E+4	7.843509E-1
1.299775E+4	7.731641E-1
1.299800E+4	7.138428E-1
1.299825E+4	6.620414E-1
1.299850E+4	7.312496E-1
1.299875E+4	8.093404E-1
1.299900E+4	8.141369E-1
1.299925E+4	7.615352E-1
1.299950E+4	7.529075E-1
1.299975E+4	7.986408E-1
1.300000E+4	8.169530E-1
1.300025E+4	7.904093E-1
1.300050E+4	7.676130E-1
1.300075E+4	8.192472E-1
1.300100E+4	8.560644E-1
1.300125E+4	8.114225E-1
1.300150E+4	7.773497E-1
1.300175E+4	8.320316E-1
1.300200E+4	9.261041E-1
1.300225E+4	9.298582E-1
1.300250E+4	8.459431E-1
1.300275E+4	8.280248E-1
1.300300E+4	8.805639E-1
1.300325E+4	9.190674E-1
1.300350E+4	8.710215E-1
1.300375E+4	8.170823E-1
1.300400E+4	8.311709E-1
1.300425E+4	8.654185E-1
1.300450E+4	8.353632E-1
1.300475E+4	7.576519E-1
1.300500E+4	7.365042E-1
1.300525E+4	7.811215E-1
1.300550E+4	8.401843E-1
1.300575E+4	8.692599E-1
1.300600E+4	8.806598E-1
1.300625E+4	8.808805E-1
1.300650E+4	8.438569E-1
1.300675E+4	7.924272E-1
1.300700E+4	7.976739E-1
1.300725E+4	8.440580E-1
1.300750E+4	8.735909E-1
1.300775E+4	8.511564E-1
1.300800E+4	8.183232E-1
1.300825E+4	8.004055E-1
1.300850E+4	8.100154E-1
1.300875E+4	8.677670E-1
1.300900E+4	9.393034E-1
1.300925E+4	9.742929E-1
1.300950E+4	9.621239E-1
1.300975E+4	9.278632E-1
1.301000E+4	9.013594E-1
1.301025E+4	8.751642E-1
1.301050E+4	8.422155E-1
1.301075E+4	8.389958E-1
1.301100E+4	8.883715E-1
1.301125E+4	9.331306E-1
1.301150E+4	9.141021E-1
1.301175E+4	8.537729E-1
1.301200E+4	8.438763E-1
1.301225E+4	8.800944E-1
1.301250E+4	8.969554E-1
1.301275E+4	8.683804E-1
1.301300E+4	8.362130E-1
1.301325E+4	8.577310E-1
1.301350E+4	8.963525E-1
1.301375E+4	8.930257E-1
1.301400E+4	8.555642E-1
1.301425E+4	8.208374E-1
1.301450E+4	8.324284E-1
1.301475E+4	8.763822E-1
1.301500E+4	9.075279E-1
1.301525E+4	9.180571E-1
1.301550E+4	9.068836E-1
1.301575E+4	8.881592E-1
1.301600E+4	8.839182E-1
1.301625E+4	8.826228E-1
1.301650E+4	8.658213E-1
1.301675E+4	8.359334E-1
1.301700E+4	8.268832E-1
1.301725E+4	8.426524E-1
1.301750E+4	8.707550E-1
1.301775E+4	8.951049E-1
1.301800E+4	9.013536E-1
1.301825E+4	9.048282E-1
1.301850E+4	9.093649E-1
1.301875E+4	8.914169E-1
1.301900E+4	8.398685E-1
1.301925E+4	8.146256E-1
1.301950E+4	8.386598E-1
1.301975E+4	8.825688E-1
1.302000E+4	8.946221E-1
1.302025E+4	8.528479E-1
1.302050E+4	8.094654E-1
1.302075E+4	8.343311E-1
1.302100E+4	9.020518E-1
1.302125E+4	9.415926E-1
1.302150E+4	9.224716E-1
1.302175E+4	8.693802E-1
1.302200E+4	8.588742E-1
1.302225E+4	8.746053E-1
1.302250E+4	8.797083E-1
1.302275E+4	8.783695E-1
1.302300E+4	8.886594E-1
1.302325E+4	8.974726E-1
1.302350E+4	8.810531E-1
1.302375E+4	8.320360E-1
1.302400E+4	7.897355E-1
1.302425E+4	7.984286E-1
1.302450E+4	8.301716E-1
1.302475E+4	8.735943E-1
1.302500E+4	9.165704E-1
1.302525E+4	9.111229E-1
1.302550E+4	8.755914E-1
1.302575E+4	8.475106E-1
1.302600E+4	8.458825E-1
1.302625E+4	8.672540E-1
1.302650E+4	8.836429E-1
1.302675E+4	8.901691E-1
1.302700E+4	8.878156E-1
1.302725E+4	8.704508E-1
1.302750E+4	8.550895E-1
1.302775E+4	8.507438E-1
1.302800E+4	8.309258E-1
1.302825E+4	7.639746E-1
1.302850E+4	6.639409E-1
1.302875E+4	6.462947E-1
1.302900E+4	7.598072E-1
1.302925E+4	8.677078E-1
1.302950E+4	8.850595E-1
1.302975E+4	8.682737E-1
1.303000E+4	8.806796E-1
1.303025E+4	9.212521E-1
1.303050E+4	9.215828E-1
1.303075E+4	8.410928E-1
1.303100E+4	7.825173E-1
1.303125E+4	7.854390E-1
1.303150E+4	8.147915E-1
1.303175E+4	8.369946E-1
1.303200E+4	8.280673E-1
1.303225E+4	7.929550E-1
1.303250E+4	7.551864E-1
1.303275E+4	7.446702E-1
1.303300E+4	7.890383E-1
1.303325E+4	8.533863E-1
1.303350E+4	8.615126E-1
1.303375E+4	8.214951E-1
1.303400E+4	7.993102E-1
1.303425E+4	8.147040E-1
1.303450E+4	8.130264E-1
1.303475E+4	7.720891E-1
1.303500E+4	7.442304E-1
1.303525E+4	7.737106E-1
1.303550E+4	8.267934E-1
1.303575E+4	8.251718E-1
1.303600E+4	7.756102E-1
1.303625E+4	7.529064E-1
1.303650E+4	7.890951E-1
1.303675E+4	8.283405E-1
1.303700E+4	8.289117E-1
1.303725E+4	8.074373E-1
1.303750E+4	8.001728E-1
1.303775E+4	8.253286E-1
1.303800E+4	8.544966E-1
1.303825E+4	8.705385E-1
1.303850E+4	8.663541E-1
1.303875E+4	8.421525E-1
1.303900E+4	8.333400E-1
1.303925E+4	8.520150E-1
1.303950E+4	8.696520E-1
1.303975E+4	8.402578E-1
1.304000E+4	7.715749E-1
1.304025E+4	7.213523E-1
1.304050E+4	7.001578E-1
1.304075E+4	7.117694E-1
1.304100E+4	7.644775E-1
1.304125E+4	8.051605E-1
1.304150E+4	8.021116E-1
1.304175E+4	7.816028E-1
1.304200E+4	7.667437E-1
1.304225E+4	7.602489E-1
1.304250E+4	7.489443E-1
1.304275E+4	7.470912E-1
1.304300E+4	7.981799E-1
1.304325E+4	8.668681E-1
1.304350E+4	8.921846E-1
1.304375E+4	8.498612E-1
1.304400E+4	7.725919E-1
1.304425E+4	7.504236E-1
1.304450E+4	8.013748E-1
1.304475E+4	8.704101E-1
1.304500E+4	8.934208E-1
1.304525E+4	8.553134E-1
1.304550E+4	8.303216E-1
1.304575E+4	8.524088E-1
1.304600E+4	8.740140E-1
1.304625E+4	8.503932E-1
1.304650E+4	7.895601E-1
1.304675E+4	7.553832E-1
1.304700E+4	7.942152E-1
1.304725E+4	8.461059E-1
1.304750E+4	8.616787E-1
1.304775E+4	8.505573E-1
1.304800E+4	8.370145E-1
1.304825E+4	8.254219E-1
1.304850E+4	8.086087E-1
1.304875E+4	8.057235E-1
1.304900E+4	8.409067E-1
1.304925E+4	8.869175E-1
1.304950E+4	8.979351E-1
1.304975E+4	8.655059E-1
1.305000E+4	8.137908E-1
1.305025E+4	7.706879E-1
1.305050E+4	7.379569E-1
1.305075E+4	7.341937E-1
1.305100E+4	7.957418E-1
1.305125E+4	8.458556E-1
1.305150E+4	7.780627E-1
1.305175E+4	6.363943E-1
1.305200E+4	5.536362E-1
1.305225E+4	5.869675E-1
1.305250E+4	6.340813E-1
1.305275E+4	6.336443E-1
1.305300E+4	6.217095E-1
1.305325E+4	6.569290E-1
1.305350E+4	7.062504E-1
1.305375E+4	7.083173E-1
1.305400E+4	6.809159E-1
1.305425E+4	6.721359E-1
1.305450E+4	6.774727E-1
1.305475E+4	6.775988E-1
1.305500E+4	6.967847E-1
1.305525E+4	7.602545E-1
1.305550E+4	8.094964E-1
1.305575E+4	7.900947E-1
1.305600E+4	7.314647E-1
1.305625E+4	7.551649E-1
1.305650E+4	8.355399E-1
1.305675E+4	8.159796E-1
1.305700E+4	6.700923E-1
1.305725E+4	5.081047E-1
1.305750E+4	4.526573E-1
1.305775E+4	4.824262E-1
1.305800E+4	5.486977E-1
1.305825E+4	6.156489E-1
1.305850E+4	6.340870E-1
1.305875E+4	6.013456E-1
1.305900E+4	5.851038E-1
1.305925E+4	6.592995E-1
1.305950E+4	7.591975E-1
1.305975E+4	8.026375E-1
1.306000E+4	7.925292E-1
1.306025E+4	7.496482E-1
1.306050E+4	6.967094E-1
1.306075E+4	6.543542E-1
1.306100E+4	6.297084E-1
1.306125E+4	6.131505E-1
1.306150E+4	5.681247E-1
1.306175E+4	4.635003E-1
1.306200E+4	3.453363E-1
1.306225E+4	3.467333E-1
1.306250E+4	4.276278E-1
1.306275E+4	4.209870E-1
1.306300E+4	3.460447E-1
1.306325E+4	3.611544E-1
1.306350E+4	5.401768E-1
1.306375E+4	5.963604E-1
1.306400E+4	4.371744E-1
1.306425E+4	3.449966E-1
1.306450E+4	4.429781E-1
1.306475E+4	5.332011E-1
1.306500E+4	4.716708E-1
1.306525E+4	3.624165E-1
1.306550E+4	4.004798E-1
1.306575E+4	5.666930E-1
1.306600E+4	6.112666E-1
1.306625E+4	4.547121E-1
1.306650E+4	3.233635E-1
1.306675E+4	3.781881E-1
1.306700E+4	4.807609E-1
1.306725E+4	4.434570E-1
1.306750E+4	3.648304E-1
1.306775E+4	3.647034E-1
1.306800E+4	4.083982E-1
1.306825E+4	3.532624E-1
1.306850E+4	3.402293E-1
1.306875E+4	4.320065E-1
1.306900E+4	5.494403E-1
1.306925E+4	5.241994E-1
1.306950E+4	3.100604E-1
1.306975E+4	2.575944E-1
1.307000E+4	3.564222E-1
1.307025E+4	4.605185E-1
1.307050E+4	4.203846E-1
1.307075E+4	3.161005E-1
1.307100E+4	3.150226E-1
1.307125E+4	3.181094E-1
1.307150E+4	2.635686E-1
1.307175E+4	2.427433E-1
1.307200E+4	2.986526E-1
1.307225E+4	3.151875E-1
1.307250E+4	2.235886E-1
1.307275E+4	2.122361E-1
1.307300E+4	3.060271E-1
1.307325E+4	3.455685E-1
1.307350E+4	1.642265E-1
1.307375E+4	1.210538E-1
1.307400E+4	2.392350E-1
1.307425E+4	3.808871E-1
1.307450E+4	4.097836E-1
1.307475E+4	3.101000E-1
1.307500E+4	2.611173E-1
1.307525E+4	2.921359E-1
1.307550E+4	2.914132E-1
1.307575E+4	2.012561E-1
1.307600E+4	1.873566E-1
1.307625E+4	3.031644E-1
1.307650E+4	4.055060E-1
1.307675E+4	2.558129E-1
1.307700E+4	1.034220E-1
1.307725E+4	7.238681E-2
1.307750E+4	7.522166E-2
1.307775E+4	4.936432E-2
1.307800E+4	5.319336E-2
1.307825E+4	1.495749E-1
1.307850E+4	3.053431E-1
1.307875E+4	4.263455E-1
1.307900E+4	4.203730E-1
1.307925E+4	3.943854E-1
1.307950E+4	3.794576E-1
1.307975E+4	3.224311E-1
1.308000E+4	2.494707E-1
1.308025E+4	2.925839E-1
1.308050E+4	3.797026E-1
1.308075E+4	4.083136E-1
1.308100E+4	3.453115E-1
1.308125E+4	2.375044E-1
1.308150E+4	1.953878E-1
1.308175E+4	1.765712E-1
1.308200E+4	1.232080E-1
1.308225E+4	1.013393E-1
1.308250E+4	1.796413E-1
1.308275E+4	3.292031E-1
1.308300E+4	4.050120E-1
1.308325E+4	3.395597E-1
1.308350E+4	2.992963E-1
1.308375E+4	3.491394E-1
1.308400E+4	4.169598E-1
1.308425E+4	4.424677E-1
1.308450E+4	3.163743E-1
1.308475E+4	1.843379E-1
1.308500E+4	1.472075E-1
1.308525E+4	1.232294E-1
1.308550E+4	1.104499E-1
1.308575E+4	2.068667E-1
1.308600E+4	3.729833E-1
1.308625E+4	3.408789E-1
1.308650E+4	2.528402E-1
1.308675E+4	2.022833E-1
1.308700E+4	2.067111E-1
1.308725E+4	1.954079E-1
1.308750E+4	1.326298E-1
1.308775E+4	6.589021E-2
1.308800E+4	7.783669E-2
1.308825E+4	1.272740E-1
1.308850E+4	1.677291E-1
1.308875E+4	2.296987E-1
1.308900E+4	2.947703E-1
1.308925E+4	3.055991E-1
1.308950E+4	2.672076E-1
1.308975E+4	1.937104E-1
1.309000E+4	1.668963E-1
1.309025E+4	2.260683E-1
1.309050E+4	2.496499E-1
1.309075E+4	2.215136E-1
1.309100E+4	1.390263E-1
1.309125E+4	4.545895E-2
1.309150E+4	7.077734E-2
1.309175E+4	2.389140E-1
1.309200E+4	4.273420E-1
1.309225E+4	4.152701E-1
1.309250E+4	3.009951E-1
1.309275E+4	2.362569E-1
1.309300E+4	2.813685E-1
1.309325E+4	4.074943E-1
1.309350E+4	3.551595E-1
1.309375E+4	1.427565E-1
1.309400E+4	5.144332E-2
1.309425E+4	9.200637E-2
1.309450E+4	1.740755E-1
1.309475E+4	1.815913E-1
1.309500E+4	1.280676E-1
1.309525E+4	1.133072E-1
1.309550E+4	1.340516E-1
1.309575E+4	1.697043E-1
1.309600E+4	2.323638E-1
1.309625E+4	3.318001E-1
1.309650E+4	4.407667E-1
1.309675E+4	5.010585E-1
1.309700E+4	4.313477E-1
1.309725E+4	2.932694E-1
1.309750E+4	2.287889E-1
1.309775E+4	2.175532E-1
1.309800E+4	1.927685E-1
1.309825E+4	1.657816E-1
1.309850E+4	1.818916E-1
1.309875E+4	2.781100E-1
1.309900E+4	3.951412E-1
1.309925E+4	3.986916E-1
1.309950E+4	3.314503E-1
1.309975E+4	3.108475E-1
1.310000E+4	4.137334E-1
1.310025E+4	5.452147E-1
1.310050E+4	5.616727E-1
1.310075E+4	4.709645E-1
1.310100E+4	3.546551E-1
1.310125E+4	3.111125E-1
1.310150E+4	3.489138E-1
1.310175E+4	4.056661E-1
1.310200E+4	4.214307E-1
1.310225E+4	3.558235E-1
1.310250E+4	2.548472E-1
1.310275E+4	1.847485E-1
1.310300E+4	1.540308E-1
1.310325E+4	1.528708E-1
1.310350E+4	1.726900E-1
1.310375E+4	2.052926E-1
1.310400E+4	2.452144E-1
1.310425E+4	2.951400E-1
1.310450E+4	3.634041E-1
1.310475E+4	4.336697E-1
1.310500E+4	4.227420E-1
1.310525E+4	3.503822E-1
1.310550E+4	3.069957E-1
1.310575E+4	3.110363E-1
1.310600E+4	3.461108E-1
1.310625E+4	3.593337E-1
1.310650E+4	3.455154E-1
1.310675E+4	3.997789E-1
1.310700E+4	5.464176E-1
1.310725E+4	6.236129E-1
1.310750E+4	5.575117E-1
1.310775E+4	4.028556E-1
1.310800E+4	2.658214E-1
1.310825E+4	2.666966E-1
1.310850E+4	3.531490E-1
1.310875E+4	3.847690E-1
1.310900E+4	3.036460E-1
1.310925E+4	1.720913E-1
1.310950E+4	1.041677E-1
1.310975E+4	1.473059E-1
1.311000E+4	2.375923E-1
1.311025E+4	2.660546E-1
1.311050E+4	2.445454E-1
1.311075E+4	2.382750E-1
1.311100E+4	2.774140E-1
1.311125E+4	3.169329E-1
1.311150E+4	2.918084E-1
1.311175E+4	1.991825E-1
1.311200E+4	1.454494E-1
1.311225E+4	1.881226E-1
1.311250E+4	2.340117E-1
1.311275E+4	2.508876E-1
1.311300E+4	2.515184E-1
1.311325E+4	2.693371E-1
1.311350E+4	3.026002E-1
1.311375E+4	3.208276E-1
1.311400E+4	2.926774E-1
1.311425E+4	2.206342E-1
1.311450E+4	1.917562E-1
1.311475E+4	2.055543E-1
1.311500E+4	2.289018E-1
1.311525E+4	2.205850E-1
1.311550E+4	1.653869E-1
1.311575E+4	1.513664E-1
1.311600E+4	2.683109E-1
1.311625E+4	3.858368E-1
1.311650E+4	3.410669E-1
1.311675E+4	2.104815E-1
1.311700E+4	9.088559E-2
1.311725E+4	1.302828E-1
1.311750E+4	2.602683E-1
1.311775E+4	3.238513E-1
1.311800E+4	3.252183E-1
1.311825E+4	2.597259E-1
1.311850E+4	1.487439E-1
1.311875E+4	8.372125E-2
1.311900E+4	7.599680E-2
1.311925E+4	8.611910E-2
1.311950E+4	8.654746E-2
1.311975E+4	7.905982E-2
1.312000E+4	8.157588E-2
1.312025E+4	1.058902E-1
1.312050E+4	1.564991E-1
1.312075E+4	2.282847E-1
1.312100E+4	2.808432E-1
1.312125E+4	2.452033E-1
1.312150E+4	1.898568E-1
1.312175E+4	1.934853E-1
1.312200E+4	2.440704E-1
1.312225E+4	2.587665E-1
1.312250E+4	1.475528E-1
1.312275E+4	5.399857E-2
1.312300E+4	5.905242E-2
1.312325E+4	1.162457E-1
1.312350E+4	1.575776E-1
1.312375E+4	1.565481E-1
1.312400E+4	1.511432E-1
1.312425E+4	1.614077E-1
1.312450E+4	1.500072E-1
1.312475E+4	1.234708E-1
1.312500E+4	1.080311E-1
1.312525E+4	1.068787E-1
1.312550E+4	1.068056E-1
1.312575E+4	1.182958E-1
1.312600E+4	1.563849E-1
1.312625E+4	2.155371E-1
1.312650E+4	2.358711E-1
1.312675E+4	1.564258E-1
1.312700E+4	9.257283E-2
1.312725E+4	1.003325E-1
1.312750E+4	1.168942E-1
1.312775E+4	9.425072E-2
1.312800E+4	7.586559E-2
1.312825E+4	1.115404E-1
1.312850E+4	1.884820E-1
1.312875E+4	2.048705E-1
1.312900E+4	1.862225E-1
1.312925E+4	1.882107E-1
1.312950E+4	1.842295E-1
1.312975E+4	1.301843E-1
1.313000E+4	8.924208E-2
1.313025E+4	1.258418E-1
1.313050E+4	2.333562E-1
1.313075E+4	2.761569E-1
1.313100E+4	2.287649E-1
1.313125E+4	1.963317E-1
1.313150E+4	1.751035E-1
1.313175E+4	1.439546E-1
1.313200E+4	1.658689E-1
1.313225E+4	3.038151E-1
1.313250E+4	3.214476E-1
1.313275E+4	1.982204E-1
1.313300E+4	8.409242E-2
1.313325E+4	5.550129E-2
1.313350E+4	1.088498E-1
1.313375E+4	1.778628E-1
1.313400E+4	1.758797E-1
1.313425E+4	1.507425E-1
1.313450E+4	1.537360E-1
1.313475E+4	1.774215E-1
1.313500E+4	1.977815E-1
1.313525E+4	2.079138E-1
1.313550E+4	2.071131E-1
1.313575E+4	1.818022E-1
1.313600E+4	1.762539E-1
1.313625E+4	2.523735E-1
1.313650E+4	3.039321E-1
1.313675E+4	2.397136E-1
1.313700E+4	6.143848E-2
1.313725E+4	9.038998E-2
1.313750E+4	2.611412E-1
1.313775E+4	3.242048E-1
1.313800E+4	2.446325E-1
1.313825E+4	1.394702E-1
1.313850E+4	2.476719E-1
1.313875E+4	4.142174E-1
1.313900E+4	4.170991E-1
1.313925E+4	2.795833E-1
1.313950E+4	2.703813E-1
1.313975E+4	3.688231E-1
1.314000E+4	4.030940E-1
1.314025E+4	3.199220E-1
1.314050E+4	2.264333E-1
1.314075E+4	2.572273E-1
1.314100E+4	2.962100E-1
1.314125E+4	2.308838E-1
1.314150E+4	1.361995E-1
1.314175E+4	1.764920E-1
1.314200E+4	3.118069E-1
1.314225E+4	3.571085E-1
1.314250E+4	2.946244E-1
1.314275E+4	2.582902E-1
1.314300E+4	2.621467E-1
1.314325E+4	2.686659E-1
1.314350E+4	2.715484E-1
1.314375E+4	2.716729E-1
1.314400E+4	2.439990E-1
1.314425E+4	1.983675E-1
1.314450E+4	2.206796E-1
1.314475E+4	3.200908E-1
1.314500E+4	3.459835E-1
1.314525E+4	2.559646E-1
1.314550E+4	1.634460E-1
1.314575E+4	2.266007E-1
1.314600E+4	3.379108E-1
1.314625E+4	3.477050E-1
1.314650E+4	2.620240E-1
1.314675E+4	2.488215E-1
1.314700E+4	3.871696E-1
1.314725E+4	5.221181E-1
1.314750E+4	5.025310E-1
1.314775E+4	3.447421E-1
1.314800E+4	2.470482E-1
1.314825E+4	2.061504E-1
1.314850E+4	1.593323E-1
1.314875E+4	1.625130E-1
1.314900E+4	2.555477E-1
1.314925E+4	3.116237E-1
1.314950E+4	2.627927E-1
1.314975E+4	1.753600E-1
1.315000E+4	1.986656E-1
1.315025E+4	2.977231E-1
1.315050E+4	3.521743E-1
1.315075E+4	3.372599E-1
1.315100E+4	2.938018E-1
1.315125E+4	2.875146E-1
1.315150E+4	3.629339E-1
1.315175E+4	4.300091E-1
1.315200E+4	4.290291E-1
1.315225E+4	4.150681E-1
1.315250E+4	4.338767E-1
1.315275E+4	4.656341E-1
1.315300E+4	4.385986E-1
1.315325E+4	3.515089E-1
1.315350E+4	2.279712E-1
1.315375E+4	2.084184E-1
1.315400E+4	2.899548E-1
1.315425E+4	3.017164E-1
1.315450E+4	2.642887E-1
1.315475E+4	2.451804E-1
1.315500E+4	3.193428E-1
1.315525E+4	4.210091E-1
1.315550E+4	4.435910E-1
1.315575E+4	3.860205E-1
1.315600E+4	3.386474E-1
1.315625E+4	3.658097E-1
1.315650E+4	4.068232E-1
1.315675E+4	4.251925E-1
1.315700E+4	4.061884E-1
1.315725E+4	3.341735E-1
1.315750E+4	2.344768E-1
1.315775E+4	1.758095E-1
1.315800E+4	2.054457E-1
1.315825E+4	2.954425E-1
1.315850E+4	3.704407E-1
1.315875E+4	3.749374E-1
1.315900E+4	3.326665E-1
1.315925E+4	2.787856E-1
1.315950E+4	2.042069E-1
1.315975E+4	1.413988E-1
1.316000E+4	2.114922E-1
1.316025E+4	3.193015E-1
1.316050E+4	3.634868E-1
1.316075E+4	3.190894E-1
1.316100E+4	2.287648E-1
1.316125E+4	2.861621E-1
1.316150E+4	4.200223E-1
1.316175E+4	4.889633E-1
1.316200E+4	4.047439E-1
1.316225E+4	2.711684E-1
1.316250E+4	2.324059E-1
1.316275E+4	2.554970E-1
1.316300E+4	2.765367E-1
1.316325E+4	2.631307E-1
1.316350E+4	2.674133E-1
1.316375E+4	2.975675E-1
1.316400E+4	3.078012E-1
1.316425E+4	2.510917E-1
1.316450E+4	1.856781E-1
1.316475E+4	1.917305E-1
1.316500E+4	2.526362E-1
1.316525E+4	3.035138E-1
1.316550E+4	3.077972E-1
1.316575E+4	3.228039E-1
1.316600E+4	3.694352E-1
1.316625E+4	3.917786E-1
1.316650E+4	3.259286E-1
1.316675E+4	2.397330E-1
1.316700E+4	2.045380E-1
1.316725E+4	2.101285E-1
1.316750E+4	2.126987E-1
1.316775E+4	1.902267E-1
1.316800E+4	1.734496E-1
1.316825E+4	1.888228E-1
1.316850E+4	2.306919E-1
1.316875E+4	2.437372E-1
1.316900E+4	2.149131E-1
1.316925E+4	1.918712E-1
1.316950E+4	2.213749E-1
1.316975E+4	2.892412E-1
1.317000E+4	2.815836E-1
1.317025E+4	2.043352E-1
1.317050E+4	1.302288E-1
1.317075E+4	1.204580E-1
1.317100E+4	1.823492E-1
1.317125E+4	2.297976E-1
1.317150E+4	1.789419E-1
1.317175E+4	7.621189E-2
1.317200E+4	7.167205E-2
1.317225E+4	1.076635E-1
1.317250E+4	9.952610E-2
1.317275E+4	6.478237E-2
1.317300E+4	8.413511E-2
1.317325E+4	1.600251E-1
1.317350E+4	2.012353E-1
1.317375E+4	1.883941E-1
1.317400E+4	1.678609E-1
1.317425E+4	1.779181E-1
1.317450E+4	1.930821E-1
1.317475E+4	1.923576E-1
1.317500E+4	1.874123E-1
1.317525E+4	1.810309E-1
1.317550E+4	1.555883E-1
1.317575E+4	1.103797E-1
1.317600E+4	8.033670E-2
1.317625E+4	9.172531E-2
1.317650E+4	9.776729E-2
1.317675E+4	7.714420E-2
1.317700E+4	5.893503E-2
1.317725E+4	7.865146E-2
1.317750E+4	9.094244E-2
1.317775E+4	8.115141E-2
1.317800E+4	8.023456E-2
1.317825E+4	1.138509E-1
1.317850E+4	1.598836E-1
1.317875E+4	1.534361E-1
1.317900E+4	1.282788E-1
1.317925E+4	1.340622E-1
1.317950E+4	1.694113E-1
1.317975E+4	1.806301E-1
1.318000E+4	1.501885E-1
1.318025E+4	1.422868E-1
1.318050E+4	1.460302E-1
1.318075E+4	1.254105E-1
1.318100E+4	8.056141E-2
1.318125E+4	5.708620E-2
1.318150E+4	7.038154E-2
1.318175E+4	8.418254E-2
1.318200E+4	7.771858E-2
1.318225E+4	7.574775E-2
1.318250E+4	7.752411E-2
1.318275E+4	6.836282E-2
1.318300E+4	5.819883E-2
1.318325E+4	7.319563E-2
1.318350E+4	9.009079E-2
1.318375E+4	6.870769E-2
1.318400E+4	3.113214E-2
1.318425E+4	5.175226E-2
1.318450E+4	1.390438E-1
1.318475E+4	2.149285E-1
1.318500E+4	2.147459E-1
1.318525E+4	1.537124E-1
1.318550E+4	1.207763E-1
1.318575E+4	1.354651E-1
1.318600E+4	1.479900E-1
1.318625E+4	1.312663E-1
1.318650E+4	1.216017E-1
1.318675E+4	1.307074E-1
1.318700E+4	1.299109E-1
1.318725E+4	9.179229E-2
1.318750E+4	5.754306E-2
1.318775E+4	6.795148E-2
1.318800E+4	8.975266E-2
1.318825E+4	9.678827E-2
1.318850E+4	8.246464E-2
1.318875E+4	6.172041E-2
1.318900E+4	5.601925E-2
1.318925E+4	9.708806E-2
1.318950E+4	1.630212E-1
1.318975E+4	1.713800E-1
1.319000E+4	1.313680E-1
1.319025E+4	7.357211E-2
1.319050E+4	4.154001E-2
1.319075E+4	5.759144E-2
1.319100E+4	7.009169E-2
1.319125E+4	6.735282E-2
1.319150E+4	7.776190E-2
1.319175E+4	1.076411E-1
1.319200E+4	1.045696E-1
1.319225E+4	7.121683E-2
1.319250E+4	7.565675E-2
1.319275E+4	1.209066E-1
1.319300E+4	1.506990E-1
1.319325E+4	1.375764E-1
1.319350E+4	1.101957E-1
1.319375E+4	1.102493E-1
1.319400E+4	1.225798E-1
1.319425E+4	9.952466E-2
1.319450E+4	4.884336E-2
1.319475E+4	5.003490E-2
1.319500E+4	8.967148E-2
1.319525E+4	1.238657E-1
1.319550E+4	1.330958E-1
1.319575E+4	1.265361E-1
1.319600E+4	1.290219E-1
1.319625E+4	1.217278E-1
1.319650E+4	8.983863E-2
1.319675E+4	7.148908E-2
1.319700E+4	7.743556E-2
1.319725E+4	7.811188E-2
1.319750E+4	5.492337E-2
1.319775E+4	1.010949E-2
1.319800E+4	7.527515E-3
1.319825E+4	3.189298E-2
1.319850E+4	4.042718E-2
1.319875E+4	4.865302E-2
1.319900E+4	8.411794E-2
1.319925E+4	1.216626E-1
1.319950E+4	1.225375E-1
1.319975E+4	7.944142E-2
1.320000E+4	4.608160E-2
1.320025E+4	7.503212E-2
1.320050E+4	1.222943E-1
1.320075E+4	1.371014E-1
1.320100E+4	1.066385E-1
1.320125E+4	8.447069E-2
1.320150E+4	9.766646E-2
1.320175E+4	1.296142E-1
1.320200E+4	1.339114E-1
1.320225E+4	8.842380E-2
1.320250E+4	5.788554E-2
1.320275E+4	9.896661E-2
1.320300E+4	1.853112E-1
1.320325E+4	1.937332E-1
1.320350E+4	1.303377E-1
1.320375E+4	7.668581E-2
1.320400E+4	7.394881E-2
1.320425E+4	9.309933E-2
1.320450E+4	7.560075E-2
1.320475E+4	4.593542E-2
1.320500E+4	4.814623E-2
1.320525E+4	8.101985E-2
1.320550E+4	9.167546E-2
1.320575E+4	6.830389E-2
1.320600E+4	5.084952E-2
1.320625E+4	7.227275E-2
1.320650E+4	1.036411E-1
1.320675E+4	1.021023E-1
1.320700E+4	8.603882E-2
1.320725E+4	8.202916E-2
1.320750E+4	8.645302E-2
1.320775E+4	8.728705E-2
1.320800E+4	8.343492E-2
1.320825E+4	7.533786E-2
1.320850E+4	5.946346E-2
1.320875E+4	4.273077E-2
1.320900E+4	3.916821E-2
1.320925E+4	4.960316E-2
1.320950E+4	4.846038E-2
1.320975E+4	2.495864E-2
1.321000E+4	4.140427E-3
1.321025E+4	8.637655E-3
1.321050E+4	3.597630E-2
1.321075E+4	5.481367E-2
1.321100E+4	4.876589E-2
1.321125E+4	3.653435E-2
1.321150E+4	3.066639E-2
1.321175E+4	2.804417E-2
1.321200E+4	2.955370E-2
1.321225E+4	4.000194E-2
1.321250E+4	5.222443E-2
1.321275E+4	4.457996E-2
1.321300E+4	2.400405E-2
1.321325E+4	1.948291E-2
1.321350E+4	3.414071E-2
1.321375E+4	4.940941E-2
1.321400E+4	4.105906E-2
1.321425E+4	2.974303E-2
1.321450E+4	3.550503E-2
1.321475E+4	5.587751E-2
1.321500E+4	6.808941E-2
1.321525E+4	5.353195E-2
1.321550E+4	3.482322E-2
1.321575E+4	2.488748E-2
1.321600E+4	2.743727E-2
1.321625E+4	3.995093E-2
1.321650E+4	4.706490E-2
1.321675E+4	4.808488E-2
1.321700E+4	4.760278E-2
1.321725E+4	4.525705E-2
1.321750E+4	3.953998E-2
1.321775E+4	3.359497E-2
1.321800E+4	2.843880E-2
1.321825E+4	2.133505E-2
1.321850E+4	1.098358E-2
1.321875E+4	3.200087E-3
1.321900E+4	4.791759E-3
1.321925E+4	1.259084E-2
1.321950E+4	1.768961E-2
1.321975E+4	1.420749E-2
1.322000E+4	5.888737E-3
1.322025E+4	4.058024E-3
1.322050E+4	1.117206E-2
1.322075E+4	1.993756E-2
1.322100E+4	2.674999E-2
1.322125E+4	3.296353E-2
1.322150E+4	3.794581E-2
1.322175E+4	3.777128E-2
1.322200E+4	3.078609E-2
1.322225E+4	2.190273E-2
1.322250E+4	1.719973E-2
1.322275E+4	1.544700E-2
1.322300E+4	1.142440E-2
1.322325E+4	5.290315E-3
1.322350E+4	4.188420E-3
1.322375E+4	9.757973E-3
1.322400E+4	1.551828E-2
1.322425E+4	1.464110E-2
1.322450E+4	7.496701E-3
1.322475E+4	2.771218E-3
1.322500E+4	5.133666E-3
1.322525E+4	1.202487E-2
1.322550E+4	2.107684E-2
1.322575E+4	3.202934E-2
1.322600E+4	4.128335E-2
1.322625E+4	4.237352E-2
1.322650E+4	3.724884E-2
1.322675E+4	3.117340E-2
1.322700E+4	2.741258E-2
1.322725E+4	2.503971E-2
1.322750E+4	1.889733E-2
1.322775E+4	8.352508E-3
1.322800E+4	3.539912E-4
1.322825E+4	4.053314E-3
1.322850E+4	1.506473E-2
1.322875E+4	2.008663E-2
1.322900E+4	1.590094E-2
1.322925E+4	1.122285E-2
1.322950E+4	1.524911E-2
1.322975E+4	2.115766E-2
1.323000E+4	2.172902E-2
1.323025E+4	2.428517E-2
1.323050E+4	3.562535E-2
1.323075E+4	4.625686E-2
1.323100E+4	4.359499E-2
1.323125E+4	3.229857E-2
1.323150E+4	2.996242E-2
1.323175E+4	3.515517E-2
1.323200E+4	3.203266E-2
1.323225E+4	1.964172E-2
1.323250E+4	1.760054E-2
1.323275E+4	3.114297E-2
1.323300E+4	3.913014E-2
1.323325E+4	3.439152E-2
1.323350E+4	3.372772E-2
1.323375E+4	4.930319E-2
1.323400E+4	6.566907E-2
1.323425E+4	6.847643E-2
1.323450E+4	7.399691E-2
1.323475E+4	9.865268E-2
1.323500E+4	1.239942E-1
1.323525E+4	1.169143E-1
1.323550E+4	9.479236E-2
1.323575E+4	1.007899E-1
1.323600E+4	1.286050E-1
1.323625E+4	1.280946E-1
1.323650E+4	9.157802E-2
1.323675E+4	7.825506E-2
1.323700E+4	1.088118E-1
1.323725E+4	1.470453E-1
1.323750E+4	1.479242E-1
1.323775E+4	1.303871E-1
1.323800E+4	1.313758E-1
1.323825E+4	1.521909E-1
1.323850E+4	1.749019E-1
1.323875E+4	1.881758E-1
1.323900E+4	1.948898E-1
1.323925E+4	1.925340E-1
1.323950E+4	1.844356E-1
1.323975E+4	1.895400E-1
1.324000E+4	2.113433E-1
1.324025E+4	2.280079E-1
1.324050E+4	2.178901E-1
1.324075E+4	2.028239E-1
1.324100E+4	2.239271E-1
1.324125E+4	2.656015E-1
1.324150E+4	2.823386E-1
1.324175E+4	2.626212E-1
1.324200E+4	2.472271E-1
1.324225E+4	2.611180E-1
1.324250E+4	2.892857E-1
1.324275E+4	3.238400E-1
1.324300E+4	3.695013E-1
1.324325E+4	4.133209E-1
1.324350E+4	4.332975E-1
1.324375E+4	4.292330E-1
1.324400E+4	4.244048E-1
1.324425E+4	4.214136E-1
1.324450E+4	3.967124E-1
1.324475E+4	3.516787E-1
1.324500E+4	3.292771E-1
1.324525E+4	3.456499E-1
1.324550E+4	3.601348E-1
1.324575E+4	3.599606E-1
1.324600E+4	3.732882E-1
1.324625E+4	4.116099E-1
1.324650E+4	4.131322E-1
1.324675E+4	3.705073E-1
1.324700E+4	3.301521E-1
1.324725E+4	3.521310E-1
1.324750E+4	4.360577E-1
1.324775E+4	4.844633E-1
1.324800E+4	4.987003E-1
1.324825E+4	5.259290E-1
1.324850E+4	5.718194E-1
1.324875E+4	5.861429E-1
1.324900E+4	5.728593E-1
1.324925E+4	5.608920E-1
1.324950E+4	5.494972E-1
1.324975E+4	5.326719E-1
1.325000E+4	5.302439E-1
1.325025E+4	5.636216E-1
1.325050E+4	6.156045E-1
1.325075E+4	6.227265E-1
1.325100E+4	5.847210E-1
1.325125E+4	5.521121E-1
1.325150E+4	5.620872E-1
1.325175E+4	6.055499E-1
1.325200E+4	6.184999E-1
1.325225E+4	5.861404E-1
1.325250E+4	5.481916E-1
1.325275E+4	5.496449E-1
1.325300E+4	5.825594E-1
1.325325E+4	6.024632E-1
1.325350E+4	5.907945E-1
1.325375E+4	5.678469E-1
1.325400E+4	5.692972E-1
1.325425E+4	5.945977E-1
1.325450E+4	6.143311E-1
1.325475E+4	6.293597E-1
1.325500E+4	6.611926E-1
1.325525E+4	7.084908E-1
1.325550E+4	7.308703E-1
1.325575E+4	6.925817E-1
1.325600E+4	6.563228E-1
1.325625E+4	6.632116E-1
1.325650E+4	6.887261E-1
1.325675E+4	6.989744E-1
1.325700E+4	6.884435E-1
1.325725E+4	6.739000E-1
1.325750E+4	6.545502E-1
1.325775E+4	6.348515E-1
1.325800E+4	6.442245E-1
1.325825E+4	6.921243E-1
1.325850E+4	7.265793E-1
1.325875E+4	7.115967E-1
1.325900E+4	6.910638E-1
1.325925E+4	7.051249E-1
1.325950E+4	7.434917E-1
1.325975E+4	7.513433E-1
1.326000E+4	7.111815E-1
1.326025E+4	6.816875E-1
1.326050E+4	6.822032E-1
1.326075E+4	6.969623E-1
1.326100E+4	7.083387E-1
1.326125E+4	7.131335E-1
1.326150E+4	7.141267E-1
1.326175E+4	7.125591E-1
1.326200E+4	7.204663E-1
1.326225E+4	7.385392E-1
1.326250E+4	7.418423E-1
1.326275E+4	7.165750E-1
1.326300E+4	6.682046E-1
1.326325E+4	6.494488E-1
1.326350E+4	6.895487E-1
1.326375E+4	7.164555E-1
1.326400E+4	7.146494E-1
1.326425E+4	7.132898E-1
1.326450E+4	7.341771E-1
1.326475E+4	7.520805E-1
1.326500E+4	7.402250E-1
1.326525E+4	7.140967E-1
1.326550E+4	6.988876E-1
1.326575E+4	7.051380E-1
1.326600E+4	7.114714E-1
1.326625E+4	7.022647E-1
1.326650E+4	6.948406E-1
1.326675E+4	7.171067E-1
1.326700E+4	7.652571E-1
1.326725E+4	7.891098E-1
1.326750E+4	7.759378E-1
1.326775E+4	7.629182E-1
1.326800E+4	7.892265E-1
1.326825E+4	8.151227E-1
1.326850E+4	7.897709E-1
1.326875E+4	7.607278E-1
1.326900E+4	7.707086E-1
1.326925E+4	8.181533E-1
1.326950E+4	8.420485E-1
1.326975E+4	8.000383E-1
1.327000E+4	7.399890E-1
1.327025E+4	7.249995E-1
1.327050E+4	7.621172E-1
1.327075E+4	7.993667E-1
1.327100E+4	8.067336E-1
1.327125E+4	7.870700E-1
1.327150E+4	7.535083E-1
1.327175E+4	7.396962E-1
1.327200E+4	7.594722E-1
1.327225E+4	7.895149E-1
1.327250E+4	7.953925E-1
1.327275E+4	7.727447E-1
1.327300E+4	7.822490E-1
1.327325E+4	8.283740E-1
1.327350E+4	8.669196E-1
1.327375E+4	8.532060E-1
1.327400E+4	8.095663E-1
1.327425E+4	8.198805E-1
1.327450E+4	8.589144E-1
1.327475E+4	8.712238E-1
1.327500E+4	8.543561E-1
1.327525E+4	8.535593E-1
1.327550E+4	8.739736E-1
1.327575E+4	8.707969E-1
1.327600E+4	8.313063E-1
1.327625E+4	8.101185E-1
1.327650E+4	8.324934E-1
1.327675E+4	8.471761E-1
1.327700E+4	8.253564E-1
1.327725E+4	7.996334E-1
1.327750E+4	8.178218E-1
1.327775E+4	8.658878E-1
1.327800E+4	8.971723E-1
1.327825E+4	8.867264E-1
1.327850E+4	8.424357E-1
1.327875E+4	8.231634E-1
1.327900E+4	8.553277E-1
1.327925E+4	9.098279E-1
1.327950E+4	9.482305E-1
1.327975E+4	9.241251E-1
1.328000E+4	8.750175E-1
1.328025E+4	8.784814E-1
1.328050E+4	9.083449E-1
1.328075E+4	9.089828E-1
1.328100E+4	8.702042E-1
1.328125E+4	8.585163E-1
1.328150E+4	8.791756E-1
1.328175E+4	8.718603E-1
1.328200E+4	8.344992E-1
1.328225E+4	8.461117E-1
1.328250E+4	9.120743E-1
1.328275E+4	9.559029E-1
1.328300E+4	9.163050E-1
1.328325E+4	8.487748E-1
1.328350E+4	8.600399E-1
1.328375E+4	9.151832E-1
1.328400E+4	9.248891E-1
1.328425E+4	8.815369E-1
1.328450E+4	8.526849E-1
1.328475E+4	8.734534E-1
1.328500E+4	9.043126E-1
1.328525E+4	9.106094E-1
1.328550E+4	9.026327E-1
1.328575E+4	8.890034E-1
1.328600E+4	8.726744E-1
1.328625E+4	8.796208E-1
1.328650E+4	9.206903E-1
1.328675E+4	9.564035E-1
1.328700E+4	9.417077E-1
1.328725E+4	8.986469E-1
1.328750E+4	8.971995E-1
1.328775E+4	9.359951E-1
1.328800E+4	9.443457E-1
1.328825E+4	8.962070E-1
1.328850E+4	8.666090E-1
1.328875E+4	9.002759E-1
1.328900E+4	9.392002E-1
1.328925E+4	9.173014E-1
1.328950E+4	8.628381E-1
1.328975E+4	8.648523E-1
1.329000E+4	9.129107E-1
1.329025E+4	9.304609E-1
1.329050E+4	8.895850E-1
1.329075E+4	8.566901E-1
1.329100E+4	8.747355E-1
1.329125E+4	9.051148E-1
1.329150E+4	9.182799E-1
1.329175E+4	9.127089E-1
1.329200E+4	9.008324E-1
1.329225E+4	8.870243E-1
1.329250E+4	8.742228E-1
1.329275E+4	8.789924E-1
1.329300E+4	9.059501E-1
1.329325E+4	9.268370E-1
1.329350E+4	9.295650E-1
1.329375E+4	9.311958E-1
1.329400E+4	9.403076E-1
1.329425E+4	9.358861E-1
1.329450E+4	9.123596E-1
1.329475E+4	8.956399E-1
1.329500E+4	9.042658E-1
1.329525E+4	9.145358E-1
1.329550E+4	9.016369E-1
1.329575E+4	8.855230E-1
1.329600E+4	9.027999E-1
1.329625E+4	9.263175E-1
1.329650E+4	8.966372E-1
1.329675E+4	8.292464E-1
1.329700E+4	8.001260E-1
1.329725E+4	8.386814E-1
1.329750E+4	8.810950E-1
1.329775E+4	8.830905E-1
1.329800E+4	8.795529E-1
1.329825E+4	9.020087E-1
1.329850E+4	9.170217E-1
1.329875E+4	8.895937E-1
1.329900E+4	8.523205E-1
1.329925E+4	8.668611E-1
1.329950E+4	8.999352E-1
1.329975E+4	8.999665E-1
1.330000E+4	8.658958E-1
1.330025E+4	8.574587E-1
1.330050E+4	8.786282E-1
1.330075E+4	8.871033E-1
1.330100E+4	8.808708E-1
1.330125E+4	8.872941E-1
1.330150E+4	9.091667E-1
1.330175E+4	9.162557E-1
1.330200E+4	9.027131E-1
1.330225E+4	8.912501E-1
1.330250E+4	9.011228E-1
1.330275E+4	9.084742E-1
1.330300E+4	9.008437E-1
1.330325E+4	8.958702E-1
1.330350E+4	9.003757E-1
1.330375E+4	8.954442E-1
1.330400E+4	8.693186E-1
1.330425E+4	8.413432E-1
1.330450E+4	8.239300E-1
1.330475E+4	8.183172E-1
1.330500E+4	8.335097E-1
1.330525E+4	8.692103E-1
1.330550E+4	9.007239E-1
1.330575E+4	9.044061E-1
1.330600E+4	8.881995E-1
1.330625E+4	8.844950E-1
1.330650E+4	8.945616E-1
1.330675E+4	8.844352E-1
1.330700E+4	8.624766E-1
1.330725E+4	8.691694E-1
1.330750E+4	8.990879E-1
1.330775E+4	9.055557E-1
1.330800E+4	8.600128E-1
1.330825E+4	8.345040E-1
1.330850E+4	8.546886E-1
1.330875E+4	8.795848E-1
1.330900E+4	8.701077E-1
1.330925E+4	8.469233E-1
1.330950E+4	8.502708E-1
1.330975E+4	8.579949E-1
1.331000E+4	8.424948E-1
1.331025E+4	8.374079E-1
1.331050E+4	8.803926E-1
1.331075E+4	9.221580E-1
1.331100E+4	9.103088E-1
1.331125E+4	8.443134E-1
1.331150E+4	8.163394E-1
1.331175E+4	8.846046E-1
1.331200E+4	9.493182E-1
1.331225E+4	9.312170E-1
1.331250E+4	8.841112E-1
1.331275E+4	8.674919E-1
1.331300E+4	8.955629E-1
1.331325E+4	9.165977E-1
1.331350E+4	9.018370E-1
1.331375E+4	8.968451E-1
1.331400E+4	9.151006E-1
1.331425E+4	9.277488E-1
1.331450E+4	9.111941E-1
1.331475E+4	9.020100E-1
1.331500E+4	9.254833E-1
1.331525E+4	9.623439E-1
1.331550E+4	9.597596E-1
1.331575E+4	9.267015E-1
1.331600E+4	9.168729E-1
1.331625E+4	9.403316E-1
1.331650E+4	9.522798E-1
1.331675E+4	9.286085E-1
1.331700E+4	9.123344E-1
1.331725E+4	9.249642E-1
1.331750E+4	9.507650E-1
1.331775E+4	9.585736E-1
1.331800E+4	9.413509E-1
1.331825E+4	9.197742E-1
1.331850E+4	8.934098E-1
1.331875E+4	8.601579E-1
1.331900E+4	8.562225E-1
1.331925E+4	8.986510E-1
1.331950E+4	9.420013E-1
1.331975E+4	9.367855E-1
1.332000E+4	8.881213E-1
1.332025E+4	8.693503E-1
1.332050E+4	8.900273E-1
1.332075E+4	9.127283E-1
1.332100E+4	9.211711E-1
1.332125E+4	9.290568E-1
1.332150E+4	9.512767E-1
1.332175E+4	9.738658E-1
1.332200E+4	9.805753E-1
1.332225E+4	9.716158E-1
1.332250E+4	9.596374E-1
1.332275E+4	9.509097E-1
1.332300E+4	9.483550E-1
1.332325E+4	9.522624E-1
1.332350E+4	9.535457E-1
1.332375E+4	9.461277E-1
1.332400E+4	9.374147E-1
1.332425E+4	9.323880E-1
1.332450E+4	9.073596E-1
1.332475E+4	8.541637E-1
1.332500E+4	8.233647E-1
1.332525E+4	8.813849E-1
1.332550E+4	9.622521E-1
1.332575E+4	9.762176E-1
1.332600E+4	9.224538E-1
1.332625E+4	8.840489E-1
1.332650E+4	9.156496E-1
1.332675E+4	9.516370E-1
1.332700E+4	9.196214E-1
1.332725E+4	8.578480E-1
1.332750E+4	8.592399E-1
1.332775E+4	8.920374E-1
1.332800E+4	9.079955E-1
1.332825E+4	9.044080E-1
1.332850E+4	9.097897E-1
1.332875E+4	9.141039E-1
1.332900E+4	8.993658E-1
1.332925E+4	8.995863E-1
1.332950E+4	9.397159E-1
1.332975E+4	9.668841E-1
1.333000E+4	9.565618E-1
1.333025E+4	9.180494E-1
1.333050E+4	9.006124E-1
1.333075E+4	9.153658E-1
1.333100E+4	9.247421E-1
1.333125E+4	9.128070E-1
1.333150E+4	9.003257E-1
1.333175E+4	8.873712E-1
1.333200E+4	8.550313E-1
1.333225E+4	8.221314E-1
1.333250E+4	8.634196E-1
1.333275E+4	9.217907E-1
1.333300E+4	9.236059E-1
1.333325E+4	8.670533E-1
1.333350E+4	8.244532E-1
1.333375E+4	8.441096E-1
1.333400E+4	8.771377E-1
1.333425E+4	8.881023E-1
1.333450E+4	8.809036E-1
1.333475E+4	8.860608E-1
1.333500E+4	9.083608E-1
1.333525E+4	9.316988E-1
1.333550E+4	9.343617E-1
1.333575E+4	9.152933E-1
1.333600E+4	8.881680E-1
1.333625E+4	8.652249E-1
1.333650E+4	8.651713E-1
1.333675E+4	8.764005E-1
1.333700E+4	8.794244E-1
1.333725E+4	8.796557E-1
1.333750E+4	8.917600E-1
1.333775E+4	8.997099E-1
1.333800E+4	8.830215E-1
1.333825E+4	8.500011E-1
1.333850E+4	8.217207E-1
1.333875E+4	8.219792E-1
1.333900E+4	8.330265E-1
1.333925E+4	8.391028E-1
1.333950E+4	8.453527E-1
1.333975E+4	8.433534E-1
1.334000E+4	8.229925E-1
1.334025E+4	8.048370E-1
1.334050E+4	8.140807E-1
1.334075E+4	8.382141E-1
1.334100E+4	8.231677E-1
1.334125E+4	7.786187E-1
1.334150E+4	7.666322E-1
1.334175E+4	8.258533E-1
1.334200E+4	8.861450E-1
1.334225E+4	8.691274E-1
1.334250E+4	8.109685E-1
1.334275E+4	7.841786E-1
1.334300E+4	8.240868E-1
1.334325E+4	8.661989E-1
1.334350E+4	8.688302E-1
1.334375E+4	8.560126E-1
1.334400E+4	8.434184E-1
1.334425E+4	8.258018E-1
1.334450E+4	8.026986E-1
1.334475E+4	7.846468E-1
1.334500E+4	7.760192E-1
1.334525E+4	7.756611E-1
1.334550E+4	7.828692E-1
1.334575E+4	7.938480E-1
1.334600E+4	7.975172E-1
1.334625E+4	7.831839E-1
1.334650E+4	7.600000E-1
1.334675E+4	7.466130E-1
1.334700E+4	7.438848E-1
1.334725E+4	7.548897E-1
1.334750E+4	7.942587E-1
1.334775E+4	8.436513E-1
1.334800E+4	8.439766E-1
1.334825E+4	7.908854E-1
1.334850E+4	7.445377E-1
1.334875E+4	7.540390E-1
1.334900E+4	8.085133E-1
1.334925E+4	8.238946E-1
1.334950E+4	7.894987E-1
1.334975E+4	7.773140E-1
1.335000E+4	7.923548E-1
1.335025E+4	7.842033E-1
1.335050E+4	7.511053E-1
1.335075E+4	7.548771E-1
1.335100E+4	8.033146E-1
1.335125E+4	8.338306E-1
1.335150E+4	7.953082E-1
1.335175E+4	7.569428E-1
1.335200E+4	7.771153E-1
1.335225E+4	7.966474E-1
1.335250E+4	7.537647E-1
1.335275E+4	7.136516E-1
1.335300E+4	7.414561E-1
1.335325E+4	8.023609E-1
1.335350E+4	7.781740E-1
1.335375E+4	7.212581E-1
1.335400E+4	7.483144E-1
1.335425E+4	8.437158E-1
1.335450E+4	8.801744E-1
1.335475E+4	7.886067E-1
1.335500E+4	7.005378E-1
1.335525E+4	7.085778E-1
1.335550E+4	7.759695E-1
1.335575E+4	7.945886E-1
1.335600E+4	7.700341E-1
1.335625E+4	7.808700E-1
1.335650E+4	8.096590E-1
1.335675E+4	7.898863E-1
1.335700E+4	7.420857E-1
1.335725E+4	7.342985E-1
1.335750E+4	7.761250E-1
1.335775E+4	8.101348E-1
1.335800E+4	8.075489E-1
1.335825E+4	7.980932E-1
1.335850E+4	7.964112E-1
1.335875E+4	7.791267E-1
1.335900E+4	7.472144E-1
1.335925E+4	7.347168E-1
1.335950E+4	7.433918E-1
1.335975E+4	7.357636E-1
1.336000E+4	7.048335E-1
1.336025E+4	7.009179E-1
1.336050E+4	7.512847E-1
1.336075E+4	8.109730E-1
1.336100E+4	8.217696E-1
1.336125E+4	7.836537E-1
1.336150E+4	7.605052E-1
1.336175E+4	7.770214E-1
1.336200E+4	8.013767E-1
1.336225E+4	8.036586E-1
1.336250E+4	7.873376E-1
1.336275E+4	7.849004E-1
1.336300E+4	8.017655E-1
1.336325E+4	8.221974E-1
1.336350E+4	8.167273E-1
1.336375E+4	7.786748E-1
1.336400E+4	7.530693E-1
1.336425E+4	7.609045E-1
1.336450E+4	7.990410E-1
1.336475E+4	8.378723E-1
1.336500E+4	8.343769E-1
1.336525E+4	8.039677E-1
1.336550E+4	7.877660E-1
1.336575E+4	8.167458E-1
1.336600E+4	8.854757E-1
1.336625E+4	9.085982E-1
1.336650E+4	8.430093E-1
1.336675E+4	7.703921E-1
1.336700E+4	7.586176E-1
1.336725E+4	8.015445E-1
1.336750E+4	8.129506E-1
1.336775E+4	7.654393E-1
1.336800E+4	7.230665E-1
1.336825E+4	7.239884E-1
1.336850E+4	7.525042E-1
1.336875E+4	7.601429E-1
1.336900E+4	7.619007E-1
1.336925E+4	7.895957E-1
1.336950E+4	8.178386E-1
1.336975E+4	8.101737E-1
1.337000E+4	7.808128E-1
1.337025E+4	7.726639E-1
1.337050E+4	7.956874E-1
1.337075E+4	8.078859E-1
1.337100E+4	8.029594E-1
1.337125E+4	8.080304E-1
1.337150E+4	8.174888E-1
1.337175E+4	8.038135E-1
1.337200E+4	7.884918E-1
1.337225E+4	8.077548E-1
1.337250E+4	8.440900E-1
1.337275E+4	8.408317E-1
1.337300E+4	8.048752E-1
1.337325E+4	7.998475E-1
1.337350E+4	8.256817E-1
1.337375E+4	8.160023E-1
1.337400E+4	7.644310E-1
1.337425E+4	7.519146E-1
1.337450E+4	7.960245E-1
1.337475E+4	8.232359E-1
1.337500E+4	7.880685E-1
1.337525E+4	7.406862E-1
1.337550E+4	7.508481E-1
1.337575E+4	7.941699E-1
1.337600E+4	8.034549E-1
1.337625E+4	7.699127E-1
1.337650E+4	7.465362E-1
1.337675E+4	7.641546E-1
1.337700E+4	7.745867E-1
1.337725E+4	7.593346E-1
1.337750E+4	7.496162E-1
1.337775E+4	7.654383E-1
1.337800E+4	7.829810E-1
1.337825E+4	7.796327E-1
1.337850E+4	7.642102E-1
1.337875E+4	7.577148E-1
1.337900E+4	7.613307E-1
1.337925E+4	7.592951E-1
1.337950E+4	7.396865E-1
1.337975E+4	7.223198E-1
1.338000E+4	7.308916E-1
1.338025E+4	7.636414E-1
1.338050E+4	7.907579E-1
1.338075E+4	7.535631E-1
1.338100E+4	6.942250E-1
1.338125E+4	6.725285E-1
1.338150E+4	7.033697E-1
1.338175E+4	7.584328E-1
1.338200E+4	7.653739E-1
1.338225E+4	7.399448E-1
1.338250E+4	7.156186E-1
1.338275E+4	7.049960E-1
1.338300E+4	7.052747E-1
1.338325E+4	7.044114E-1
1.338350E+4	7.090329E-1
1.338375E+4	7.348794E-1
1.338400E+4	7.706414E-1
1.338425E+4	7.787127E-1
1.338450E+4	7.542765E-1
1.338475E+4	7.177272E-1
1.338500E+4	7.067056E-1
1.338525E+4	7.304566E-1
1.338550E+4	7.390347E-1
1.338575E+4	7.054177E-1
1.338600E+4	6.811094E-1
1.338625E+4	7.167446E-1
1.338650E+4	7.748415E-1
1.338675E+4	7.762155E-1
1.338700E+4	7.036790E-1
1.338725E+4	6.664661E-1
1.338750E+4	7.093670E-1
1.338775E+4	7.667791E-1
1.338800E+4	7.717610E-1
1.338825E+4	7.452145E-1
1.338850E+4	7.360480E-1
1.338875E+4	7.300678E-1
1.338900E+4	6.922504E-1
1.338925E+4	6.521264E-1
1.338950E+4	6.639369E-1
1.338975E+4	6.925808E-1
1.339000E+4	6.839656E-1
1.339025E+4	6.398698E-1
1.339050E+4	6.317000E-1
1.339075E+4	6.763636E-1
1.339100E+4	7.163932E-1
1.339125E+4	7.054456E-1
1.339150E+4	6.585973E-1
1.339175E+4	6.286117E-1
1.339200E+4	6.305139E-1
1.339225E+4	6.465055E-1
1.339250E+4	6.605810E-1
1.339275E+4	6.734458E-1
1.339300E+4	6.963871E-1
1.339325E+4	7.313799E-1
1.339350E+4	7.470463E-1
1.339375E+4	7.293194E-1
1.339400E+4	7.017146E-1
1.339425E+4	6.952724E-1
1.339450E+4	7.240912E-1
1.339475E+4	7.309950E-1
1.339500E+4	6.876706E-1
1.339525E+4	6.253045E-1
1.339550E+4	5.974519E-1
1.339575E+4	6.361967E-1
1.339600E+4	6.676140E-1
1.339625E+4	6.532829E-1
1.339650E+4	6.261777E-1
1.339675E+4	6.203884E-1
1.339700E+4	6.278777E-1
1.339725E+4	6.326822E-1
1.339750E+4	6.532640E-1
1.339775E+4	7.007313E-1
1.339800E+4	7.353496E-1
1.339825E+4	7.293824E-1
1.339850E+4	7.003093E-1
1.339875E+4	6.821502E-1
1.339900E+4	6.855960E-1
1.339925E+4	6.892657E-1
1.339950E+4	6.759694E-1
1.339975E+4	6.501381E-1
1.340000E+4	6.336389E-1
1.340025E+4	6.389084E-1
1.340050E+4	6.530273E-1
1.340075E+4	6.525491E-1
1.340100E+4	6.331001E-1
1.340125E+4	6.182565E-1
1.340150E+4	6.308724E-1
1.340175E+4	6.570707E-1
1.340200E+4	6.691774E-1
1.340225E+4	6.733046E-1
1.340250E+4	6.898889E-1
1.340275E+4	7.115450E-1
1.340300E+4	7.108010E-1
1.340325E+4	6.943870E-1
1.340350E+4	6.871033E-1
1.340375E+4	6.883991E-1
1.340400E+4	6.695155E-1
1.340425E+4	6.341621E-1
1.340450E+4	6.233144E-1
1.340475E+4	6.622503E-1
1.340500E+4	7.142859E-1
1.340525E+4	7.171323E-1
1.340550E+4	6.676047E-1
1.340575E+4	6.194244E-1
1.340600E+4	6.120057E-1
1.340625E+4	6.254910E-1
1.340650E+4	6.283446E-1
1.340675E+4	6.179778E-1
1.340700E+4	6.180752E-1
1.340725E+4	6.508619E-1
1.340750E+4	6.989367E-1
1.340775E+4	7.111435E-1
1.340800E+4	6.828651E-1
1.340825E+4	6.525524E-1
1.340850E+4	6.492101E-1
1.340875E+4	6.551141E-1
1.340900E+4	6.301506E-1
1.340925E+4	5.953347E-1
1.340950E+4	5.930412E-1
1.340975E+4	6.456141E-1
1.341000E+4	6.758993E-1
1.341025E+4	6.437700E-1
1.341050E+4	6.090602E-1
1.341075E+4	6.122171E-1
1.341100E+4	6.462057E-1
1.341125E+4	6.542114E-1
1.341150E+4	6.339848E-1
1.341175E+4	6.205179E-1
1.341200E+4	6.252859E-1
1.341225E+4	6.320071E-1
1.341250E+4	6.313803E-1
1.341275E+4	6.287217E-1
1.341300E+4	6.208106E-1
1.341325E+4	6.042529E-1
1.341350E+4	5.981959E-1
1.341375E+4	6.181893E-1
1.341400E+4	6.447225E-1
1.341425E+4	6.509098E-1
1.341450E+4	6.379816E-1
1.341475E+4	6.299700E-1
1.341500E+4	6.342647E-1
1.341525E+4	6.355655E-1
1.341550E+4	6.316232E-1
1.341575E+4	6.301450E-1
1.341600E+4	6.284055E-1
1.341625E+4	6.171238E-1
1.341650E+4	6.048346E-1
1.341675E+4	5.990019E-1
1.341700E+4	5.891394E-1
1.341725E+4	5.627557E-1
1.341750E+4	5.419612E-1
1.341775E+4	5.573169E-1
1.341800E+4	6.022929E-1
1.341825E+4	6.126836E-1
1.341850E+4	5.583278E-1
1.341875E+4	5.012355E-1
1.341900E+4	5.013077E-1
1.341925E+4	5.560194E-1
1.341950E+4	5.914887E-1
1.341975E+4	5.727770E-1
1.342000E+4	5.487403E-1
1.342025E+4	5.619914E-1
1.342050E+4	5.855285E-1
1.342075E+4	5.677106E-1
1.342100E+4	5.191224E-1
1.342125E+4	4.972292E-1
1.342150E+4	5.288865E-1
1.342175E+4	5.733790E-1
1.342200E+4	5.794268E-1
1.342225E+4	5.414059E-1
1.342250E+4	5.046543E-1
1.342275E+4	5.112498E-1
1.342300E+4	5.433311E-1
1.342325E+4	5.719410E-1
1.342350E+4	5.913765E-1
1.342375E+4	6.052395E-1
1.342400E+4	6.108254E-1
1.342425E+4	6.016903E-1
1.342450E+4	5.745086E-1
1.342475E+4	5.350387E-1
1.342500E+4	5.078952E-1
1.342525E+4	5.133987E-1
1.342550E+4	5.368002E-1
1.342575E+4	5.427753E-1
1.342600E+4	5.179754E-1
1.342625E+4	4.912347E-1
1.342650E+4	4.913158E-1
1.342675E+4	5.175030E-1
1.342700E+4	5.347325E-1
1.342725E+4	5.238950E-1
1.342750E+4	5.147422E-1
1.342775E+4	5.240581E-1
1.342800E+4	5.363385E-1
1.342825E+4	5.321690E-1
1.342850E+4	5.202711E-1
1.342875E+4	5.156097E-1
1.342900E+4	5.120740E-1
1.342925E+4	5.000298E-1
1.342950E+4	4.939009E-1
1.342975E+4	5.083755E-1
1.343000E+4	5.286177E-1
1.343025E+4	5.179656E-1
1.343050E+4	4.849744E-1
1.343075E+4	4.666918E-1
1.343100E+4	4.679348E-1
1.343125E+4	4.674003E-1
1.343150E+4	4.547954E-1
1.343175E+4	4.538930E-1
1.343200E+4	4.785486E-1
1.343225E+4	4.993410E-1
1.343250E+4	4.913672E-1
1.343275E+4	4.770903E-1
1.343300E+4	4.832672E-1
1.343325E+4	5.019085E-1
1.343350E+4	5.027828E-1
1.343375E+4	4.867492E-1
1.343400E+4	4.871671E-1
1.343425E+4	5.099804E-1
1.343450E+4	5.175482E-1
1.343475E+4	4.920154E-1
1.343500E+4	4.630950E-1
1.343525E+4	4.569181E-1
1.343550E+4	4.616868E-1
1.343575E+4	4.547852E-1
1.343600E+4	4.426621E-1
1.343625E+4	4.459098E-1
1.343650E+4	4.515330E-1
1.343675E+4	4.343640E-1
1.343700E+4	4.131563E-1
1.343725E+4	4.366386E-1
1.343750E+4	5.199354E-1
1.343775E+4	5.818483E-1
1.343800E+4	5.584620E-1
1.343825E+4	4.898300E-1
1.343850E+4	4.479997E-1
1.343875E+4	4.626110E-1
1.343900E+4	4.903999E-1
1.343925E+4	4.945973E-1
1.343950E+4	4.877046E-1
1.343975E+4	4.900969E-1
1.344000E+4	4.943423E-1
1.344025E+4	4.928654E-1
1.344050E+4	4.984029E-1
1.344075E+4	5.094436E-1
1.344100E+4	4.933534E-1
1.344125E+4	4.511084E-1
1.344150E+4	4.264192E-1
1.344175E+4	4.510636E-1
1.344200E+4	4.956590E-1
1.344225E+4	4.963881E-1
1.344250E+4	4.674932E-1
1.344275E+4	4.616400E-1
1.344300E+4	4.821326E-1
1.344325E+4	4.875432E-1
1.344350E+4	4.654316E-1
1.344375E+4	4.620268E-1
1.344400E+4	4.970990E-1
1.344425E+4	5.282901E-1
1.344450E+4	5.220931E-1
1.344475E+4	4.985394E-1
1.344500E+4	5.042166E-1
1.344525E+4	5.325976E-1
1.344550E+4	5.459875E-1
1.344575E+4	5.345684E-1
1.344600E+4	5.154022E-1
1.344625E+4	5.080334E-1
1.344650E+4	5.131057E-1
1.344675E+4	5.232662E-1
1.344700E+4	5.275468E-1
1.344725E+4	5.149862E-1
1.344750E+4	4.893329E-1
1.344775E+4	4.690007E-1
1.344800E+4	4.704458E-1
1.344825E+4	4.761088E-1
1.344850E+4	4.683559E-1
1.344875E+4	4.648331E-1
1.344900E+4	4.822516E-1
1.344925E+4	4.984423E-1
1.344950E+4	4.882590E-1
1.344975E+4	4.794370E-1
1.345000E+4	5.161304E-1
1.345025E+4	5.767761E-1
1.345050E+4	6.018172E-1
1.345075E+4	5.846989E-1
1.345100E+4	5.593251E-1
1.345125E+4	5.563185E-1
1.345150E+4	5.596873E-1
1.345175E+4	5.507320E-1
1.345200E+4	5.375330E-1
1.345225E+4	5.373485E-1
1.345250E+4	5.532566E-1
1.345275E+4	5.759975E-1
1.345300E+4	6.053251E-1
1.345325E+4	6.287538E-1
1.345350E+4	6.202794E-1
1.345375E+4	5.862494E-1
1.345400E+4	5.633681E-1
1.345425E+4	5.740453E-1
1.345450E+4	5.940407E-1
1.345475E+4	5.873193E-1
1.345500E+4	5.499942E-1
1.345525E+4	5.132671E-1
1.345550E+4	5.162011E-1
1.345575E+4	5.509601E-1
1.345600E+4	5.815252E-1
1.345625E+4	5.838598E-1
1.345650E+4	5.632312E-1
1.345675E+4	5.460842E-1
1.345700E+4	5.378363E-1
1.345725E+4	5.249700E-1
1.345750E+4	5.122868E-1
1.345775E+4	5.261204E-1
1.345800E+4	5.668363E-1
1.345825E+4	6.031537E-1
1.345850E+4	6.005482E-1
1.345875E+4	5.678162E-1
1.345900E+4	5.441788E-1
1.345925E+4	5.438453E-1
1.345950E+4	5.545300E-1
1.345975E+4	5.614906E-1
1.346000E+4	5.629383E-1
1.346025E+4	5.564783E-1
1.346050E+4	5.375966E-1
1.346075E+4	5.164556E-1
1.346100E+4	5.118686E-1
1.346125E+4	5.180124E-1
1.346150E+4	5.121173E-1
1.346175E+4	4.933928E-1
1.346200E+4	4.813174E-1
1.346225E+4	4.858795E-1
1.346250E+4	5.037870E-1
1.346275E+4	5.325053E-1
1.346300E+4	5.651901E-1
1.346325E+4	5.809203E-1
1.346350E+4	5.611789E-1
1.346375E+4	5.353354E-1
1.346400E+4	5.519327E-1
1.346425E+4	5.827180E-1
1.346450E+4	5.808019E-1
1.346475E+4	5.507017E-1
1.346500E+4	5.495787E-1
1.346525E+4	5.785201E-1
1.346550E+4	5.688268E-1
1.346575E+4	4.912161E-1
1.346600E+4	4.322156E-1
1.346625E+4	4.868566E-1
1.346650E+4	5.694991E-1
1.346675E+4	5.903117E-1
1.346700E+4	5.410528E-1
1.346725E+4	4.972863E-1
1.346750E+4	5.144159E-1
1.346775E+4	5.382840E-1
1.346800E+4	5.366104E-1
1.346825E+4	5.335978E-1
1.346850E+4	5.464931E-1
1.346875E+4	5.479176E-1
1.346900E+4	5.246765E-1
1.346925E+4	5.071205E-1
1.346950E+4	5.332422E-1
1.346975E+4	5.747697E-1
1.347000E+4	5.892971E-1
1.347025E+4	5.746580E-1
1.347050E+4	5.502316E-1
1.347075E+4	5.329172E-1
1.347100E+4	5.200833E-1
1.347125E+4	5.074348E-1
1.347150E+4	4.978137E-1
1.347175E+4	4.941040E-1
1.347200E+4	4.932505E-1
1.347225E+4	4.930767E-1
1.347250E+4	4.925621E-1
1.347275E+4	4.892584E-1
1.347300E+4	4.884504E-1
1.347325E+4	5.037135E-1
1.347350E+4	5.336169E-1
1.347375E+4	5.544222E-1
1.347400E+4	5.439433E-1
1.347425E+4	5.125044E-1
1.347450E+4	4.830115E-1
1.347475E+4	4.782810E-1
1.347500E+4	5.122913E-1
1.347525E+4	5.438539E-1
1.347550E+4	5.506064E-1
1.347575E+4	5.470630E-1
1.347600E+4	5.456197E-1
1.347625E+4	5.414654E-1
1.347650E+4	5.128965E-1
1.347675E+4	4.653015E-1
1.347700E+4	4.362462E-1
1.347725E+4	4.638869E-1
1.347750E+4	5.165537E-1
1.347775E+4	5.367015E-1
1.347800E+4	5.240699E-1
1.347825E+4	5.162005E-1
1.347850E+4	5.295518E-1
1.347875E+4	5.331609E-1
1.347900E+4	5.143035E-1
1.347925E+4	4.985645E-1
1.347950E+4	5.062630E-1
1.347975E+4	5.144594E-1
1.348000E+4	5.013867E-1
1.348025E+4	4.750852E-1
1.348050E+4	4.535097E-1
1.348075E+4	4.440169E-1
1.348100E+4	4.543525E-1
1.348125E+4	4.856079E-1
1.348150E+4	4.957192E-1
1.348175E+4	4.579541E-1
1.348200E+4	4.172939E-1
1.348225E+4	4.451894E-1
1.348250E+4	5.228658E-1
1.348275E+4	5.593626E-1
1.348300E+4	5.535020E-1
1.348325E+4	5.726888E-1
1.348350E+4	6.295028E-1
1.348375E+4	6.407076E-1
1.348400E+4	5.958827E-1
1.348425E+4	5.567240E-1
1.348450E+4	5.628348E-1
1.348475E+4	5.650509E-1
1.348500E+4	5.312897E-1
1.348525E+4	5.261975E-1
1.348550E+4	5.970706E-1
1.348575E+4	6.361655E-1
1.348600E+4	5.640134E-1
1.348625E+4	4.639910E-1
1.348650E+4	4.592134E-1
1.348675E+4	5.464025E-1
1.348700E+4	5.657886E-1
1.348725E+4	5.127058E-1
1.348750E+4	5.120080E-1
1.348775E+4	5.913863E-1
1.348800E+4	5.975251E-1
1.348825E+4	5.251147E-1
1.348850E+4	5.038560E-1
1.348875E+4	5.728377E-1
1.348900E+4	5.994665E-1
1.348925E+4	5.217045E-1
1.348950E+4	4.675959E-1
1.348975E+4	4.974729E-1
1.349000E+4	5.378487E-1
1.349025E+4	5.142618E-1
1.349050E+4	5.213598E-1
1.349075E+4	6.193118E-1
1.349100E+4	6.885183E-1
1.349125E+4	6.381813E-1
1.349150E+4	5.267236E-1
1.349175E+4	5.322094E-1
1.349200E+4	6.215369E-1
1.349225E+4	6.367056E-1
1.349250E+4	5.964200E-1
1.349275E+4	5.779171E-1
1.349300E+4	6.070662E-1
1.349325E+4	6.290396E-1
1.349350E+4	6.321538E-1
1.349375E+4	6.638177E-1
1.349400E+4	6.835983E-1
1.349425E+4	6.266747E-1
1.349450E+4	5.516333E-1
1.349475E+4	5.733453E-1
1.349500E+4	6.671506E-1
1.349525E+4	6.803069E-1
1.349550E+4	5.913726E-1
1.349575E+4	5.202871E-1
1.349600E+4	5.422802E-1
1.349625E+4	5.674064E-1
1.349650E+4	5.437746E-1
1.349675E+4	5.631728E-1
1.349700E+4	6.792844E-1
1.349725E+4	7.342518E-1
1.349750E+4	6.708420E-1
1.349775E+4	5.780744E-1
1.349800E+4	5.776397E-1
1.349825E+4	6.436381E-1
1.349850E+4	6.448180E-1
1.349875E+4	6.105964E-1
1.349900E+4	6.276854E-1
1.349925E+4	6.942914E-1
1.349950E+4	7.073606E-1
1.349975E+4	6.677288E-1
1.350000E+4	6.355540E-1
1.350025E+4	6.410045E-1
1.350050E+4	6.419958E-1
1.350075E+4	6.185792E-1
1.350100E+4	6.120901E-1
1.350125E+4	7.023164E-1
1.350150E+4	7.625496E-1
1.350175E+4	7.277727E-1
1.350200E+4	6.584817E-1
1.350225E+4	6.124775E-1
1.350250E+4	6.435158E-1
1.350275E+4	7.047682E-1
1.350300E+4	7.296679E-1
1.350325E+4	7.022414E-1
1.350350E+4	6.842758E-1
1.350375E+4	7.266177E-1
1.350400E+4	7.748843E-1
1.350425E+4	7.446781E-1
1.350450E+4	6.622082E-1
1.350475E+4	6.314437E-1
1.350500E+4	6.583854E-1
1.350525E+4	6.903942E-1
1.350550E+4	6.954430E-1
1.350575E+4	7.007661E-1
1.350600E+4	7.085806E-1
1.350625E+4	6.827561E-1
1.350650E+4	6.399714E-1
1.350675E+4	6.636202E-1
1.350700E+4	7.350211E-1
1.350725E+4	7.758696E-1
1.350750E+4	7.432817E-1
1.350775E+4	7.025661E-1
1.350800E+4	7.266132E-1
1.350825E+4	7.623512E-1
1.350850E+4	7.270932E-1
1.350875E+4	6.705206E-1
1.350900E+4	6.482051E-1
1.350925E+4	6.495052E-1
1.350950E+4	6.500358E-1
1.350975E+4	6.854245E-1
1.351000E+4	7.648410E-1
1.351025E+4	8.045304E-1
1.351050E+4	7.569175E-1
1.351075E+4	6.867809E-1
1.351100E+4	6.725310E-1
1.351125E+4	7.099686E-1
1.351150E+4	6.933933E-1
1.351175E+4	6.404399E-1
1.351200E+4	6.292592E-1
1.351225E+4	6.893037E-1
1.351250E+4	7.516721E-1
1.351275E+4	7.265876E-1
1.351300E+4	6.786225E-1
1.351325E+4	6.534242E-1
1.351350E+4	6.268908E-1
1.351375E+4	5.680256E-1
1.351400E+4	5.318140E-1
1.351425E+4	5.788685E-1
1.351450E+4	6.662874E-1
1.351475E+4	6.926145E-1
1.351500E+4	6.461899E-1
1.351525E+4	6.016781E-1
1.351550E+4	6.551119E-1
1.351575E+4	7.276595E-1
1.351600E+4	7.559809E-1
1.351625E+4	7.345298E-1
1.351650E+4	6.551006E-1
1.351675E+4	5.839480E-1
1.351700E+4	5.585632E-1
1.351725E+4	5.458692E-1
1.351750E+4	5.723429E-1
1.351775E+4	6.405390E-1
1.351800E+4	6.729975E-1
1.351825E+4	6.411584E-1
1.351850E+4	5.905821E-1
1.351875E+4	6.132328E-1
1.351900E+4	6.759716E-1
1.351925E+4	6.808918E-1
1.351950E+4	5.766385E-1
1.351975E+4	5.358763E-1
1.352000E+4	6.141626E-1
1.352025E+4	6.485060E-1
1.352050E+4	5.986479E-1
1.352075E+4	5.274785E-1
1.352100E+4	5.494028E-1
1.352125E+4	5.993130E-1
1.352150E+4	5.744049E-1
1.352175E+4	5.090352E-1
1.352200E+4	4.968483E-1
1.352225E+4	5.043649E-1
1.352250E+4	4.548106E-1
1.352275E+4	3.889346E-1
1.352300E+4	4.522435E-1
1.352325E+4	5.643182E-1
1.352350E+4	6.018810E-1
1.352375E+4	5.578819E-1
1.352400E+4	5.232954E-1
1.352425E+4	5.657089E-1
1.352450E+4	6.139748E-1
1.352475E+4	6.023330E-1
1.352500E+4	5.482040E-1
1.352525E+4	5.200155E-1
1.352550E+4	5.342886E-1
1.352575E+4	5.357191E-1
1.352600E+4	5.381109E-1
1.352625E+4	5.755076E-1
1.352650E+4	6.506807E-1
1.352675E+4	6.948238E-1
1.352700E+4	6.700141E-1
1.352725E+4	6.158555E-1
1.352750E+4	5.536025E-1
1.352775E+4	5.204594E-1
1.352800E+4	5.478084E-1
1.352825E+4	5.865836E-1
1.352850E+4	5.777963E-1
1.352875E+4	5.148196E-1
1.352900E+4	4.577812E-1
1.352925E+4	4.479473E-1
1.352950E+4	4.584072E-1
1.352975E+4	4.499509E-1
1.353000E+4	4.369851E-1
1.353025E+4	4.324014E-1
1.353050E+4	4.250598E-1
1.353075E+4	4.169751E-1
1.353100E+4	4.445900E-1
1.353125E+4	4.871004E-1
1.353150E+4	5.195776E-1
1.353175E+4	5.485294E-1
1.353200E+4	5.685849E-1
1.353225E+4	5.592163E-1
1.353250E+4	5.070562E-1
1.353275E+4	4.453647E-1
1.353300E+4	4.869230E-1
1.353325E+4	5.619326E-1
1.353350E+4	5.651326E-1
1.353375E+4	5.032774E-1
1.353400E+4	4.312105E-1
1.353425E+4	4.495059E-1
1.353450E+4	5.125269E-1
1.353475E+4	5.029127E-1
1.353500E+4	4.662092E-1
1.353525E+4	5.040198E-1
1.353550E+4	5.841127E-1
1.353575E+4	6.296430E-1
1.353600E+4	6.241009E-1
1.353625E+4	5.712775E-1
1.353650E+4	4.948481E-1
1.353675E+4	4.373202E-1
1.353700E+4	4.398422E-1
1.353725E+4	5.360058E-1
1.353750E+4	6.513241E-1
1.353775E+4	6.672066E-1
1.353800E+4	6.141046E-1
1.353825E+4	5.710672E-1
1.353850E+4	5.918414E-1
1.353875E+4	6.260668E-1
1.353900E+4	6.264513E-1
1.353925E+4	6.333245E-1
1.353950E+4	6.467281E-1
1.353975E+4	6.155881E-1
1.354000E+4	5.440380E-1
1.354025E+4	5.331255E-1
1.354050E+4	5.960252E-1
1.354075E+4	6.675612E-1
1.354100E+4	6.870795E-1
1.354125E+4	6.828032E-1
1.354150E+4	6.892729E-1
1.354175E+4	6.853284E-1
1.354200E+4	6.533378E-1
1.354225E+4	6.305776E-1
1.354250E+4	6.350509E-1
1.354275E+4	6.241073E-1
1.354300E+4	5.910927E-1
1.354325E+4	5.944114E-1
1.354350E+4	6.834250E-1
1.354375E+4	7.539184E-1
1.354400E+4	7.151818E-1
1.354425E+4	6.435541E-1
1.354450E+4	6.248663E-1
1.354475E+4	7.038477E-1
1.354500E+4	7.813838E-1
1.354525E+4	7.822959E-1
1.354550E+4	7.763470E-1
1.354575E+4	7.688237E-1
1.354600E+4	7.227784E-1
1.354625E+4	6.998008E-1
1.354650E+4	7.369281E-1
1.354675E+4	8.003694E-1
1.354700E+4	8.339167E-1
1.354725E+4	7.543285E-1
1.354750E+4	6.536526E-1
1.354775E+4	6.889132E-1
1.354800E+4	7.593166E-1
1.354825E+4	7.932758E-1
1.354850E+4	8.101383E-1
1.354875E+4	8.511862E-1
1.354900E+4	8.851246E-1
1.354925E+4	8.513870E-1
1.354950E+4	7.786745E-1
1.354975E+4	7.390628E-1
1.355000E+4	7.641712E-1
1.355025E+4	8.277076E-1
1.355050E+4	8.680960E-1
1.355075E+4	8.654160E-1
1.355100E+4	8.420914E-1
1.355125E+4	8.204624E-1
1.355150E+4	8.161905E-1
1.355175E+4	8.289373E-1
1.355200E+4	8.339936E-1
1.355225E+4	8.339963E-1
1.355250E+4	8.500134E-1
1.355275E+4	8.666108E-1
1.355300E+4	8.359695E-1
1.355325E+4	7.851350E-1
1.355350E+4	8.096698E-1
1.355375E+4	8.651483E-1
1.355400E+4	9.005527E-1
1.355425E+4	8.823714E-1
1.355450E+4	8.558546E-1
1.355475E+4	8.941536E-1
1.355500E+4	9.250789E-1
1.355525E+4	9.085183E-1
1.355550E+4	8.595111E-1
1.355575E+4	8.662666E-1
1.355600E+4	8.978596E-1
1.355625E+4	8.305358E-1
1.355650E+4	7.340922E-1
1.355675E+4	7.387595E-1
1.355700E+4	8.332832E-1
1.355725E+4	9.297760E-1
1.355750E+4	9.430835E-1
1.355775E+4	8.990227E-1
1.355800E+4	8.921543E-1
1.355825E+4	8.888276E-1
1.355850E+4	8.405175E-1
1.355875E+4	8.029110E-1
1.355900E+4	8.527031E-1
1.355925E+4	8.939625E-1
1.355950E+4	8.808994E-1
1.355975E+4	8.266978E-1
1.356000E+4	8.066430E-1
1.356025E+4	8.721157E-1
1.356050E+4	9.315381E-1
1.356075E+4	9.381034E-1
1.356100E+4	9.179912E-1
1.356125E+4	9.075207E-1
1.356150E+4	9.139345E-1
1.356175E+4	9.265594E-1
1.356200E+4	9.432193E-1
1.356225E+4	9.577947E-1
1.356250E+4	9.571666E-1
1.356275E+4	9.445004E-1
1.356300E+4	9.315222E-1
1.356325E+4	9.111319E-1
1.356350E+4	8.734045E-1
1.356375E+4	8.316726E-1
1.356400E+4	8.184387E-1
1.356425E+4	8.589988E-1
1.356450E+4	9.065663E-1
1.356475E+4	9.184552E-1
1.356500E+4	9.116403E-1
1.356525E+4	9.066589E-1
1.356550E+4	9.242776E-1
1.356575E+4	9.495953E-1
1.356600E+4	9.405258E-1
1.356625E+4	9.015331E-1
1.356650E+4	8.455745E-1
1.356675E+4	8.272915E-1
1.356700E+4	8.642964E-1
1.356725E+4	8.860960E-1
1.356750E+4	8.677001E-1
1.356775E+4	8.323079E-1
1.356800E+4	8.762732E-1
1.356825E+4	9.338877E-1
1.356850E+4	9.484828E-1
1.356875E+4	9.481628E-1
1.356900E+4	9.545920E-1
1.356925E+4	9.625209E-1
1.356950E+4	9.487632E-1
1.356975E+4	9.270871E-1
1.357000E+4	9.240001E-1
1.357025E+4	9.466850E-1
1.357050E+4	9.628880E-1
1.357075E+4	9.468198E-1
1.357100E+4	9.204317E-1
1.357125E+4	8.993191E-1
1.357150E+4	8.665037E-1
1.357175E+4	8.233317E-1
1.357200E+4	8.034225E-1
1.357225E+4	8.343662E-1
1.357250E+4	9.131175E-1
1.357275E+4	9.363532E-1
1.357300E+4	8.708584E-1
1.357325E+4	7.841484E-1
1.357350E+4	7.513685E-1
1.357375E+4	8.208817E-1
1.357400E+4	8.820199E-1
1.357425E+4	8.881802E-1
1.357450E+4	8.738756E-1
1.357475E+4	8.758252E-1
1.357500E+4	8.894807E-1
1.357525E+4	8.850111E-1
1.357550E+4	8.729610E-1
1.357575E+4	8.735181E-1
1.357600E+4	8.891038E-1
1.357625E+4	8.991535E-1
1.357650E+4	9.048744E-1
1.357675E+4	9.220113E-1
1.357700E+4	9.408244E-1
1.357725E+4	9.286000E-1
1.357750E+4	8.884965E-1
1.357775E+4	8.791130E-1
1.357800E+4	9.016588E-1
1.357825E+4	9.157575E-1
1.357850E+4	9.085235E-1
1.357875E+4	9.023382E-1
1.357900E+4	9.193201E-1
1.357925E+4	9.295764E-1
1.357950E+4	9.057492E-1
1.357975E+4	8.648074E-1
1.358000E+4	8.613579E-1
1.358025E+4	8.876838E-1
1.358050E+4	9.122887E-1
1.358075E+4	9.153677E-1
1.358100E+4	8.981465E-1
1.358125E+4	8.871263E-1
1.358150E+4	8.917335E-1
1.358175E+4	9.090093E-1
1.358200E+4	9.202604E-1
1.358225E+4	9.093370E-1
1.358250E+4	8.898973E-1
1.358275E+4	8.813387E-1
1.358300E+4	8.959846E-1
1.358325E+4	9.132142E-1
1.358350E+4	9.285137E-1
1.358375E+4	9.503262E-1
1.358400E+4	9.596493E-1
1.358425E+4	9.361864E-1
1.358450E+4	9.032763E-1
1.358475E+4	8.851330E-1
1.358500E+4	8.870162E-1
1.358525E+4	8.903915E-1
1.358550E+4	8.912304E-1
1.358575E+4	8.997059E-1
1.358600E+4	9.078750E-1
1.358625E+4	8.914824E-1
1.358650E+4	8.734527E-1
1.358675E+4	8.838667E-1
1.358700E+4	9.111454E-1
1.358725E+4	8.945914E-1
1.358750E+4	8.538295E-1
1.358775E+4	8.488354E-1
1.358800E+4	8.991743E-1
1.358825E+4	9.269123E-1
1.358850E+4	8.900789E-1
1.358875E+4	8.594253E-1
1.358900E+4	8.947917E-1
1.358925E+4	9.648750E-1
1.358950E+4	9.637911E-1
1.358975E+4	9.111389E-1
1.359000E+4	8.876738E-1
1.359025E+4	9.108532E-1
1.359050E+4	9.273807E-1
1.359075E+4	9.123139E-1
1.359100E+4	8.953511E-1
1.359125E+4	9.007785E-1
1.359150E+4	9.050005E-1
1.359175E+4	9.090248E-1
1.359200E+4	9.279996E-1
1.359225E+4	9.347342E-1
1.359250E+4	9.009824E-1
1.359275E+4	8.513935E-1
1.359300E+4	8.182939E-1
1.359325E+4	8.507373E-1
1.359350E+4	9.037725E-1
1.359375E+4	9.224309E-1
1.359400E+4	9.238038E-1
1.359425E+4	9.206111E-1
1.359450E+4	9.188547E-1
1.359475E+4	9.240414E-1
1.359500E+4	9.329498E-1
1.359525E+4	9.226875E-1
1.359550E+4	8.899196E-1
1.359575E+4	8.880146E-1
1.359600E+4	9.205480E-1
1.359625E+4	9.358683E-1
1.359650E+4	8.757480E-1
1.359675E+4	8.300302E-1
1.359700E+4	8.532186E-1
1.359725E+4	9.016346E-1
1.359750E+4	9.056405E-1
1.359775E+4	8.723685E-1
1.359800E+4	8.751401E-1
1.359825E+4	9.190886E-1
1.359850E+4	9.174357E-1
1.359875E+4	8.622247E-1
1.359900E+4	8.368302E-1
1.359925E+4	8.652634E-1
1.359950E+4	8.770226E-1
1.359975E+4	8.411575E-1
1.360000E+4	8.290052E-1
1.360025E+4	8.742210E-1
1.360050E+4	9.181439E-1
1.360075E+4	8.741230E-1
1.360100E+4	8.103584E-1
1.360125E+4	7.856138E-1
1.360150E+4	7.996238E-1
1.360175E+4	8.198346E-1
1.360200E+4	8.296160E-1
1.360225E+4	8.380017E-1
1.360250E+4	8.332320E-1
1.360275E+4	8.047450E-1
1.360300E+4	7.995704E-1
1.360325E+4	8.496800E-1
1.360350E+4	8.949639E-1
1.360375E+4	8.670389E-1
1.360400E+4	8.021455E-1
1.360425E+4	7.922197E-1
1.360450E+4	8.457086E-1
1.360475E+4	8.842444E-1
1.360500E+4	8.632315E-1
1.360525E+4	8.240601E-1
1.360550E+4	8.268607E-1
1.360575E+4	8.495344E-1
1.360600E+4	8.411172E-1
1.360625E+4	8.173849E-1
1.360650E+4	8.040652E-1
1.360675E+4	8.204977E-1
1.360700E+4	8.439521E-1
1.360725E+4	8.488651E-1
1.360750E+4	8.467281E-1
1.360775E+4	8.434941E-1
1.360800E+4	8.406154E-1
1.360825E+4	8.384441E-1
1.360850E+4	8.297672E-1
1.360875E+4	8.077955E-1
1.360900E+4	7.863215E-1
1.360925E+4	7.910080E-1
1.360950E+4	8.024504E-1
1.360975E+4	7.851315E-1
1.361000E+4	7.228759E-1
1.361025E+4	6.683752E-1
1.361050E+4	6.769887E-1
1.361075E+4	7.332900E-1
1.361100E+4	8.212782E-1
1.361125E+4	8.810333E-1
1.361150E+4	8.345419E-1
1.361175E+4	7.423002E-1
1.361200E+4	6.804794E-1
1.361225E+4	6.925572E-1
1.361250E+4	7.652641E-1
1.361275E+4	8.057538E-1
1.361300E+4	8.032949E-1
1.361325E+4	8.156302E-1
1.361350E+4	8.541094E-1
1.361375E+4	8.530091E-1
1.361400E+4	7.872931E-1
1.361425E+4	7.383210E-1
1.361450E+4	7.546699E-1
1.361475E+4	8.001687E-1
1.361500E+4	8.190895E-1
1.361525E+4	7.926823E-1
1.361550E+4	7.684041E-1
1.361575E+4	7.791643E-1
1.361600E+4	8.004306E-1
1.361625E+4	8.137626E-1
1.361650E+4	8.204015E-1
1.361675E+4	8.259175E-1
1.361700E+4	8.300573E-1
1.361725E+4	8.330515E-1
1.361750E+4	8.333252E-1
1.361775E+4	8.206250E-1
1.361800E+4	7.955812E-1
1.361825E+4	7.739553E-1
1.361850E+4	7.627504E-1
1.361875E+4	7.662105E-1
1.361900E+4	7.774746E-1
1.361925E+4	7.760064E-1
1.361950E+4	7.564178E-1
1.361975E+4	7.440886E-1
1.362000E+4	7.756803E-1
1.362025E+4	8.370362E-1
1.362050E+4	8.727500E-1
1.362075E+4	8.517633E-1
1.362100E+4	7.981398E-1
1.362125E+4	7.725755E-1
1.362150E+4	7.968919E-1
1.362175E+4	8.240492E-1
1.362200E+4	8.110992E-1
1.362225E+4	7.890948E-1
1.362250E+4	8.009079E-1
1.362275E+4	8.344527E-1
1.362300E+4	8.385259E-1
1.362325E+4	8.090258E-1
1.362350E+4	7.840013E-1
1.362375E+4	7.793981E-1
1.362400E+4	7.949252E-1
1.362425E+4	8.268609E-1
1.362450E+4	8.610490E-1
1.362475E+4	8.732982E-1
1.362500E+4	8.481806E-1
1.362525E+4	8.050989E-1
1.362550E+4	7.907345E-1
1.362575E+4	8.305926E-1
1.362600E+4	8.940131E-1
1.362625E+4	9.160507E-1
1.362650E+4	8.916428E-1
1.362675E+4	8.727082E-1
1.362700E+4	8.858320E-1
1.362725E+4	9.089897E-1
1.362750E+4	9.131919E-1
1.362775E+4	9.026497E-1
1.362800E+4	8.885337E-1
1.362825E+4	8.691207E-1
1.362850E+4	8.464617E-1
1.362875E+4	8.390001E-1
1.362900E+4	8.542873E-1
1.362925E+4	8.805982E-1
1.362950E+4	9.002390E-1
1.362975E+4	9.012390E-1
1.363000E+4	8.869008E-1
1.363025E+4	8.723769E-1
1.363050E+4	8.622756E-1
1.363075E+4	8.546034E-1
1.363100E+4	8.557687E-1
1.363125E+4	8.726495E-1
1.363150E+4	8.914771E-1
1.363175E+4	8.980171E-1
1.363200E+4	8.985658E-1
1.363225E+4	9.029937E-1
1.363250E+4	9.045611E-1
1.363275E+4	8.936890E-1
1.363300E+4	8.751340E-1
1.363325E+4	8.637471E-1
1.363350E+4	8.652484E-1
1.363375E+4	8.628858E-1
1.363400E+4	8.560885E-1
1.363425E+4	8.617028E-1
1.363450E+4	8.857452E-1
1.363475E+4	8.997184E-1
1.363500E+4	8.856850E-1
1.363525E+4	8.703095E-1
1.363550E+4	8.874210E-1
1.363575E+4	9.251812E-1
1.363600E+4	9.337598E-1
1.363625E+4	9.159431E-1
1.363650E+4	9.078760E-1
1.363675E+4	9.209266E-1
1.363700E+4	9.322952E-1
1.363725E+4	9.284286E-1
1.363750E+4	9.279294E-1
1.363775E+4	9.429765E-1
1.363800E+4	9.502940E-1
1.363825E+4	9.295015E-1
1.363850E+4	9.044393E-1
1.363875E+4	9.070614E-1
1.363900E+4	9.373208E-1
1.363925E+4	9.526341E-1
1.363950E+4	9.259535E-1
1.363975E+4	8.818744E-1
1.364000E+4	8.564486E-1
1.364025E+4	8.702551E-1
1.364050E+4	9.019937E-1
1.364075E+4	9.158753E-1
1.364100E+4	9.116524E-1
1.364125E+4	9.120817E-1
1.364150E+4	9.279856E-1
1.364175E+4	9.441117E-1
1.364200E+4	9.412039E-1
1.364225E+4	9.310430E-1
1.364250E+4	9.401691E-1
1.364275E+4	9.577097E-1
1.364300E+4	9.508844E-1
1.364325E+4	9.055961E-1
1.364350E+4	8.801578E-1
1.364375E+4	9.071535E-1
1.364400E+4	9.431253E-1
1.364425E+4	9.478374E-1
1.364450E+4	9.179782E-1
1.364475E+4	9.035190E-1
1.364500E+4	9.205872E-1
1.364525E+4	9.415257E-1
1.364550E+4	9.410555E-1
1.364575E+4	9.281799E-1
1.364600E+4	9.253082E-1
1.364625E+4	9.276932E-1
1.364650E+4	9.230257E-1
1.364675E+4	9.146869E-1
1.364700E+4	9.153927E-1
1.364725E+4	9.175436E-1
1.364750E+4	9.061655E-1
1.364775E+4	8.880695E-1
1.364800E+4	8.865082E-1
1.364825E+4	9.109455E-1
1.364850E+4	9.418205E-1
1.364875E+4	9.471959E-1
1.364900E+4	9.273406E-1
1.364925E+4	9.062609E-1
1.364950E+4	8.942906E-1
1.364975E+4	8.849083E-1
1.365000E+4	8.781066E-1
1.365025E+4	8.855279E-1
1.365050E+4	9.082186E-1
1.365075E+4	9.195821E-1
1.365100E+4	8.885057E-1
1.365125E+4	8.324093E-1
1.365150E+4	8.045711E-1
1.365175E+4	8.283197E-1
1.365200E+4	8.765986E-1
1.365225E+4	9.090819E-1
1.365250E+4	9.158928E-1
1.365275E+4	9.138489E-1
1.365300E+4	9.081190E-1
1.365325E+4	8.920187E-1
1.365350E+4	8.749264E-1
1.365375E+4	8.786918E-1
1.365400E+4	8.953313E-1
1.365425E+4	9.005138E-1
1.365450E+4	8.874330E-1
1.365475E+4	8.777843E-1
1.365500E+4	8.927651E-1
1.365525E+4	9.162805E-1
1.365550E+4	9.243109E-1
1.365575E+4	9.107540E-1
1.365600E+4	8.850216E-1
1.365625E+4	8.643883E-1
1.365650E+4	8.594445E-1
1.365675E+4	8.667834E-1
1.365700E+4	8.772522E-1
1.365725E+4	8.810825E-1
1.365750E+4	8.750720E-1
1.365775E+4	8.707695E-1
1.365800E+4	8.746838E-1
1.365825E+4	8.793979E-1
1.365850E+4	8.822042E-1
1.365875E+4	8.878556E-1
1.365900E+4	8.963190E-1
1.365925E+4	9.027142E-1
1.365950E+4	9.067568E-1
1.365975E+4	9.131946E-1
1.366000E+4	9.123661E-1
1.366025E+4	8.874683E-1
1.366050E+4	8.538951E-1
1.366075E+4	8.567371E-1
1.366100E+4	8.898771E-1
1.366125E+4	9.002157E-1
1.366150E+4	8.565546E-1
1.366175E+4	8.144685E-1
1.366200E+4	8.291772E-1
1.366225E+4	8.724255E-1
1.366250E+4	8.817414E-1
1.366275E+4	8.325788E-1
1.366300E+4	8.070602E-1
1.366325E+4	8.243300E-1
1.366350E+4	8.405118E-1
1.366375E+4	8.294559E-1
1.366400E+4	8.141590E-1
1.366425E+4	8.150548E-1
1.366450E+4	8.090898E-1
1.366475E+4	7.931782E-1
1.366500E+4	8.044222E-1
1.366525E+4	8.443360E-1
1.366550E+4	8.745240E-1
1.366575E+4	8.428981E-1
1.366600E+4	7.972229E-1
1.366625E+4	8.092817E-1
1.366650E+4	8.592453E-1
1.366675E+4	8.846376E-1
1.366700E+4	8.562634E-1
1.366725E+4	8.324538E-1
1.366750E+4	8.262589E-1
1.366775E+4	8.113425E-1
1.366800E+4	7.940962E-1
1.366825E+4	8.071134E-1
1.366850E+4	8.425013E-1
1.366875E+4	8.450620E-1
1.366900E+4	7.878649E-1
1.366925E+4	7.588537E-1
1.366950E+4	8.013326E-1
1.366975E+4	8.492568E-1
1.367000E+4	8.218213E-1
1.367025E+4	7.747545E-1
1.367050E+4	7.804069E-1
1.367075E+4	8.529879E-1
1.367100E+4	8.861333E-1
1.367125E+4	8.114117E-1
1.367150E+4	7.434827E-1
1.367175E+4	7.437373E-1
1.367200E+4	8.004700E-1
1.367225E+4	8.345419E-1
1.367250E+4	8.420337E-1
1.367275E+4	8.509451E-1
1.367300E+4	8.576008E-1
1.367325E+4	8.486124E-1
1.367350E+4	8.440977E-1
1.367375E+4	8.421475E-1
1.367400E+4	8.083490E-1
1.367425E+4	7.623011E-1
1.367450E+4	7.715728E-1
1.367475E+4	8.209931E-1
1.367500E+4	8.578003E-1
1.367525E+4	7.999610E-1
1.367550E+4	7.221616E-1
1.367575E+4	7.370784E-1
1.367600E+4	7.661369E-1
1.367625E+4	7.044912E-1
1.367650E+4	5.961501E-1
1.367675E+4	5.548413E-1
1.367700E+4	6.837769E-1
1.367725E+4	8.428283E-1
1.367750E+4	8.116733E-1
1.367775E+4	7.405282E-1
1.367800E+4	6.959415E-1
1.367825E+4	6.694605E-1
1.367850E+4	6.387069E-1
1.367875E+4	6.292587E-1
1.367900E+4	6.613451E-1
1.367925E+4	7.049299E-1
1.367950E+4	6.858377E-1
1.367975E+4	6.232886E-1
1.368000E+4	5.992342E-1
1.368025E+4	6.276379E-1
1.368050E+4	6.497082E-1
1.368075E+4	6.342909E-1
1.368100E+4	6.303412E-1
1.368125E+4	6.606752E-1
1.368150E+4	6.883255E-1
1.368175E+4	6.628334E-1
1.368200E+4	6.375867E-1
1.368225E+4	6.576485E-1
1.368250E+4	6.782376E-1
1.368275E+4	6.397905E-1
1.368300E+4	5.844925E-1
1.368325E+4	5.837215E-1
1.368350E+4	6.077447E-1
1.368375E+4	5.864367E-1
1.368400E+4	5.476022E-1
1.368425E+4	5.669452E-1
1.368450E+4	6.059467E-1
1.368475E+4	6.004644E-1
1.368500E+4	5.496563E-1
1.368525E+4	5.658534E-1
1.368550E+4	6.244846E-1
1.368575E+4	6.392916E-1
1.368600E+4	6.059868E-1
1.368625E+4	5.802329E-1
1.368650E+4	5.822809E-1
1.368675E+4	5.564563E-1
1.368700E+4	4.985849E-1
1.368725E+4	4.918150E-1
1.368750E+4	5.763567E-1
1.368775E+4	5.792546E-1
1.368800E+4	4.996296E-1
1.368825E+4	4.631303E-1
1.368850E+4	5.149699E-1
1.368875E+4	5.919521E-1
1.368900E+4	5.362216E-1
1.368925E+4	3.959147E-1
1.368950E+4	3.833430E-1
1.368975E+4	4.297145E-1
1.369000E+4	4.599295E-1
1.369025E+4	4.924768E-1
1.369050E+4	5.579282E-1
1.369075E+4	5.803603E-1
1.369100E+4	5.041329E-1
1.369125E+4	3.997363E-1
1.369150E+4	4.471164E-1
1.369175E+4	5.988248E-1
1.369200E+4	6.165839E-1
1.369225E+4	4.408106E-1
1.369250E+4	4.692048E-1
1.369275E+4	6.976321E-1
1.369300E+4	7.733662E-1
1.369325E+4	6.210049E-1
1.369350E+4	3.867084E-1
1.369375E+4	3.419684E-1
1.369400E+4	4.548773E-1
1.369425E+4	5.005909E-1
1.369450E+4	4.550250E-1
1.369475E+4	4.482711E-1
1.369500E+4	5.136969E-1
1.369525E+4	5.407186E-1
1.369550E+4	4.295514E-1
1.369575E+4	3.627364E-1
1.369600E+4	3.860276E-1
1.369625E+4	4.179231E-1
1.369650E+4	4.292384E-1
1.369675E+4	4.377811E-1
1.369700E+4	4.331613E-1
1.369725E+4	3.762988E-1
1.369750E+4	3.185448E-1
1.369775E+4	3.270945E-1
1.369800E+4	3.920463E-1
1.369825E+4	4.408856E-1
1.369850E+4	4.381156E-1
1.369875E+4	4.645939E-1
1.369900E+4	5.359916E-1
1.369925E+4	5.747086E-1
1.369950E+4	4.726832E-1
1.369975E+4	3.890723E-1
1.370000E+4	4.505854E-1
1.370025E+4	5.212611E-1
1.370050E+4	5.098818E-1
1.370075E+4	4.160855E-1
1.370100E+4	3.486505E-1
1.370125E+4	3.574547E-1
1.370150E+4	3.854462E-1
1.370175E+4	3.982896E-1
1.370200E+4	4.000718E-1
1.370225E+4	3.783580E-1
1.370250E+4	3.366285E-1
1.370275E+4	3.276563E-1
1.370300E+4	3.291521E-1
1.370325E+4	2.919720E-1
1.370350E+4	2.268176E-1
1.370375E+4	3.208599E-1
1.370400E+4	4.704637E-1
1.370425E+4	4.995642E-1
1.370450E+4	4.247895E-1
1.370475E+4	2.866486E-1
1.370500E+4	2.463077E-1
1.370525E+4	3.608765E-1
1.370550E+4	4.261368E-1
1.370575E+4	3.792984E-1
1.370600E+4	3.164864E-1
1.370625E+4	3.136705E-1
1.370650E+4	3.225479E-1
1.370675E+4	2.898140E-1
1.370700E+4	2.374680E-1
1.370725E+4	2.548666E-1
1.370750E+4	2.735176E-1
1.370775E+4	2.461511E-1
1.370800E+4	1.736749E-1
1.370825E+4	1.046385E-1
1.370850E+4	1.976506E-1
1.370875E+4	2.816066E-1
1.370900E+4	2.868339E-1
1.370925E+4	2.560990E-1
1.370950E+4	2.471324E-1
1.370975E+4	2.778310E-1
1.371000E+4	3.113732E-1
1.371025E+4	3.195013E-1
1.371050E+4	2.730154E-1
1.371075E+4	2.246698E-1
1.371100E+4	1.978774E-1
1.371125E+4	1.684309E-1
1.371150E+4	1.593467E-1
1.371175E+4	2.361859E-1
1.371200E+4	3.112221E-1
1.371225E+4	3.063647E-1
1.371250E+4	2.039957E-1
1.371275E+4	1.354777E-1
1.371300E+4	2.366615E-1
1.371325E+4	3.304947E-1
1.371350E+4	3.215491E-1
1.371375E+4	1.979223E-1
1.371400E+4	1.266666E-1
1.371425E+4	1.462228E-1
1.371450E+4	1.386161E-1
1.371475E+4	7.631300E-2
1.371500E+4	5.253070E-2
1.371525E+4	1.674686E-1
1.371550E+4	3.756607E-1
1.371575E+4	4.116515E-1
1.371600E+4	3.227800E-1
1.371625E+4	2.211580E-1
1.371650E+4	1.229961E-1
1.371675E+4	1.291346E-1
1.371700E+4	2.097333E-1
1.371725E+4	2.624684E-1
1.371750E+4	2.627744E-1
1.371775E+4	1.605777E-1
1.371800E+4	5.876795E-2
1.371825E+4	6.550101E-2
1.371850E+4	5.979835E-2
1.371875E+4	5.606972E-2
1.371900E+4	1.894928E-1
1.371925E+4	3.283063E-1
1.371950E+4	4.389751E-1
1.371975E+4	4.610884E-1
1.372000E+4	2.715043E-1
1.372025E+4	1.675138E-1
1.372050E+4	2.053844E-1
1.372075E+4	2.492405E-1
1.372100E+4	1.749652E-1
1.372125E+4	8.919914E-2
1.372150E+4	9.603707E-2
1.372175E+4	1.360689E-1
1.372200E+4	1.510638E-1
1.372225E+4	1.032733E-1
1.372250E+4	9.370324E-2
1.372275E+4	1.202627E-1
1.372300E+4	1.565227E-1
1.372325E+4	1.955870E-1
1.372350E+4	2.152113E-1
1.372375E+4	2.026652E-1
1.372400E+4	1.534352E-1
1.372425E+4	7.132717E-2
1.372450E+4	7.746706E-3
1.372475E+4	3.628986E-2
1.372500E+4	9.799040E-2
1.372525E+4	9.049480E-2
1.372550E+4	5.715501E-2
1.372575E+4	1.089539E-1
1.372600E+4	1.890641E-1
1.372625E+4	1.992465E-1
1.372650E+4	1.313020E-1
1.372675E+4	7.339477E-2
1.372700E+4	9.529014E-2
1.372725E+4	1.393319E-1
1.372750E+4	1.276879E-1
1.372775E+4	6.470582E-2
1.372800E+4	2.241259E-2
1.372825E+4	4.967196E-2
1.372850E+4	1.486321E-1
1.372875E+4	1.775383E-1
1.372900E+4	8.743779E-2
1.372925E+4	1.366444E-2
1.372950E+4	1.604637E-2
1.372975E+4	1.587232E-1
1.373000E+4	2.933160E-1
1.373025E+4	3.029219E-1
1.373050E+4	2.411222E-1
1.373075E+4	1.539556E-1
1.373100E+4	1.352945E-1
1.373125E+4	1.832088E-1
1.373150E+4	2.266321E-1
1.373175E+4	1.862767E-1
1.373200E+4	1.091088E-1
1.373225E+4	8.514277E-2
1.373250E+4	8.095266E-2
1.373275E+4	4.493692E-2
1.373300E+4	1.882781E-3
1.373325E+4	6.114546E-2
1.373350E+4	1.348262E-1
1.373375E+4	1.797486E-1
1.373400E+4	1.547713E-1
1.373425E+4	1.024299E-1
1.373450E+4	7.880340E-2
1.373475E+4	9.950063E-2
1.373500E+4	1.240320E-1
1.373525E+4	9.981253E-2
1.373550E+4	9.856991E-2
1.373575E+4	1.945347E-1
1.373600E+4	3.550374E-1
1.373625E+4	2.917519E-1
1.373650E+4	1.415203E-1
1.373675E+4	6.672227E-2
1.373700E+4	1.333259E-1
1.373725E+4	1.656341E-1
1.373750E+4	1.582325E-1
1.373775E+4	1.388393E-1
1.373800E+4	1.139726E-1
1.373825E+4	1.064705E-1
1.373850E+4	1.157834E-1
1.373875E+4	1.279866E-1
1.373900E+4	1.290118E-1
1.373925E+4	8.008423E-2
1.373950E+4	3.651616E-2
1.373975E+4	1.479203E-2
1.374000E+4	1.948261E-2
1.374025E+4	9.758593E-2
1.374050E+4	1.763725E-1
1.374075E+4	1.568364E-1
1.374100E+4	6.358583E-2
1.374125E+4	5.839356E-2
1.374150E+4	1.948175E-1
1.374175E+4	2.972035E-1
1.374200E+4	2.976120E-1
1.374225E+4	1.225340E-1
1.374250E+4	1.565812E-2
1.374275E+4	1.566485E-1
1.374300E+4	3.567242E-1
1.374325E+4	3.061447E-1
1.374350E+4	8.319159E-2
1.374375E+4	7.477003E-5
1.374400E+4	4.991824E-2
1.374425E+4	1.197093E-1
1.374450E+4	1.208607E-1
1.374475E+4	1.180682E-1
1.374500E+4	1.339539E-1
1.374525E+4	1.180367E-1
1.374550E+4	9.480815E-2
1.374575E+4	1.526894E-1
1.374600E+4	2.830571E-1
1.374625E+4	3.164911E-1
1.374650E+4	2.054051E-1
1.374675E+4	1.529121E-1
1.374700E+4	1.672241E-1
1.374725E+4	1.785282E-1
1.374750E+4	8.224488E-2
1.374775E+4	4.432780E-2
1.374800E+4	7.479648E-2
1.374825E+4	1.669906E-1
1.374850E+4	2.735902E-1
1.374875E+4	2.292191E-1
1.374900E+4	1.773800E-1
1.374925E+4	1.026074E-1
1.374950E+4	3.336401E-2
1.374975E+4	1.453404E-1
1.375000E+4	2.583295E-1
1.375025E+4	3.040601E-1
1.375050E+4	1.926580E-1
1.375075E+4	9.179896E-2
1.375100E+4	2.487943E-1
1.375125E+4	3.621739E-1
1.375150E+4	3.870212E-1
1.375175E+4	2.507088E-1
1.375200E+4	1.422303E-1
1.375225E+4	1.490442E-1
1.375250E+4	1.891067E-1
1.375275E+4	2.688557E-1
1.375300E+4	2.974554E-1
1.375325E+4	2.585702E-1
1.375350E+4	1.857454E-1
1.375375E+4	9.867043E-2
1.375400E+4	9.526417E-2
1.375425E+4	1.617678E-1
1.375450E+4	1.762937E-1
1.375475E+4	1.815052E-1
1.375500E+4	2.867987E-1
1.375525E+4	2.918780E-1
1.375550E+4	1.850230E-1
1.375575E+4	9.959013E-2
1.375600E+4	1.143398E-1
1.375625E+4	2.151187E-1
1.375650E+4	1.363714E-1
1.375675E+4	2.183428E-2
1.375700E+4	6.570288E-2
1.375725E+4	2.071279E-1
1.375750E+4	2.866359E-1
1.375775E+4	3.387589E-1
1.375800E+4	5.282061E-1
1.375825E+4	6.962703E-1
1.375850E+4	7.068403E-1
1.375875E+4	5.394198E-1
1.375900E+4	2.497734E-1
1.375925E+4	2.547787E-1
1.375950E+4	3.690350E-1
1.375975E+4	2.467004E-1
1.376000E+4	9.631627E-2
1.376025E+4	8.216844E-2
1.376050E+4	1.883948E-1
1.376075E+4	1.852891E-1
1.376100E+4	8.016364E-2
1.376125E+4	8.592738E-2
1.376150E+4	2.073389E-1
1.376175E+4	1.973694E-1
1.376200E+4	5.753551E-2
1.376225E+4	1.784931E-2
1.376250E+4	2.602413E-1
1.376275E+4	4.283952E-1
1.376300E+4	3.365189E-1
1.376325E+4	1.611715E-1
1.376350E+4	3.397401E-2
1.376375E+4	1.729913E-1
1.376400E+4	3.418443E-1
1.376425E+4	3.190302E-1
1.376450E+4	2.241157E-1
1.376475E+4	1.515084E-1
1.376500E+4	2.312661E-1
1.376525E+4	3.110628E-1
1.376550E+4	3.345121E-1
1.376575E+4	3.669534E-1
1.376600E+4	3.875866E-1
1.376625E+4	2.906178E-1
1.376650E+4	2.067196E-1
1.376675E+4	1.325400E-1
1.376700E+4	8.357227E-2
1.376725E+4	2.477927E-1
1.376750E+4	3.361774E-1
1.376775E+4	3.044669E-1
1.376800E+4	3.324199E-1
1.376825E+4	4.320029E-1
1.376850E+4	4.139985E-1
1.376875E+4	2.284528E-1
1.376900E+4	8.856570E-2
1.376925E+4	6.367692E-2
1.376950E+4	1.197453E-1
1.376975E+4	1.695760E-1
1.377000E+4	2.411439E-1
1.377025E+4	3.931656E-1
1.377050E+4	4.885512E-1
1.377075E+4	4.307755E-1
1.377100E+4	2.911007E-1
1.377125E+4	1.849302E-1
1.377150E+4	1.868359E-1
1.377175E+4	2.804652E-1
1.377200E+4	2.629427E-1
1.377225E+4	5.453169E-2
1.377250E+4	9.233305E-3
1.377275E+4	9.296691E-2
1.377300E+4	1.307308E-1
1.377325E+4	7.205198E-2
1.377350E+4	2.459945E-3
1.377375E+4	7.151139E-2
1.377400E+4	3.284778E-1
1.377425E+4	3.282530E-1
1.377450E+4	1.862943E-1
1.377475E+4	1.888987E-1
1.377500E+4	3.388982E-1
1.377525E+4	6.076407E-1
1.377550E+4	5.489162E-1
1.377575E+4	1.583865E-1
1.377600E+4	4.818007E-2
1.377625E+4	3.493153E-2
1.377650E+4	1.101063E-1
1.377675E+4	4.020451E-1
1.377700E+4	5.662350E-1
1.377725E+4	4.944259E-1
1.377750E+4	3.117301E-1
1.377775E+4	1.531324E-1
1.377800E+4	1.805132E-1
1.377825E+4	3.018342E-1
1.377850E+4	3.219316E-1
1.377875E+4	3.265765E-1
1.377900E+4	4.881279E-1
1.377925E+4	5.160708E-1
1.377950E+4	3.961009E-1
1.377975E+4	1.885444E-1
1.378000E+4	3.123209E-2
1.378025E+4	1.284210E-1
1.378050E+4	2.278444E-1
1.378075E+4	1.252239E-1
1.378100E+4	7.646621E-2
1.378125E+4	1.540133E-1
1.378150E+4	2.048686E-1
1.378175E+4	1.051247E-1
1.378200E+4	6.265203E-2
1.378225E+4	1.349269E-1
1.378250E+4	1.689959E-1
1.378275E+4	1.565877E-1
1.378300E+4	1.309115E-1
1.378325E+4	1.742488E-1
1.378350E+4	1.918786E-1
1.378375E+4	1.193445E-1
1.378400E+4	4.397337E-2
1.378425E+4	6.100250E-2
1.378450E+4	1.576245E-1
1.378475E+4	1.818106E-1
1.378500E+4	2.120425E-1
1.378525E+4	3.465352E-1
1.378550E+4	3.996883E-1
1.378575E+4	2.401207E-1
1.378600E+4	6.516765E-2
1.378625E+4	7.086446E-2
1.378650E+4	1.799776E-1
1.378675E+4	2.184466E-1
1.378700E+4	1.620562E-1
1.378725E+4	1.014622E-1
1.378750E+4	1.018712E-1
1.378775E+4	1.416011E-1
1.378800E+4	1.923477E-1
1.378825E+4	2.638904E-1
1.378850E+4	2.497230E-1
1.378875E+4	1.134227E-1
1.378900E+4	8.435075E-3
1.378925E+4	3.344462E-2
1.378950E+4	1.570770E-1
1.378975E+4	2.136253E-1
1.379000E+4	1.085416E-1
1.379025E+4	1.853734E-2
1.379050E+4	4.187155E-2
1.379075E+4	1.160708E-1
1.379100E+4	1.747837E-1
1.379125E+4	1.242639E-1
1.379150E+4	8.627455E-2
1.379175E+4	1.006893E-1
1.379200E+4	7.211740E-2
1.379225E+4	1.044773E-2
1.379250E+4	2.213726E-2
1.379275E+4	1.637052E-1
1.379300E+4	3.493361E-1
1.379325E+4	3.850646E-1
1.379350E+4	3.484813E-1
1.379375E+4	3.034747E-1
1.379400E+4	2.105284E-1
1.379425E+4	5.930136E-2
1.379450E+4	9.569321E-2
1.379475E+4	1.850785E-1
1.379500E+4	1.955356E-1
1.379525E+4	1.563843E-1
1.379550E+4	2.043643E-1
1.379575E+4	2.758713E-1
1.379600E+4	2.009957E-1
1.379625E+4	4.108756E-2
1.379650E+4	3.713016E-2
1.379675E+4	1.447284E-1
1.379700E+4	3.195765E-1
1.379725E+4	4.406105E-1
1.379750E+4	3.888966E-1
1.379775E+4	3.324190E-1
1.379800E+4	2.863040E-1
1.379825E+4	2.062758E-1
1.379850E+4	1.669171E-1
1.379875E+4	3.181636E-1
1.379900E+4	4.871600E-1
1.379925E+4	4.236325E-1
1.379950E+4	6.300322E-2
1.379975E+4	3.639922E-2
1.380000E+4	1.606296E-1
1.380025E+4	2.726202E-1
1.380050E+4	1.053253E-1
1.380075E+4	2.632769E-2
1.380100E+4	5.832852E-2
1.380125E+4	5.979070E-2
1.380150E+4	3.215486E-2
1.380175E+4	2.791477E-2
1.380200E+4	3.299175E-2
1.380225E+4	1.004313E-2
1.380250E+4	9.852513E-3
1.380275E+4	8.661411E-2
1.380300E+4	1.542064E-1
1.380325E+4	1.124801E-1
1.380350E+4	1.560132E-2
1.380375E+4	4.589700E-2
1.380400E+4	1.944531E-1
1.380425E+4	2.128033E-1
1.380450E+4	1.109444E-1
1.380475E+4	5.057489E-2
1.380500E+4	5.079442E-2
1.380525E+4	8.987616E-2
1.380550E+4	1.014052E-1
1.380575E+4	1.450690E-1
1.380600E+4	2.212752E-1
1.380625E+4	2.332329E-1
1.380650E+4	7.841156E-2
1.380675E+4	5.847120E-2
1.380700E+4	1.326129E-1
1.380725E+4	2.576121E-1
1.380750E+4	2.269954E-1
1.380775E+4	1.947649E-2
1.380800E+4	1.559974E-2
1.380825E+4	9.561314E-2
1.380850E+4	2.118716E-1
1.380875E+4	2.363971E-1
1.380900E+4	1.746510E-1
1.380925E+4	1.002951E-1
1.380950E+4	2.231525E-2
1.380975E+4	5.329011E-2
1.381000E+4	1.206651E-1
1.381025E+4	1.569639E-1
1.381050E+4	1.735112E-1
1.381075E+4	2.710646E-1
1.381100E+4	4.159190E-1
1.381125E+4	5.380575E-1
1.381150E+4	5.012688E-1
1.381175E+4	3.212946E-1
1.381200E+4	2.199222E-1
1.381225E+4	2.253953E-1
1.381250E+4	3.059628E-1
1.381275E+4	2.596940E-1
1.381300E+4	1.589609E-1
1.381325E+4	1.129779E-1
1.381350E+4	6.557725E-2
1.381375E+4	2.843036E-2
1.381400E+4	1.500023E-1
1.381425E+4	3.041376E-1
1.381450E+4	4.605718E-1
1.381475E+4	5.483397E-1
1.381500E+4	5.061636E-1
1.381525E+4	3.905243E-1
1.381550E+4	2.222185E-1
1.381575E+4	9.102159E-2
1.381600E+4	2.481981E-1
1.381625E+4	4.053488E-1
1.381650E+4	3.294512E-1
1.381675E+4	9.516097E-2
1.381700E+4	7.724389E-3
1.381725E+4	1.883743E-1
1.381750E+4	4.542254E-1
1.381775E+4	5.290634E-1
1.381800E+4	4.434603E-1
1.381825E+4	3.922904E-1
1.381850E+4	3.694063E-1
1.381875E+4	3.162584E-1
1.381900E+4	3.127174E-1
1.381925E+4	3.563080E-1
1.381950E+4	4.190025E-1
1.381975E+4	4.306941E-1
1.382000E+4	3.496058E-1
1.382025E+4	3.665927E-1
1.382050E+4	3.726797E-1
1.382075E+4	2.951724E-1
1.382100E+4	1.097600E-1
1.382125E+4	2.690075E-1
1.382150E+4	5.376564E-1
1.382175E+4	5.357380E-1
1.382200E+4	3.080462E-1
1.382225E+4	2.423503E-1
1.382250E+4	4.138645E-1
1.382275E+4	5.722124E-1
1.382300E+4	5.914867E-1
1.382325E+4	3.694801E-1
1.382350E+4	5.723699E-3
1.382375E+4	2.722394E-1
1.382400E+4	4.573568E-1
1.382425E+4	4.819972E-1
1.382450E+4	4.725700E-1
1.382475E+4	5.860522E-1
1.382500E+4	6.199053E-1
1.382525E+4	4.893157E-1
1.382550E+4	3.478977E-1
1.382575E+4	2.461756E-1
1.382600E+4	3.199711E-1
1.382625E+4	3.632541E-1
1.382650E+4	3.434482E-1
1.382675E+4	3.347593E-1
1.382700E+4	3.830222E-1
1.382725E+4	4.520994E-1
1.382750E+4	3.732638E-1
1.382775E+4	3.569415E-1
1.382800E+4	4.567761E-1
1.382825E+4	6.008948E-1
1.382850E+4	5.589089E-1
1.382875E+4	4.150802E-1
1.382900E+4	5.091088E-1
1.382925E+4	6.998730E-1
1.382950E+4	6.948260E-1
1.382975E+4	2.415220E-1
1.383000E+4	2.318127E-1
1.383025E+4	4.731387E-1
1.383050E+4	6.001201E-1
1.383075E+4	5.406388E-1
1.383100E+4	4.113313E-1
1.383125E+4	3.389793E-1
1.383150E+4	3.244191E-1
1.383175E+4	2.999462E-1
1.383200E+4	2.466447E-1
1.383225E+4	2.427761E-1
1.383250E+4	2.531759E-1
1.383275E+4	2.729241E-1
1.383300E+4	2.983618E-1
1.383325E+4	2.810154E-1
1.383350E+4	2.537009E-1
1.383375E+4	4.305379E-1
1.383400E+4	7.051218E-1
1.383425E+4	6.317211E-1
1.383450E+4	4.194327E-1
1.383475E+4	1.894693E-1
1.383500E+4	1.538363E-1
1.383525E+4	5.234871E-1
1.383550E+4	5.442896E-1
1.383575E+4	3.779921E-1
1.383600E+4	1.836266E-1
1.383625E+4	6.165977E-2
1.383650E+4	2.983998E-1
1.383675E+4	4.914077E-1
1.383700E+4	4.821429E-1
1.383725E+4	4.451234E-1
1.383750E+4	3.885131E-1
1.383775E+4	2.832337E-1
1.383800E+4	2.518021E-1
1.383825E+4	4.552570E-1
1.383850E+4	5.928735E-1
1.383875E+4	5.871044E-1
1.383900E+4	4.316326E-1
1.383925E+4	1.442062E-1
1.383950E+4	1.572444E-1
1.383975E+4	2.822938E-1
1.384000E+4	3.947983E-1
1.384025E+4	4.965566E-1
1.384050E+4	4.700132E-1
1.384075E+4	4.146023E-1
1.384100E+4	4.612089E-1
1.384125E+4	4.780710E-1
1.384150E+4	3.799990E-1
1.384175E+4	2.811301E-1
1.384200E+4	2.777966E-1
1.384225E+4	3.441030E-1
1.384250E+4	4.131782E-1
1.384275E+4	2.877887E-1
1.384300E+4	3.314137E-1
1.384325E+4	4.405479E-1
1.384350E+4	4.516164E-1
1.384375E+4	2.647670E-1
1.384400E+4	1.693961E-1
1.384425E+4	2.123041E-1
1.384450E+4	2.029383E-1
1.384475E+4	8.828316E-2
1.384500E+4	1.045545E-1
1.384525E+4	2.764127E-1
1.384550E+4	4.621842E-1
1.384575E+4	1.343048E-1
1.384600E+4	8.017680E-2
1.384625E+4	2.288074E-1
1.384650E+4	3.456842E-1
1.384675E+4	3.183854E-1
1.384700E+4	1.388080E-1
1.384725E+4	1.938989E-1
1.384750E+4	3.525368E-1
1.384775E+4	4.629582E-1
1.384800E+4	3.091772E-1
1.384825E+4	6.059065E-2
1.384850E+4	1.434009E-1
1.384875E+4	1.979365E-1
1.384900E+4	1.210204E-1
1.384925E+4	1.385635E-2
1.384950E+4	3.478973E-1
1.384975E+4	4.160374E-1
1.385000E+4	3.657026E-1
1.385025E+4	3.225870E-1
1.385050E+4	3.577868E-1
1.385075E+4	4.937093E-1
1.385100E+4	5.085868E-1
1.385125E+4	3.864406E-1
1.385150E+4	2.783948E-1
1.385175E+4	1.829259E-1
1.385200E+4	2.137980E-1
1.385225E+4	3.146563E-1
1.385250E+4	3.942782E-1
1.385275E+4	4.260609E-1
1.385300E+4	3.841943E-1
1.385325E+4	3.560247E-1
1.385350E+4	4.000227E-1
1.385375E+4	4.156973E-1
1.385400E+4	2.983732E-1
1.385425E+4	4.193413E-2
1.385450E+4	1.288800E-1
1.385475E+4	3.608740E-1
1.385500E+4	4.645093E-1
1.385525E+4	4.740609E-1
1.385550E+4	4.139720E-1
1.385575E+4	3.307151E-1
1.385600E+4	3.469608E-1
1.385625E+4	3.976516E-1
1.385650E+4	4.288724E-1
1.385675E+4	4.272040E-1
1.385700E+4	3.598877E-1
1.385725E+4	3.159265E-1
1.385750E+4	5.052055E-1
1.385775E+4	4.815167E-1
1.385800E+4	3.253383E-1
1.385825E+4	1.038716E-1
1.385850E+4	9.808075E-2
1.385875E+4	3.956098E-1
1.385900E+4	6.734734E-1
1.385925E+4	7.195016E-1
1.385950E+4	4.077718E-1
1.385975E+4	1.777065E-1
1.386000E+4	1.720811E-1
1.386025E+4	1.905342E-1
1.386050E+4	1.902275E-1
1.386075E+4	2.456220E-1
1.386100E+4	3.109263E-1
1.386125E+4	3.515806E-1
1.386150E+4	2.453978E-1
1.386175E+4	8.008004E-2
1.386200E+4	1.041153E-1
1.386225E+4	1.771009E-1
1.386250E+4	3.133549E-1
1.386275E+4	4.582380E-1
1.386300E+4	2.553199E-1
1.386325E+4	1.253171E-1
1.386350E+4	6.822684E-2
1.386375E+4	5.207686E-2
1.386400E+4	1.599152E-1
1.386425E+4	2.894091E-1
1.386450E+4	3.682210E-1
1.386475E+4	4.519884E-1
1.386500E+4	4.951781E-1
1.386525E+4	4.191138E-1
1.386550E+4	3.076739E-1
1.386575E+4	3.434221E-1
1.386600E+4	3.814795E-1
1.386625E+4	1.868196E-1
1.386650E+4	1.558490E-1
1.386675E+4	2.666663E-1
1.386700E+4	3.617896E-1
1.386725E+4	3.856835E-1
1.386750E+4	2.607980E-1
1.386775E+4	1.220553E-1
1.386800E+4	1.978029E-1
1.386825E+4	3.266409E-1
1.386850E+4	4.436523E-1
1.386875E+4	4.776365E-1
1.386900E+4	4.169457E-1
1.386925E+4	3.304957E-1
1.386950E+4	2.098277E-1
1.386975E+4	5.632390E-1
1.387000E+4	6.131856E-1
1.387025E+4	5.156246E-1
1.387050E+4	4.209513E-1
1.387075E+4	3.101762E-1
1.387100E+4	4.064776E-1
1.387125E+4	5.669390E-1
1.387150E+4	5.908980E-1
1.387175E+4	5.008057E-1
1.387200E+4	3.259952E-1
1.387225E+4	2.267308E-1
1.387250E+4	2.716768E-1
1.387275E+4	3.230941E-1
1.387300E+4	2.719603E-1
1.387325E+4	1.822367E-1
1.387350E+4	1.131121E-1
1.387375E+4	8.767399E-2
1.387400E+4	2.377561E-1
1.387425E+4	4.105850E-1
1.387450E+4	5.123555E-1
1.387475E+4	6.061811E-1
1.387500E+4	6.487554E-1
1.387525E+4	5.228408E-1
1.387550E+4	3.574924E-1
1.387575E+4	3.101746E-1
1.387600E+4	3.071992E-1
1.387625E+4	2.911926E-1
1.387650E+4	2.639174E-1
1.387675E+4	1.853291E-1
1.387700E+4	6.341547E-2
1.387725E+4	2.063580E-1
1.387750E+4	4.445645E-1
1.387775E+4	6.448150E-1
1.387800E+4	7.398904E-1
1.387825E+4	6.384512E-1
1.387850E+4	5.907283E-1
1.387875E+4	7.296096E-1
1.387900E+4	8.791830E-1
1.387925E+4	8.758208E-1
1.387950E+4	7.042596E-1
1.387975E+4	6.431742E-1
1.388000E+4	6.914023E-1
1.388025E+4	6.282634E-1
1.388050E+4	4.442375E-1
1.388075E+4	2.341900E-1
1.388100E+4	1.801947E-1
1.388125E+4	3.555324E-1
1.388150E+4	4.105721E-1
1.388175E+4	4.091392E-1
1.388200E+4	3.760702E-1
1.388225E+4	2.500451E-1
1.388250E+4	9.519580E-2
1.388275E+4	2.531572E-1
1.388300E+4	4.734596E-1
1.388325E+4	4.699077E-1
1.388350E+4	2.674152E-1
1.388375E+4	7.867705E-2
1.388400E+4	3.325156E-1
1.388425E+4	7.100307E-1
1.388450E+4	7.591201E-1
1.388475E+4	5.052143E-1
1.388500E+4	4.035402E-1
1.388525E+4	7.302383E-1
1.388550E+4	8.276072E-1
1.388575E+4	7.556775E-1
1.388600E+4	5.578335E-1
1.388625E+4	5.045961E-1
1.388650E+4	5.453991E-1
1.388675E+4	5.919530E-1
1.388700E+4	6.639755E-1
1.388725E+4	7.263136E-1
1.388750E+4	6.534403E-1
1.388775E+4	4.884234E-1
1.388800E+4	5.059350E-1
1.388825E+4	5.999176E-1
1.388850E+4	6.059248E-1
1.388875E+4	5.554871E-1
1.388900E+4	5.728852E-1
1.388925E+4	6.849467E-1
1.388950E+4	5.167009E-1
1.388975E+4	3.339446E-1
1.389000E+4	2.423716E-1
1.389025E+4	3.134564E-1
1.389050E+4	4.391035E-1
1.389075E+4	2.110195E-1
1.389100E+4	1.003423E-1
1.389125E+4	1.398834E-1
1.389150E+4	2.783468E-1
1.389175E+4	4.247563E-1
1.389200E+4	4.693037E-1
1.389225E+4	4.039203E-1
1.389250E+4	3.189259E-1
1.389275E+4	2.761118E-1
1.389300E+4	2.555274E-1
1.389325E+4	2.450015E-1
1.389350E+4	2.617183E-1
1.389375E+4	2.620017E-1
1.389400E+4	1.579820E-1
1.389425E+4	6.134727E-2
1.389450E+4	3.583534E-2
1.389475E+4	1.705735E-1
1.389500E+4	4.050365E-1
1.389525E+4	4.461611E-1
1.389550E+4	2.999141E-1
1.389575E+4	1.329203E-1
1.389600E+4	8.692858E-2
1.389625E+4	1.466446E-1
1.389650E+4	2.100150E-1
1.389675E+4	2.529189E-1
1.389700E+4	3.473364E-1
1.389725E+4	4.253463E-1
1.389750E+4	4.518403E-1
1.389775E+4	3.911974E-1
1.389800E+4	3.368784E-1
1.389825E+4	4.378965E-1
1.389850E+4	5.662627E-1
1.389875E+4	7.137596E-1
1.389900E+4	6.416443E-1
1.389925E+4	2.060230E-1
1.389950E+4	1.870855E-1
1.389975E+4	2.162103E-1
1.390000E+4	2.001442E-1
1.390025E+4	1.213006E-1
1.390050E+4	1.312601E-1
1.390075E+4	1.397360E-1
1.390100E+4	9.722785E-2
1.390125E+4	1.619315E-1
1.390150E+4	3.177839E-1
1.390175E+4	3.873479E-1
1.390200E+4	3.698978E-1
1.390225E+4	2.584918E-1
1.390250E+4	2.088435E-1
1.390275E+4	2.149391E-1
1.390300E+4	2.015772E-1
1.390325E+4	1.280896E-1
1.390350E+4	3.053284E-1
1.390375E+4	3.875406E-1
1.390400E+4	4.199331E-1
1.390425E+4	4.316138E-1
1.390450E+4	3.743694E-1
1.390475E+4	3.095328E-1
1.390500E+4	2.911613E-1
1.390525E+4	3.539169E-1
1.390550E+4	4.136135E-1
1.390575E+4	3.151518E-1
1.390600E+4	2.690237E-1
1.390625E+4	2.688412E-1
1.390650E+4	3.076025E-1
1.390675E+4	3.034020E-1
1.390700E+4	2.687644E-1
1.390725E+4	3.297195E-1
1.390750E+4	5.108734E-1
1.390775E+4	6.597175E-1
1.390800E+4	6.677217E-1
1.390825E+4	5.557837E-1
1.390850E+4	3.865110E-1
1.390875E+4	2.906458E-1
1.390900E+4	3.188265E-1
1.390925E+4	3.511250E-1
1.390950E+4	2.805766E-1
1.390975E+4	1.875039E-1
1.391000E+4	2.071085E-1
1.391025E+4	4.148964E-1
1.391050E+4	6.793953E-1
1.391075E+4	7.227850E-1
1.391100E+4	5.724049E-1
1.391125E+4	3.681098E-1
1.391150E+4	2.535765E-1
1.391175E+4	3.318044E-1
1.391200E+4	3.796721E-1
1.391225E+4	3.198540E-1
1.391250E+4	3.591524E-1
1.391275E+4	4.958768E-1
1.391300E+4	5.784537E-1
1.391325E+4	4.535462E-1
1.391350E+4	3.202492E-1
1.391375E+4	2.950346E-1
1.391400E+4	2.288154E-1
1.391425E+4	4.271889E-2
1.391450E+4	8.085262E-2
1.391475E+4	3.937012E-1
1.391500E+4	6.059837E-1
1.391525E+4	6.144120E-1
1.391550E+4	4.747638E-1
1.391575E+4	3.928839E-1
1.391600E+4	3.107380E-1
1.391625E+4	5.959845E-2
1.391650E+4	1.728373E-1
1.391675E+4	4.675831E-1
1.391700E+4	6.505282E-1
1.391725E+4	7.663483E-1
1.391750E+4	6.065741E-1
1.391775E+4	2.036692E-1
1.391800E+4	2.021210E-1
1.391825E+4	2.277901E-1
1.391850E+4	2.131281E-1
1.391875E+4	6.115385E-1
1.391900E+4	6.498072E-1
1.391925E+4	5.793591E-1
1.391950E+4	3.918686E-1
1.391975E+4	2.822417E-1
1.392000E+4	5.682830E-1
1.392025E+4	5.936611E-1
1.392050E+4	4.036137E-1
1.392075E+4	1.334366E-1
1.392100E+4	3.564824E-1
1.392125E+4	6.918066E-1
1.392150E+4	7.177814E-1
1.392175E+4	5.489054E-1
1.392200E+4	4.021763E-1
1.392225E+4	3.884856E-1
1.392250E+4	4.019433E-1
1.392275E+4	3.601576E-1
1.392300E+4	3.456579E-1
1.392325E+4	3.733404E-1
1.392350E+4	3.133308E-1
1.392375E+4	2.462157E-1
1.392400E+4	3.055765E-1
1.392425E+4	4.754112E-1
1.392450E+4	4.943672E-1
1.392475E+4	2.846636E-1
1.392500E+4	1.968909E-1
1.392525E+4	2.112208E-1
1.392550E+4	2.366083E-1
1.392575E+4	2.978923E-1
1.392600E+4	3.709707E-1
1.392625E+4	3.906742E-1
1.392650E+4	2.338316E-1
1.392675E+4	1.693987E-1
1.392700E+4	3.901728E-1
1.392725E+4	5.247347E-1
1.392750E+4	4.980767E-1
1.392775E+4	2.006024E-1
1.392800E+4	8.461396E-2
1.392825E+4	4.058882E-1
1.392850E+4	6.435909E-1
1.392875E+4	6.078131E-1
1.392900E+4	4.768881E-1
1.392925E+4	4.468868E-1
1.392950E+4	4.407572E-1
1.392975E+4	3.938066E-1
1.393000E+4	4.813006E-1
1.393025E+4	5.677396E-1
1.393050E+4	5.667122E-1
1.393075E+4	4.003090E-1
1.393100E+4	1.730757E-1
1.393125E+4	4.525933E-1
1.393150E+4	7.528621E-1
1.393175E+4	6.095492E-1
1.393200E+4	4.791040E-1
1.393225E+4	5.323254E-1
1.393250E+4	5.843470E-1
1.393275E+4	4.179036E-1
1.393300E+4	1.823006E-1
1.393325E+4	2.590467E-1
1.393350E+4	4.547106E-1
1.393375E+4	6.297507E-1
1.393400E+4	6.404371E-1
1.393425E+4	5.461841E-1
1.393450E+4	6.450135E-1
1.393475E+4	7.464705E-1
1.393500E+4	7.598245E-1
1.393525E+4	7.045055E-1
1.393550E+4	6.715159E-1
1.393575E+4	6.382807E-1
1.393600E+4	5.435324E-1
1.393625E+4	4.565771E-1
1.393650E+4	4.939557E-1
1.393675E+4	5.954586E-1
1.393700E+4	5.850010E-1
1.393725E+4	4.593816E-1
1.393750E+4	4.155401E-1
1.393775E+4	4.798320E-1
1.393800E+4	5.665752E-1
1.393825E+4	5.814063E-1
1.393850E+4	4.533808E-1
1.393875E+4	3.215276E-1
1.393900E+4	3.141942E-1
1.393925E+4	4.187044E-1
1.393950E+4	5.569823E-1
1.393975E+4	5.762332E-1
1.394000E+4	5.052832E-1
1.394025E+4	4.607985E-1
1.394050E+4	5.283708E-1
1.394075E+4	6.032221E-1
1.394100E+4	5.538356E-1
1.394125E+4	4.442189E-1
1.394150E+4	3.370850E-1
1.394175E+4	5.167643E-1
1.394200E+4	6.703275E-1
1.394225E+4	7.116436E-1
1.394250E+4	7.130506E-1
1.394275E+4	5.812010E-1
1.394300E+4	5.517390E-1
1.394325E+4	5.712108E-1
1.394350E+4	5.826766E-1
1.394375E+4	5.339563E-1
1.394400E+4	4.492871E-1
1.394425E+4	6.445742E-1
1.394450E+4	7.581954E-1
1.394475E+4	7.897641E-1
1.394500E+4	5.896666E-1
1.394525E+4	2.231030E-1
1.394550E+4	2.381436E-1
1.394575E+4	4.536746E-1
1.394600E+4	6.436076E-1
1.394625E+4	5.953188E-1
1.394650E+4	5.305172E-1
1.394675E+4	6.063015E-1
1.394700E+4	6.619817E-1
1.394725E+4	6.302772E-1
1.394750E+4	6.519148E-1
1.394775E+4	7.466091E-1
1.394800E+4	8.007631E-1
1.394825E+4	7.519081E-1
1.394850E+4	6.122102E-1
1.394875E+4	6.306116E-1
1.394900E+4	7.268120E-1
1.394925E+4	7.546793E-1
1.394950E+4	6.858147E-1
1.394975E+4	5.345618E-1
1.395000E+4	5.261738E-1
1.395025E+4	5.225981E-1
1.395050E+4	3.888613E-1
1.395075E+4	1.537164E-1
1.395100E+4	3.083447E-1
1.395125E+4	4.665389E-1
1.395150E+4	4.679587E-1
1.395175E+4	4.812260E-1
1.395200E+4	5.762450E-1
1.395225E+4	6.000277E-1
1.395250E+4	5.345649E-1
1.395275E+4	4.309079E-1
1.395300E+4	5.255487E-1
1.395325E+4	7.033462E-1
1.395350E+4	7.301857E-1
1.395375E+4	6.526893E-1
1.395400E+4	4.917201E-1
1.395425E+4	5.231948E-1
1.395450E+4	5.217310E-1
1.395475E+4	5.355359E-1
1.395500E+4	7.029751E-1
1.395525E+4	7.503871E-1
1.395550E+4	5.697385E-1
1.395575E+4	3.039234E-1
1.395600E+4	1.668946E-1
1.395625E+4	3.913931E-1
1.395650E+4	6.365327E-1
1.395675E+4	5.707259E-1
1.395700E+4	4.300365E-1
1.395725E+4	5.663680E-1
1.395750E+4	6.686695E-1
1.395775E+4	5.909561E-1
1.395800E+4	3.635855E-1
1.395825E+4	4.633499E-1
1.395850E+4	6.923345E-1
1.395875E+4	7.540183E-1
1.395900E+4	6.961917E-1
1.395925E+4	6.152378E-1
1.395950E+4	7.100113E-1
1.395975E+4	7.194824E-1
1.396000E+4	6.265122E-1
1.396025E+4	5.794165E-1
1.396050E+4	6.515837E-1
1.396075E+4	7.253071E-1
1.396100E+4	6.846610E-1
1.396125E+4	6.206275E-1
1.396150E+4	6.764780E-1
1.396175E+4	7.675145E-1
1.396200E+4	7.270888E-1
1.396225E+4	5.961124E-1
1.396250E+4	6.290892E-1
1.396275E+4	6.622798E-1
1.396300E+4	6.237948E-1
1.396325E+4	5.556003E-1
1.396350E+4	5.845994E-1
1.396375E+4	7.408529E-1
1.396400E+4	7.136355E-1
1.396425E+4	5.557221E-1
1.396450E+4	3.739707E-1
1.396475E+4	3.265382E-1
1.396500E+4	6.853753E-1
1.396525E+4	8.818077E-1
1.396550E+4	8.783621E-1
1.396575E+4	8.499350E-1
1.396600E+4	7.416268E-1
1.396625E+4	4.916290E-1
1.396650E+4	3.434671E-1
1.396675E+4	4.366569E-1
1.396700E+4	5.927756E-1
1.396725E+4	6.793014E-1
1.396750E+4	7.171256E-1
1.396775E+4	7.829449E-1
1.396800E+4	8.542714E-1
1.396825E+4	8.219234E-1
1.396850E+4	7.152581E-1
1.396875E+4	6.659763E-1
1.396900E+4	7.242115E-1
1.396925E+4	8.162917E-1
1.396950E+4	7.960612E-1
1.396975E+4	6.684735E-1
1.397000E+4	6.834793E-1
1.397025E+4	7.235834E-1
1.397050E+4	6.896733E-1
1.397075E+4	6.059536E-1
1.397100E+4	5.574518E-1
1.397125E+4	6.051449E-1
1.397150E+4	7.061415E-1
1.397175E+4	7.743642E-1
1.397200E+4	7.552796E-1
1.397225E+4	7.036968E-1
1.397250E+4	6.268844E-1
1.397275E+4	5.326064E-1
1.397300E+4	5.144264E-1
1.397325E+4	6.115926E-1
1.397350E+4	6.672344E-1
1.397375E+4	6.304668E-1
1.397400E+4	5.240471E-1
1.397425E+4	3.737692E-1
1.397450E+4	4.353431E-1
1.397475E+4	6.838488E-1
1.397500E+4	8.046280E-1
1.397525E+4	8.396177E-1
1.397550E+4	6.760335E-1
1.397575E+4	3.779145E-1
1.397600E+4	4.978402E-1
1.397625E+4	6.526542E-1
1.397650E+4	5.486017E-1
1.397675E+4	2.982046E-1
1.397700E+4	2.232957E-1
1.397725E+4	3.239684E-1
1.397750E+4	5.295954E-1
1.397775E+4	6.918066E-1
1.397800E+4	5.733591E-1
1.397825E+4	5.135608E-1
1.397850E+4	6.861496E-1
1.397875E+4	8.844277E-1
1.397900E+4	7.945705E-1
1.397925E+4	5.796241E-1
1.397950E+4	5.021553E-1
1.397975E+4	6.981256E-1
1.398000E+4	8.511132E-1
1.398025E+4	7.665312E-1
1.398050E+4	6.411322E-1
1.398075E+4	5.226388E-1
1.398100E+4	5.349629E-1
1.398125E+4	7.364196E-1
1.398150E+4	7.966713E-1
1.398175E+4	6.824555E-1
1.398200E+4	4.322485E-1
1.398225E+4	5.483964E-1
1.398250E+4	7.447075E-1
1.398275E+4	7.505138E-1
1.398300E+4	5.609139E-1
1.398325E+4	4.188076E-1
1.398350E+4	4.976569E-1
1.398375E+4	7.164630E-1
1.398400E+4	7.574657E-1
1.398425E+4	4.203910E-1
1.398450E+4	3.678757E-1
1.398475E+4	5.482673E-1
1.398500E+4	7.443979E-1
1.398525E+4	7.128686E-1
1.398550E+4	5.377132E-1
1.398575E+4	5.516868E-1
1.398600E+4	6.697567E-1
1.398625E+4	6.908413E-1
1.398650E+4	5.077698E-1
1.398675E+4	3.352077E-1
1.398700E+4	6.076871E-1
1.398725E+4	7.623685E-1
1.398750E+4	7.821760E-1
1.398775E+4	7.606061E-1
1.398800E+4	7.739513E-1
1.398825E+4	7.746258E-1
1.398850E+4	7.067904E-1
1.398875E+4	6.057875E-1
1.398900E+4	4.848416E-1
1.398925E+4	4.348672E-1
1.398950E+4	4.469735E-1
1.398975E+4	4.716812E-1
1.399000E+4	5.232364E-1
1.399025E+4	5.234153E-1
1.399050E+4	4.667605E-1
1.399075E+4	4.627046E-1
1.399100E+4	5.381344E-1
1.399125E+4	6.888053E-1
1.399150E+4	5.411147E-1
1.399175E+4	2.890153E-1
1.399200E+4	3.342137E-1
1.399225E+4	5.411382E-1
1.399250E+4	6.436064E-1
1.399275E+4	5.001659E-1
1.399300E+4	2.193417E-1
1.399325E+4	2.334732E-1
1.399350E+4	5.123353E-1
1.399375E+4	7.227658E-1
1.399400E+4	7.395432E-1
1.399425E+4	4.831920E-1
1.399450E+4	6.696129E-1
1.399475E+4	7.577026E-1
1.399500E+4	7.442922E-1
1.399525E+4	6.741056E-1
1.399550E+4	6.327465E-1
1.399575E+4	6.245562E-1
1.399600E+4	5.746219E-1
1.399625E+4	4.899480E-1
1.399650E+4	5.625160E-1
1.399675E+4	7.253183E-1
1.399700E+4	7.381456E-1
1.399725E+4	6.900699E-1
1.399750E+4	6.957075E-1
1.399775E+4	7.838867E-1
1.399800E+4	7.730559E-1
1.399825E+4	6.393460E-1
1.399850E+4	5.499761E-1
1.399875E+4	6.104858E-1
1.399900E+4	7.192617E-1
1.399925E+4	6.352978E-1
1.399950E+4	4.545093E-1
1.399975E+4	4.572733E-1
1.400000E+4	5.602195E-1
1.400025E+4	5.870080E-1
1.400050E+4	4.759528E-1
1.400075E+4	3.514398E-1
1.400100E+4	3.336826E-1
1.400125E+4	4.092589E-1
1.400150E+4	5.278200E-1
1.400175E+4	5.599688E-1
1.400200E+4	5.195648E-1
1.400225E+4	5.422327E-1
1.400250E+4	6.469464E-1
1.400275E+4	8.294444E-1
1.400300E+4	9.041171E-1
1.400325E+4	7.522475E-1
1.400350E+4	6.482795E-1
1.400375E+4	6.741221E-1
1.400400E+4	7.684642E-1
1.400425E+4	7.928290E-1
1.400450E+4	7.525601E-1
1.400475E+4	7.111651E-1
1.400500E+4	6.425295E-1
1.400525E+4	5.310515E-1
1.400550E+4	5.361620E-1
1.400575E+4	6.211047E-1
1.400600E+4	6.180809E-1
1.400625E+4	4.858109E-1
1.400650E+4	3.501765E-1
1.400675E+4	4.747154E-1
1.400700E+4	7.106920E-1
1.400725E+4	7.954632E-1
1.400750E+4	7.457119E-1
1.400775E+4	7.237144E-1
1.400800E+4	8.480482E-1
1.400825E+4	8.861590E-1
1.400850E+4	8.201186E-1
1.400875E+4	7.590396E-1
1.400900E+4	7.832476E-1
1.400925E+4	8.489393E-1
1.400950E+4	8.561547E-1
1.400975E+4	7.692715E-1
1.401000E+4	7.203517E-1
1.401025E+4	7.660455E-1
1.401050E+4	7.675519E-1
1.401075E+4	7.119581E-1
1.401100E+4	6.433870E-1
1.401125E+4	6.796928E-1
1.401150E+4	7.516584E-1
1.401175E+4	7.571372E-1
1.401200E+4	7.341848E-1
1.401225E+4	7.563677E-1
1.401250E+4	8.047371E-1
1.401275E+4	8.089687E-1
1.401300E+4	7.445757E-1
1.401325E+4	6.803133E-1
1.401350E+4	6.846867E-1
1.401375E+4	7.492351E-1
1.401400E+4	8.660863E-1
1.401425E+4	8.566206E-1
1.401450E+4	7.677226E-1
1.401475E+4	7.525764E-1
1.401500E+4	7.700221E-1
1.401525E+4	7.702261E-1
1.401550E+4	7.384424E-1
1.401575E+4	7.098187E-1
1.401600E+4	6.978157E-1
1.401625E+4	7.039694E-1
1.401650E+4	7.188802E-1
1.401675E+4	7.433959E-1
1.401700E+4	7.977160E-1
1.401725E+4	8.583608E-1
1.401750E+4	8.521528E-1
1.401775E+4	8.230785E-1
1.401800E+4	8.246342E-1
1.401825E+4	8.245987E-1
1.401850E+4	7.551349E-1
1.401875E+4	7.199414E-1
1.401900E+4	7.483675E-1
1.401925E+4	8.460174E-1
1.401950E+4	9.054152E-1
1.401975E+4	8.297127E-1
1.402000E+4	7.392115E-1
1.402025E+4	7.549251E-1
1.402050E+4	9.022680E-1
1.402075E+4	9.427196E-1
1.402100E+4	8.663148E-1
1.402125E+4	7.837854E-1
1.402150E+4	8.026886E-1
1.402175E+4	8.831160E-1
1.402200E+4	8.750122E-1
1.402225E+4	8.192728E-1
1.402250E+4	7.572156E-1
1.402275E+4	7.450458E-1
1.402300E+4	8.171661E-1
1.402325E+4	8.848065E-1
1.402350E+4	9.114598E-1
1.402375E+4	9.170499E-1
1.402400E+4	9.183168E-1
1.402425E+4	9.113640E-1
1.402450E+4	8.628622E-1
1.402475E+4	7.940057E-1
1.402500E+4	7.676043E-1
1.402525E+4	8.189722E-1
1.402550E+4	8.865250E-1
1.402575E+4	8.810475E-1
1.402600E+4	8.346237E-1
1.402625E+4	8.106610E-1
1.402650E+4	8.452847E-1
1.402675E+4	8.724965E-1
1.402700E+4	8.519302E-1
1.402725E+4	8.263721E-1
1.402750E+4	8.562722E-1
1.402775E+4	8.782922E-1
1.402800E+4	8.674547E-1
1.402825E+4	8.641754E-1
1.402850E+4	8.943874E-1
1.402875E+4	9.407333E-1
1.402900E+4	9.513082E-1
1.402925E+4	9.155762E-1
1.402950E+4	8.749457E-1
1.402975E+4	8.626346E-1
1.403000E+4	8.547343E-1
1.403025E+4	8.016190E-1
1.403050E+4	7.095024E-1
1.403075E+4	6.483780E-1
1.403100E+4	6.346707E-1
1.403125E+4	6.897509E-1
1.403150E+4	8.073310E-1
1.403175E+4	8.458418E-1
1.403200E+4	7.870669E-1
1.403225E+4	7.193985E-1
1.403250E+4	8.030763E-1
1.403275E+4	9.024837E-1
1.403300E+4	8.302825E-1
1.403325E+4	7.039738E-1
1.403350E+4	6.650292E-1
1.403375E+4	7.705443E-1
1.403400E+4	8.615022E-1
1.403425E+4	8.984358E-1
1.403450E+4	8.894008E-1
1.403475E+4	8.533652E-1
1.403500E+4	8.232147E-1
1.403525E+4	7.694326E-1
1.403550E+4	6.751298E-1
1.403575E+4	7.035460E-1
1.403600E+4	7.890914E-1
1.403625E+4	8.117612E-1
1.403650E+4	7.755323E-1
1.403675E+4	7.006330E-1
1.403700E+4	7.077157E-1
1.403725E+4	7.265941E-1
1.403750E+4	6.706223E-1
1.403775E+4	4.623085E-1
1.403800E+4	4.882227E-1
1.403825E+4	5.843056E-1
1.403850E+4	6.402885E-1
1.403875E+4	7.066866E-1
1.403900E+4	7.723760E-1
1.403925E+4	7.702824E-1
1.403950E+4	7.718390E-1
1.403975E+4	8.149668E-1
1.404000E+4	8.386762E-1
1.404025E+4	7.808528E-1
1.404050E+4	7.262639E-1
1.404075E+4	7.292056E-1
1.404100E+4	8.411305E-1
1.404125E+4	8.761817E-1
1.404150E+4	8.154788E-1
1.404175E+4	7.308863E-1
1.404200E+4	7.258350E-1
1.404225E+4	8.277604E-1
1.404250E+4	8.811072E-1
1.404275E+4	8.671084E-1
1.404300E+4	8.079078E-1
1.404325E+4	7.755489E-1
1.404350E+4	8.061755E-1
1.404375E+4	8.275711E-1
1.404400E+4	7.486100E-1
1.404425E+4	6.596921E-1
1.404450E+4	6.512475E-1
1.404475E+4	6.930819E-1
1.404500E+4	7.442969E-1
1.404525E+4	7.454928E-1
1.404550E+4	7.131986E-1
1.404575E+4	6.945038E-1
1.404600E+4	6.871791E-1
1.404625E+4	6.759477E-1
1.404650E+4	6.677753E-1
1.404675E+4	6.894079E-1
1.404700E+4	7.522347E-1
1.404725E+4	8.079761E-1
1.404750E+4	8.189842E-1
1.404775E+4	8.101572E-1
1.404800E+4	7.963191E-1
1.404825E+4	7.767897E-1
1.404850E+4	7.633852E-1
1.404875E+4	7.772378E-1
1.404900E+4	8.297184E-1
1.404925E+4	8.808824E-1
1.404950E+4	8.908793E-1
1.404975E+4	8.665655E-1
1.405000E+4	8.150433E-1
1.405025E+4	7.756702E-1
1.405050E+4	7.986430E-1
1.405075E+4	8.284974E-1
1.405100E+4	8.200073E-1
1.405125E+4	7.817342E-1
1.405150E+4	7.500164E-1
1.405175E+4	7.531608E-1
1.405200E+4	7.815379E-1
1.405225E+4	7.752319E-1
1.405250E+4	7.336271E-1
1.405275E+4	6.998487E-1
1.405300E+4	7.077172E-1
1.405325E+4	7.845301E-1
1.405350E+4	8.770434E-1
1.405375E+4	9.384970E-1
1.405400E+4	9.740764E-1
1.405425E+4	9.455191E-1
1.405450E+4	8.415354E-1
1.405475E+4	7.851701E-1
1.405500E+4	7.987803E-1
1.405525E+4	8.553037E-1
1.405550E+4	9.101458E-1
1.405575E+4	9.036210E-1
1.405600E+4	8.613476E-1
1.405625E+4	8.446217E-1
1.405650E+4	8.782868E-1
1.405675E+4	9.268651E-1
1.405700E+4	9.311252E-1
1.405725E+4	8.982439E-1
1.405750E+4	8.795394E-1
1.405775E+4	8.972376E-1
1.405800E+4	8.984670E-1
1.405825E+4	8.615345E-1
1.405850E+4	8.472723E-1
1.405875E+4	8.858354E-1
1.405900E+4	9.338286E-1
1.405925E+4	9.150065E-1
1.405950E+4	8.333334E-1
1.405975E+4	7.880188E-1
1.406000E+4	8.148928E-1
1.406025E+4	8.445043E-1
1.406050E+4	8.317830E-1
1.406075E+4	8.053868E-1
1.406100E+4	8.167799E-1
1.406125E+4	8.539733E-1
1.406150E+4	8.507657E-1
1.406175E+4	8.135673E-1
1.406200E+4	8.077656E-1
1.406225E+4	8.491056E-1
1.406250E+4	8.925313E-1
1.406275E+4	9.067580E-1
1.406300E+4	8.999563E-1
1.406325E+4	8.976142E-1
1.406350E+4	9.013971E-1
1.406375E+4	9.000244E-1
1.406400E+4	9.066795E-1
1.406425E+4	9.360018E-1
1.406450E+4	9.589790E-1
1.406475E+4	9.302427E-1
1.406500E+4	8.721090E-1
1.406525E+4	8.500953E-1
1.406550E+4	8.959070E-1
1.406575E+4	9.442581E-1
1.406600E+4	9.382259E-1
1.406625E+4	8.939165E-1
1.406650E+4	8.526795E-1
1.406675E+4	8.621380E-1
1.406700E+4	8.829313E-1
1.406725E+4	8.831541E-1
1.406750E+4	8.920868E-1
1.406775E+4	9.187298E-1
1.406800E+4	8.996430E-1
1.406825E+4	8.212402E-1
1.406850E+4	7.651609E-1
1.406875E+4	7.900018E-1
1.406900E+4	8.931202E-1
1.406925E+4	9.196358E-1
1.406950E+4	8.725396E-1
1.406975E+4	8.550917E-1
1.407000E+4	9.062497E-1
1.407025E+4	9.538438E-1
1.407050E+4	9.367119E-1
1.407075E+4	8.974676E-1
1.407100E+4	8.815504E-1
1.407125E+4	8.877835E-1
1.407150E+4	8.873503E-1
1.407175E+4	8.927537E-1
1.407200E+4	9.142197E-1
1.407225E+4	9.097034E-1
1.407250E+4	8.716297E-1
1.407275E+4	8.572181E-1
1.407300E+4	8.876952E-1
1.407325E+4	9.338969E-1
1.407350E+4	9.296169E-1
1.407375E+4	9.059224E-1
1.407400E+4	9.105145E-1
1.407425E+4	9.266970E-1
1.407450E+4	9.099959E-1
1.407475E+4	8.769065E-1
1.407500E+4	8.822848E-1
1.407525E+4	9.147400E-1
1.407550E+4	9.066316E-1
1.407575E+4	8.619336E-1
1.407600E+4	8.573160E-1
1.407625E+4	8.968569E-1
1.407650E+4	9.347816E-1
1.407675E+4	9.409475E-1
1.407700E+4	9.266513E-1
1.407725E+4	9.150660E-1
1.407750E+4	8.943452E-1
1.407775E+4	8.593066E-1
1.407800E+4	8.357529E-1
1.407825E+4	8.386457E-1
1.407850E+4	8.520494E-1
1.407875E+4	8.609229E-1
1.407900E+4	8.819519E-1
1.407925E+4	9.144019E-1
1.407950E+4	9.312911E-1
1.407975E+4	9.128807E-1
1.408000E+4	8.950702E-1
1.408025E+4	9.156142E-1
1.408050E+4	9.328413E-1
1.408075E+4	9.107282E-1
1.408100E+4	8.635197E-1
1.408125E+4	8.611021E-1
1.408150E+4	9.054585E-1
1.408175E+4	9.392083E-1
1.408200E+4	9.361356E-1
1.408225E+4	9.076083E-1
1.408250E+4	8.914162E-1
1.408275E+4	8.848025E-1
1.408300E+4	8.694110E-1
1.408325E+4	8.526936E-1
1.408350E+4	8.637893E-1
1.408375E+4	8.920257E-1
1.408400E+4	9.092314E-1
1.408425E+4	9.031806E-1
1.408450E+4	8.842929E-1
1.408475E+4	8.816540E-1
1.408500E+4	9.024589E-1
1.408525E+4	9.233149E-1
1.408550E+4	9.164301E-1
1.408575E+4	8.996982E-1
1.408600E+4	9.017755E-1
1.408625E+4	9.099171E-1
1.408650E+4	8.854675E-1
1.408675E+4	8.204659E-1
1.408700E+4	7.820948E-1
1.408725E+4	8.174527E-1
1.408750E+4	8.708152E-1
1.408775E+4	8.846558E-1
1.408800E+4	8.694860E-1
1.408825E+4	8.656878E-1
1.408850E+4	8.887628E-1
1.408875E+4	9.064128E-1
1.408900E+4	9.055733E-1
1.408925E+4	8.916230E-1
1.408950E+4	8.623706E-1
1.408975E+4	8.340211E-1
1.409000E+4	8.405094E-1
1.409025E+4	8.930017E-1
1.409050E+4	9.525673E-1
1.409075E+4	9.293458E-1
1.409100E+4	8.559901E-1
1.409125E+4	8.187595E-1
1.409150E+4	8.351199E-1
1.409175E+4	8.881653E-1
1.409200E+4	9.344259E-1
1.409225E+4	9.379103E-1
1.409250E+4	9.050580E-1
1.409275E+4	8.681006E-1
1.409300E+4	8.578090E-1
1.409325E+4	8.762309E-1
1.409350E+4	8.956500E-1
1.409375E+4	8.871226E-1
1.409400E+4	8.657856E-1
1.409425E+4	8.612236E-1
1.409450E+4	8.765662E-1
1.409475E+4	8.947584E-1
1.409500E+4	8.986143E-1
1.409525E+4	8.969840E-1
1.409550E+4	9.047095E-1
1.409575E+4	9.240989E-1
1.409600E+4	9.427513E-1
1.409625E+4	9.489826E-1
1.409650E+4	9.403542E-1
1.409675E+4	9.109453E-1
1.409700E+4	8.748823E-1
1.409725E+4	8.784602E-1
1.409750E+4	9.099600E-1
1.409775E+4	9.311694E-1
1.409800E+4	9.290571E-1
1.409825E+4	9.184700E-1
1.409850E+4	9.171403E-1
1.409875E+4	9.199023E-1
1.409900E+4	9.173657E-1
1.409925E+4	9.172975E-1
1.409950E+4	9.304881E-1
1.409975E+4	9.539917E-1
1.410000E+4	9.657795E-1
1.410025E+4	9.350926E-1
1.410050E+4	8.880437E-1
1.410075E+4	8.530191E-1
1.410100E+4	8.555997E-1
1.410125E+4	9.200040E-1
1.410150E+4	9.546163E-1
1.410175E+4	9.234280E-1
1.410200E+4	8.783594E-1
1.410225E+4	8.805681E-1
1.410250E+4	9.369520E-1
1.410275E+4	9.722856E-1
1.410300E+4	9.639810E-1
1.410325E+4	9.334889E-1
1.410350E+4	9.246869E-1
1.410375E+4	9.439872E-1
1.410400E+4	9.584504E-1
1.410425E+4	9.640813E-1
1.410450E+4	9.519566E-1
1.410475E+4	9.114317E-1
1.410500E+4	8.753579E-1
1.410525E+4	8.787706E-1
1.410550E+4	9.241439E-1
1.410575E+4	9.564403E-1
1.410600E+4	9.209137E-1
1.410625E+4	8.775058E-1
1.410650E+4	8.803960E-1
1.410675E+4	9.170659E-1
1.410700E+4	9.430734E-1
1.410725E+4	9.455704E-1
1.410750E+4	9.475766E-1
1.410775E+4	9.543625E-1
1.410800E+4	9.483810E-1
1.410825E+4	9.350250E-1
1.410850E+4	9.371673E-1
1.410875E+4	9.453856E-1
1.410900E+4	9.312771E-1
1.410925E+4	9.047015E-1
1.410950E+4	8.995343E-1
1.410975E+4	9.173464E-1
1.411000E+4	9.244003E-1
1.411025E+4	9.063608E-1
1.411050E+4	8.882809E-1
1.411075E+4	9.023487E-1
1.411100E+4	9.279041E-1
1.411125E+4	9.314870E-1
1.411150E+4	9.243252E-1
1.411175E+4	9.175300E-1
1.411200E+4	9.166884E-1
1.411225E+4	9.220772E-1
1.411250E+4	9.277945E-1
1.411275E+4	9.333952E-1
1.411300E+4	9.422684E-1
1.411325E+4	9.566841E-1
1.411350E+4	9.674343E-1
1.411375E+4	9.685229E-1
1.411400E+4	9.516660E-1
1.411425E+4	9.203683E-1
1.411450E+4	9.127936E-1
1.411475E+4	9.291934E-1
1.411500E+4	9.383351E-1
1.411525E+4	9.222245E-1
1.411550E+4	9.089884E-1
1.411575E+4	9.150040E-1
1.411600E+4	9.138729E-1
1.411625E+4	8.901912E-1
1.411650E+4	8.701283E-1
1.411675E+4	8.766550E-1
1.411700E+4	8.983817E-1
1.411725E+4	9.136573E-1
1.411750E+4	9.084650E-1
1.411775E+4	8.955426E-1
1.411800E+4	8.830143E-1
1.411825E+4	8.786968E-1
1.411850E+4	8.939823E-1
1.411875E+4	8.987258E-1
1.411900E+4	8.791830E-1
1.411925E+4	8.530430E-1
1.411950E+4	8.618632E-1
1.411975E+4	9.120307E-1
1.412000E+4	9.468851E-1
1.412025E+4	9.277774E-1
1.412050E+4	8.815561E-1
1.412075E+4	8.653513E-1
1.412100E+4	8.657401E-1
1.412125E+4	8.501958E-1
1.412150E+4	8.255202E-1
1.412175E+4	8.377773E-1
1.412200E+4	8.703005E-1
1.412225E+4	8.907014E-1
1.412250E+4	8.869110E-1
1.412275E+4	8.834319E-1
1.412300E+4	9.057436E-1
1.412325E+4	9.238234E-1
1.412350E+4	9.106472E-1
1.412375E+4	8.703592E-1
1.412400E+4	8.454960E-1
1.412425E+4	8.642986E-1
1.412450E+4	8.996836E-1
1.412475E+4	9.049216E-1
1.412500E+4	8.901029E-1
1.412525E+4	8.863721E-1
1.412550E+4	9.055148E-1
1.412575E+4	9.173169E-1
1.412600E+4	8.927993E-1
1.412625E+4	8.592496E-1
1.412650E+4	8.540464E-1
1.412675E+4	8.919401E-1
1.412700E+4	9.180374E-1
1.412725E+4	9.060890E-1
1.412750E+4	8.935513E-1
1.412775E+4	8.956291E-1
1.412800E+4	8.887996E-1
1.412825E+4	8.584363E-1
1.412850E+4	8.329583E-1
1.412875E+4	8.397229E-1
1.412900E+4	8.583117E-1
1.412925E+4	8.432501E-1
1.412950E+4	8.057798E-1
1.412975E+4	8.039077E-1
1.413000E+4	8.483809E-1
1.413025E+4	8.836556E-1
1.413050E+4	8.648832E-1
1.413075E+4	8.145644E-1
1.413100E+4	7.840345E-1
1.413125E+4	7.903877E-1
1.413150E+4	8.184450E-1
1.413175E+4	8.438194E-1
1.413200E+4	8.416643E-1
1.413225E+4	8.160318E-1
1.413250E+4	7.942541E-1
1.413275E+4	7.928701E-1
1.413300E+4	8.108651E-1
1.413325E+4	8.225443E-1
1.413350E+4	8.211283E-1
1.413375E+4	8.328237E-1
1.413400E+4	8.618435E-1
1.413425E+4	8.784051E-1
1.413450E+4	8.550680E-1
1.413475E+4	8.307962E-1
1.413500E+4	8.286548E-1
1.413525E+4	8.308973E-1
1.413550E+4	8.138500E-1
1.413575E+4	7.879185E-1
1.413600E+4	7.781962E-1
1.413625E+4	7.789330E-1
1.413650E+4	7.806343E-1
1.413675E+4	7.937189E-1
1.413700E+4	8.284530E-1
1.413725E+4	8.662825E-1
1.413750E+4	8.576063E-1
1.413775E+4	7.998896E-1
1.413800E+4	7.672610E-1
1.413825E+4	7.739718E-1
1.413850E+4	7.925901E-1
1.413875E+4	7.994074E-1
1.413900E+4	7.906254E-1
1.413925E+4	7.939249E-1
1.413950E+4	8.138342E-1
1.413975E+4	8.263169E-1
1.414000E+4	8.257471E-1
1.414025E+4	8.238198E-1
1.414050E+4	8.323869E-1
1.414075E+4	8.482584E-1
1.414100E+4	8.625471E-1
1.414125E+4	8.664772E-1
1.414150E+4	8.575750E-1
1.414175E+4	8.459844E-1
1.414200E+4	8.296449E-1
1.414225E+4	8.002019E-1
1.414250E+4	7.741802E-1
1.414275E+4	7.802047E-1
1.414300E+4	8.067956E-1
1.414325E+4	8.358171E-1
1.414350E+4	8.674966E-1
1.414375E+4	8.972617E-1
1.414400E+4	8.997902E-1
1.414425E+4	8.690202E-1
1.414450E+4	8.303329E-1
1.414475E+4	8.365291E-1
1.414500E+4	8.914456E-1
1.414525E+4	9.102301E-1
1.414550E+4	8.131432E-1
1.414575E+4	7.122113E-1
1.414600E+4	7.329997E-1
1.414625E+4	8.192548E-1
1.414650E+4	8.865254E-1
1.414675E+4	8.669533E-1
1.414700E+4	8.041240E-1
1.414725E+4	8.035272E-1
1.414750E+4	8.435820E-1
1.414775E+4	8.717772E-1
1.414800E+4	8.804191E-1
1.414825E+4	8.904882E-1
1.414850E+4	9.036517E-1
1.414875E+4	8.973868E-1
1.414900E+4	8.765479E-1
1.414925E+4	8.695152E-1
1.414950E+4	8.764261E-1
1.414975E+4	8.750062E-1
1.415000E+4	8.527663E-1
1.415025E+4	8.233851E-1
1.415050E+4	8.375755E-1
1.415075E+4	8.873810E-1
1.415100E+4	9.241359E-1
1.415125E+4	9.378930E-1
1.415150E+4	9.194884E-1
1.415175E+4	8.828049E-1
1.415200E+4	8.675999E-1
1.415225E+4	8.888988E-1
1.415250E+4	9.321139E-1
1.415275E+4	9.517840E-1
1.415300E+4	9.352116E-1
1.415325E+4	8.953923E-1
1.415350E+4	8.510683E-1
1.415375E+4	8.683213E-1
1.415400E+4	9.194743E-1
1.415425E+4	9.470320E-1
1.415450E+4	9.529918E-1
1.415475E+4	9.379983E-1
1.415500E+4	9.169471E-1
1.415525E+4	9.067447E-1
1.415550E+4	8.987500E-1
1.415575E+4	8.849995E-1
1.415600E+4	8.691995E-1
1.415625E+4	8.633505E-1
1.415650E+4	8.735556E-1
1.415675E+4	8.966841E-1
1.415700E+4	9.211606E-1
1.415725E+4	9.301089E-1
1.415750E+4	9.155147E-1
1.415775E+4	9.010130E-1
1.415800E+4	9.064060E-1
1.415825E+4	9.176598E-1
1.415850E+4	9.135658E-1
1.415875E+4	8.983965E-1
1.415900E+4	9.152147E-1
1.415925E+4	9.452351E-1
1.415950E+4	9.567030E-1
1.415975E+4	9.458587E-1
1.416000E+4	9.411639E-1
1.416025E+4	9.558411E-1
1.416050E+4	9.706174E-1
1.416075E+4	9.486313E-1
1.416100E+4	9.106218E-1
1.416125E+4	9.071956E-1
1.416150E+4	9.095192E-1
1.416175E+4	9.047364E-1
1.416200E+4	9.093363E-1
1.416225E+4	9.337762E-1
1.416250E+4	9.485591E-1
1.416275E+4	9.217432E-1
1.416300E+4	8.669127E-1
1.416325E+4	8.517042E-1
1.416350E+4	8.787112E-1
1.416375E+4	8.915993E-1
1.416400E+4	8.752836E-1
1.416425E+4	8.581538E-1
1.416450E+4	8.641636E-1
1.416475E+4	8.947302E-1
1.416500E+4	9.264232E-1
1.416525E+4	9.404774E-1
1.416550E+4	9.297753E-1
1.416575E+4	8.815687E-1
1.416600E+4	8.225213E-1
1.416625E+4	8.300996E-1
1.416650E+4	8.757850E-1
1.416675E+4	9.139115E-1
1.416700E+4	9.321595E-1
1.416725E+4	9.412396E-1
1.416750E+4	9.546277E-1
1.416775E+4	9.636782E-1
1.416800E+4	9.512975E-1
1.416825E+4	9.006515E-1
1.416850E+4	8.470982E-1
1.416875E+4	8.392034E-1
1.416900E+4	8.730324E-1
1.416925E+4	9.187447E-1
1.416950E+4	9.317688E-1
1.416975E+4	9.033934E-1
1.417000E+4	8.840111E-1
1.417025E+4	9.134233E-1
1.417050E+4	9.441790E-1
1.417075E+4	9.308169E-1
1.417100E+4	9.009046E-1
1.417125E+4	9.235015E-1
1.417150E+4	9.751819E-1
1.417175E+4	9.429818E-1
1.417200E+4	8.670001E-1
1.417225E+4	8.346395E-1
1.417250E+4	8.603816E-1
1.417275E+4	8.685152E-1
1.417300E+4	7.846982E-1
1.417325E+4	7.484584E-1
1.417350E+4	8.695362E-1
1.417375E+4	9.672686E-1
1.417400E+4	9.630996E-1
1.417425E+4	8.983735E-1
1.417450E+4	8.747002E-1
1.417475E+4	9.095475E-1
1.417500E+4	9.060014E-1
1.417525E+4	8.142906E-1
1.417550E+4	8.200573E-1
1.417575E+4	9.206789E-1
1.417600E+4	9.751519E-1
1.417625E+4	9.632000E-1
1.417650E+4	8.958026E-1
1.417675E+4	8.938940E-1
1.417700E+4	9.391351E-1
1.417725E+4	9.487113E-1
1.417750E+4	9.263162E-1
1.417775E+4	8.990867E-1
1.417800E+4	8.983351E-1
1.417825E+4	9.013330E-1
1.417850E+4	8.995129E-1
1.417875E+4	9.045356E-1
1.417900E+4	8.886483E-1
1.417925E+4	8.287828E-1
1.417950E+4	7.569043E-1
1.417975E+4	7.594845E-1
1.418000E+4	8.586089E-1
1.418025E+4	9.423066E-1
1.418050E+4	9.504321E-1
1.418075E+4	9.003143E-1
1.418100E+4	8.707105E-1
1.418125E+4	8.832108E-1
1.418150E+4	9.146001E-1
1.418175E+4	9.506377E-1
1.418200E+4	9.343059E-1
1.418225E+4	8.827168E-1
1.418250E+4	8.391168E-1
1.418275E+4	7.989810E-1
1.418300E+4	7.883091E-1
1.418325E+4	8.418253E-1
1.418350E+4	8.590804E-1
1.418375E+4	8.321919E-1
1.418400E+4	7.952031E-1
1.418425E+4	8.093575E-1
1.418450E+4	8.843418E-1
1.418475E+4	9.197064E-1
1.418500E+4	8.938491E-1
1.418525E+4	8.165466E-1
1.418550E+4	7.410550E-1
1.418575E+4	7.526849E-1
1.418600E+4	8.246313E-1
1.418625E+4	8.766726E-1
1.418650E+4	8.807360E-1
1.418675E+4	8.724298E-1
1.418700E+4	8.746476E-1
1.418725E+4	8.664350E-1
1.418750E+4	8.323914E-1
1.418775E+4	8.100119E-1
1.418800E+4	8.192173E-1
1.418825E+4	8.316998E-1
1.418850E+4	8.245041E-1
1.418875E+4	8.040549E-1
1.418900E+4	8.062445E-1
1.418925E+4	8.195253E-1
1.418950E+4	7.853276E-1
1.418975E+4	7.005225E-1
1.419000E+4	7.070204E-1
1.419025E+4	8.568933E-1
1.419050E+4	9.498400E-1
1.419075E+4	9.393897E-1
1.419100E+4	8.545083E-1
1.419125E+4	7.406036E-1
1.419150E+4	7.115651E-1
1.419175E+4	7.682776E-1
1.419200E+4	7.706399E-1
1.419225E+4	7.090710E-1
1.419250E+4	6.467417E-1
1.419275E+4	6.590834E-1
1.419300E+4	7.323420E-1
1.419325E+4	8.103865E-1
1.419350E+4	8.713779E-1
1.419375E+4	8.912789E-1
1.419400E+4	8.498096E-1
1.419425E+4	7.703527E-1
1.419450E+4	7.367086E-1
1.419475E+4	7.863822E-1
1.419500E+4	8.492919E-1
1.419525E+4	8.858386E-1
1.419550E+4	8.809694E-1
1.419575E+4	8.047097E-1
1.419600E+4	7.222014E-1
1.419625E+4	7.203488E-1
1.419650E+4	7.544889E-1
1.419675E+4	7.860914E-1
1.419700E+4	7.804603E-1
1.419725E+4	7.160984E-1
1.419750E+4	6.636684E-1
1.419775E+4	6.814292E-1
1.419800E+4	7.245700E-1
1.419825E+4	7.455738E-1
1.419850E+4	7.035932E-1
1.419875E+4	6.304978E-1
1.419900E+4	6.188651E-1
1.419925E+4	6.572538E-1
1.419950E+4	7.480819E-1
1.419975E+4	8.932882E-1
1.420000E+4	9.413182E-1
1.420025E+4	8.929238E-1
1.420050E+4	8.599534E-1
1.420075E+4	8.636162E-1
1.420100E+4	8.840495E-1
1.420125E+4	8.785385E-1
1.420150E+4	8.443845E-1
1.420175E+4	8.441805E-1
1.420200E+4	8.773832E-1
1.420225E+4	8.872076E-1
1.420250E+4	8.672472E-1
1.420275E+4	8.309752E-1
1.420300E+4	8.136813E-1
1.420325E+4	8.298370E-1
1.420350E+4	8.397827E-1
1.420375E+4	8.093161E-1
1.420400E+4	7.474345E-1
1.420425E+4	7.176893E-1
1.420450E+4	7.334306E-1
1.420475E+4	7.871820E-1
1.420500E+4	8.672261E-1
1.420525E+4	9.096657E-1
1.420550E+4	9.001528E-1
1.420575E+4	8.647915E-1
1.420600E+4	8.391038E-1
1.420625E+4	8.593072E-1
1.420650E+4	8.767815E-1
1.420675E+4	8.675244E-1
1.420700E+4	8.375488E-1
1.420725E+4	8.210739E-1
1.420750E+4	8.316675E-1
1.420775E+4	8.236144E-1
1.420800E+4	7.886382E-1
1.420825E+4	7.775006E-1
1.420850E+4	8.589723E-1
1.420875E+4	9.428838E-1
1.420900E+4	9.171374E-1
1.420925E+4	8.480362E-1
1.420950E+4	8.463461E-1
1.420975E+4	8.858307E-1
1.421000E+4	8.684570E-1
1.421025E+4	7.943536E-1
1.421050E+4	7.942576E-1
1.421075E+4	8.682737E-1
1.421100E+4	9.263168E-1
1.421125E+4	8.995420E-1
1.421150E+4	8.419842E-1
1.421175E+4	8.882616E-1
1.421200E+4	9.195632E-1
1.421225E+4	8.737939E-1
1.421250E+4	7.514453E-1
1.421275E+4	7.501181E-1
1.421300E+4	8.548259E-1
1.421325E+4	8.850136E-1
1.421350E+4	8.505030E-1
1.421375E+4	8.374740E-1
1.421400E+4	9.377514E-1
1.421425E+4	9.656129E-1
1.421450E+4	8.862511E-1
1.421475E+4	7.836845E-1
1.421500E+4	7.824915E-1
1.421525E+4	8.276003E-1
1.421550E+4	7.902186E-1
1.421575E+4	6.953013E-1
1.421600E+4	6.696834E-1
1.421625E+4	7.327954E-1
1.421650E+4	7.155349E-1
1.421675E+4	6.141313E-1
1.421700E+4	6.076170E-1
1.421725E+4	7.051717E-1
1.421750E+4	8.004359E-1
1.421775E+4	8.180618E-1
1.421800E+4	7.038267E-1
1.421825E+4	6.976249E-1
1.421850E+4	7.634340E-1
1.421875E+4	7.905203E-1
1.421900E+4	7.665494E-1
1.421925E+4	7.576796E-1
1.421950E+4	8.011141E-1
1.421975E+4	8.292214E-1
1.422000E+4	8.081405E-1
1.422025E+4	7.786986E-1
1.422050E+4	8.052456E-1
1.422075E+4	8.512099E-1
1.422100E+4	8.647673E-1
1.422125E+4	8.225001E-1
1.422150E+4	7.983893E-1
1.422175E+4	7.958002E-1
1.422200E+4	8.088291E-1
1.422225E+4	8.575781E-1
1.422250E+4	8.817249E-1
1.422275E+4	8.606764E-1
1.422300E+4	8.367287E-1
1.422325E+4	8.859000E-1
1.422350E+4	9.543816E-1
1.422375E+4	9.310127E-1
1.422400E+4	8.703078E-1
1.422425E+4	8.105817E-1
1.422450E+4	8.265561E-1
1.422475E+4	8.836564E-1
1.422500E+4	8.292974E-1
1.422525E+4	6.992488E-1
1.422550E+4	6.920635E-1
1.422575E+4	7.851415E-1
1.422600E+4	8.610214E-1
1.422625E+4	8.458101E-1
1.422650E+4	8.216627E-1
1.422675E+4	8.394085E-1
1.422700E+4	8.657531E-1
1.422725E+4	8.390290E-1
1.422750E+4	6.751729E-1
1.422775E+4	6.994084E-1
1.422800E+4	7.524924E-1
1.422825E+4	7.876539E-1
1.422850E+4	8.289265E-1
1.422875E+4	8.632562E-1
1.422900E+4	8.421748E-1
1.422925E+4	7.732995E-1
1.422950E+4	7.205227E-1
1.422975E+4	7.221387E-1
1.423000E+4	7.632617E-1
1.423025E+4	8.058685E-1
1.423050E+4	7.805156E-1
1.423075E+4	7.257810E-1
1.423100E+4	6.314432E-1
1.423125E+4	4.375320E-1
1.423150E+4	4.890705E-1
1.423175E+4	8.072777E-1
1.423200E+4	8.897396E-1
1.423225E+4	7.969565E-1
1.423250E+4	4.853595E-1
1.423275E+4	5.269697E-1
1.423300E+4	6.899339E-1
1.423325E+4	7.488012E-1
1.423350E+4	7.653668E-1
1.423375E+4	8.369819E-1
1.423400E+4	9.188607E-1
1.423425E+4	9.514207E-1
1.423450E+4	9.011226E-1
1.423475E+4	7.861683E-1
1.423500E+4	7.881110E-1
1.423525E+4	8.327934E-1
1.423550E+4	8.117428E-1
1.423575E+4	7.278413E-1
1.423600E+4	7.209713E-1
1.423625E+4	7.866658E-1
1.423650E+4	8.649834E-1
1.423675E+4	9.100170E-1
1.423700E+4	9.050549E-1
1.423725E+4	8.738812E-1
1.423750E+4	7.937363E-1
1.423775E+4	6.922441E-1
1.423800E+4	7.094859E-1
1.423825E+4	7.709484E-1
1.423850E+4	8.099867E-1
1.423875E+4	8.432673E-1
1.423900E+4	8.962690E-1
1.423925E+4	9.191057E-1
1.423950E+4	8.950808E-1
1.423975E+4	8.496989E-1
1.424000E+4	8.330535E-1
1.424025E+4	8.363915E-1
1.424050E+4	8.255498E-1
1.424075E+4	8.091083E-1
1.424100E+4	8.555514E-1
1.424125E+4	8.961869E-1
1.424150E+4	9.014467E-1
1.424175E+4	8.817820E-1
1.424200E+4	8.277314E-1
1.424225E+4	7.989570E-1
1.424250E+4	8.160064E-1
1.424275E+4	8.233623E-1
1.424300E+4	8.295056E-1
1.424325E+4	8.412573E-1
1.424350E+4	8.337576E-1
1.424375E+4	8.148030E-1
1.424400E+4	7.968280E-1
1.424425E+4	7.607198E-1
1.424450E+4	6.722089E-1
1.424475E+4	6.227045E-1
1.424500E+4	7.077367E-1
1.424525E+4	8.077455E-1
1.424550E+4	8.596841E-1
1.424575E+4	8.289171E-1
1.424600E+4	7.962693E-1
1.424625E+4	8.433485E-1
1.424650E+4	8.887412E-1
1.424675E+4	8.823693E-1
1.424700E+4	8.013464E-1
1.424725E+4	7.582749E-1
1.424750E+4	8.220694E-1
1.424775E+4	8.723858E-1
1.424800E+4	8.864461E-1
1.424825E+4	8.600509E-1
1.424850E+4	8.585427E-1
1.424875E+4	8.689982E-1
1.424900E+4	8.479892E-1
1.424925E+4	7.734886E-1
1.424950E+4	6.984776E-1
1.424975E+4	7.954216E-1
1.425000E+4	8.705399E-1
1.425025E+4	8.890531E-1
1.425050E+4	8.625866E-1
1.425075E+4	8.154077E-1
1.425100E+4	8.029376E-1
1.425125E+4	8.065734E-1
1.425150E+4	8.141048E-1
1.425175E+4	8.266859E-1
1.425200E+4	8.202886E-1
1.425225E+4	7.752184E-1
1.425250E+4	7.202391E-1
1.425275E+4	7.068993E-1
1.425300E+4	6.899108E-1
1.425325E+4	6.737182E-1
1.425350E+4	7.344588E-1
1.425375E+4	8.372518E-1
1.425400E+4	9.078086E-1
1.425425E+4	9.180985E-1
1.425450E+4	8.858112E-1
1.425475E+4	8.895145E-1
1.425500E+4	8.992658E-1
1.425525E+4	8.677593E-1
1.425550E+4	7.823293E-1
1.425575E+4	7.436615E-1
1.425600E+4	8.550750E-1
1.425625E+4	8.519235E-1
1.425650E+4	6.765545E-1
1.425675E+4	6.340562E-1
1.425700E+4	7.293638E-1
1.425725E+4	8.371526E-1
1.425750E+4	8.156356E-1
1.425775E+4	5.541958E-1
1.425800E+4	5.214984E-1
1.425825E+4	5.894960E-1
1.425850E+4	6.456725E-1
1.425875E+4	6.890016E-1
1.425900E+4	7.153497E-1
1.425925E+4	7.167298E-1
1.425950E+4	6.927194E-1
1.425975E+4	6.799100E-1
1.426000E+4	7.536991E-1
1.426025E+4	7.845696E-1
1.426050E+4	7.385733E-1
1.426075E+4	6.690361E-1
1.426100E+4	6.840658E-1
1.426125E+4	7.810938E-1
1.426150E+4	8.584256E-1
1.426175E+4	8.836994E-1
1.426200E+4	8.934769E-1
1.426225E+4	9.126009E-1
1.426250E+4	9.021981E-1
1.426275E+4	8.078116E-1
1.426300E+4	6.992080E-1
1.426325E+4	7.079262E-1
1.426350E+4	7.924511E-1
1.426375E+4	8.536602E-1
1.426400E+4	8.448559E-1
1.426425E+4	8.002307E-1
1.426450E+4	8.242016E-1
1.426475E+4	9.162713E-1
1.426500E+4	9.690185E-1
1.426525E+4	9.685502E-1
1.426550E+4	9.047593E-1
1.426575E+4	8.096780E-1
1.426600E+4	8.291569E-1
1.426625E+4	8.820119E-1
1.426650E+4	8.694461E-1
1.426675E+4	7.710550E-1
1.426700E+4	7.045061E-1
1.426725E+4	7.180497E-1
1.426750E+4	7.672793E-1
1.426775E+4	8.027645E-1
1.426800E+4	7.585432E-1
1.426825E+4	6.982851E-1
1.426850E+4	6.891782E-1
1.426875E+4	7.977072E-1
1.426900E+4	9.521088E-1
1.426925E+4	9.567561E-1
1.426950E+4	8.851700E-1
1.426975E+4	8.489696E-1
1.427000E+4	8.703261E-1
1.427025E+4	8.853397E-1
1.427050E+4	8.408144E-1
1.427075E+4	7.699150E-1
1.427100E+4	8.175589E-1
1.427125E+4	8.745403E-1
1.427150E+4	8.935744E-1
1.427175E+4	8.923801E-1
1.427200E+4	9.028017E-1
1.427225E+4	9.065281E-1
1.427250E+4	8.737705E-1
1.427275E+4	7.549274E-1
1.427300E+4	7.053586E-1
1.427325E+4	7.832674E-1
1.427350E+4	7.968450E-1
1.427375E+4	7.091317E-1
1.427400E+4	5.975928E-1
1.427425E+4	7.319988E-1
1.427450E+4	8.469836E-1
1.427475E+4	8.972453E-1
1.427500E+4	9.043816E-1
1.427525E+4	8.798826E-1
1.427550E+4	8.638800E-1
1.427575E+4	8.902765E-1
1.427600E+4	9.022988E-1
1.427625E+4	8.677878E-1
1.427650E+4	7.882612E-1
1.427675E+4	6.183857E-1
1.427700E+4	4.914130E-1
1.427725E+4	5.563136E-1
1.427750E+4	6.249828E-1
1.427775E+4	6.558981E-1
1.427800E+4	6.993237E-1
1.427825E+4	7.929974E-1
1.427850E+4	8.475881E-1
1.427875E+4	8.708508E-1
1.427900E+4	8.809369E-1
1.427925E+4	8.640858E-1
1.427950E+4	8.458998E-1
1.427975E+4	8.782354E-1
1.428000E+4	8.862282E-1
1.428025E+4	8.196395E-1
1.428050E+4	7.145119E-1
1.428075E+4	7.276173E-1
1.428100E+4	8.628554E-1
1.428125E+4	9.497053E-1
1.428150E+4	8.369247E-1
1.428175E+4	6.384484E-1
1.428200E+4	5.687064E-1
1.428225E+4	6.716355E-1
1.428250E+4	7.997796E-1
1.428275E+4	7.998438E-1
1.428300E+4	7.294645E-1
1.428325E+4	7.044720E-1
1.428350E+4	8.509275E-1
1.428375E+4	9.433226E-1
1.428400E+4	8.705756E-1
1.428425E+4	7.995817E-1
1.428450E+4	7.666896E-1
1.428475E+4	8.065937E-1
1.428500E+4	8.971163E-1
1.428525E+4	9.042584E-1
1.428550E+4	8.364368E-1
1.428575E+4	7.914071E-1
1.428600E+4	8.429561E-1
1.428625E+4	8.930170E-1
1.428650E+4	8.450438E-1
1.428675E+4	7.836203E-1
1.428700E+4	7.643055E-1
1.428725E+4	8.155386E-1
1.428750E+4	8.863155E-1
1.428775E+4	6.892545E-1
1.428800E+4	6.324193E-1
1.428825E+4	6.710155E-1
1.428850E+4	7.859648E-1
1.428875E+4	9.343119E-1
1.428900E+4	9.233348E-1
1.428925E+4	7.683909E-1
1.428950E+4	6.467998E-1
1.428975E+4	7.021376E-1
1.429000E+4	7.790119E-1
1.429025E+4	7.957416E-1
1.429050E+4	7.500553E-1
1.429075E+4	7.658868E-1
1.429100E+4	8.965716E-1
1.429125E+4	9.071099E-1
1.429150E+4	8.878274E-1
1.429175E+4	8.229712E-1
1.429200E+4	6.701574E-1
1.429225E+4	6.293454E-1
1.429250E+4	7.104582E-1
1.429275E+4	7.436135E-1
1.429300E+4	7.714952E-1
1.429325E+4	8.075623E-1
1.429350E+4	8.301127E-1
1.429375E+4	7.805766E-1
1.429400E+4	7.108542E-1
1.429425E+4	7.056692E-1
1.429450E+4	7.098391E-1
1.429475E+4	7.207787E-1
1.429500E+4	8.079663E-1
1.429525E+4	8.887141E-1
1.429550E+4	8.544491E-1
1.429575E+4	7.722639E-1
1.429600E+4	7.568910E-1
1.429625E+4	8.428445E-1
1.429650E+4	8.735672E-1
1.429675E+4	8.252135E-1
1.429700E+4	7.433189E-1
1.429725E+4	7.172793E-1
1.429750E+4	7.519904E-1
1.429775E+4	7.899422E-1
1.429800E+4	7.964231E-1
1.429825E+4	8.009527E-1
1.429850E+4	8.148553E-1
1.429875E+4	8.377006E-1
1.429900E+4	8.925017E-1
1.429925E+4	9.040707E-1
1.429950E+4	8.638087E-1
1.429975E+4	8.070275E-1
1.430000E+4	7.361980E-1
1.430025E+4	7.773991E-1
1.430050E+4	8.729709E-1
1.430075E+4	8.295577E-1
1.430100E+4	6.972525E-1
1.430125E+4	6.458171E-1
1.430150E+4	7.112680E-1
1.430175E+4	7.561176E-1
1.430200E+4	7.206307E-1
1.430225E+4	6.867074E-1
1.430250E+4	7.539629E-1
1.430275E+4	8.020772E-1
1.430300E+4	8.024328E-1
1.430325E+4	7.727453E-1
1.430350E+4	8.799956E-1
1.430375E+4	9.350870E-1
1.430400E+4	9.221773E-1
1.430425E+4	8.745823E-1
1.430450E+4	7.834807E-1
1.430475E+4	8.044543E-1
1.430500E+4	8.710454E-1
1.430525E+4	8.750058E-1
1.430550E+4	8.634386E-1
1.430575E+4	8.588507E-1
1.430600E+4	8.751462E-1
1.430625E+4	9.151792E-1
1.430650E+4	9.348740E-1
1.430675E+4	8.973837E-1
1.430700E+4	8.414193E-1
1.430725E+4	8.182105E-1
1.430750E+4	8.600002E-1
1.430775E+4	9.093437E-1
1.430800E+4	8.719219E-1
1.430825E+4	7.577051E-1
1.430850E+4	6.950112E-1
1.430875E+4	7.703449E-1
1.430900E+4	8.738705E-1
1.430925E+4	9.020469E-1
1.430950E+4	8.299457E-1
1.430975E+4	7.835778E-1
1.431000E+4	7.900697E-1
1.431025E+4	7.724724E-1
1.431050E+4	7.299437E-1
1.431075E+4	7.713455E-1
1.431100E+4	8.510428E-1
1.431125E+4	8.800017E-1
1.431150E+4	8.935138E-1
1.431175E+4	9.138663E-1
1.431200E+4	9.079958E-1
1.431225E+4	8.732312E-1
1.431250E+4	8.426828E-1
1.431275E+4	8.533446E-1
1.431300E+4	9.282050E-1
1.431325E+4	8.820045E-1
1.431350E+4	7.469632E-1
1.431375E+4	6.957847E-1
1.431400E+4	7.334010E-1
1.431425E+4	7.952883E-1
1.431450E+4	7.971539E-1
1.431475E+4	7.823352E-1
1.431500E+4	8.207835E-1
1.431525E+4	8.723924E-1
1.431550E+4	9.166482E-1
1.431575E+4	9.531378E-1
1.431600E+4	9.535235E-1
1.431625E+4	9.174151E-1
1.431650E+4	8.968033E-1
1.431675E+4	8.881580E-1
1.431700E+4	8.893492E-1
1.431725E+4	8.914864E-1
1.431750E+4	8.779691E-1
1.431775E+4	8.646207E-1
1.431800E+4	8.953339E-1
1.431825E+4	9.216706E-1
1.431850E+4	8.966177E-1
1.431875E+4	7.075578E-1
1.431900E+4	6.135581E-1
1.431925E+4	7.403782E-1
1.431950E+4	8.248916E-1
1.431975E+4	8.889649E-1
1.432000E+4	9.414689E-1
1.432025E+4	9.325314E-1
1.432050E+4	8.937982E-1
1.432075E+4	8.654681E-1
1.432100E+4	8.849889E-1
1.432125E+4	9.270797E-1
1.432150E+4	9.330394E-1
1.432175E+4	8.915178E-1
1.432200E+4	8.269851E-1
1.432225E+4	8.188062E-1
1.432250E+4	8.522530E-1
1.432275E+4	8.887359E-1
1.432300E+4	9.350349E-1
1.432325E+4	9.735942E-1
1.432350E+4	9.548486E-1
1.432375E+4	8.871684E-1
1.432400E+4	7.778551E-1
1.432425E+4	6.865939E-1
1.432450E+4	7.173393E-1
1.432475E+4	7.854639E-1
1.432500E+4	7.948644E-1
1.432525E+4	7.727922E-1
1.432550E+4	7.638857E-1
1.432575E+4	7.888276E-1
1.432600E+4	8.526211E-1
1.432625E+4	9.277219E-1
1.432650E+4	9.602673E-1
1.432675E+4	9.197493E-1
1.432700E+4	8.197798E-1
1.432725E+4	7.386619E-1
1.432750E+4	7.532474E-1
1.432775E+4	8.270723E-1
1.432800E+4	8.848652E-1
1.432825E+4	9.077642E-1
1.432850E+4	9.080657E-1
1.432875E+4	8.904479E-1
1.432900E+4	8.664550E-1
1.432925E+4	8.619389E-1
1.432950E+4	8.957918E-1
1.432975E+4	9.374899E-1
1.433000E+4	9.165003E-1
1.433025E+4	8.462284E-1
1.433050E+4	7.380336E-1
1.433075E+4	6.026634E-1
1.433100E+4	7.124719E-1
1.433125E+4	8.859998E-1
1.433150E+4	8.897742E-1
1.433175E+4	8.299152E-1
1.433200E+4	8.068676E-1
1.433225E+4	8.329257E-1
1.433250E+4	7.976278E-1
1.433275E+4	6.871839E-1
1.433300E+4	6.004896E-1
1.433325E+4	6.923428E-1
1.433350E+4	8.318606E-1
1.433375E+4	9.242727E-1
1.433400E+4	9.147100E-1
1.433425E+4	8.836637E-1
1.433450E+4	8.727427E-1
1.433475E+4	8.448386E-1
1.433500E+4	7.740278E-1
1.433525E+4	7.781682E-1
1.433550E+4	8.281501E-1
1.433575E+4	8.658684E-1
1.433600E+4	8.961436E-1
1.433625E+4	8.689776E-1
1.433650E+4	7.954777E-1
1.433675E+4	6.998136E-1
1.433700E+4	6.025934E-1
1.433725E+4	6.905822E-1
1.433750E+4	7.761443E-1
1.433775E+4	7.812586E-1
1.433800E+4	7.653584E-1
1.433825E+4	8.530131E-1
1.433850E+4	9.355074E-1
1.433875E+4	9.239602E-1
1.433900E+4	8.479909E-1
1.433925E+4	7.283864E-1
1.433950E+4	7.856519E-1
1.433975E+4	8.700792E-1
1.434000E+4	8.771955E-1
1.434025E+4	8.515141E-1
1.434050E+4	8.652158E-1
1.434075E+4	9.220903E-1
1.434100E+4	9.046159E-1
1.434125E+4	8.294251E-1
1.434150E+4	8.126565E-1
1.434175E+4	8.579458E-1
1.434200E+4	8.551667E-1
1.434225E+4	8.044838E-1
1.434250E+4	7.741787E-1
1.434275E+4	7.813254E-1
1.434300E+4	8.073317E-1
1.434325E+4	8.405241E-1
1.434350E+4	8.824514E-1
1.434375E+4	9.281364E-1
1.434400E+4	9.628856E-1
1.434425E+4	9.180605E-1
1.434450E+4	8.306212E-1
1.434475E+4	8.391454E-1
1.434500E+4	8.500259E-1
1.434525E+4	8.067594E-1
1.434550E+4	7.493083E-1
1.434575E+4	7.660824E-1
1.434600E+4	7.833569E-1
1.434625E+4	7.470111E-1
1.434650E+4	7.645287E-1
1.434675E+4	8.462241E-1
1.434700E+4	8.817769E-1
1.434725E+4	8.561583E-1
1.434750E+4	7.376197E-1
1.434775E+4	7.219413E-1
1.434800E+4	8.469794E-1
1.434825E+4	9.006537E-1
1.434850E+4	8.929251E-1
1.434875E+4	8.526406E-1
1.434900E+4	8.504794E-1
1.434925E+4	9.019884E-1
1.434950E+4	9.380464E-1
1.434975E+4	9.441642E-1
1.435000E+4	9.293309E-1
1.435025E+4	8.916786E-1
1.435050E+4	8.343174E-1
1.435075E+4	8.033616E-1
1.435100E+4	8.706965E-1
1.435125E+4	9.059783E-1
1.435150E+4	8.476575E-1
1.435175E+4	7.508469E-1
1.435200E+4	6.741352E-1
1.435225E+4	6.887374E-1
1.435250E+4	7.708292E-1
1.435275E+4	7.966628E-1
1.435300E+4	7.810006E-1
1.435325E+4	7.854867E-1
1.435350E+4	7.921013E-1
1.435375E+4	7.827456E-1
1.435400E+4	8.115677E-1
1.435425E+4	9.183170E-1
1.435450E+4	9.427154E-1
1.435475E+4	9.006638E-1
1.435500E+4	8.239896E-1
1.435525E+4	7.682171E-1
1.435550E+4	8.704609E-1
1.435575E+4	9.426450E-1
1.435600E+4	9.438288E-1
1.435625E+4	9.366887E-1
1.435650E+4	9.361031E-1
1.435675E+4	9.071126E-1
1.435700E+4	8.444105E-1
1.435725E+4	8.245071E-1
1.435750E+4	8.713696E-1
1.435775E+4	9.375073E-1
1.435800E+4	9.733543E-1
1.435825E+4	9.387020E-1
1.435850E+4	8.829340E-1
1.435875E+4	8.915215E-1
1.435900E+4	9.243967E-1
1.435925E+4	9.098051E-1
1.435950E+4	8.342647E-1
1.435975E+4	7.969272E-1
1.436000E+4	8.269492E-1
1.436025E+4	8.849984E-1
1.436050E+4	9.196708E-1
1.436075E+4	9.136602E-1
1.436100E+4	9.317778E-1
1.436125E+4	9.705582E-1
1.436150E+4	9.385843E-1
1.436175E+4	8.396203E-1
1.436200E+4	7.732582E-1
1.436225E+4	8.019950E-1
1.436250E+4	8.926838E-1
1.436275E+4	9.214346E-1
1.436300E+4	8.801613E-1
1.436325E+4	8.433397E-1
1.436350E+4	8.672617E-1
1.436375E+4	9.187553E-1
1.436400E+4	9.428043E-1
1.436425E+4	9.462355E-1
1.436450E+4	9.493306E-1
1.436475E+4	9.491388E-1
1.436500E+4	9.252165E-1
1.436525E+4	8.814955E-1
1.436550E+4	8.507561E-1
1.436575E+4	8.454538E-1
1.436600E+4	8.389228E-1
1.436625E+4	8.144437E-1
1.436650E+4	8.130581E-1
1.436675E+4	8.509562E-1
1.436700E+4	8.870229E-1
1.436725E+4	9.004639E-1
1.436750E+4	8.802960E-1
1.436775E+4	8.629128E-1
1.436800E+4	8.703245E-1
1.436825E+4	8.742765E-1
1.436850E+4	8.563924E-1
1.436875E+4	8.365820E-1
1.436900E+4	8.629842E-1
1.436925E+4	9.046060E-1
1.436950E+4	9.287306E-1
1.436975E+4	8.763985E-1
1.437000E+4	8.364130E-1
1.437025E+4	8.304773E-1
1.437050E+4	8.144837E-1
1.437075E+4	7.861737E-1
1.437100E+4	7.938187E-1
1.437125E+4	8.337096E-1
1.437150E+4	8.607318E-1
1.437175E+4	8.626074E-1
1.437200E+4	8.446797E-1
1.437225E+4	8.320203E-1
1.437250E+4	8.269021E-1
1.437275E+4	8.144571E-1
1.437300E+4	7.933828E-1
1.437325E+4	7.893642E-1
1.437350E+4	7.967039E-1
1.437375E+4	8.106135E-1
1.437400E+4	8.388507E-1
1.437425E+4	8.632099E-1
1.437450E+4	8.284565E-1
1.437475E+4	7.610464E-1
1.437500E+4	7.674998E-1
1.437525E+4	8.271088E-1
1.437550E+4	8.955367E-1
1.437575E+4	9.264961E-1
1.437600E+4	8.415050E-1
1.437625E+4	7.511525E-1
1.437650E+4	7.888465E-1
1.437675E+4	8.627820E-1
1.437700E+4	8.750039E-1
1.437725E+4	8.183914E-1
1.437750E+4	7.628872E-1
1.437775E+4	7.715398E-1
1.437800E+4	8.199987E-1
1.437825E+4	8.226874E-1
1.437850E+4	7.728868E-1
1.437875E+4	7.072171E-1
1.437900E+4	6.982259E-1
1.437925E+4	7.729910E-1
1.437950E+4	8.374584E-1
1.437975E+4	8.651284E-1
1.438000E+4	8.624725E-1
1.438025E+4	8.385697E-1
1.438050E+4	8.088574E-1
1.438075E+4	7.904487E-1
1.438100E+4	8.376129E-1
1.438125E+4	8.939420E-1
1.438150E+4	8.793166E-1
1.438175E+4	8.427573E-1
1.438200E+4	8.214496E-1
1.438225E+4	8.545372E-1
1.438250E+4	8.924563E-1
1.438275E+4	8.930620E-1
1.438300E+4	8.609510E-1
1.438325E+4	8.018501E-1
1.438350E+4	7.458419E-1
1.438375E+4	6.977198E-1
1.438400E+4	6.641670E-1
1.438425E+4	6.821273E-1
1.438450E+4	7.300605E-1
1.438475E+4	7.400363E-1
1.438500E+4	7.197686E-1
1.438525E+4	7.332515E-1
1.438550E+4	7.861691E-1
1.438575E+4	8.464442E-1
1.438600E+4	8.903814E-1
1.438625E+4	8.580267E-1
1.438650E+4	8.086174E-1
1.438675E+4	7.960570E-1
1.438700E+4	7.954894E-1
1.438725E+4	7.864528E-1
1.438750E+4	7.567531E-1
1.438775E+4	7.277928E-1
1.438800E+4	7.147196E-1
1.438825E+4	7.137605E-1
1.438850E+4	7.133354E-1
1.438875E+4	6.897881E-1
1.438900E+4	6.431066E-1
1.438925E+4	6.324568E-1
1.438950E+4	6.826957E-1
1.438975E+4	7.419294E-1
1.439000E+4	7.436653E-1
1.439025E+4	7.094049E-1
1.439050E+4	6.988740E-1
1.439075E+4	7.543328E-1
1.439100E+4	8.892155E-1
1.439125E+4	9.430757E-1
1.439150E+4	8.468366E-1
1.439175E+4	7.912260E-1
1.439200E+4	8.480503E-1
1.439225E+4	9.205660E-1
1.439250E+4	8.635721E-1
1.439275E+4	7.165571E-1
1.439300E+4	5.921405E-1
1.439325E+4	5.862704E-1
1.439350E+4	6.735557E-1
1.439375E+4	7.612188E-1
1.439400E+4	8.542960E-1
1.439425E+4	9.399919E-1
1.439450E+4	9.340017E-1
1.439475E+4	8.693579E-1
1.439500E+4	7.981402E-1
1.439525E+4	7.872042E-1
1.439550E+4	8.295933E-1
1.439575E+4	8.594885E-1
1.439600E+4	8.599050E-1
1.439625E+4	8.113932E-1
1.439650E+4	6.975170E-1
1.439675E+4	5.500363E-1
1.439700E+4	4.555588E-1
1.439725E+4	5.673913E-1
1.439750E+4	7.807378E-1
1.439775E+4	8.935284E-1
1.439800E+4	8.970112E-1
1.439825E+4	8.498948E-1
1.439850E+4	8.236249E-1
1.439875E+4	7.934922E-1
1.439900E+4	7.454689E-1
1.439925E+4	7.780672E-1
1.439950E+4	8.892990E-1
1.439975E+4	9.220773E-1
1.440000E+4	8.683208E-1
1.440025E+4	7.962851E-1
1.440050E+4	8.471714E-1
1.440075E+4	8.964910E-1
1.440100E+4	7.977196E-1
1.440125E+4	6.320082E-1
1.440150E+4	5.958205E-1
1.440175E+4	7.745846E-1
1.440200E+4	9.235387E-1
1.440225E+4	8.834269E-1
1.440250E+4	8.073801E-1
1.440275E+4	8.386096E-1
1.440300E+4	9.208934E-1
1.440325E+4	8.897533E-1
1.440350E+4	7.462246E-1
1.440375E+4	7.349550E-1
1.440400E+4	8.154281E-1
1.440425E+4	8.706334E-1
1.440450E+4	8.060860E-1
1.440475E+4	7.604643E-1
1.440500E+4	7.691422E-1
1.440525E+4	8.006951E-1
1.440550E+4	8.272109E-1
1.440575E+4	8.153680E-1
1.440600E+4	7.783953E-1
1.440625E+4	7.191534E-1
1.440650E+4	6.974620E-1
1.440675E+4	7.835564E-1
1.440700E+4	8.196072E-1
1.440725E+4	8.221176E-1
1.440750E+4	8.123889E-1
1.440775E+4	8.167199E-1
1.440800E+4	8.125310E-1
1.440825E+4	7.881518E-1
1.440850E+4	7.583398E-1
1.440875E+4	7.479651E-1
1.440900E+4	7.586704E-1
1.440925E+4	7.525681E-1
1.440950E+4	7.313394E-1
1.440975E+4	7.201255E-1
1.441000E+4	7.742651E-1
1.441025E+4	8.485008E-1
1.441050E+4	8.809953E-1
1.441075E+4	9.068443E-1
1.441100E+4	9.278527E-1
1.441125E+4	8.914906E-1
1.441150E+4	8.511160E-1
1.441175E+4	8.914874E-1
1.441200E+4	9.392147E-1
1.441225E+4	9.511162E-1
1.441250E+4	9.106706E-1
1.441275E+4	8.483850E-1
1.441300E+4	8.205245E-1
1.441325E+4	8.165314E-1
1.441350E+4	8.077381E-1
1.441375E+4	7.977519E-1
1.441400E+4	7.932139E-1
1.441425E+4	7.981506E-1
1.441450E+4	8.248493E-1
1.441475E+4	8.622719E-1
1.441500E+4	8.583712E-1
1.441525E+4	7.895425E-1
1.441550E+4	7.185465E-1
1.441575E+4	7.360051E-1
1.441600E+4	8.257605E-1
1.441625E+4	8.781045E-1
1.441650E+4	8.528325E-1
1.441675E+4	8.081600E-1
1.441700E+4	8.141503E-1
1.441725E+4	8.468069E-1
1.441750E+4	8.023160E-1
1.441775E+4	7.973248E-1
1.441800E+4	8.612275E-1
1.441825E+4	9.232888E-1
1.441850E+4	9.046110E-1
1.441875E+4	8.437455E-1
1.441900E+4	8.423937E-1
1.441925E+4	8.940555E-1
1.441950E+4	9.087430E-1
1.441975E+4	8.667344E-1
1.442000E+4	8.287865E-1
1.442025E+4	8.137898E-1
1.442050E+4	7.960411E-1
1.442075E+4	7.819019E-1
1.442100E+4	8.144385E-1
1.442125E+4	8.830952E-1
1.442150E+4	9.289127E-1
1.442175E+4	8.957991E-1
1.442200E+4	8.521109E-1
1.442225E+4	8.298872E-1
1.442250E+4	8.070011E-1
1.442275E+4	8.006524E-1
1.442300E+4	8.476610E-1
1.442325E+4	8.909166E-1
1.442350E+4	8.599807E-1
1.442375E+4	7.646873E-1
1.442400E+4	7.541086E-1
1.442425E+4	8.256356E-1
1.442450E+4	8.582666E-1
1.442475E+4	8.287661E-1
1.442500E+4	7.893651E-1
1.442525E+4	8.495700E-1
1.442550E+4	9.018350E-1
1.442575E+4	7.797329E-1
1.442600E+4	5.869284E-1
1.442625E+4	5.808319E-1
1.442650E+4	7.566654E-1
1.442675E+4	8.791928E-1
1.442700E+4	9.026659E-1
1.442725E+4	8.765929E-1
1.442750E+4	8.645456E-1
1.442775E+4	8.610958E-1
1.442800E+4	8.437063E-1
1.442825E+4	8.310261E-1
1.442850E+4	8.660251E-1
1.442875E+4	9.018335E-1
1.442900E+4	8.744836E-1
1.442925E+4	8.268402E-1
1.442950E+4	8.064076E-1
1.442975E+4	8.688505E-1
1.443000E+4	8.996769E-1
1.443025E+4	8.530886E-1
1.443050E+4	8.231673E-1
1.443075E+4	8.557143E-1
1.443100E+4	9.157993E-1
1.443125E+4	9.283932E-1
1.443150E+4	8.675681E-1
1.443175E+4	8.280396E-1
1.443200E+4	8.874622E-1
1.443225E+4	9.495843E-1
1.443250E+4	9.591578E-1
1.443275E+4	9.042261E-1
1.443300E+4	8.433126E-1
1.443325E+4	8.443293E-1
1.443350E+4	8.545135E-1
1.443375E+4	8.129147E-1
1.443400E+4	7.693556E-1
1.443425E+4	7.939304E-1
1.443450E+4	8.664430E-1
1.443475E+4	8.973986E-1
1.443500E+4	8.220648E-1
1.443525E+4	7.437766E-1
1.443550E+4	7.189554E-1
1.443575E+4	7.550555E-1
1.443600E+4	8.442871E-1
1.443625E+4	8.084898E-1
1.443650E+4	7.060696E-1
1.443675E+4	6.730234E-1
1.443700E+4	7.657568E-1
1.443725E+4	8.884667E-1
1.443750E+4	8.773293E-1
1.443775E+4	8.286157E-1
1.443800E+4	8.566831E-1
1.443825E+4	9.207570E-1
1.443850E+4	8.971588E-1
1.443875E+4	8.473699E-1
1.443900E+4	8.137073E-1
1.443925E+4	8.434610E-1
1.443950E+4	9.286782E-1
1.443975E+4	9.539991E-1
1.444000E+4	9.225191E-1
1.444025E+4	8.458041E-1
1.444050E+4	7.698865E-1
1.444075E+4	7.808403E-1
1.444100E+4	8.461767E-1
1.444125E+4	9.381727E-1
1.444150E+4	9.300447E-1
1.444175E+4	8.481058E-1
1.444200E+4	8.127006E-1
1.444225E+4	8.186220E-1
1.444250E+4	8.286039E-1
1.444275E+4	8.061632E-1
1.444300E+4	7.903286E-1
1.444325E+4	8.177169E-1
1.444350E+4	8.543776E-1
1.444375E+4	8.266885E-1
1.444400E+4	7.473630E-1
1.444425E+4	6.911547E-1
1.444450E+4	7.585485E-1
1.444475E+4	8.742857E-1
1.444500E+4	8.509109E-1
1.444525E+4	7.951465E-1
1.444550E+4	7.625206E-1
1.444575E+4	7.851416E-1
1.444600E+4	8.476858E-1
1.444625E+4	8.832116E-1
1.444650E+4	8.787751E-1
1.444675E+4	8.516893E-1
1.444700E+4	8.375311E-1
1.444725E+4	8.497674E-1
1.444750E+4	8.609815E-1
1.444775E+4	8.405803E-1
1.444800E+4	8.203745E-1
1.444825E+4	8.114620E-1
1.444850E+4	7.990958E-1
1.444875E+4	7.724177E-1
1.444900E+4	7.922629E-1
1.444925E+4	8.540437E-1
1.444950E+4	8.696828E-1
1.444975E+4	7.316509E-1
1.445000E+4	5.707131E-1
1.445025E+4	6.229871E-1
1.445050E+4	6.928400E-1
1.445075E+4	7.350146E-1
1.445100E+4	7.733105E-1
1.445125E+4	8.619680E-1
1.445150E+4	9.079501E-1
1.445175E+4	8.246225E-1
1.445200E+4	6.677508E-1
1.445225E+4	6.415179E-1
1.445250E+4	7.519960E-1
1.445275E+4	8.021071E-1
1.445300E+4	7.474172E-1
1.445325E+4	7.283814E-1
1.445350E+4	8.077752E-1
1.445375E+4	8.546869E-1
1.445400E+4	8.289497E-1
1.445425E+4	7.377837E-1
1.445450E+4	8.499977E-1
1.445475E+4	9.263128E-1
1.445500E+4	8.823042E-1
1.445525E+4	7.355843E-1
1.445550E+4	5.728698E-1
1.445575E+4	7.603744E-1
1.445600E+4	8.355377E-1
1.445625E+4	6.975339E-1
1.445650E+4	6.235705E-1
1.445675E+4	6.718467E-1
1.445700E+4	7.114314E-1
1.445725E+4	6.447763E-1
1.445750E+4	5.286986E-1
1.445775E+4	5.900702E-1
1.445800E+4	6.960336E-1
1.445825E+4	7.339690E-1
1.445850E+4	6.607575E-1
1.445875E+4	5.933978E-1
1.445900E+4	6.995988E-1
1.445925E+4	8.212085E-1
1.445950E+4	8.889826E-1
1.445975E+4	8.514390E-1
1.446000E+4	8.149737E-1
1.446025E+4	8.187525E-1
1.446050E+4	7.928327E-1
1.446075E+4	6.949997E-1
1.446100E+4	6.747964E-1
1.446125E+4	7.206553E-1
1.446150E+4	7.099356E-1
1.446175E+4	6.217120E-1
1.446200E+4	5.622687E-1
1.446225E+4	6.745326E-1
1.446250E+4	8.307929E-1
1.446275E+4	8.515553E-1
1.446300E+4	7.825157E-1
1.446325E+4	7.673567E-1
1.446350E+4	8.244892E-1
1.446375E+4	8.438104E-1
1.446400E+4	7.293151E-1
1.446425E+4	5.836394E-1
1.446450E+4	5.608469E-1
1.446475E+4	7.330689E-1
1.446500E+4	8.968630E-1
1.446525E+4	8.529388E-1
1.446550E+4	7.949838E-1
1.446575E+4	8.471783E-1
1.446600E+4	9.091438E-1
1.446625E+4	9.125140E-1
1.446650E+4	8.524811E-1
1.446675E+4	7.730703E-1
1.446700E+4	7.664078E-1
1.446725E+4	7.681786E-1
1.446750E+4	7.281302E-1
1.446775E+4	6.557496E-1
1.446800E+4	6.753705E-1
1.446825E+4	7.348125E-1
1.446850E+4	7.433951E-1
1.446875E+4	7.100259E-1
1.446900E+4	7.565294E-1
1.446925E+4	8.034668E-1
1.446950E+4	8.279512E-1
1.446975E+4	8.187624E-1
1.447000E+4	7.783662E-1
1.447025E+4	8.077028E-1
1.447050E+4	8.655114E-1
1.447075E+4	8.718919E-1
1.447100E+4	7.337262E-1
1.447125E+4	5.372933E-1
1.447150E+4	4.332945E-1
1.447175E+4	3.861223E-1
1.447200E+4	4.221106E-1
1.447225E+4	6.142974E-1
1.447250E+4	7.691340E-1
1.447275E+4	8.622610E-1
1.447300E+4	9.367829E-1
1.447325E+4	9.282913E-1
1.447350E+4	8.414567E-1
1.447375E+4	8.076701E-1
1.447400E+4	8.010886E-1
1.447425E+4	7.823544E-1
1.447450E+4	7.998827E-1
1.447475E+4	8.364115E-1
1.447500E+4	8.436866E-1
1.447525E+4	7.911953E-1
1.447550E+4	7.455200E-1
1.447575E+4	7.991618E-1
1.447600E+4	9.065097E-1
1.447625E+4	9.705690E-1
1.447650E+4	9.149068E-1
1.447675E+4	8.109453E-1
1.447700E+4	7.576166E-1
1.447725E+4	6.844890E-1
1.447750E+4	5.724681E-1
1.447775E+4	5.234848E-1
1.447800E+4	5.833879E-1
1.447825E+4	7.086404E-1
1.447850E+4	8.253379E-1
1.447875E+4	8.849943E-1
1.447900E+4	8.944422E-1
1.447925E+4	8.802746E-1
1.447950E+4	8.384116E-1
1.447975E+4	7.722338E-1
1.448000E+4	6.895554E-1
1.448025E+4	6.155750E-1
1.448050E+4	6.290762E-1
1.448075E+4	7.608156E-1
1.448100E+4	8.451538E-1
1.448125E+4	7.918947E-1
1.448150E+4	7.060124E-1
1.448175E+4	7.197821E-1
1.448200E+4	8.045894E-1
1.448225E+4	8.656535E-1
1.448250E+4	8.678993E-1
1.448275E+4	8.581212E-1
1.448300E+4	8.904950E-1
1.448325E+4	8.969059E-1
1.448350E+4	8.359819E-1
1.448375E+4	7.461150E-1
1.448400E+4	7.027861E-1
1.448425E+4	7.484767E-1
1.448450E+4	8.175903E-1
1.448475E+4	8.548473E-1
1.448500E+4	8.578114E-1
1.448525E+4	8.302326E-1
1.448550E+4	8.085321E-1
1.448575E+4	8.256349E-1
1.448600E+4	8.821392E-1
1.448625E+4	9.037614E-1
1.448650E+4	7.448766E-1
1.448675E+4	6.821339E-1
1.448700E+4	7.307018E-1
1.448725E+4	7.816566E-1
1.448750E+4	7.710067E-1
1.448775E+4	6.985335E-1
1.448800E+4	6.947994E-1
1.448825E+4	7.232057E-1
1.448850E+4	6.645567E-1
1.448875E+4	6.337917E-1
1.448900E+4	7.058408E-1
1.448925E+4	8.043246E-1
1.448950E+4	8.497372E-1
1.448975E+4	7.981508E-1
1.449000E+4	7.547700E-1
1.449025E+4	7.660888E-1
1.449050E+4	7.228181E-1
1.449075E+4	5.422488E-1
1.449100E+4	5.411211E-1
1.449125E+4	7.763738E-1
1.449150E+4	9.145616E-1
1.449175E+4	8.831957E-1
1.449200E+4	8.351033E-1
1.449225E+4	8.662848E-1
1.449250E+4	8.776533E-1
1.449275E+4	7.598109E-1
1.449300E+4	6.714566E-1
1.449325E+4	7.351895E-1
1.449350E+4	7.709875E-1
1.449375E+4	7.263444E-1
1.449400E+4	6.518733E-1
1.449425E+4	7.436234E-1
1.449450E+4	8.381224E-1
1.449475E+4	7.320943E-1
1.449500E+4	5.296472E-1
1.449525E+4	5.488642E-1
1.449550E+4	7.574217E-1
1.449575E+4	8.323082E-1
1.449600E+4	7.273276E-1
1.449625E+4	6.758355E-1
1.449650E+4	7.166322E-1
1.449675E+4	7.237264E-1
1.449700E+4	6.682379E-1
1.449725E+4	7.372268E-1
1.449750E+4	8.816018E-1
1.449775E+4	9.597744E-1
1.449800E+4	9.052156E-1
1.449825E+4	8.539260E-1
1.449850E+4	8.890952E-1
1.449875E+4	8.842935E-1
1.449900E+4	8.036908E-1
1.449925E+4	7.260697E-1
1.449950E+4	8.670454E-1
1.449975E+4	9.667814E-1
1.450000E+4	9.353196E-1
1.450025E+4	8.035226E-1
1.450050E+4	7.455201E-1
1.450075E+4	8.642927E-1
1.450100E+4	9.299136E-1
1.450125E+4	9.033571E-1
1.450150E+4	8.512979E-1
1.450175E+4	8.005971E-1
1.450200E+4	7.216020E-1
1.450225E+4	6.963472E-1
1.450250E+4	8.060946E-1
1.450275E+4	8.708651E-1
1.450300E+4	8.230900E-1
1.450325E+4	7.215149E-1
1.450350E+4	7.652933E-1
1.450375E+4	8.915655E-1
1.450400E+4	9.547430E-1
1.450425E+4	9.039934E-1
1.450450E+4	7.987778E-1
1.450475E+4	8.193143E-1
1.450500E+4	8.536762E-1
1.450525E+4	8.173970E-1
1.450550E+4	7.834598E-1
1.450575E+4	8.570030E-1
1.450600E+4	9.052104E-1
1.450625E+4	8.966567E-1
1.450650E+4	8.504294E-1
1.450675E+4	8.414205E-1
1.450700E+4	8.540534E-1
1.450725E+4	8.417333E-1
1.450750E+4	7.921022E-1
1.450775E+4	7.462593E-1
1.450800E+4	7.489427E-1
1.450825E+4	7.733605E-1
1.450850E+4	8.165836E-1
1.450875E+4	8.686429E-1
1.450900E+4	9.034552E-1
1.450925E+4	9.165061E-1
1.450950E+4	9.102588E-1
1.450975E+4	8.731565E-1
1.451000E+4	8.126481E-1
1.451025E+4	7.475303E-1
1.451050E+4	7.151169E-1
1.451075E+4	7.636720E-1
1.451100E+4	8.490270E-1
1.451125E+4	8.882349E-1
1.451150E+4	8.900686E-1
1.451175E+4	9.085088E-1
1.451200E+4	9.365224E-1
1.451225E+4	9.241865E-1
1.451250E+4	8.708875E-1
1.451275E+4	8.143220E-1
1.451300E+4	7.836627E-1
1.451325E+4	8.009529E-1
1.451350E+4	8.630982E-1
1.451375E+4	9.261086E-1
1.451400E+4	9.725728E-1
1.451425E+4	9.898833E-1
1.451450E+4	9.383763E-1
1.451475E+4	8.723751E-1
1.451500E+4	8.601775E-1
1.451525E+4	8.610484E-1
1.451550E+4	8.347665E-1
1.451575E+4	8.394444E-1
1.451600E+4	8.850616E-1
1.451625E+4	9.443028E-1
1.451650E+4	9.366096E-1
1.451675E+4	8.091252E-1
1.451700E+4	6.988222E-1
1.451725E+4	6.354946E-1
1.451750E+4	6.506520E-1
1.451775E+4	7.773094E-1
1.451800E+4	8.527562E-1
1.451825E+4	7.888461E-1
1.451850E+4	6.294970E-1
1.451875E+4	5.524526E-1
1.451900E+4	7.693317E-1
1.451925E+4	9.439152E-1
1.451950E+4	9.202982E-1
1.451975E+4	8.182838E-1
1.452000E+4	8.064802E-1
1.452025E+4	8.394923E-1
1.452050E+4	8.489568E-1
1.452075E+4	8.121991E-1
1.452100E+4	8.070815E-1
1.452125E+4	8.484400E-1
1.452150E+4	8.929600E-1
1.452175E+4	8.964350E-1
1.452200E+4	8.525878E-1
1.452225E+4	8.491269E-1
1.452250E+4	8.817271E-1
1.452275E+4	9.135129E-1
1.452300E+4	9.155854E-1
1.452325E+4	8.858449E-1
1.452350E+4	8.557014E-1
1.452375E+4	8.358335E-1
1.452400E+4	7.914791E-1
1.452425E+4	6.991685E-1
1.452450E+4	5.836401E-1
1.452475E+4	5.675949E-1
1.452500E+4	6.670400E-1
1.452525E+4	7.339898E-1
1.452550E+4	7.352827E-1
1.452575E+4	7.347127E-1
1.452600E+4	7.560439E-1
1.452625E+4	7.715892E-1
1.452650E+4	7.603337E-1
1.452675E+4	7.244365E-1
1.452700E+4	7.408674E-1
1.452725E+4	7.562025E-1
1.452750E+4	7.535212E-1
1.452775E+4	7.540324E-1
1.452800E+4	8.101107E-1
1.452825E+4	8.580692E-1
1.452850E+4	8.693598E-1
1.452875E+4	8.579126E-1
1.452900E+4	8.212826E-1
1.452925E+4	8.018133E-1
1.452950E+4	8.272490E-1
1.452975E+4	8.749636E-1
1.453000E+4	9.032064E-1
1.453025E+4	8.762767E-1
1.453050E+4	8.268575E-1
1.453075E+4	8.350189E-1
1.453100E+4	8.792544E-1
1.453125E+4	8.921162E-1
1.453150E+4	8.824411E-1
1.453175E+4	8.670081E-1
1.453200E+4	8.677047E-1
1.453225E+4	8.869559E-1
1.453250E+4	9.134230E-1
1.453275E+4	9.472212E-1
1.453300E+4	9.578865E-1
1.453325E+4	9.136275E-1
1.453350E+4	8.642085E-1
1.453375E+4	8.581809E-1
1.453400E+4	8.667848E-1
1.453425E+4	8.073962E-1
1.453450E+4	7.091114E-1
1.453475E+4	7.103149E-1
1.453500E+4	8.239071E-1
1.453525E+4	9.144750E-1
1.453550E+4	8.694889E-1
1.453575E+4	7.453839E-1
1.453600E+4	7.129945E-1
1.453625E+4	7.764491E-1
1.453650E+4	8.346038E-1
1.453675E+4	8.386888E-1
1.453700E+4	8.277731E-1
1.453725E+4	8.544146E-1
1.453750E+4	8.775926E-1
1.453775E+4	8.565005E-1
1.453800E+4	8.436826E-1
1.453825E+4	8.609311E-1
1.453850E+4	8.746504E-1
1.453875E+4	8.390071E-1
1.453900E+4	7.767186E-1
1.453925E+4	7.832569E-1
1.453950E+4	8.201846E-1
1.453975E+4	8.277131E-1
1.454000E+4	8.042884E-1
1.454025E+4	8.101779E-1
1.454050E+4	8.451926E-1
1.454075E+4	8.710489E-1
1.454100E+4	8.610690E-1
1.454125E+4	8.554667E-1
1.454150E+4	8.786429E-1
1.454175E+4	9.154947E-1
1.454200E+4	9.294307E-1
1.454225E+4	8.969758E-1
1.454250E+4	8.738430E-1
1.454275E+4	8.742172E-1
1.454300E+4	8.787497E-1
1.454325E+4	8.777094E-1
1.454350E+4	8.833053E-1
1.454375E+4	8.953841E-1
1.454400E+4	8.922113E-1
1.454425E+4	8.521149E-1
1.454450E+4	8.077303E-1
1.454475E+4	8.184129E-1
1.454500E+4	8.801854E-1
1.454525E+4	9.265471E-1
1.454550E+4	9.180211E-1
1.454575E+4	8.829022E-1
1.454600E+4	8.729637E-1
1.454625E+4	9.041791E-1
1.454650E+4	9.274207E-1
1.454675E+4	8.956412E-1
1.454700E+4	8.440997E-1
1.454725E+4	8.184830E-1
1.454750E+4	8.075289E-1
1.454775E+4	7.943923E-1
1.454800E+4	8.116180E-1
1.454825E+4	8.662731E-1
1.454850E+4	9.176972E-1
1.454875E+4	9.316516E-1
1.454900E+4	8.958438E-1
1.454925E+4	8.718523E-1
1.454950E+4	8.949069E-1
1.454975E+4	9.330219E-1
1.455000E+4	9.438026E-1
1.455025E+4	9.194474E-1
1.455050E+4	8.972589E-1
1.455075E+4	8.936158E-1
1.455100E+4	9.018094E-1
1.455125E+4	9.121749E-1
1.455150E+4	9.208241E-1
1.455175E+4	9.233201E-1
1.455200E+4	9.098529E-1
1.455225E+4	8.883393E-1
1.455250E+4	8.768884E-1
1.455275E+4	8.723530E-1
1.455300E+4	8.775421E-1
1.455325E+4	8.989706E-1
1.455350E+4	9.254404E-1
1.455375E+4	9.300508E-1
1.455400E+4	9.015147E-1
1.455425E+4	8.813589E-1
1.455450E+4	8.826600E-1
1.455475E+4	8.782367E-1
1.455500E+4	8.590517E-1
1.455525E+4	8.601955E-1
1.455550E+4	8.960590E-1
1.455575E+4	9.298703E-1
1.455600E+4	9.314968E-1
1.455625E+4	9.134241E-1
1.455650E+4	9.083449E-1
1.455675E+4	9.169493E-1
1.455700E+4	9.056080E-1
1.455725E+4	8.662583E-1
1.455750E+4	8.520342E-1
1.455775E+4	8.679925E-1
1.455800E+4	9.011495E-1
1.455825E+4	9.327040E-1
1.455850E+4	9.455761E-1
1.455875E+4	9.471220E-1
1.455900E+4	9.411390E-1
1.455925E+4	9.254843E-1
1.455950E+4	9.086463E-1
1.455975E+4	8.994891E-1
1.456000E+4	8.997551E-1
1.456025E+4	9.054125E-1
1.456050E+4	9.062107E-1
1.456075E+4	8.996627E-1
1.456100E+4	9.019259E-1
1.456125E+4	9.261770E-1
1.456150E+4	9.551859E-1
1.456175E+4	9.695750E-1
1.456200E+4	9.557097E-1
1.456225E+4	9.264012E-1
1.456250E+4	9.271589E-1
1.456275E+4	9.501885E-1
1.456300E+4	9.717030E-1
1.456325E+4	9.804811E-1
1.456350E+4	9.783111E-1
1.456375E+4	9.737274E-1
1.456400E+4	9.688362E-1
1.456425E+4	9.666179E-1
1.456450E+4	9.718666E-1
1.456475E+4	9.802872E-1
1.456500E+4	9.757599E-1
1.456525E+4	9.558116E-1
1.456550E+4	9.415564E-1
1.456575E+4	9.396256E-1
1.456600E+4	9.458409E-1
1.456625E+4	9.542249E-1
1.456650E+4	9.586421E-1
1.456675E+4	9.551769E-1
1.456700E+4	9.400060E-1
1.456725E+4	9.323958E-1
1.456750E+4	9.515250E-1
1.456775E+4	9.698201E-1
1.456800E+4	9.645337E-1
1.456825E+4	9.267504E-1
1.456850E+4	9.066820E-1
1.456875E+4	9.249670E-1
1.456900E+4	9.433620E-1
1.456925E+4	9.443223E-1
1.456950E+4	9.385548E-1
1.456975E+4	9.458697E-1
1.457000E+4	9.594355E-1
1.457025E+4	9.593319E-1
1.457050E+4	9.480315E-1
1.457075E+4	9.451744E-1
1.457100E+4	9.515392E-1
1.457125E+4	9.560665E-1
1.457150E+4	9.547690E-1
1.457175E+4	9.541306E-1
1.457200E+4	9.568744E-1
1.457225E+4	9.619460E-1
1.457250E+4	9.689748E-1
1.457275E+4	9.761874E-1
1.457300E+4	9.794286E-1
1.457325E+4	9.738152E-1
1.457350E+4	9.686348E-1
1.457375E+4	9.699792E-1
1.457400E+4	9.655460E-1
1.457425E+4	9.488683E-1
1.457450E+4	9.379211E-1
1.457475E+4	9.567393E-1
1.457500E+4	9.760811E-1
1.457525E+4	9.747777E-1
1.457550E+4	9.564474E-1
1.457575E+4	9.519589E-1
1.457600E+4	9.691220E-1
1.457625E+4	9.723530E-1
1.457650E+4	9.529261E-1
1.457675E+4	9.376182E-1
1.457700E+4	9.441196E-1
1.457725E+4	9.430753E-1
1.457750E+4	9.159511E-1
1.457775E+4	8.974489E-1
1.457800E+4	9.214972E-1
1.457825E+4	9.619680E-1
1.457850E+4	9.814320E-1
1.457875E+4	9.727482E-1
1.457900E+4	9.593644E-1
1.457925E+4	9.616155E-1
1.457950E+4	9.725141E-1
1.457975E+4	9.751410E-1
1.458000E+4	9.639032E-1
1.458025E+4	9.519735E-1
1.458050E+4	9.494713E-1
1.458075E+4	9.532749E-1
1.458100E+4	9.576112E-1
1.458125E+4	9.584856E-1
1.458150E+4	9.547154E-1
1.458175E+4	9.462032E-1
1.458200E+4	9.371753E-1
1.458225E+4	9.387811E-1
1.458250E+4	9.515995E-1
1.458275E+4	9.663416E-1
1.458300E+4	9.738407E-1
1.458325E+4	9.699062E-1
1.458350E+4	9.667572E-1
1.458375E+4	9.744857E-1
1.458400E+4	9.791459E-1
1.458425E+4	9.648908E-1
1.458450E+4	9.417995E-1
1.458475E+4	9.306555E-1
1.458500E+4	9.382787E-1
1.458525E+4	9.563545E-1
1.458550E+4	9.653397E-1
1.458575E+4	9.613343E-1
1.458600E+4	9.534783E-1
1.458625E+4	9.472983E-1
1.458650E+4	9.490739E-1
1.458675E+4	9.610889E-1
1.458700E+4	9.723273E-1
1.458725E+4	9.654639E-1
1.458750E+4	9.521345E-1
1.458775E+4	9.594758E-1
1.458800E+4	9.814458E-1
1.458825E+4	9.818930E-1
1.458850E+4	9.494014E-1
1.458875E+4	9.280712E-1
1.458900E+4	9.354611E-1
1.458925E+4	9.595588E-1
1.458950E+4	9.661897E-1
1.458975E+4	9.509313E-1
1.459000E+4	9.483263E-1
1.459025E+4	9.577257E-1
1.459050E+4	9.612820E-1
1.459075E+4	9.506884E-1
1.459100E+4	9.453627E-1
1.459125E+4	9.618685E-1
1.459150E+4	9.778751E-1
1.459175E+4	9.737419E-1
1.459200E+4	9.628700E-1
1.459225E+4	9.650507E-1
1.459250E+4	9.825109E-1
1.459275E+4	9.875366E-1
1.459300E+4	9.728567E-1
1.459325E+4	9.594691E-1
1.459350E+4	9.601911E-1
1.459375E+4	9.707211E-1
1.459400E+4	9.780822E-1
1.459425E+4	9.774897E-1
1.459450E+4	9.746924E-1
1.459475E+4	9.766634E-1
1.459500E+4	9.806345E-1
1.459525E+4	9.807657E-1
1.459550E+4	9.769132E-1
1.459575E+4	9.744667E-1
1.459600E+4	9.775160E-1
1.459625E+4	9.809405E-1
1.459650E+4	9.785683E-1
1.459675E+4	9.720302E-1
1.459700E+4	9.673873E-1
1.459725E+4	9.678752E-1
1.459750E+4	9.702637E-1
1.459775E+4	9.709451E-1
1.459800E+4	9.690241E-1
1.459825E+4	9.635169E-1
1.459850E+4	9.568220E-1
1.459875E+4	9.576097E-1
1.459900E+4	9.680173E-1
1.459925E+4	9.793255E-1
1.459950E+4	9.800694E-1
1.459975E+4	9.694339E-1
1.460000E+4	9.580897E-1
1.460025E+4	9.548233E-1
1.460050E+4	9.568082E-1
1.460075E+4	9.566934E-1
1.460100E+4	9.590748E-1
1.460125E+4	9.709682E-1
1.460150E+4	9.839437E-1
1.460175E+4	9.803164E-1
1.460200E+4	9.669855E-1
1.460225E+4	9.615698E-1
1.460250E+4	9.730360E-1
1.460275E+4	9.839815E-1
1.460300E+4	9.806538E-1
1.460325E+4	9.767772E-1
1.460350E+4	9.813003E-1
1.460375E+4	9.834865E-1
1.460400E+4	9.705595E-1
1.460425E+4	9.556043E-1
1.460450E+4	9.527482E-1
1.460475E+4	9.620439E-1
1.460500E+4	9.670415E-1
1.460525E+4	9.624547E-1
1.460550E+4	9.573592E-1
1.460575E+4	9.557176E-1
1.460600E+4	9.521618E-1
1.460625E+4	9.478600E-1
1.460650E+4	9.528425E-1
1.460675E+4	9.685721E-1
1.460700E+4	9.785440E-1
1.460725E+4	9.700136E-1
1.460750E+4	9.517554E-1
1.460775E+4	9.407035E-1
1.460800E+4	9.458770E-1
1.460825E+4	9.597223E-1
1.460850E+4	9.730970E-1
1.460875E+4	9.802004E-1
1.460900E+4	9.748549E-1
1.460925E+4	9.656627E-1
1.460950E+4	9.657634E-1
1.460975E+4	9.700389E-1
1.461000E+4	9.642169E-1
1.461025E+4	9.454018E-1
1.461050E+4	9.325503E-1
1.461075E+4	9.372458E-1
1.461100E+4	9.451580E-1
1.461125E+4	9.412435E-1
1.461150E+4	9.369805E-1
1.461175E+4	9.466981E-1
1.461200E+4	9.627194E-1
1.461225E+4	9.611988E-1
1.461250E+4	9.445304E-1
1.461275E+4	9.381259E-1
1.461300E+4	9.466825E-1
1.461325E+4	9.545025E-1
1.461350E+4	9.434132E-1
1.461375E+4	9.216626E-1
1.461400E+4	9.066688E-1
1.461425E+4	9.012571E-1
1.461450E+4	9.035027E-1
1.461475E+4	9.098179E-1
1.461500E+4	9.133350E-1
1.461525E+4	9.110520E-1
1.461550E+4	9.134543E-1
1.461575E+4	9.307706E-1
1.461600E+4	9.447330E-1
1.461625E+4	9.404549E-1
1.461650E+4	9.261346E-1
1.461675E+4	9.252494E-1
1.461700E+4	9.439601E-1
1.461725E+4	9.558269E-1
1.461750E+4	9.435359E-1
1.461775E+4	9.248067E-1
1.461800E+4	9.267518E-1
1.461825E+4	9.407162E-1
1.461850E+4	9.450972E-1
1.461875E+4	9.432841E-1
1.461900E+4	9.533766E-1
1.461925E+4	9.721616E-1
1.461950E+4	9.706375E-1
1.461975E+4	9.387726E-1
1.462000E+4	9.146600E-1
1.462025E+4	9.216731E-1
1.462050E+4	9.410678E-1
1.462075E+4	9.531814E-1
1.462100E+4	9.548833E-1
1.462125E+4	9.550452E-1
1.462150E+4	9.511571E-1
1.462175E+4	9.321922E-1
1.462200E+4	9.004809E-1
1.462225E+4	8.909548E-1
1.462250E+4	9.150588E-1
1.462275E+4	9.387066E-1
1.462300E+4	9.393528E-1
1.462325E+4	9.180872E-1
1.462350E+4	9.093269E-1
1.462375E+4	9.273502E-1
1.462400E+4	9.458745E-1
1.462425E+4	9.445561E-1
1.462450E+4	9.294857E-1
1.462475E+4	9.179107E-1
1.462500E+4	9.109664E-1
1.462525E+4	9.065346E-1
1.462550E+4	9.150560E-1
1.462575E+4	9.343485E-1
1.462600E+4	9.471812E-1
1.462625E+4	9.353663E-1
1.462650E+4	9.071026E-1
1.462675E+4	9.072175E-1
1.462700E+4	9.355678E-1
1.462725E+4	9.518010E-1
1.462750E+4	9.359150E-1
1.462775E+4	9.188253E-1
1.462800E+4	9.198593E-1
1.462825E+4	9.255022E-1
1.462850E+4	9.182600E-1
1.462875E+4	9.172477E-1
1.462900E+4	9.313452E-1
1.462925E+4	9.342912E-1
1.462950E+4	9.126977E-1
1.462975E+4	8.915037E-1
1.463000E+4	9.024599E-1
1.463025E+4	9.332966E-1
1.463050E+4	9.353096E-1
1.463075E+4	9.103253E-1
1.463100E+4	8.982897E-1
1.463125E+4	9.080066E-1
1.463150E+4	9.261456E-1
1.463175E+4	9.355740E-1
1.463200E+4	9.408004E-1
1.463225E+4	9.378516E-1
1.463250E+4	9.065607E-1
1.463275E+4	8.718045E-1
1.463300E+4	8.692975E-1
1.463325E+4	8.870738E-1
1.463350E+4	9.053561E-1
1.463375E+4	9.084863E-1
1.463400E+4	9.111981E-1
1.463425E+4	9.222786E-1
1.463450E+4	9.309458E-1
1.463475E+4	9.252782E-1
1.463500E+4	9.205391E-1
1.463525E+4	9.287683E-1
1.463550E+4	9.370101E-1
1.463575E+4	9.376426E-1
1.463600E+4	9.438333E-1
1.463625E+4	9.636713E-1
1.463650E+4	9.721337E-1
1.463675E+4	9.555627E-1
1.463700E+4	9.340401E-1
1.463725E+4	9.284301E-1
1.463750E+4	9.315112E-1
1.463775E+4	9.232822E-1
1.463800E+4	9.119586E-1
1.463825E+4	9.159319E-1
1.463850E+4	9.227032E-1
1.463875E+4	9.017915E-1
1.463900E+4	8.740374E-1
1.463925E+4	8.868531E-1
1.463950E+4	9.304013E-1
1.463975E+4	9.474724E-1
1.464000E+4	9.055049E-1
1.464025E+4	8.530478E-1
1.464050E+4	8.498936E-1
1.464075E+4	8.883214E-1
1.464100E+4	9.027762E-1
1.464125E+4	8.737649E-1
1.464150E+4	8.465589E-1
1.464175E+4	8.812202E-1
1.464200E+4	9.378363E-1
1.464225E+4	9.479584E-1
1.464250E+4	9.224327E-1
1.464275E+4	8.999432E-1
1.464300E+4	9.063024E-1
1.464325E+4	9.181579E-1
1.464350E+4	9.259488E-1
1.464375E+4	9.411083E-1
1.464400E+4	9.624465E-1
1.464425E+4	9.488471E-1
1.464450E+4	8.975566E-1
1.464475E+4	8.554150E-1
1.464500E+4	8.505770E-1
1.464525E+4	8.809221E-1
1.464550E+4	9.181504E-1
1.464575E+4	9.295390E-1
1.464600E+4	9.070950E-1
1.464625E+4	8.861886E-1
1.464650E+4	8.900319E-1
1.464675E+4	9.064203E-1
1.464700E+4	9.163576E-1
1.464725E+4	9.154378E-1
1.464750E+4	9.197223E-1
1.464775E+4	9.355584E-1
1.464800E+4	9.490511E-1
1.464825E+4	9.360920E-1
1.464850E+4	9.124548E-1
1.464875E+4	9.137883E-1
1.464900E+4	9.299703E-1
1.464925E+4	9.346328E-1
1.464950E+4	9.193001E-1
1.464975E+4	9.135926E-1
1.465000E+4	9.215995E-1
1.465025E+4	9.093473E-1
1.465050E+4	8.640126E-1
1.465075E+4	8.400478E-1
1.465100E+4	8.482685E-1
1.465125E+4	8.453073E-1
1.465150E+4	8.202855E-1
1.465175E+4	8.250420E-1
1.465200E+4	8.767190E-1
1.465225E+4	9.062751E-1
1.465250E+4	8.701065E-1
1.465275E+4	8.048701E-1
1.465300E+4	8.325858E-1
1.465325E+4	9.255775E-1
1.465350E+4	9.648484E-1
1.465375E+4	9.415997E-1
1.465400E+4	9.173968E-1
1.465425E+4	9.278778E-1
1.465450E+4	9.259338E-1
1.465475E+4	8.746749E-1
1.465500E+4	8.425520E-1
1.465525E+4	8.771072E-1
1.465550E+4	9.281385E-1
1.465575E+4	9.524144E-1
1.465600E+4	9.448419E-1
1.465625E+4	9.231112E-1
1.465650E+4	9.069419E-1
1.465675E+4	8.948715E-1
1.465700E+4	8.880335E-1
1.465725E+4	8.862273E-1
1.465750E+4	8.664960E-1
1.465775E+4	8.352069E-1
1.465800E+4	8.303995E-1
1.465825E+4	8.542903E-1
1.465850E+4	8.867422E-1
1.465875E+4	8.771277E-1
1.465900E+4	8.438378E-1
1.465925E+4	8.330769E-1
1.465950E+4	8.485654E-1
1.465975E+4	8.791030E-1
1.466000E+4	9.001288E-1
1.466025E+4	8.924461E-1
1.466050E+4	8.599533E-1
1.466075E+4	8.292021E-1
1.466100E+4	8.256064E-1
1.466125E+4	8.426692E-1
1.466150E+4	8.654193E-1
1.466175E+4	8.937990E-1
1.466200E+4	9.291329E-1
1.466225E+4	9.502385E-1
1.466250E+4	9.200520E-1
1.466275E+4	8.282396E-1
1.466300E+4	7.913733E-1
1.466325E+4	8.780257E-1
1.466350E+4	9.499983E-1
1.466375E+4	9.277530E-1
1.466400E+4	8.457569E-1
1.466425E+4	8.037186E-1
1.466450E+4	9.006447E-1
1.466475E+4	9.699288E-1
1.466500E+4	9.178669E-1
1.466525E+4	8.679273E-1
1.466550E+4	8.462541E-1
1.466575E+4	8.152382E-1
1.466600E+4	7.508845E-1
1.466625E+4	7.205090E-1
1.466650E+4	7.584663E-1
1.466675E+4	8.324763E-1
1.466700E+4	8.653832E-1
1.466725E+4	8.418531E-1
1.466750E+4	8.229743E-1
1.466775E+4	8.000814E-1
1.466800E+4	7.426040E-1
1.466825E+4	6.785098E-1
1.466850E+4	6.821701E-1
1.466875E+4	7.244047E-1
1.466900E+4	7.338766E-1
1.466925E+4	7.019305E-1
1.466950E+4	7.050496E-1
1.466975E+4	7.963501E-1
1.467000E+4	8.769686E-1
1.467025E+4	9.023652E-1
1.467050E+4	8.806686E-1
1.467075E+4	8.284944E-1
1.467100E+4	7.772045E-1
1.467125E+4	7.515029E-1
1.467150E+4	7.610496E-1
1.467175E+4	7.913732E-1
1.467200E+4	8.001355E-1
1.467225E+4	7.538001E-1
1.467250E+4	6.988461E-1
1.467275E+4	7.278820E-1
1.467300E+4	7.982922E-1
1.467325E+4	8.588276E-1
1.467350E+4	9.042944E-1
1.467375E+4	9.291093E-1
1.467400E+4	9.262633E-1
1.467425E+4	9.079874E-1
1.467450E+4	8.863361E-1
1.467475E+4	8.809238E-1
1.467500E+4	8.936611E-1
1.467525E+4	8.738570E-1
1.467550E+4	7.631442E-1
1.467575E+4	6.765445E-1
1.467600E+4	7.289450E-1
1.467625E+4	8.267077E-1
1.467650E+4	9.050305E-1
1.467675E+4	9.034561E-1
1.467700E+4	7.839525E-1
1.467725E+4	6.586072E-1
1.467750E+4	6.858542E-1
1.467775E+4	8.307376E-1
1.467800E+4	9.371019E-1
1.467825E+4	9.398277E-1
1.467850E+4	8.340282E-1
1.467875E+4	7.726467E-1
1.467900E+4	8.453198E-1
1.467925E+4	9.041863E-1
1.467950E+4	8.672314E-1
1.467975E+4	7.487396E-1
1.468000E+4	7.448419E-1
1.468025E+4	8.298486E-1
1.468050E+4	9.108362E-1
1.468075E+4	9.331492E-1
1.468100E+4	8.996097E-1
1.468125E+4	8.838015E-1
1.468150E+4	8.774283E-1
1.468175E+4	8.595930E-1
1.468200E+4	8.568382E-1
1.468225E+4	8.767512E-1
1.468250E+4	8.942409E-1
1.468275E+4	9.139074E-1
1.468300E+4	9.510941E-1
1.468325E+4	9.665418E-1
1.468350E+4	9.153255E-1
1.468375E+4	8.039529E-1
1.468400E+4	7.081543E-1
1.468425E+4	7.029918E-1
1.468450E+4	7.224708E-1
1.468475E+4	6.741366E-1
1.468500E+4	6.312911E-1
1.468525E+4	6.668977E-1
1.468550E+4	7.538294E-1
1.468575E+4	8.284899E-1
1.468600E+4	8.424330E-1
1.468625E+4	8.529853E-1
1.468650E+4	8.632009E-1
1.468675E+4	8.258811E-1
1.468700E+4	7.108003E-1
1.468725E+4	6.842460E-1
1.468750E+4	7.937830E-1
1.468775E+4	8.800295E-1
1.468800E+4	9.074326E-1
1.468825E+4	8.823197E-1
1.468850E+4	8.782057E-1
1.468875E+4	9.279290E-1
1.468900E+4	9.071361E-1
1.468925E+4	8.159611E-1
1.468950E+4	6.530014E-1
1.468975E+4	6.138194E-1
1.469000E+4	7.781341E-1
1.469025E+4	8.842850E-1
1.469050E+4	8.959459E-1
1.469075E+4	8.634812E-1
1.469100E+4	8.911539E-1
1.469125E+4	8.951738E-1
1.469150E+4	7.779102E-1
1.469175E+4	6.991687E-1
1.469200E+4	7.393027E-1
1.469225E+4	7.868069E-1
1.469250E+4	8.159973E-1
1.469275E+4	8.281490E-1
1.469300E+4	8.444372E-1
1.469325E+4	8.423157E-1
1.469350E+4	8.012107E-1
1.469375E+4	7.222710E-1
1.469400E+4	7.467029E-1
1.469425E+4	8.124356E-1
1.469450E+4	7.957761E-1
1.469475E+4	6.772838E-1
1.469500E+4	7.226209E-1
1.469525E+4	8.700426E-1
1.469550E+4	9.528897E-1
1.469575E+4	9.522500E-1
1.469600E+4	8.414853E-1
1.469625E+4	8.108163E-1
1.469650E+4	8.244668E-1
1.469675E+4	8.372231E-1
1.469700E+4	8.631473E-1
1.469725E+4	8.630832E-1
1.469750E+4	7.999194E-1
1.469775E+4	6.820949E-1
1.469800E+4	6.471881E-1
1.469825E+4	7.695942E-1
1.469850E+4	8.610952E-1
1.469875E+4	8.653521E-1
1.469900E+4	7.881490E-1
1.469925E+4	8.766774E-1
1.469950E+4	9.034262E-1
1.469975E+4	8.422275E-1
1.470000E+4	7.316167E-1
1.470025E+4	7.229354E-1
1.470050E+4	7.960881E-1
1.470075E+4	8.270117E-1
1.470100E+4	8.099987E-1
1.470125E+4	7.958447E-1
1.470150E+4	7.870498E-1
1.470175E+4	7.157058E-1
1.470200E+4	6.793225E-1
1.470225E+4	7.415083E-1
1.470250E+4	7.723084E-1
1.470275E+4	6.648838E-1
1.470300E+4	5.446853E-1
1.470325E+4	7.218448E-1
1.470350E+4	8.461338E-1
1.470375E+4	8.101811E-1
1.470400E+4	6.111674E-1
1.470425E+4	6.024514E-1
1.470450E+4	6.792182E-1
1.470475E+4	6.662891E-1
1.470500E+4	5.189512E-1
1.470525E+4	5.716292E-1
1.470550E+4	7.497264E-1
1.470575E+4	8.449146E-1
1.470600E+4	8.297442E-1
1.470625E+4	8.026245E-1
1.470650E+4	8.634832E-1
1.470675E+4	9.094044E-1
1.470700E+4	9.227929E-1
1.470725E+4	8.324617E-1
1.470750E+4	8.974774E-1
1.470775E+4	9.403053E-1
1.470800E+4	9.221424E-1
1.470825E+4	8.555918E-1
1.470850E+4	7.795542E-1
1.470875E+4	7.604518E-1
1.470900E+4	7.451198E-1
1.470925E+4	7.278623E-1
1.470950E+4	7.797375E-1
1.470975E+4	8.233660E-1
1.471000E+4	7.905680E-1
1.471025E+4	7.211258E-1
1.471050E+4	7.496100E-1
1.471075E+4	8.569165E-1
1.471100E+4	8.872115E-1
1.471125E+4	8.111102E-1
1.471150E+4	7.072843E-1
1.471175E+4	6.171948E-1
1.471200E+4	5.059403E-1
1.471225E+4	4.220736E-1
1.471250E+4	5.786341E-1
1.471275E+4	7.037650E-1
1.471300E+4	7.458196E-1
1.471325E+4	7.214061E-1
1.471350E+4	6.213523E-1
1.471375E+4	6.544686E-1
1.471400E+4	7.155749E-1
1.471425E+4	7.414441E-1
1.471450E+4	7.206666E-1
1.471475E+4	6.349273E-1
1.471500E+4	6.249127E-1
1.471525E+4	7.524904E-1
1.471550E+4	8.639681E-1
1.471575E+4	8.644741E-1
1.471600E+4	6.610651E-1
1.471625E+4	5.542892E-1
1.471650E+4	6.629161E-1
1.471675E+4	6.917937E-1
1.471700E+4	6.173976E-1
1.471725E+4	5.870940E-1
1.471750E+4	6.808793E-1
1.471775E+4	7.626578E-1
1.471800E+4	7.237269E-1
1.471825E+4	6.777350E-1
1.471850E+4	7.543850E-1
1.471875E+4	8.274285E-1
1.471900E+4	7.507779E-1
1.471925E+4	5.550809E-1
1.471950E+4	5.680158E-1
1.471975E+4	7.952760E-1
1.472000E+4	8.855308E-1
1.472025E+4	6.979421E-1
1.472050E+4	5.284353E-1
1.472075E+4	6.355805E-1
1.472100E+4	7.370957E-1
1.472125E+4	7.227083E-1
1.472150E+4	6.538346E-1
1.472175E+4	6.173520E-1
1.472200E+4	6.373547E-1
1.472225E+4	6.724005E-1
1.472250E+4	6.867550E-1
1.472275E+4	6.706604E-1
1.472300E+4	6.147384E-1
1.472325E+4	5.818387E-1
1.472350E+4	7.418598E-1
1.472375E+4	8.737338E-1
1.472400E+4	8.422561E-1
1.472425E+4	5.968123E-1
1.472450E+4	2.903825E-1
1.472475E+4	5.691276E-1
1.472500E+4	8.257957E-1
1.472525E+4	8.848040E-1
1.472550E+4	7.972120E-1
1.472575E+4	6.277163E-1
1.472600E+4	6.613580E-1
1.472625E+4	8.348164E-1
1.472650E+4	8.307921E-1
1.472675E+4	6.626985E-1
1.472700E+4	5.557209E-1
1.472725E+4	6.147135E-1
1.472750E+4	7.064370E-1
1.472775E+4	6.763496E-1
1.472800E+4	4.899398E-1
1.472825E+4	5.011734E-1
1.472850E+4	6.072515E-1
1.472875E+4	6.057102E-1
1.472900E+4	4.957753E-1
1.472925E+4	6.507845E-1
1.472950E+4	8.568041E-1
1.472975E+4	9.018725E-1
1.473000E+4	8.469495E-1
1.473025E+4	6.442845E-1
1.473050E+4	3.905703E-1
1.473075E+4	5.365598E-1
1.473100E+4	6.539177E-1
1.473125E+4	6.729975E-1
1.473150E+4	6.333364E-1
1.473175E+4	5.767829E-1
1.473200E+4	5.261404E-1
1.473225E+4	4.738183E-1
1.473250E+4	4.654870E-1
1.473275E+4	6.653524E-1
1.473300E+4	7.589107E-1
1.473325E+4	7.024918E-1
1.473350E+4	6.558785E-1
1.473375E+4	6.643970E-1
1.473400E+4	7.144241E-1
1.473425E+4	8.022848E-1
1.473450E+4	9.127516E-1
1.473475E+4	8.005534E-1
1.473500E+4	4.091714E-1
1.473525E+4	2.226557E-1
1.473550E+4	3.237796E-1
1.473575E+4	5.991636E-1
1.473600E+4	7.821752E-1
1.473625E+4	8.292480E-1
1.473650E+4	8.149892E-1
1.473675E+4	7.693833E-1
1.473700E+4	7.036904E-1
1.473725E+4	6.252966E-1
1.473750E+4	5.403231E-1
1.473775E+4	6.379755E-1
1.473800E+4	6.571341E-1
1.473825E+4	6.340297E-1
1.473850E+4	6.335330E-1
1.473875E+4	6.538905E-1
1.473900E+4	5.550730E-1
1.473925E+4	4.706525E-1
1.473950E+4	5.210100E-1
1.473975E+4	6.639304E-1
1.474000E+4	7.997433E-1
1.474025E+4	7.447123E-1
1.474050E+4	6.619368E-1
1.474075E+4	7.225988E-1
1.474100E+4	7.853971E-1
1.474125E+4	7.452565E-1
1.474150E+4	5.711056E-1
1.474175E+4	4.578361E-1
1.474200E+4	5.694068E-1
1.474225E+4	4.794999E-1
1.474250E+4	2.736009E-1
1.474275E+4	2.422540E-1
1.474300E+4	4.787863E-1
1.474325E+4	6.063492E-1
1.474350E+4	5.385565E-1
1.474375E+4	3.499220E-1
1.474400E+4	3.851588E-1
1.474425E+4	4.414773E-1
1.474450E+4	4.275367E-1
1.474475E+4	4.849921E-1
1.474500E+4	6.372775E-1
1.474525E+4	6.306193E-1
1.474550E+4	3.578476E-1
1.474575E+4	3.287013E-1
1.474600E+4	6.348289E-1
1.474625E+4	8.685639E-1
1.474650E+4	9.618650E-1
1.474675E+4	8.575208E-1
1.474700E+4	5.980714E-1
1.474725E+4	7.084021E-1
1.474750E+4	8.059085E-1
1.474775E+4	7.672070E-1
1.474800E+4	6.391114E-1
1.474825E+4	6.002711E-1
1.474850E+4	6.113880E-1
1.474875E+4	5.748803E-1
1.474900E+4	5.429924E-1
1.474925E+4	7.776371E-1
1.474950E+4	8.744882E-1
1.474975E+4	6.816176E-1
1.475000E+4	5.134760E-1
1.475025E+4	4.203558E-1
1.475050E+4	3.517129E-1
1.475075E+4	1.493107E-1
1.475100E+4	1.325401E-1
1.475125E+4	2.031899E-1
1.475150E+4	3.121954E-1
1.475175E+4	4.635975E-1
1.475200E+4	4.637609E-1
1.475225E+4	4.379920E-1
1.475250E+4	4.258035E-1
1.475275E+4	3.977124E-1
1.475300E+4	3.714095E-1
1.475325E+4	4.092971E-1
1.475350E+4	4.771683E-1
1.475375E+4	6.062611E-1
1.475400E+4	6.989005E-1
1.475425E+4	6.139648E-1
1.475450E+4	5.349529E-1
1.475475E+4	4.269502E-1
1.475500E+4	1.251505E-1
1.475525E+4	1.939411E-1
1.475550E+4	4.285253E-1
1.475575E+4	4.576265E-1
1.475600E+4	4.046814E-1
1.475625E+4	3.144807E-1
1.475650E+4	2.820430E-1
1.475675E+4	3.592594E-1
1.475700E+4	4.355711E-1
1.475725E+4	4.323609E-1
1.475750E+4	3.617718E-1
1.475775E+4	2.471409E-1
1.475800E+4	2.296615E-1
1.475825E+4	4.394299E-1
1.475850E+4	5.930145E-1
1.475875E+4	5.938706E-1
1.475900E+4	4.206051E-1
1.475925E+4	5.221643E-1
1.475950E+4	5.993209E-1
1.475975E+4	6.049567E-1
1.476000E+4	5.218768E-1
1.476025E+4	2.691286E-1
1.476050E+4	3.114236E-1
1.476075E+4	4.894509E-1
1.476100E+4	6.401361E-1
1.476125E+4	6.801488E-1
1.476150E+4	5.193804E-1
1.476175E+4	4.760422E-1
1.476200E+4	5.134720E-1
1.476225E+4	5.942041E-1
1.476250E+4	5.401063E-1
1.476275E+4	2.372502E-1
1.476300E+4	1.792638E-1
1.476325E+4	3.136495E-1
1.476350E+4	5.104148E-1
1.476375E+4	4.340724E-1
1.476400E+4	3.873988E-1
1.476425E+4	4.337339E-1
1.476450E+4	5.298384E-1
1.476475E+4	4.997642E-1
1.476500E+4	2.067499E-1
1.476525E+4	1.825390E-1
1.476550E+4	2.768127E-1
1.476575E+4	3.042311E-1
1.476600E+4	2.329286E-1
1.476625E+4	4.481240E-1
1.476650E+4	6.989202E-1
1.476675E+4	7.923182E-1
1.476700E+4	6.837657E-1
1.476725E+4	4.931736E-1
1.476750E+4	4.995209E-1
1.476775E+4	7.740429E-1
1.476800E+4	8.666970E-1
1.476825E+4	6.989732E-1
1.476850E+4	5.107323E-1
1.476875E+4	4.419234E-1
1.476900E+4	5.052001E-1
1.476925E+4	5.557714E-1
1.476950E+4	5.747861E-1
1.476975E+4	6.796675E-1
1.477000E+4	7.476442E-1
1.477025E+4	7.449963E-1
1.477050E+4	6.820887E-1
1.477075E+4	6.224590E-1
1.477100E+4	6.586707E-1
1.477125E+4	6.894486E-1
1.477150E+4	6.891919E-1
1.477175E+4	5.433024E-1
1.477200E+4	4.102872E-1
1.477225E+4	4.219523E-1
1.477250E+4	4.188722E-1
1.477275E+4	4.374619E-1
1.477300E+4	5.406637E-1
1.477325E+4	5.231419E-1
1.477350E+4	4.799379E-1
1.477375E+4	6.074707E-1
1.477400E+4	7.614189E-1
1.477425E+4	8.019511E-1
1.477450E+4	7.537646E-1
1.477475E+4	6.413165E-1
1.477500E+4	6.605894E-1
1.477525E+4	7.816117E-1
1.477550E+4	6.254217E-1
1.477575E+4	2.352732E-1
1.477600E+4	1.297794E-1
1.477625E+4	4.461601E-1
1.477650E+4	5.861528E-1
1.477675E+4	3.738662E-1
1.477700E+4	1.187802E-1
1.477725E+4	4.148891E-1
1.477750E+4	5.989646E-1
1.477775E+4	5.973739E-1
1.477800E+4	2.378266E-1
1.477825E+4	2.888075E-1
1.477850E+4	6.189214E-1
1.477875E+4	7.820947E-1
1.477900E+4	6.641872E-1
1.477925E+4	3.662435E-1
1.477950E+4	3.951750E-1
1.477975E+4	4.638994E-1
1.478000E+4	3.775207E-1
1.478025E+4	2.069186E-1
1.478050E+4	4.150237E-1
1.478075E+4	4.746749E-1
1.478100E+4	4.324475E-1
1.478125E+4	4.264003E-1
1.478150E+4	4.846729E-1
1.478175E+4	5.003712E-1
1.478200E+4	3.722814E-1
1.478225E+4	1.789299E-1
1.478250E+4	3.631898E-1
1.478275E+4	4.598524E-1
1.478300E+4	4.065515E-1
1.478325E+4	3.033155E-1
1.478350E+4	3.948419E-1
1.478375E+4	5.215669E-1
1.478400E+4	5.845887E-1
1.478425E+4	5.164142E-1
1.478450E+4	4.477592E-1
1.478475E+4	5.943902E-1
1.478500E+4	6.962454E-1
1.478525E+4	7.203291E-1
1.478550E+4	6.932553E-1
1.478575E+4	6.483871E-1
1.478600E+4	6.442427E-1
1.478625E+4	6.312098E-1
1.478650E+4	5.849304E-1
1.478675E+4	5.151133E-1
1.478700E+4	4.271177E-1
1.478725E+4	5.266450E-1
1.478750E+4	5.910080E-1
1.478775E+4	4.339951E-1
1.478800E+4	1.969515E-1
1.478825E+4	1.360834E-1
1.478850E+4	3.306705E-1
1.478875E+4	3.956515E-1
1.478900E+4	1.439555E-1
1.478925E+4	1.490372E-1
1.478950E+4	6.349782E-1
1.478975E+4	8.192827E-1
1.479000E+4	8.047510E-1
1.479025E+4	5.267036E-1
1.479050E+4	2.965928E-1
1.479075E+4	3.250089E-1
1.479100E+4	4.473713E-1
1.479125E+4	5.833954E-1
1.479150E+4	6.313456E-1
1.479175E+4	6.099130E-1
1.479200E+4	5.568816E-1
1.479225E+4	4.951773E-1
1.479250E+4	5.421168E-1
1.479275E+4	5.536812E-1
1.479300E+4	3.995354E-1
1.479325E+4	2.969811E-1
1.479350E+4	4.022111E-1
1.479375E+4	5.080157E-1
1.479400E+4	5.404449E-1
1.479425E+4	2.767515E-1
1.479450E+4	2.629487E-1
1.479475E+4	3.446684E-1
1.479500E+4	2.704453E-1
1.479525E+4	1.861914E-1
1.479550E+4	3.673382E-1
1.479575E+4	6.828504E-1
1.479600E+4	8.105531E-1
1.479625E+4	6.623673E-1
1.479650E+4	2.902599E-1
1.479675E+4	3.697261E-1
1.479700E+4	5.217029E-1
1.479725E+4	5.543172E-1
1.479750E+4	4.368650E-1
1.479775E+4	2.698514E-1
1.479800E+4	4.808509E-1
1.479825E+4	6.086835E-1
1.479850E+4	5.054208E-1
1.479875E+4	1.533296E-1
1.479900E+4	3.111514E-2
1.479925E+4	1.655316E-1
1.479950E+4	2.594077E-1
1.479975E+4	3.111884E-1
1.480000E+4	3.640844E-1
1.480025E+4	4.077770E-1
1.480050E+4	4.339176E-1
1.480075E+4	5.313813E-1
1.480100E+4	6.776931E-1
1.480125E+4	7.521499E-1
1.480150E+4	7.587018E-1
1.480175E+4	7.180390E-1
1.480200E+4	5.618690E-1
1.480225E+4	1.965771E-1
1.480250E+4	3.637989E-1
1.480275E+4	5.548096E-1
1.480300E+4	5.783781E-1
1.480325E+4	4.861985E-1
1.480350E+4	6.060358E-1
1.480375E+4	7.370611E-1
1.480400E+4	7.249141E-1
1.480425E+4	6.039523E-1
1.480450E+4	3.987462E-1
1.480475E+4	2.309527E-1
1.480500E+4	3.266497E-1
1.480525E+4	3.934641E-1
1.480550E+4	2.265966E-1
1.480575E+4	4.438261E-2
1.480600E+4	5.441820E-2
1.480625E+4	4.229195E-1
1.480650E+4	6.471986E-1
1.480675E+4	6.256179E-1
1.480700E+4	5.824410E-1
1.480725E+4	5.572245E-1
1.480750E+4	5.193764E-1
1.480775E+4	4.289899E-1
1.480800E+4	3.220651E-1
1.480825E+4	1.984652E-1
1.480850E+4	1.621944E-1
1.480875E+4	4.341218E-1
1.480900E+4	5.763973E-1
1.480925E+4	5.927506E-1
1.480950E+4	6.212192E-1
1.480975E+4	7.582824E-1
1.481000E+4	7.824431E-1
1.481025E+4	6.465209E-1
1.481050E+4	3.887024E-1
1.481075E+4	5.923231E-2
1.481100E+4	2.090971E-1
1.481125E+4	4.597978E-1
1.481150E+4	3.316077E-1
1.481175E+4	2.310750E-1
1.481200E+4	5.457956E-1
1.481225E+4	5.838131E-1
1.481250E+4	5.023404E-1
1.481275E+4	2.876790E-1
1.481300E+4	1.275821E-2
1.481325E+4	1.979164E-1
1.481350E+4	1.823033E-1
1.481375E+4	6.230693E-2
1.481400E+4	3.164729E-1
1.481425E+4	5.720917E-1
1.481450E+4	6.737954E-1
1.481475E+4	5.915632E-1
1.481500E+4	2.228183E-1
1.481525E+4	4.515575E-1
1.481550E+4	5.378594E-1
1.481575E+4	3.757273E-1
1.481600E+4	2.974842E-1
1.481625E+4	3.630252E-1
1.481650E+4	2.910184E-1
1.481675E+4	9.015142E-2
1.481700E+4	2.533991E-1
1.481725E+4	5.365331E-1
1.481750E+4	5.363147E-1
1.481775E+4	3.565677E-1
1.481800E+4	4.100057E-2
1.481825E+4	1.730002E-1
1.481850E+4	4.899326E-1
1.481875E+4	5.273179E-1
1.481900E+4	3.504798E-1
1.481925E+4	3.310803E-1
1.481950E+4	6.476402E-1
1.481975E+4	7.095381E-1
1.482000E+4	5.708690E-1
1.482025E+4	1.634660E-1
1.482050E+4	1.918993E-1
1.482075E+4	4.948261E-1
1.482100E+4	2.257691E-1
1.482125E+4	1.776312E-1
1.482150E+4	4.544759E-1
1.482175E+4	5.474352E-1
1.482200E+4	5.240727E-1
1.482225E+4	1.397098E-1
1.482250E+4	1.793950E-1
1.482275E+4	2.599614E-1
1.482300E+4	2.383733E-1
1.482325E+4	1.771871E-1
1.482350E+4	2.107377E-1
1.482375E+4	1.969864E-1
1.482400E+4	1.782978E-1
1.482425E+4	2.134747E-1
1.482450E+4	3.159334E-1
1.482475E+4	4.665730E-1
1.482500E+4	4.982807E-1
1.482525E+4	2.021048E-1
1.482550E+4	2.941433E-1
1.482575E+4	4.023062E-1
1.482600E+4	4.195126E-1
1.482625E+4	5.625287E-1
1.482650E+4	6.917861E-1
1.482675E+4	6.987729E-1
1.482700E+4	6.141422E-1
1.482725E+4	3.877537E-1
1.482750E+4	1.768016E-1
1.482775E+4	3.891357E-1
1.482800E+4	5.115987E-1
1.482825E+4	4.866444E-1
1.482850E+4	4.613072E-1
1.482875E+4	5.487463E-1
1.482900E+4	6.084821E-1
1.482925E+4	4.921479E-1
1.482950E+4	3.491560E-1
1.482975E+4	5.891328E-1
1.483000E+4	7.525766E-1
1.483025E+4	7.631014E-1
1.483050E+4	6.321399E-1
1.483075E+4	4.482243E-1
1.483100E+4	2.897369E-1
1.483125E+4	9.829264E-2
1.483150E+4	2.166992E-1
1.483175E+4	5.059199E-1
1.483200E+4	4.562552E-1
1.483225E+4	2.706827E-1
1.483250E+4	5.640138E-2
1.483275E+4	1.706223E-1
1.483300E+4	4.342347E-1
1.483325E+4	4.421997E-1
1.483350E+4	2.779177E-1
1.483375E+4	2.356937E-1
1.483400E+4	8.316813E-1
1.483425E+4	8.394775E-1
1.483450E+4	6.148432E-1
1.483475E+4	2.064445E-1
1.483500E+4	2.186496E-1
1.483525E+4	6.124127E-1
1.483550E+4	6.673917E-1
1.483575E+4	6.067477E-1
1.483600E+4	4.813600E-1
1.483625E+4	5.119384E-1
1.483650E+4	5.710293E-1
1.483675E+4	5.943339E-1
1.483700E+4	6.385991E-1
1.483725E+4	6.507480E-1
1.483750E+4	5.094072E-1
1.483775E+4	3.425247E-1
1.483800E+4	3.812873E-1
1.483825E+4	6.022034E-1
1.483850E+4	7.680915E-1
1.483875E+4	7.386443E-1
1.483900E+4	5.825123E-1
1.483925E+4	5.766162E-1
1.483950E+4	6.410415E-1
1.483975E+4	6.380274E-1
1.484000E+4	5.124409E-1
1.484025E+4	3.334433E-1
1.484050E+4	3.665191E-1
1.484075E+4	3.997509E-1
1.484100E+4	3.714714E-1
1.484125E+4	4.489179E-1
1.484150E+4	6.674365E-1
1.484175E+4	5.941859E-1
1.484200E+4	3.323359E-1
1.484225E+4	1.690684E-1
1.484250E+4	2.701118E-1
1.484275E+4	5.219780E-1
1.484300E+4	7.609520E-1
1.484325E+4	7.337145E-1
1.484350E+4	4.034160E-1
1.484375E+4	2.771225E-1
1.484400E+4	2.322698E-1
1.484425E+4	1.273718E-1
1.484450E+4	5.496564E-2
1.484475E+4	2.641554E-1
1.484500E+4	4.972855E-1
1.484525E+4	6.182259E-1
1.484550E+4	5.987758E-1
1.484575E+4	3.625889E-1
1.484600E+4	3.659130E-1
1.484625E+4	4.460715E-1
1.484650E+4	4.734323E-1
1.484675E+4	4.390847E-1
1.484700E+4	3.192691E-1
1.484725E+4	2.999991E-1
1.484750E+4	3.564206E-1
1.484775E+4	3.416543E-1
1.484800E+4	2.799125E-1
1.484825E+4	2.054742E-1
1.484850E+4	1.654406E-1
1.484875E+4	1.619158E-1
1.484900E+4	1.782909E-1
1.484925E+4	1.915088E-1
1.484950E+4	1.747255E-1
1.484975E+4	2.299938E-1
1.485000E+4	4.225921E-1
1.485025E+4	4.678056E-1
1.485050E+4	4.286016E-1
1.485075E+4	4.146507E-1
1.485100E+4	5.143400E-1
1.485125E+4	7.030317E-1
1.485150E+4	7.746675E-1
1.485175E+4	6.227408E-1
1.485200E+4	4.515997E-1
1.485225E+4	5.301049E-1
1.485250E+4	7.119048E-1
1.485275E+4	6.459581E-1
1.485300E+4	3.090962E-1
1.485325E+4	2.113921E-1
1.485350E+4	3.372828E-1
1.485375E+4	4.667646E-1
1.485400E+4	3.296400E-1
1.485425E+4	1.140837E-1
1.485450E+4	3.371755E-1
1.485475E+4	4.087157E-1
1.485500E+4	2.543798E-1
1.485525E+4	3.327756E-2
1.485550E+4	1.776745E-1
1.485575E+4	3.816428E-1
1.485600E+4	5.163430E-1
1.485625E+4	4.488295E-1
1.485650E+4	3.587107E-1
1.485675E+4	4.699275E-1
1.485700E+4	5.606334E-1
1.485725E+4	6.282131E-1
1.485750E+4	6.481451E-1
1.485775E+4	6.161648E-1
1.485800E+4	6.426403E-1
1.485825E+4	6.831330E-1
1.485850E+4	5.617673E-1
1.485875E+4	3.402520E-1
1.485900E+4	2.336633E-1
1.485925E+4	2.210592E-1
1.485950E+4	2.575864E-1
1.485975E+4	3.062420E-1
1.486000E+4	2.199886E-1
1.486025E+4	6.596230E-2
1.486050E+4	5.277935E-2
1.486075E+4	1.024663E-1
1.486100E+4	2.427153E-1
1.486125E+4	4.711773E-1
1.486150E+4	6.071452E-1
1.486175E+4	5.148227E-1
1.486200E+4	1.857633E-1
1.486225E+4	6.839535E-3
1.486250E+4	2.353996E-1
1.486275E+4	5.398218E-1
1.486300E+4	6.758498E-1
1.486325E+4	5.556887E-1
1.486350E+4	1.725140E-1
1.486375E+4	3.321142E-1
1.486400E+4	6.763497E-1
1.486425E+4	7.257018E-1
1.486450E+4	5.822255E-1
1.486475E+4	3.376726E-1
1.486500E+4	3.416438E-1
1.486525E+4	3.890497E-1
1.486550E+4	3.440356E-1
1.486575E+4	3.050557E-1
1.486600E+4	5.269114E-1
1.486625E+4	6.854987E-1
1.486650E+4	7.102255E-1
1.486675E+4	7.119002E-1
1.486700E+4	5.887637E-1
1.486725E+4	3.260258E-1
1.486750E+4	1.579479E-1
1.486775E+4	3.495071E-2
1.486800E+4	3.105119E-2
1.486825E+4	2.546275E-1
1.486850E+4	4.331770E-1
1.486875E+4	5.192834E-1
1.486900E+4	5.815957E-1
1.486925E+4	5.489067E-1
1.486950E+4	4.528710E-1
1.486975E+4	5.563866E-1
1.487000E+4	7.477228E-1
1.487025E+4	6.367472E-1
1.487050E+4	3.495064E-1
1.487075E+4	6.972825E-2
1.487100E+4	5.791434E-2
1.487125E+4	4.599518E-1
1.487150E+4	5.754607E-1
1.487175E+4	3.978018E-1
1.487200E+4	3.479234E-1
1.487225E+4	4.250002E-1
1.487250E+4	3.885438E-1
1.487275E+4	3.082034E-1
1.487300E+4	4.147674E-1
1.487325E+4	6.294889E-1
1.487350E+4	7.715023E-1
1.487375E+4	7.221338E-1
1.487400E+4	3.363101E-1
1.487425E+4	4.823639E-1
1.487450E+4	7.214826E-1
1.487475E+4	5.899056E-1
1.487500E+4	2.148510E-1
1.487525E+4	2.958188E-1
1.487550E+4	4.503036E-1
1.487575E+4	4.140076E-1
1.487600E+4	3.345327E-1
1.487625E+4	5.139520E-1
1.487650E+4	5.713563E-1
1.487675E+4	5.058191E-1
1.487700E+4	2.086994E-1
1.487725E+4	8.158730E-2
1.487750E+4	2.957600E-1
1.487775E+4	3.375999E-1
1.487800E+4	3.779822E-1
1.487825E+4	6.755789E-1
1.487850E+4	8.440327E-1
1.487875E+4	6.756720E-1
1.487900E+4	5.487962E-1
1.487925E+4	5.671099E-1
1.487950E+4	5.949599E-1
1.487975E+4	4.697992E-1
1.488000E+4	2.543836E-1
1.488025E+4	1.345725E-1
1.488050E+4	3.182182E-1
1.488075E+4	5.371049E-1
1.488100E+4	4.124724E-1
1.488125E+4	1.729012E-1
1.488150E+4	7.995449E-2
1.488175E+4	4.793046E-2
1.488200E+4	9.433005E-3
1.488225E+4	1.658092E-1
1.488250E+4	3.683760E-1
1.488275E+4	3.793615E-1
1.488300E+4	3.572989E-1
1.488325E+4	3.440307E-1
1.488350E+4	1.977177E-1
1.488375E+4	9.048379E-2
1.488400E+4	3.896242E-2
1.488425E+4	4.763396E-2
1.488450E+4	1.462219E-1
1.488475E+4	3.980865E-1
1.488500E+4	6.508293E-1
1.488525E+4	4.483506E-1
1.488550E+4	2.690198E-1
1.488575E+4	1.449248E-1
1.488600E+4	5.997326E-2
1.488625E+4	1.757694E-1
1.488650E+4	2.426359E-1
1.488675E+4	2.153036E-1
1.488700E+4	9.070201E-2
1.488725E+4	2.439227E-2
1.488750E+4	1.540208E-1
1.488775E+4	3.378740E-1
1.488800E+4	4.201857E-1
1.488825E+4	4.291063E-1
1.488850E+4	4.397409E-1
1.488875E+4	4.248691E-1
1.488900E+4	3.914547E-1
1.488925E+4	5.172324E-1
1.488950E+4	6.978570E-1
1.488975E+4	7.005553E-1
1.489000E+4	5.220201E-1
1.489025E+4	4.436330E-1
1.489050E+4	5.558737E-1
1.489075E+4	5.038119E-1
1.489100E+4	1.276153E-1
1.489125E+4	4.327987E-1
1.489150E+4	6.181732E-1
1.489175E+4	6.631707E-1
1.489200E+4	5.674986E-1
1.489225E+4	3.081906E-1
1.489250E+4	3.493233E-1
1.489275E+4	5.368725E-1
1.489300E+4	4.170551E-1
1.489325E+4	2.199079E-1
1.489350E+4	2.216585E-1
1.489375E+4	3.480595E-1
1.489400E+4	3.600777E-1
1.489425E+4	2.897997E-1
1.489450E+4	4.228360E-1
1.489475E+4	5.427799E-1
1.489500E+4	5.658686E-1
1.489525E+4	4.384712E-1
1.489550E+4	2.040518E-1
1.489575E+4	2.724170E-1
1.489600E+4	6.837562E-1
1.489625E+4	7.068583E-1
1.489650E+4	6.214211E-1
1.489675E+4	5.760036E-1
1.489700E+4	5.774579E-1
1.489725E+4	6.006406E-1
1.489750E+4	5.527354E-1
1.489775E+4	4.423971E-1
1.489800E+4	2.389777E-1
1.489825E+4	1.313497E-1
1.489850E+4	3.777368E-1
1.489875E+4	5.995951E-1
1.489900E+4	7.482384E-1
1.489925E+4	7.715682E-1
1.489950E+4	6.997172E-1
1.489975E+4	5.634076E-1
1.490000E+4	3.455014E-1
1.490025E+4	3.764428E-1
1.490050E+4	7.595754E-1
1.490075E+4	9.144653E-1
1.490100E+4	8.700103E-1
1.490125E+4	5.899359E-1
1.490150E+4	6.122603E-1
1.490175E+4	6.656707E-1
1.490200E+4	6.080201E-1
1.490225E+4	2.432631E-1
1.490250E+4	2.134425E-1
1.490275E+4	4.410191E-1
1.490300E+4	4.950761E-1
1.490325E+4	4.674508E-1
1.490350E+4	5.567091E-1
1.490375E+4	6.574100E-1
1.490400E+4	5.586274E-1
1.490425E+4	2.978098E-1
1.490450E+4	7.515573E-2
1.490475E+4	2.109980E-1
1.490500E+4	4.092904E-1
1.490525E+4	5.387922E-1
1.490550E+4	6.068671E-1
1.490575E+4	5.875498E-1
1.490600E+4	4.759008E-1
1.490625E+4	3.966359E-1
1.490650E+4	6.352269E-1
1.490675E+4	8.441424E-1
1.490700E+4	8.518094E-1
1.490725E+4	1.228096E-1
1.490750E+4	3.377497E-1
1.490775E+4	6.420681E-1
1.490800E+4	7.873072E-1
1.490825E+4	8.693775E-1
1.490850E+4	5.198663E-1
1.490875E+4	3.153452E-1
1.490900E+4	1.884010E-1
1.490925E+4	4.889380E-2
1.490950E+4	5.084675E-1
1.490975E+4	8.201844E-1
1.491000E+4	7.238380E-1
1.491025E+4	3.232142E-1
1.491050E+4	2.507859E-2
1.491075E+4	3.522348E-1
1.491100E+4	5.272002E-1
1.491125E+4	5.359403E-1
1.491150E+4	3.481912E-1
1.491175E+4	3.852504E-1
1.491200E+4	5.402213E-1
1.491225E+4	5.302760E-1
1.491250E+4	5.342806E-1
1.491275E+4	7.097977E-1
1.491300E+4	8.447790E-1
1.491325E+4	4.748202E-1
1.491350E+4	2.190394E-1
1.491375E+4	2.005303E-1
1.491400E+4	3.693283E-1
1.491425E+4	5.465081E-1
1.491450E+4	3.489167E-1
1.491475E+4	2.463076E-1
1.491500E+4	3.556490E-1
1.491525E+4	4.827502E-1
1.491550E+4	5.735280E-1
1.491575E+4	5.571038E-1
1.491600E+4	3.068789E-1
1.491625E+4	5.820539E-2
1.491650E+4	3.240184E-1
1.491675E+4	7.045233E-1
1.491700E+4	9.074578E-1
1.491725E+4	8.785143E-1
1.491750E+4	5.995034E-1
1.491775E+4	2.933138E-1
1.491800E+4	4.321872E-1
1.491825E+4	6.176347E-1
1.491850E+4	6.146727E-1
1.491875E+4	4.823122E-1
1.491900E+4	2.390356E-1
1.491925E+4	2.212795E-2
1.491950E+4	2.570587E-1
1.491975E+4	4.258846E-1
1.492000E+4	3.892944E-1
1.492025E+4	3.313185E-1
1.492050E+4	3.933130E-1
1.492075E+4	4.522954E-1
1.492100E+4	4.540041E-1
1.492125E+4	5.624727E-1
1.492150E+4	7.427039E-1
1.492175E+4	8.203164E-1
1.492200E+4	7.492414E-1
1.492225E+4	6.372716E-1
1.492250E+4	5.556343E-1
1.492275E+4	4.494883E-1
1.492300E+4	2.141511E-1
1.492325E+4	1.285770E-1
1.492350E+4	5.432777E-1
1.492375E+4	5.773586E-1
1.492400E+4	3.971995E-1
1.492425E+4	5.727317E-1
1.492450E+4	7.857494E-1
1.492475E+4	7.979108E-1
1.492500E+4	7.056943E-1
1.492525E+4	3.613438E-1
1.492550E+4	5.212073E-1
1.492575E+4	6.455332E-1
1.492600E+4	5.737061E-1
1.492625E+4	4.415104E-1
1.492650E+4	4.842198E-1
1.492675E+4	6.916110E-1
1.492700E+4	7.694375E-1
1.492725E+4	6.627770E-1
1.492750E+4	5.591501E-1
1.492775E+4	6.249673E-1
1.492800E+4	6.787230E-1
1.492825E+4	6.355135E-1
1.492850E+4	5.992455E-1
1.492875E+4	6.451507E-1
1.492900E+4	6.692942E-1
1.492925E+4	5.672687E-1
1.492950E+4	2.077665E-1
1.492975E+4	3.742414E-1
1.493000E+4	4.580868E-1
1.493025E+4	4.346663E-1
1.493050E+4	4.410922E-1
1.493075E+4	5.896737E-1
1.493100E+4	6.405933E-1
1.493125E+4	5.397446E-1
1.493150E+4	3.557111E-1
1.493175E+4	3.449495E-1
1.493200E+4	5.097632E-1
1.493225E+4	6.495019E-1
1.493250E+4	6.496000E-1
1.493275E+4	4.499315E-1
1.493300E+4	3.058045E-1
1.493325E+4	2.337342E-1
1.493350E+4	1.890432E-1
1.493375E+4	3.029589E-1
1.493400E+4	5.904883E-1
1.493425E+4	7.229509E-1
1.493450E+4	7.581886E-1
1.493475E+4	7.369042E-1
1.493500E+4	6.247821E-1
1.493525E+4	5.616305E-1
1.493550E+4	6.792884E-1
1.493575E+4	7.973785E-1
1.493600E+4	6.092010E-1
1.493625E+4	3.274927E-1
1.493650E+4	1.263009E-1
1.493675E+4	1.210302E-2
1.493700E+4	1.656655E-1
1.493725E+4	4.859773E-1
1.493750E+4	5.480943E-1
1.493775E+4	4.466926E-1
1.493800E+4	2.636003E-1
1.493825E+4	1.893408E-1
1.493850E+4	4.747160E-1
1.493875E+4	6.883569E-1
1.493900E+4	5.302091E-1
1.493925E+4	2.650157E-1
1.493950E+4	4.389968E-1
1.493975E+4	5.342889E-1
1.494000E+4	4.979349E-1
1.494025E+4	2.555592E-1
1.494050E+4	2.606243E-1
1.494075E+4	5.570625E-1
1.494100E+4	5.405297E-1
1.494125E+4	3.345207E-1
1.494150E+4	2.110637E-1
1.494175E+4	5.195401E-1
1.494200E+4	8.279237E-1
1.494225E+4	9.021814E-1
1.494250E+4	7.786006E-1
1.494275E+4	6.154165E-1
1.494300E+4	4.598843E-1
1.494325E+4	3.930334E-1
1.494350E+4	3.833860E-1
1.494375E+4	3.180681E-1
1.494400E+4	2.102961E-1
1.494425E+4	8.667171E-2
1.494450E+4	1.340131E-1
1.494475E+4	5.939225E-1
1.494500E+4	8.937804E-1
1.494525E+4	7.710576E-1
1.494550E+4	3.068406E-1
1.494575E+4	4.437073E-2
1.494600E+4	3.512770E-1
1.494625E+4	4.603503E-1
1.494650E+4	1.439666E-1
1.494675E+4	1.512946E-1
1.494700E+4	2.437727E-1
1.494725E+4	2.714141E-1
1.494750E+4	3.280766E-1
1.494775E+4	5.166271E-1
1.494800E+4	7.532107E-1
1.494825E+4	7.413219E-1
1.494850E+4	5.951877E-1
1.494875E+4	6.579099E-1
1.494900E+4	8.340516E-1
1.494925E+4	8.386062E-1
1.494950E+4	5.696957E-1
1.494975E+4	4.759063E-1
1.495000E+4	6.007954E-1
1.495025E+4	6.804673E-1
1.495050E+4	6.936821E-1
1.495075E+4	7.396340E-1
1.495100E+4	8.042825E-1
1.495125E+4	7.759810E-1
1.495150E+4	6.692333E-1
1.495175E+4	5.719689E-1
1.495200E+4	5.910374E-1
1.495225E+4	7.084967E-1
1.495250E+4	6.138221E-1
1.495275E+4	4.365017E-1
1.495300E+4	3.871924E-1
1.495325E+4	3.341083E-1
1.495350E+4	2.238583E-1
1.495375E+4	1.229802E-1
1.495400E+4	2.552147E-1
1.495425E+4	4.407983E-1
1.495450E+4	5.124041E-1
1.495475E+4	5.784338E-1
1.495500E+4	6.213948E-1
1.495525E+4	5.070509E-1
1.495550E+4	2.735731E-1
1.495575E+4	2.480616E-1
1.495600E+4	5.356961E-1
1.495625E+4	8.440770E-1
1.495650E+4	6.378469E-1
1.495675E+4	3.138682E-1
1.495700E+4	2.345877E-1
1.495725E+4	2.039225E-1
1.495750E+4	1.411950E-1
1.495775E+4	1.233018E-1
1.495800E+4	2.107360E-1
1.495825E+4	3.139604E-1
1.495850E+4	3.033557E-1
1.495875E+4	2.167321E-1
1.495900E+4	3.691990E-1
1.495925E+4	7.096299E-1
1.495950E+4	8.791182E-1
1.495975E+4	7.578043E-1
1.496000E+4	5.262463E-1
1.496025E+4	4.426289E-1
1.496050E+4	6.507986E-1
1.496075E+4	8.574663E-1
1.496100E+4	7.760621E-1
1.496125E+4	5.160551E-1
1.496150E+4	4.007109E-1
1.496175E+4	5.236694E-1
1.496200E+4	5.778318E-1
1.496225E+4	5.131790E-1
1.496250E+4	3.649456E-1
1.496275E+4	2.264229E-1
1.496300E+4	1.940341E-1
1.496325E+4	1.826129E-1
1.496350E+4	1.964544E-1
1.496375E+4	2.565339E-1
1.496400E+4	3.625133E-1
1.496425E+4	4.290488E-1
1.496450E+4	3.948070E-1
1.496475E+4	4.171250E-1
1.496500E+4	4.358107E-1
1.496525E+4	4.021718E-1
1.496550E+4	3.346973E-1
1.496575E+4	3.382636E-1
1.496600E+4	4.224859E-1
1.496625E+4	5.197854E-1
1.496650E+4	5.556870E-1
1.496675E+4	5.962294E-1
1.496700E+4	6.495872E-1
1.496725E+4	6.124082E-1
1.496750E+4	3.069931E-1
1.496775E+4	2.639580E-1
1.496800E+4	4.707408E-1
1.496825E+4	7.067403E-1
1.496850E+4	8.076363E-1
1.496875E+4	6.821623E-1
1.496900E+4	4.991829E-1
1.496925E+4	3.389803E-1
1.496950E+4	3.493638E-1
1.496975E+4	6.309362E-1
1.497000E+4	7.827432E-1
1.497025E+4	7.801019E-1
1.497050E+4	5.566492E-1
1.497075E+4	3.518026E-1
1.497100E+4	4.928511E-1
1.497125E+4	6.404047E-1
1.497150E+4	6.676112E-1
1.497175E+4	4.859965E-1
1.497200E+4	3.380636E-1
1.497225E+4	2.982664E-1
1.497250E+4	3.182746E-1
1.497275E+4	4.407327E-1
1.497300E+4	5.168103E-1
1.497325E+4	5.752213E-1
1.497350E+4	6.420553E-1
1.497375E+4	3.993852E-1
1.497400E+4	3.814775E-1
1.497425E+4	4.775787E-1
1.497450E+4	5.905294E-1
1.497475E+4	6.352569E-1
1.497500E+4	4.372073E-1
1.497525E+4	2.536642E-1
1.497550E+4	2.775016E-1
1.497575E+4	3.993985E-1
1.497600E+4	4.781778E-1
1.497625E+4	3.720384E-1
1.497650E+4	1.701226E-1
1.497675E+4	3.752466E-1
1.497700E+4	5.493309E-1
1.497725E+4	5.981604E-1
1.497750E+4	6.232335E-1
1.497775E+4	6.726315E-1
1.497800E+4	6.407495E-1
1.497825E+4	5.887451E-1
1.497850E+4	5.441524E-1
1.497875E+4	5.004679E-1
1.497900E+4	4.493745E-1
1.497925E+4	3.823564E-1
1.497950E+4	3.054982E-1
1.497975E+4	2.818288E-1
1.498000E+4	2.667240E-1
1.498025E+4	2.350204E-1
1.498050E+4	2.201375E-1
1.498075E+4	4.189687E-1
1.498100E+4	5.801653E-1
1.498125E+4	3.073697E-1
1.498150E+4	2.119748E-1
1.498175E+4	2.538571E-1
1.498200E+4	3.345547E-1
1.498225E+4	3.330642E-1
1.498250E+4	3.062156E-1
1.498275E+4	4.340713E-1
1.498300E+4	7.022882E-1
1.498325E+4	7.631827E-1
1.498350E+4	6.388640E-1
1.498375E+4	4.190775E-1
1.498400E+4	2.330807E-1
1.498425E+4	2.713567E-1
1.498450E+4	2.558326E-1
1.498475E+4	2.589881E-1
1.498500E+4	5.337310E-1
1.498525E+4	4.515707E-1
1.498550E+4	3.527048E-1
1.498575E+4	3.363417E-1
1.498600E+4	4.121173E-1
1.498625E+4	4.657028E-1
1.498650E+4	4.254729E-1
1.498675E+4	2.331062E-1
1.498700E+4	4.341947E-1
1.498725E+4	5.173069E-1
1.498750E+4	4.490071E-1
1.498775E+4	3.546150E-1
1.498800E+4	2.886941E-1
1.498825E+4	4.146011E-1
1.498850E+4	5.371412E-1
1.498875E+4	4.873827E-1
1.498900E+4	2.617180E-1
1.498925E+4	1.271623E-2
1.498950E+4	4.723162E-1
1.498975E+4	7.813888E-1
1.499000E+4	7.723790E-1
1.499025E+4	4.767079E-1
1.499050E+4	1.737198E-1
1.499075E+4	3.844890E-1
1.499100E+4	6.959527E-1
1.499125E+4	6.927288E-1
1.499150E+4	2.583632E-1
1.499175E+4	1.495307E-1
1.499200E+4	4.561387E-1
1.499225E+4	7.417319E-1
1.499250E+4	7.069072E-1
1.499275E+4	3.286057E-1
1.499300E+4	4.604047E-1
1.499325E+4	6.109396E-1
1.499350E+4	6.968448E-1
1.499375E+4	7.549847E-1
1.499400E+4	8.311910E-1
1.499425E+4	7.342507E-1
1.499450E+4	5.639296E-1
1.499475E+4	2.895672E-1
1.499500E+4	7.189446E-2
1.499525E+4	5.133946E-1
1.499550E+4	7.867481E-1
1.499575E+4	8.335059E-1
1.499600E+4	6.565235E-1
1.499625E+4	8.934985E-2
1.499650E+4	8.783284E-2
1.499675E+4	2.136657E-1
1.499700E+4	3.913312E-1
1.499725E+4	6.268451E-1
1.499750E+4	7.898036E-1
1.499775E+4	7.788753E-1
1.499800E+4	5.407369E-1
1.499825E+4	1.659631E-1
1.499850E+4	3.011735E-1
1.499875E+4	6.614409E-1
1.499900E+4	8.122702E-1
1.499925E+4	8.258712E-1
1.499950E+4	8.142094E-1
1.499975E+4	8.115691E-1
1.500000E+4	8.300305E-1
1.500025E+4	8.883010E-1
1.500050E+4	8.771470E-1
1.500075E+4	7.741429E-1
1.500100E+4	5.412812E-1
1.500125E+4	2.540183E-1
1.500150E+4	4.921947E-1
1.500175E+4	7.261410E-1
1.500200E+4	7.272133E-1
1.500225E+4	5.148244E-1
1.500250E+4	1.870668E-1
1.500275E+4	1.162500E-1
1.500300E+4	1.781482E-1
1.500325E+4	1.222316E-1
1.500350E+4	2.684862E-1
1.500375E+4	3.362586E-1
1.500400E+4	3.267003E-1
1.500425E+4	2.686591E-1
1.500450E+4	1.669658E-1
1.500475E+4	5.250564E-2
1.500500E+4	1.816033E-1
1.500525E+4	6.156497E-1
1.500550E+4	6.721537E-1
1.500575E+4	5.636647E-1
1.500600E+4	3.961868E-1
1.500625E+4	2.385579E-1
1.500650E+4	2.428950E-1
1.500675E+4	5.346113E-1
1.500700E+4	7.588955E-1
1.500725E+4	6.146478E-1
1.500750E+4	4.188108E-1
1.500775E+4	3.206594E-1
1.500800E+4	3.404973E-1
1.500825E+4	4.933481E-1
1.500850E+4	6.929241E-1
1.500875E+4	7.524760E-1
1.500900E+4	7.409547E-1
1.500925E+4	7.007494E-1
1.500950E+4	6.105021E-1
1.500975E+4	4.346203E-1
1.501000E+4	2.272235E-1
1.501025E+4	5.242464E-1
1.501050E+4	8.375376E-1
1.501075E+4	8.325385E-1
1.501100E+4	7.233903E-1
1.501125E+4	5.954235E-1
1.501150E+4	4.971850E-1
1.501175E+4	4.331500E-1
1.501200E+4	3.520873E-1
1.501225E+4	2.924858E-1
1.501250E+4	3.811176E-1
1.501275E+4	4.620074E-1
1.501300E+4	4.731338E-1
1.501325E+4	4.080293E-1
1.501350E+4	2.547419E-1
1.501375E+4	2.831845E-2
1.501400E+4	1.917179E-1
1.501425E+4	3.582651E-1
1.501450E+4	4.133619E-1
1.501475E+4	4.678661E-1
1.501500E+4	4.681362E-1
1.501525E+4	3.511297E-1
1.501550E+4	2.816334E-1
1.501575E+4	3.641274E-1
1.501600E+4	4.295433E-1
1.501625E+4	4.002971E-1
1.501650E+4	3.770232E-1
1.501675E+4	4.750315E-1
1.501700E+4	5.132600E-1
1.501725E+4	3.487686E-1
1.501750E+4	5.701067E-2
1.501775E+4	4.184621E-2
1.501800E+4	2.447673E-1
1.501825E+4	3.605284E-1
1.501850E+4	3.172386E-1
1.501875E+4	2.495225E-1
1.501900E+4	2.893386E-1
1.501925E+4	2.921016E-1
1.501950E+4	6.548192E-2
1.501975E+4	2.972616E-1
1.502000E+4	4.598163E-1
1.502025E+4	5.077859E-1
1.502050E+4	3.880384E-1
1.502075E+4	3.282435E-1
1.502100E+4	5.396918E-1
1.502125E+4	5.907532E-1
1.502150E+4	2.880187E-1
1.502175E+4	8.199581E-2
1.502200E+4	1.498679E-1
1.502225E+4	3.231305E-1
1.502250E+4	5.155255E-1
1.502275E+4	6.062987E-1
1.502300E+4	5.226494E-1
1.502325E+4	7.190091E-1
1.502350E+4	8.626501E-1
1.502375E+4	7.927930E-1
1.502400E+4	4.993417E-1
1.502425E+4	1.055777E-1
1.502450E+4	3.965440E-1
1.502475E+4	8.791702E-1
1.502500E+4	7.642680E-1
1.502525E+4	4.708652E-1
1.502550E+4	1.113752E-1
1.502575E+4	1.472198E-1
1.502600E+4	4.966768E-1
1.502625E+4	4.263272E-1
1.502650E+4	2.775864E-1
1.502675E+4	2.089606E-1
1.502700E+4	2.516558E-1
1.502725E+4	2.428528E-1
1.502750E+4	2.003327E-1
1.502775E+4	3.193219E-1
1.502800E+4	5.450161E-1
1.502825E+4	7.384428E-1
1.502850E+4	6.599574E-1
1.502875E+4	4.737543E-1
1.502900E+4	4.255801E-1
1.502925E+4	4.796265E-1
1.502950E+4	5.792876E-1
1.502975E+4	5.495111E-1
1.503000E+4	3.717584E-1
1.503025E+4	3.008746E-1
1.503050E+4	3.516734E-1
1.503075E+4	4.487045E-1
1.503100E+4	4.266986E-1
1.503125E+4	2.390614E-1
1.503150E+4	3.977647E-2
1.503175E+4	1.516171E-1
1.503200E+4	3.763864E-1
1.503225E+4	4.059279E-1
1.503250E+4	1.164014E-1
1.503275E+4	2.921177E-1
1.503300E+4	5.222790E-1
1.503325E+4	5.938178E-1
1.503350E+4	4.979555E-1
1.503375E+4	2.152519E-1
1.503400E+4	2.097216E-1
1.503425E+4	3.502696E-1
1.503450E+4	4.511589E-1
1.503475E+4	5.663032E-1
1.503500E+4	7.202909E-1
1.503525E+4	7.548690E-1
1.503550E+4	6.648177E-1
1.503575E+4	5.386624E-1
1.503600E+4	4.189384E-1
1.503625E+4	4.471833E-1
1.503650E+4	5.913623E-1
1.503675E+4	5.603607E-1
1.503700E+4	4.890723E-1
1.503725E+4	3.215431E-1
1.503750E+4	3.974330E-2
1.503775E+4	9.234917E-2
1.503800E+4	3.069295E-1
1.503825E+4	4.851902E-1
1.503850E+4	5.989683E-1
1.503875E+4	6.077544E-1
1.503900E+4	5.905395E-1
1.503925E+4	6.393232E-1
1.503950E+4	6.189042E-1
1.503975E+4	3.974919E-1
1.504000E+4	1.536478E-1
1.504025E+4	2.730890E-2
1.504050E+4	5.069761E-1
1.504075E+4	8.743630E-1
1.504100E+4	7.887946E-1
1.504125E+4	5.801138E-1
1.504150E+4	2.497580E-1
1.504175E+4	2.101439E-1
1.504200E+4	5.622624E-1
1.504225E+4	7.152140E-1
1.504250E+4	7.327492E-1
1.504275E+4	5.137456E-1
1.504300E+4	1.746791E-1
1.504325E+4	1.199423E-1
1.504350E+4	5.600385E-2
1.504375E+4	1.522212E-1
1.504400E+4	5.310126E-1
1.504425E+4	6.221342E-1
1.504450E+4	1.681749E-1
1.504475E+4	1.406423E-1
1.504500E+4	3.988563E-1
1.504525E+4	4.656425E-1
1.504550E+4	3.709761E-1
1.504575E+4	1.186121E-1
1.504600E+4	2.207885E-1
1.504625E+4	4.311861E-1
1.504650E+4	4.896188E-1
1.504675E+4	4.471323E-1
1.504700E+4	3.910319E-1
1.504725E+4	4.741484E-1
1.504750E+4	4.815216E-1
1.504775E+4	3.763274E-1
1.504800E+4	1.703398E-1
1.504825E+4	4.654349E-2
1.504850E+4	8.444897E-2
1.504875E+4	1.217125E-1
1.504900E+4	1.817797E-1
1.504925E+4	3.417765E-1
1.504950E+4	5.470916E-1
1.504975E+4	5.704013E-1
1.505000E+4	4.375355E-1
1.505025E+4	3.423154E-1
1.505050E+4	2.884979E-1
1.505075E+4	3.270156E-1
1.505100E+4	6.234087E-1
1.505125E+4	7.320685E-1
1.505150E+4	4.802621E-1
1.505175E+4	2.544439E-1
1.505200E+4	2.561432E-1
1.505225E+4	3.347502E-1
1.505250E+4	3.575566E-1
1.505275E+4	3.301675E-1
1.505300E+4	6.005392E-1
1.505325E+4	7.906922E-1
1.505350E+4	8.069373E-1
1.505375E+4	7.207700E-1
1.505400E+4	4.756891E-1
1.505425E+4	1.205923E-1
1.505450E+4	2.596177E-1
1.505475E+4	4.537650E-1
1.505500E+4	3.146122E-1
1.505525E+4	1.516829E-1
1.505550E+4	2.255991E-1
1.505575E+4	2.926328E-1
1.505600E+4	1.535852E-1
1.505625E+4	3.098360E-3
1.505650E+4	1.794293E-1
1.505675E+4	2.799283E-1
1.505700E+4	1.974605E-1
1.505725E+4	9.358684E-2
1.505750E+4	1.953774E-1
1.505775E+4	4.420759E-1
1.505800E+4	5.194723E-1
1.505825E+4	3.869889E-1
1.505850E+4	1.459661E-1
1.505875E+4	2.038085E-1
1.505900E+4	6.149102E-1
1.505925E+4	3.038366E-1
1.505950E+4	4.842531E-2
1.505975E+4	1.735441E-1
1.506000E+4	4.104000E-1
1.506025E+4	2.270504E-1
1.506050E+4	1.839977E-1
1.506075E+4	5.367659E-1
1.506100E+4	7.580465E-1
1.506125E+4	6.467829E-1
1.506150E+4	3.164014E-1
1.506175E+4	5.458998E-2
1.506200E+4	4.689190E-1
1.506225E+4	6.897226E-1
1.506250E+4	2.595439E-1
1.506275E+4	2.353291E-2
1.506300E+4	4.346143E-1
1.506325E+4	6.338239E-1
1.506350E+4	3.446428E-1
1.506375E+4	3.271070E-1
1.506400E+4	4.183989E-1
1.506425E+4	5.231403E-1
1.506450E+4	6.094292E-1
1.506475E+4	6.593984E-1
1.506500E+4	5.742664E-1
1.506525E+4	3.806681E-1
1.506550E+4	5.169744E-1
1.506575E+4	4.721559E-1
1.506600E+4	3.171018E-1
1.506625E+4	1.430991E-1
1.506650E+4	2.828653E-1
1.506675E+4	3.540986E-1
1.506700E+4	2.392650E-1
1.506725E+4	1.923752E-1
1.506750E+4	2.035188E-1
1.506775E+4	1.946971E-1
1.506800E+4	1.364398E-1
1.506825E+4	2.687787E-1
1.506850E+4	3.806569E-1
1.506875E+4	3.822159E-1
1.506900E+4	3.754627E-1
1.506925E+4	3.698087E-1
1.506950E+4	3.199236E-1
1.506975E+4	2.440440E-1
1.507000E+4	2.448151E-1
1.507025E+4	3.438258E-1
1.507050E+4	4.652717E-1
1.507075E+4	4.954011E-1
1.507100E+4	5.459082E-1
1.507125E+4	6.039296E-1
1.507150E+4	5.652590E-1
1.507175E+4	4.080284E-1
1.507200E+4	1.476825E-1
1.507225E+4	2.197621E-1
1.507250E+4	7.436758E-1
1.507275E+4	6.639476E-1
1.507300E+4	3.773444E-1
1.507325E+4	1.540432E-1
1.507350E+4	1.411830E-1
1.507375E+4	2.810060E-1
1.507400E+4	4.588050E-1
1.507425E+4	6.570627E-1
1.507450E+4	8.293466E-1
1.507475E+4	8.665099E-1
1.507500E+4	6.736425E-1
1.507525E+4	2.251235E-1
1.507550E+4	5.856693E-2
1.507575E+4	3.678099E-1
1.507600E+4	4.594316E-1
1.507625E+4	3.871381E-1
1.507650E+4	3.264966E-1
1.507675E+4	5.398560E-1
1.507700E+4	8.191343E-1
1.507725E+4	7.878811E-1
1.507750E+4	3.989727E-1
1.507775E+4	8.977900E-2
1.507800E+4	4.451584E-1
1.507825E+4	5.512786E-1
1.507850E+4	4.012084E-1
1.507875E+4	1.220075E-1
1.507900E+4	2.743809E-1
1.507925E+4	4.518560E-1
1.507950E+4	3.981445E-1
1.507975E+4	1.643093E-1
1.508000E+4	3.208330E-1
1.508025E+4	5.889724E-1
1.508050E+4	6.528301E-1
1.508075E+4	5.898011E-1
1.508100E+4	5.066032E-1
1.508125E+4	5.226516E-1
1.508150E+4	5.033764E-1
1.508175E+4	3.677796E-1
1.508200E+4	1.450607E-1
1.508225E+4	2.948764E-1
1.508250E+4	4.697852E-1
1.508275E+4	5.817548E-1
1.508300E+4	6.913009E-1
1.508325E+4	7.281352E-1
1.508350E+4	6.569019E-1
1.508375E+4	6.594734E-1
1.508400E+4	6.872328E-1
1.508425E+4	6.702236E-1
1.508450E+4	5.693673E-1
1.508475E+4	3.657893E-1
1.508500E+4	3.639420E-1
1.508525E+4	4.064894E-1
1.508550E+4	3.247649E-1
1.508575E+4	2.214906E-1
1.508600E+4	3.304036E-1
1.508625E+4	4.336397E-1
1.508650E+4	2.327772E-1
1.508675E+4	1.625940E-2
1.508700E+4	2.459007E-1
1.508725E+4	5.286562E-1
1.508750E+4	6.004861E-1
1.508775E+4	5.187117E-1
1.508800E+4	2.997251E-1
1.508825E+4	1.347791E-1
1.508850E+4	2.418268E-1
1.508875E+4	2.396888E-1
1.508900E+4	3.263751E-1
1.508925E+4	4.993811E-1
1.508950E+4	5.165815E-1
1.508975E+4	3.949292E-1
1.509000E+4	2.694771E-1
1.509025E+4	4.522856E-1
1.509050E+4	7.303835E-1
1.509075E+4	5.606331E-1
1.509100E+4	4.522870E-1
1.509125E+4	5.499899E-1
1.509150E+4	5.893939E-1
1.509175E+4	5.981380E-1
1.509200E+4	7.059723E-1
1.509225E+4	7.348371E-1
1.509250E+4	6.111876E-1
1.509275E+4	3.772905E-1
1.509300E+4	2.714066E-2
1.509325E+4	3.483919E-1
1.509350E+4	5.992744E-1
1.509375E+4	5.145808E-1
1.509400E+4	2.807554E-1
1.509425E+4	4.035101E-2
1.509450E+4	2.609468E-2
1.509475E+4	9.907222E-2
1.509500E+4	1.545014E-1
1.509525E+4	3.524563E-1
1.509550E+4	4.908958E-1
1.509575E+4	4.677696E-1
1.509600E+4	3.024046E-1
1.509625E+4	2.417486E-2
1.509650E+4	3.152435E-1
1.509675E+4	6.080306E-1
1.509700E+4	5.324639E-1
1.509725E+4	4.338567E-1
1.509750E+4	4.824342E-1
1.509775E+4	5.382611E-1
1.509800E+4	5.262858E-1
1.509825E+4	3.930612E-1
1.509850E+4	1.589335E-1
1.509875E+4	1.787583E-1
1.509900E+4	3.332463E-1
1.509925E+4	4.505160E-1
1.509950E+4	4.875730E-1
1.509975E+4	3.993101E-1
1.510000E+4	1.697000E-1
1.510025E+4	3.414576E-2
1.510050E+4	1.871694E-1
1.510075E+4	3.821710E-1
1.510100E+4	4.738585E-1
1.510125E+4	3.992994E-1
1.510150E+4	1.746955E-1
1.510175E+4	3.811574E-2
1.510200E+4	3.108030E-1
1.510225E+4	6.034508E-1
1.510250E+4	6.385823E-1
1.510275E+4	5.394045E-1
1.510300E+4	3.559602E-1
1.510325E+4	2.669314E-1
1.510350E+4	4.901879E-1
1.510375E+4	4.943470E-1
1.510400E+4	4.238238E-1
1.510425E+4	3.386782E-1
1.510450E+4	1.909379E-1
1.510475E+4	4.684138E-2
1.510500E+4	2.138746E-1
1.510525E+4	4.737916E-1
1.510550E+4	5.446741E-1
1.510575E+4	4.566739E-1
1.510600E+4	1.968683E-1
1.510625E+4	4.399663E-2
1.510650E+4	4.310540E-1
1.510675E+4	5.579802E-1
1.510700E+4	5.155000E-1
1.510725E+4	3.642330E-1
1.510750E+4	1.259979E-1
1.510775E+4	4.371419E-1
1.510800E+4	3.928824E-1
1.510825E+4	3.367367E-2
1.510850E+4	3.758801E-1
1.510875E+4	6.370809E-1
1.510900E+4	7.078687E-1
1.510925E+4	6.891646E-1
1.510950E+4	5.272080E-1
1.510975E+4	4.350651E-1
1.511000E+4	7.398344E-1
1.511025E+4	8.164492E-1
1.511050E+4	8.139481E-1
1.511075E+4	6.045977E-1
1.511100E+4	2.846076E-1
1.511125E+4	3.161329E-1
1.511150E+4	2.443626E-1
1.511175E+4	4.988729E-2
1.511200E+4	7.726661E-2
1.511225E+4	3.258277E-1
1.511250E+4	3.505537E-1
1.511275E+4	7.382270E-2
1.511300E+4	2.202574E-1
1.511325E+4	4.125244E-1
1.511350E+4	4.026656E-1
1.511375E+4	2.728445E-1
1.511400E+4	8.570631E-2
1.511425E+4	1.075835E-1
1.511450E+4	2.996068E-1
1.511475E+4	3.705520E-1
1.511500E+4	2.580930E-1
1.511525E+4	3.137699E-1
1.511550E+4	6.886558E-1
1.511575E+4	6.899648E-1
1.511600E+4	6.159083E-1
1.511625E+4	4.895248E-1
1.511650E+4	2.872783E-1
1.511675E+4	1.009507E-1
1.511700E+4	5.405607E-2
1.511725E+4	1.619809E-1
1.511750E+4	3.248823E-1
1.511775E+4	4.577010E-1
1.511800E+4	5.115006E-1
1.511825E+4	4.494577E-1
1.511850E+4	3.309498E-1
1.511875E+4	3.576770E-1
1.511900E+4	6.035703E-1
1.511925E+4	3.663972E-1
1.511950E+4	6.360344E-2
1.511975E+4	5.397305E-2
1.512000E+4	1.298460E-1
1.512025E+4	1.296066E-1
1.512050E+4	4.457631E-2
1.512075E+4	2.180903E-2
1.512100E+4	1.190857E-1
1.512125E+4	2.400820E-1
1.512150E+4	3.000936E-1
1.512175E+4	3.361981E-1
1.512200E+4	3.617645E-1
1.512225E+4	1.660773E-1
1.512250E+4	2.235304E-2
1.512275E+4	3.648309E-4
1.512300E+4	4.574602E-2
1.512325E+4	1.018634E-1
1.512350E+4	6.527640E-2
1.512375E+4	7.184957E-2
1.512400E+4	1.077429E-1
1.512425E+4	1.735709E-1
1.512450E+4	2.810045E-1
1.512475E+4	4.381505E-1
1.512500E+4	3.758380E-1
1.512525E+4	1.117235E-2
1.512550E+4	1.959591E-1
1.512575E+4	5.255951E-1
1.512600E+4	7.782452E-2
1.512625E+4	9.652373E-2
1.512650E+4	3.002674E-1
1.512675E+4	4.564207E-1
1.512700E+4	4.076813E-1
1.512725E+4	1.157850E-1
1.512750E+4	2.535720E-1
1.512775E+4	5.078320E-1
1.512800E+4	6.310231E-1
1.512825E+4	3.545160E-1
1.512850E+4	1.410233E-1
1.512875E+4	3.168707E-1
1.512900E+4	5.049383E-1
1.512925E+4	4.512850E-1
1.512950E+4	1.477764E-1
1.512975E+4	1.855851E-1
1.513000E+4	3.778451E-1
1.513025E+4	4.061169E-1
1.513050E+4	2.532457E-1
1.513075E+4	7.361053E-2
1.513100E+4	2.792599E-2
1.513125E+4	2.367803E-1
1.513150E+4	4.762580E-1
1.513175E+4	4.569534E-1
1.513200E+4	1.741941E-1
1.513225E+4	2.806715E-3
1.513250E+4	1.767002E-1
1.513275E+4	3.619685E-1
1.513300E+4	4.642221E-1
1.513325E+4	4.569983E-1
1.513350E+4	2.978180E-1
1.513375E+4	1.121002E-1
1.513400E+4	6.791664E-2
1.513425E+4	1.583760E-1
1.513450E+4	2.336078E-1
1.513475E+4	2.050990E-1
1.513500E+4	1.152288E-1
1.513525E+4	3.797691E-1
1.513550E+4	6.119928E-1
1.513575E+4	6.013131E-1
1.513600E+4	5.301719E-1
1.513625E+4	5.595833E-1
1.513650E+4	7.139129E-1
1.513675E+4	7.351360E-1
1.513700E+4	6.178786E-1
1.513725E+4	3.237068E-1
1.513750E+4	2.096426E-1
1.513775E+4	6.724025E-1
1.513800E+4	7.555175E-1
1.513825E+4	5.599946E-1
1.513850E+4	3.270884E-1
1.513875E+4	6.527726E-1
1.513900E+4	6.862320E-1
1.513925E+4	6.773627E-1
1.513950E+4	6.535240E-1
1.513975E+4	5.285839E-1
1.514000E+4	4.054968E-1
1.514025E+4	3.368159E-1
1.514050E+4	2.641147E-1
1.514075E+4	2.101132E-1
1.514100E+4	3.341182E-1
1.514125E+4	5.377786E-1
1.514150E+4	6.182810E-1
1.514175E+4	5.972866E-1
1.514200E+4	3.560132E-1
1.514225E+4	2.648246E-2
1.514250E+4	2.214341E-1
1.514275E+4	4.454177E-1
1.514300E+4	4.962145E-1
1.514325E+4	3.827540E-1
1.514350E+4	2.906863E-1
1.514375E+4	4.723913E-1
1.514400E+4	4.956152E-1
1.514425E+4	3.038037E-1
1.514450E+4	1.611722E-1
1.514475E+4	1.009762E-1
1.514500E+4	5.549568E-2
1.514525E+4	3.914487E-3
1.514550E+4	1.046618E-1
1.514575E+4	2.819645E-1
1.514600E+4	4.375744E-1
1.514625E+4	5.060997E-1
1.514650E+4	3.704368E-1
1.514675E+4	2.790275E-1
1.514700E+4	2.564382E-1
1.514725E+4	1.622447E-1
1.514750E+4	1.020844E-1
1.514775E+4	4.567982E-1
1.514800E+4	6.066690E-1
1.514825E+4	5.897394E-1
1.514850E+4	5.463207E-1
1.514875E+4	6.316752E-1
1.514900E+4	7.417352E-1
1.514925E+4	7.092643E-1
1.514950E+4	4.727822E-1
1.514975E+4	1.587275E-1
1.515000E+4	3.519087E-1
1.515025E+4	4.708013E-1
1.515050E+4	3.485407E-1
1.515075E+4	1.553739E-1
1.515100E+4	9.050270E-2
1.515125E+4	1.661707E-1
1.515150E+4	4.925853E-2
1.515175E+4	5.341481E-2
1.515200E+4	3.818468E-1
1.515225E+4	6.631732E-1
1.515250E+4	6.287249E-1
1.515275E+4	2.887203E-1
1.515300E+4	1.473710E-1
1.515325E+4	4.453313E-1
1.515350E+4	7.540505E-1
1.515375E+4	7.093190E-1
1.515400E+4	2.885414E-1
1.515425E+4	1.159781E-1
1.515450E+4	2.554368E-1
1.515475E+4	4.026634E-1
1.515500E+4	3.265865E-1
1.515525E+4	1.046393E-1
1.515550E+4	8.313682E-2
1.515575E+4	1.546325E-1
1.515600E+4	2.231431E-1
1.515625E+4	2.117568E-1
1.515650E+4	2.013568E-1
1.515675E+4	2.251473E-1
1.515700E+4	3.519291E-1
1.515725E+4	6.656676E-1
1.515750E+4	5.597811E-1
1.515775E+4	2.749344E-1
1.515800E+4	2.123098E-1
1.515825E+4	4.483700E-1
1.515850E+4	7.767175E-1
1.515875E+4	7.329211E-1
1.515900E+4	4.167961E-1
1.515925E+4	7.737240E-2
1.515950E+4	4.829273E-2
1.515975E+4	3.266676E-1
1.516000E+4	4.575942E-1
1.516025E+4	2.425220E-1
1.516050E+4	3.836110E-2
1.516075E+4	3.421520E-1
1.516100E+4	4.321651E-1
1.516125E+4	3.584419E-1
1.516150E+4	7.089883E-2
1.516175E+4	1.151955E-1
1.516200E+4	2.870022E-1
1.516225E+4	2.952500E-1
1.516250E+4	1.938467E-1
1.516275E+4	8.716568E-2
1.516300E+4	1.436265E-1
1.516325E+4	2.524845E-1
1.516350E+4	2.552537E-1
1.516375E+4	1.409171E-1
1.516400E+4	9.038513E-2
1.516425E+4	9.594821E-2
1.516450E+4	6.779131E-2
1.516475E+4	1.012210E-2
1.516500E+4	1.782590E-1
1.516525E+4	3.581640E-1
1.516550E+4	3.356585E-1
1.516575E+4	2.001392E-1
1.516600E+4	3.453753E-2
1.516625E+4	8.183343E-2
1.516650E+4	2.348437E-1
1.516675E+4	3.140418E-1
1.516700E+4	3.843033E-1
1.516725E+4	4.586998E-1
1.516750E+4	5.049498E-1
1.516775E+4	4.503147E-1
1.516800E+4	4.006913E-1
1.516825E+4	4.329019E-1
1.516850E+4	4.118667E-1
1.516875E+4	3.180454E-1
1.516900E+4	2.185168E-1
1.516925E+4	2.932309E-1
1.516950E+4	4.617176E-1
1.516975E+4	5.451248E-1
1.517000E+4	5.543594E-1
1.517025E+4	5.975377E-1
1.517050E+4	6.129624E-1
1.517075E+4	5.295153E-1
1.517100E+4	3.844809E-1
1.517125E+4	4.158665E-1
1.517150E+4	5.706417E-1
1.517175E+4	6.794354E-1
1.517200E+4	5.616360E-1
1.517225E+4	5.728958E-2
1.517250E+4	2.573688E-1
1.517275E+4	4.026834E-1
1.517300E+4	4.090752E-1
1.517325E+4	2.416369E-1
1.517350E+4	2.131949E-1
1.517375E+4	1.202094E-1
1.517400E+4	2.475580E-2
1.517425E+4	2.425600E-1
1.517450E+4	5.254208E-1
1.517475E+4	5.572163E-1
1.517500E+4	4.233672E-1
1.517525E+4	2.019664E-1
1.517550E+4	2.172881E-1
1.517575E+4	3.420050E-1
1.517600E+4	2.477189E-1
1.517625E+4	1.742020E-1
1.517650E+4	2.391225E-1
1.517675E+4	2.098436E-1
1.517700E+4	7.642424E-2
1.517725E+4	4.913913E-2
1.517750E+4	4.396484E-1
1.517775E+4	6.718186E-1
1.517800E+4	4.923081E-1
1.517825E+4	1.196370E-1
1.517850E+4	2.007389E-1
1.517875E+4	3.962011E-1
1.517900E+4	4.744806E-1
1.517925E+4	3.690669E-1
1.517950E+4	1.217523E-2
1.517975E+4	4.459743E-1
1.518000E+4	5.244934E-1
1.518025E+4	3.476197E-1
1.518050E+4	1.202231E-1
1.518075E+4	4.303121E-2
1.518100E+4	4.555834E-2
1.518125E+4	9.308759E-2
1.518150E+4	1.743797E-1
1.518175E+4	2.262126E-1
1.518200E+4	1.482351E-1
1.518225E+4	1.861615E-1
1.518250E+4	7.017118E-1
1.518275E+4	6.246653E-1
1.518300E+4	4.209100E-1
1.518325E+4	7.470898E-2
1.518350E+4	1.937575E-1
1.518375E+4	2.216254E-1
1.518400E+4	1.840429E-1
1.518425E+4	1.390419E-1
1.518450E+4	1.214854E-1
1.518475E+4	2.110847E-1
1.518500E+4	4.967636E-1
1.518525E+4	2.573515E-1
1.518550E+4	1.109045E-1
1.518575E+4	1.683863E-1
1.518600E+4	1.943343E-1
1.518625E+4	4.921742E-2
1.518650E+4	1.012390E-2
1.518675E+4	1.549252E-1
1.518700E+4	4.833594E-1
1.518725E+4	4.611400E-1
1.518750E+4	1.038894E-1
1.518775E+4	6.801317E-3
1.518800E+4	5.062062E-2
1.518825E+4	2.257162E-1
1.518850E+4	4.354279E-1
1.518875E+4	3.491344E-1
1.518900E+4	1.987900E-1
1.518925E+4	5.417909E-2
1.518950E+4	2.624335E-3
1.518975E+4	9.443400E-2
1.519000E+4	2.928790E-1
1.519025E+4	4.941688E-1
1.519050E+4	4.663135E-1
1.519075E+4	4.200375E-1
1.519100E+4	3.839625E-1
1.519125E+4	1.771397E-1
1.519150E+4	3.367873E-2
1.519175E+4	1.256622E-1
1.519200E+4	1.300080E-1
1.519225E+4	6.173238E-2
1.519250E+4	2.278281E-3
1.519275E+4	1.824514E-1
1.519300E+4	3.741723E-1
1.519325E+4	4.091451E-1
1.519350E+4	3.554428E-1
1.519375E+4	2.242502E-1
1.519400E+4	1.447910E-1
1.519425E+4	5.185371E-1
1.519450E+4	7.395411E-1
1.519475E+4	7.322018E-1
1.519500E+4	6.078078E-1
1.519525E+4	3.867704E-1
1.519550E+4	1.188003E-1
1.519575E+4	2.341252E-1
1.519600E+4	5.955014E-1
1.519625E+4	5.129442E-1
1.519650E+4	3.511513E-1
1.519675E+4	2.437267E-1
1.519700E+4	1.365955E-1
1.519725E+4	2.656187E-2
1.519750E+4	1.317123E-1
1.519775E+4	3.477872E-1
1.519800E+4	4.364932E-1
1.519825E+4	2.387027E-1
1.519850E+4	2.650083E-2
1.519875E+4	1.532924E-1
1.519900E+4	3.544061E-1
1.519925E+4	4.695702E-1
1.519950E+4	3.455266E-1
1.519975E+4	2.395118E-1
1.520000E+4	2.094337E-1
1.520025E+4	1.369797E-1
1.520050E+4	2.051812E-1
1.520075E+4	4.080460E-1
1.520100E+4	3.797742E-1
1.520125E+4	2.890645E-1
1.520150E+4	2.494074E-1
1.520175E+4	6.033918E-1
1.520200E+4	7.823692E-1
1.520225E+4	6.380751E-1
1.520250E+4	3.840927E-1
1.520275E+4	1.445863E-1
1.520300E+4	1.558232E-1
1.520325E+4	3.955123E-1
1.520350E+4	2.951265E-1
1.520375E+4	1.224251E-1
1.520400E+4	2.156802E-1
1.520425E+4	3.459020E-1
1.520450E+4	3.126993E-1
1.520475E+4	1.644441E-1
1.520500E+4	1.702131E-1
1.520525E+4	2.508480E-1
1.520550E+4	2.591073E-1
1.520575E+4	2.183108E-1
1.520600E+4	1.798495E-1
1.520625E+4	1.345502E-1
1.520650E+4	8.028437E-2
1.520675E+4	8.109686E-2
1.520700E+4	1.426067E-1
1.520725E+4	2.199317E-1
1.520750E+4	2.609055E-1
1.520775E+4	2.676022E-1
1.520800E+4	2.947118E-1
1.520825E+4	3.469046E-1
1.520850E+4	4.116716E-1
1.520875E+4	3.810897E-1
1.520900E+4	2.705754E-1
1.520925E+4	1.562023E-1
1.520950E+4	6.999059E-2
1.520975E+4	8.443676E-2
1.521000E+4	1.630538E-1
1.521025E+4	2.061276E-1
1.521050E+4	1.185939E-1
1.521075E+4	1.114255E-1
1.521100E+4	1.979974E-1
1.521125E+4	1.588057E-1
1.521150E+4	2.018234E-2
1.521175E+4	2.852962E-1
1.521200E+4	4.988115E-1
1.521225E+4	5.554709E-1
1.521250E+4	4.374934E-1
1.521275E+4	1.454632E-1
1.521300E+4	6.589178E-2
1.521325E+4	9.287637E-2
1.521350E+4	1.473916E-1
1.521375E+4	3.405505E-1
1.521400E+4	5.585900E-1
1.521425E+4	6.082242E-1
1.521450E+4	4.576117E-1
1.521475E+4	8.227260E-2
1.521500E+4	1.333775E-1
1.521525E+4	4.829222E-1
1.521550E+4	6.507817E-1
1.521575E+4	6.513395E-1
1.521600E+4	5.904237E-1
1.521625E+4	4.996313E-1
1.521650E+4	2.984425E-1
1.521675E+4	1.992220E-2
1.521700E+4	1.420406E-1
1.521725E+4	4.465004E-1
1.521750E+4	6.047276E-1
1.521775E+4	4.670462E-1
1.521800E+4	1.469805E-2
1.521825E+4	2.372063E-1
1.521850E+4	5.040043E-1
1.521875E+4	6.089240E-1
1.521900E+4	6.023820E-1
1.521925E+4	5.347234E-1
1.521950E+4	4.765909E-1
1.521975E+4	4.586909E-1
1.522000E+4	4.098752E-1
1.522025E+4	3.022146E-1
1.522050E+4	1.671896E-1
1.522075E+4	1.404497E-1
1.522100E+4	2.403846E-1
1.522125E+4	3.038496E-1
1.522150E+4	2.502481E-1
1.522175E+4	3.487187E-1
1.522200E+4	4.840043E-1
1.522225E+4	5.150443E-1
1.522250E+4	4.431730E-1
1.522275E+4	2.647475E-1
1.522300E+4	5.363214E-2
1.522325E+4	2.050185E-2
1.522350E+4	1.271579E-1
1.522375E+4	1.029761E-1
1.522400E+4	7.368178E-2
1.522425E+4	1.595674E-1
1.522450E+4	3.063637E-1
1.522475E+4	3.215097E-1
1.522500E+4	2.578420E-1
1.522525E+4	1.692073E-1
1.522550E+4	4.425468E-2
1.522575E+4	2.125980E-1
1.522600E+4	3.544411E-1
1.522625E+4	3.280544E-1
1.522650E+4	2.275098E-1
1.522675E+4	4.910461E-2
1.522700E+4	1.430466E-1
1.522725E+4	3.722486E-1
1.522750E+4	2.719137E-1
1.522775E+4	6.224182E-2
1.522800E+4	6.204566E-2
1.522825E+4	2.923510E-1
1.522850E+4	4.003912E-1
1.522875E+4	4.099932E-1
1.522900E+4	4.787682E-1
1.522925E+4	3.980347E-1
1.522950E+4	1.404773E-1
1.522975E+4	3.402036E-2
1.523000E+4	3.653535E-1
1.523025E+4	7.684012E-1
1.523050E+4	8.309203E-1
1.523075E+4	6.868453E-1
1.523100E+4	4.880752E-1
1.523125E+4	5.494400E-1
1.523150E+4	6.760962E-1
1.523175E+4	4.016173E-1
1.523200E+4	1.239867E-1
1.523225E+4	1.329811E-1
1.523250E+4	4.322698E-1
1.523275E+4	4.127454E-1
1.523300E+4	2.183284E-1
1.523325E+4	9.078391E-2
1.523350E+4	8.826684E-2
1.523375E+4	1.590254E-1
1.523400E+4	1.683285E-1
1.523425E+4	2.275744E-1
1.523450E+4	3.636006E-1
1.523475E+4	4.658986E-1
1.523500E+4	5.152676E-1
1.523525E+4	5.705372E-1
1.523550E+4	6.294256E-1
1.523575E+4	6.066951E-1
1.523600E+4	5.873942E-1
1.523625E+4	6.727928E-1
1.523650E+4	7.452707E-1
1.523675E+4	6.890659E-1
1.523700E+4	4.300758E-1
1.523725E+4	1.050096E-1
1.523750E+4	2.378215E-1
1.523775E+4	3.748101E-1
1.523800E+4	2.435911E-1
1.523825E+4	4.239401E-2
1.523850E+4	4.410368E-2
1.523875E+4	2.796720E-1
1.523900E+4	4.359969E-1
1.523925E+4	3.393671E-1
1.523950E+4	3.918078E-2
1.523975E+4	2.246397E-1
1.524000E+4	3.280948E-1
1.524025E+4	2.041533E-1
1.524050E+4	3.570410E-2
1.524075E+4	4.345420E-2
1.524100E+4	2.071986E-1
1.524125E+4	1.697237E-1
1.524150E+4	6.154273E-2
1.524175E+4	4.880229E-2
1.524200E+4	1.633607E-1
1.524225E+4	2.938355E-1
1.524250E+4	8.187098E-2
1.524275E+4	1.324226E-1
1.524300E+4	2.051006E-1
1.524325E+4	1.584934E-1
1.524350E+4	8.996147E-3
1.524375E+4	7.832392E-2
1.524400E+4	2.314211E-1
1.524425E+4	3.439826E-1
1.524450E+4	4.324723E-1
1.524475E+4	5.274868E-1
1.524500E+4	5.761405E-1
1.524525E+4	5.008948E-1
1.524550E+4	5.536867E-1
1.524575E+4	6.252536E-1
1.524600E+4	5.893925E-1
1.524625E+4	1.598713E-1
1.524650E+4	4.302099E-2
1.524675E+4	5.180302E-2
1.524700E+4	5.986596E-2
1.524725E+4	2.339833E-1
1.524750E+4	4.479218E-1
1.524775E+4	3.537999E-1
1.524800E+4	1.111568E-1
1.524825E+4	4.274439E-2
1.524850E+4	1.558929E-1
1.524875E+4	2.796266E-1
1.524900E+4	4.578287E-1
1.524925E+4	6.883685E-1
1.524950E+4	6.006477E-1
1.524975E+4	3.738144E-1
1.525000E+4	4.225052E-2
1.525025E+4	2.170592E-1
1.525050E+4	5.111885E-1
1.525075E+4	5.814881E-1
1.525100E+4	4.293694E-1
1.525125E+4	5.313841E-2
1.525150E+4	1.154178E-1
1.525175E+4	4.192253E-1
1.525200E+4	6.149301E-1
1.525225E+4	6.603361E-1
1.525250E+4	4.266465E-1
1.525275E+4	4.211493E-2
1.525300E+4	1.240159E-1
1.525325E+4	3.632246E-1
1.525350E+4	4.202959E-1
1.525375E+4	3.059946E-1
1.525400E+4	2.354242E-1
1.525425E+4	3.605956E-1
1.525450E+4	4.563713E-1
1.525475E+4	2.914643E-1
1.525500E+4	8.122028E-2
1.525525E+4	6.541932E-2
1.525550E+4	2.687784E-1
1.525575E+4	3.479718E-1
1.525600E+4	7.451251E-2
1.525625E+4	2.394445E-1
1.525650E+4	4.630105E-1
1.525675E+4	5.465526E-1
1.525700E+4	4.616658E-1
1.525725E+4	3.020858E-1
1.525750E+4	1.954697E-1
1.525775E+4	2.004717E-1
1.525800E+4	3.767851E-1
1.525825E+4	4.622144E-1
1.525850E+4	2.503620E-1
1.525875E+4	1.543330E-1
1.525900E+4	3.320988E-2
1.525925E+4	6.893821E-2
1.525950E+4	3.061894E-1
1.525975E+4	5.413472E-1
1.526000E+4	6.805212E-1
1.526025E+4	5.537107E-1
1.526050E+4	1.445690E-1
1.526075E+4	3.174898E-2
1.526100E+4	1.283342E-1
1.526125E+4	1.991138E-1
1.526150E+4	8.662636E-2
1.526175E+4	6.938938E-2
1.526200E+4	2.780218E-1
1.526225E+4	3.527868E-1
1.526250E+4	2.904608E-1
1.526275E+4	1.086164E-1
1.526300E+4	8.934589E-2
1.526325E+4	3.806434E-1
1.526350E+4	4.604745E-1
1.526375E+4	3.994383E-1
1.526400E+4	3.029242E-1
1.526425E+4	2.106888E-1
1.526450E+4	1.948264E-1
1.526475E+4	2.780990E-1
1.526500E+4	2.280997E-1
1.526525E+4	1.539344E-1
1.526550E+4	1.665056E-1
1.526575E+4	2.912986E-1
1.526600E+4	3.628783E-1
1.526625E+4	2.768909E-1
1.526650E+4	1.138945E-1
1.526675E+4	4.884028E-3
1.526700E+4	2.341571E-1
1.526725E+4	3.760793E-1
1.526750E+4	4.778869E-1
1.526775E+4	6.284639E-1
1.526800E+4	6.777575E-1
1.526825E+4	4.664015E-1
1.526850E+4	1.971506E-1
1.526875E+4	7.674994E-2
1.526900E+4	1.333431E-1
1.526925E+4	2.459327E-1
1.526950E+4	4.005281E-3
1.526975E+4	1.609325E-1
1.527000E+4	4.055153E-1
1.527025E+4	5.486632E-1
1.527050E+4	3.343767E-1
1.527075E+4	7.922884E-2
1.527100E+4	5.587881E-1
1.527125E+4	7.126627E-1
1.527150E+4	5.798031E-1
1.527175E+4	1.494101E-1
1.527200E+4	2.015251E-1
1.527225E+4	4.277600E-1
1.527250E+4	4.750772E-1
1.527275E+4	3.368692E-1
1.527300E+4	2.037850E-1
1.527325E+4	3.172915E-1
1.527350E+4	4.293540E-1
1.527375E+4	4.699928E-1
1.527400E+4	3.740722E-1
1.527425E+4	2.112319E-1
1.527450E+4	2.818246E-1
1.527475E+4	3.002340E-1
1.527500E+4	2.094111E-1
1.527525E+4	4.037957E-2
1.527550E+4	2.942203E-2
1.527575E+4	2.386440E-1
1.527600E+4	5.190051E-1
1.527625E+4	6.614870E-1
1.527650E+4	1.627168E-1
1.527675E+4	2.062684E-1
1.527700E+4	5.032869E-1
1.527725E+4	7.225912E-1
1.527750E+4	6.958700E-1
1.527775E+4	3.841279E-1
1.527800E+4	2.750581E-1
1.527825E+4	4.802889E-1
1.527850E+4	7.039606E-1
1.527875E+4	7.530406E-1
1.527900E+4	4.733111E-1
1.527925E+4	1.168417E-1
1.527950E+4	1.520496E-1
1.527975E+4	4.603287E-1
1.528000E+4	7.345667E-1
1.528025E+4	5.021172E-1
1.528050E+4	2.525639E-1
1.528075E+4	9.385795E-2
1.528100E+4	4.419422E-2
1.528125E+4	2.356951E-1
1.528150E+4	3.472780E-1
1.528175E+4	2.109656E-1
1.528200E+4	3.022340E-5
1.528225E+4	2.058097E-1
1.528250E+4	3.933084E-1
1.528275E+4	4.430443E-1
1.528300E+4	3.542837E-1
1.528325E+4	7.978744E-2
1.528350E+4	1.019230E-1
1.528375E+4	3.389130E-1
1.528400E+4	4.136739E-1
1.528425E+4	2.329344E-1
1.528450E+4	1.801266E-1
1.528475E+4	3.832595E-1
1.528500E+4	5.153633E-1
1.528525E+4	3.327875E-1
1.528550E+4	2.958406E-2
1.528575E+4	1.768641E-1
1.528600E+4	2.722076E-1
1.528625E+4	3.138029E-1
1.528650E+4	2.538470E-1
1.528675E+4	1.929276E-1
1.528700E+4	1.129359E-1
1.528725E+4	9.122849E-3
1.528750E+4	1.713004E-1
1.528775E+4	6.249456E-1
1.528800E+4	8.369073E-1
1.528825E+4	7.766058E-1
1.528850E+4	4.179315E-1
1.528875E+4	1.919433E-1
1.528900E+4	2.454049E-1
1.528925E+4	3.097353E-1
1.528950E+4	2.930748E-1
1.528975E+4	3.095569E-1
1.529000E+4	4.114923E-1
1.529025E+4	4.403789E-1
1.529050E+4	3.979914E-1
1.529075E+4	3.563519E-1
1.529100E+4	4.692693E-1
1.529125E+4	5.638668E-1
1.529150E+4	4.619076E-1
1.529175E+4	3.207155E-1
1.529200E+4	1.577992E-1
1.529225E+4	6.179502E-2
1.529250E+4	3.255469E-1
1.529275E+4	4.681422E-1
1.529300E+4	4.953309E-1
1.529325E+4	4.865299E-1
1.529350E+4	3.767545E-1
1.529375E+4	2.291020E-1
1.529400E+4	1.825506E-1
1.529425E+4	2.664167E-1
1.529450E+4	6.613034E-1
1.529475E+4	8.552193E-1
1.529500E+4	5.602683E-1
1.529525E+4	3.063366E-1
1.529550E+4	6.705659E-2
1.529575E+4	8.317305E-2
1.529600E+4	4.555041E-2
1.529625E+4	2.146322E-3
1.529650E+4	6.431806E-2
1.529675E+4	3.363167E-1
1.529700E+4	5.001625E-1
1.529725E+4	2.521185E-1
1.529750E+4	1.134963E-1
1.529775E+4	2.128578E-1
1.529800E+4	4.011488E-1
1.529825E+4	2.908272E-1
1.529850E+4	1.780686E-2
1.529875E+4	1.687088E-1
1.529900E+4	2.497545E-1
1.529925E+4	2.240864E-1
1.529950E+4	1.054392E-1
1.529975E+4	2.618398E-1
1.530000E+4	8.307085E-1
1.530025E+4	6.022590E-1
1.530050E+4	1.463087E-1
1.530075E+4	2.380357E-2
1.530100E+4	3.178403E-1
1.530125E+4	5.772844E-1
1.530150E+4	1.220026E-1
1.530175E+4	1.919949E-2
1.530200E+4	2.331453E-1
1.530225E+4	5.669444E-1
1.530250E+4	6.144998E-1
1.530275E+4	1.893365E-1
1.530300E+4	1.201695E-2
1.530325E+4	1.017007E-1
1.530350E+4	9.681279E-2
1.530375E+4	2.839787E-2
1.530400E+4	4.978329E-3
1.530425E+4	7.004935E-3
1.530450E+4	3.524153E-2
1.530475E+4	1.594740E-1
1.530500E+4	2.692670E-1
1.530525E+4	9.177628E-2
1.530550E+4	2.534464E-2
1.530575E+4	3.051711E-2
1.530600E+4	8.354698E-2
1.530625E+4	4.956258E-2
1.530650E+4	2.110123E-2
1.530675E+4	2.550160E-2
1.530700E+4	5.864372E-2
1.530725E+4	4.265234E-2
1.530750E+4	2.265511E-3
1.530775E+4	1.589578E-1
1.530800E+4	3.398545E-1
1.530825E+4	2.029107E-1
1.530850E+4	5.120037E-2
1.530875E+4	1.245553E-1
1.530900E+4	6.269026E-1
1.530925E+4	7.995014E-1
1.530950E+4	6.809653E-1
1.530975E+4	4.253370E-1
1.531000E+4	8.248515E-2
1.531025E+4	9.107054E-2
1.531050E+4	3.892976E-1
1.531075E+4	3.424844E-1
1.531100E+4	8.955605E-2
1.531125E+4	3.096479E-2
1.531150E+4	1.499266E-2
1.531175E+4	1.156024E-2
1.531200E+4	1.238651E-1
1.531225E+4	2.525097E-1
1.531250E+4	1.022615E-1
1.531275E+4	1.989671E-2
1.531300E+4	3.463083E-1
1.531325E+4	5.905242E-1
1.531350E+4	6.697347E-1
1.531375E+4	6.685623E-1
1.531400E+4	5.290988E-1
1.531425E+4	2.750109E-1
1.531450E+4	1.495882E-1
1.531475E+4	1.090486E-1
1.531500E+4	6.722004E-2
1.531525E+4	6.507990E-2
1.531550E+4	1.146162E-1
1.531575E+4	1.419529E-1
1.531600E+4	1.101246E-1
1.531625E+4	1.603721E-1
1.531650E+4	2.175372E-1
1.531675E+4	2.348123E-1
1.531700E+4	1.813502E-1
1.531725E+4	4.903524E-2
1.531750E+4	3.560114E-2
1.531775E+4	1.543865E-1
1.531800E+4	3.406443E-1
1.531825E+4	5.402187E-1
1.531850E+4	5.637350E-1
1.531875E+4	3.594103E-1
1.531900E+4	1.010636E-1
1.531925E+4	1.126852E-1
1.531950E+4	2.801750E-1
1.531975E+4	3.502608E-1
1.532000E+4	3.622637E-1
1.532025E+4	2.381618E-1
1.532050E+4	1.487535E-2
1.532075E+4	1.036159E-1
1.532100E+4	2.665148E-1
1.532125E+4	4.364583E-1
1.532150E+4	5.063828E-1
1.532175E+4	2.601257E-1
1.532200E+4	2.421849E-1
1.532225E+4	3.929478E-1
1.532250E+4	3.726412E-1
1.532275E+4	8.107150E-2
1.532300E+4	5.226501E-2
1.532325E+4	1.639181E-1
1.532350E+4	2.672543E-1
1.532375E+4	2.624118E-1
1.532400E+4	1.346178E-1
1.532425E+4	2.754581E-2
1.532450E+4	6.590602E-2
1.532475E+4	1.356328E-1
1.532500E+4	1.248702E-1
1.532525E+4	1.006383E-1
1.532550E+4	8.639957E-2
1.532575E+4	4.826882E-2
1.532600E+4	5.625981E-3
1.532625E+4	8.303878E-2
1.532650E+4	1.971739E-1
1.532675E+4	1.156484E-1
1.532700E+4	4.778522E-3
1.532725E+4	9.169661E-2
1.532750E+4	5.366748E-1
1.532775E+4	7.934646E-1
1.532800E+4	5.672252E-1
1.532825E+4	3.039458E-1
1.532850E+4	1.053272E-1
1.532875E+4	2.165947E-1
1.532900E+4	4.921089E-1
1.532925E+4	5.216671E-1
1.532950E+4	4.465191E-1
1.532975E+4	1.922466E-1
1.533000E+4	4.881614E-2
1.533025E+4	1.117924E-1
1.533050E+4	1.675347E-1
1.533075E+4	3.033160E-1
1.533100E+4	5.081499E-1
1.533125E+4	5.103729E-1
1.533150E+4	3.676413E-1
1.533175E+4	1.189533E-1
1.533200E+4	1.086218E-1
1.533225E+4	2.334885E-1
1.533250E+4	1.597631E-1
1.533275E+4	8.162463E-2
1.533300E+4	2.018933E-1
1.533325E+4	4.821019E-1
1.533350E+4	4.933319E-1
1.533375E+4	3.090782E-1
1.533400E+4	2.630668E-1
1.533425E+4	4.580953E-1
1.533450E+4	6.563175E-1
1.533475E+4	6.811471E-1
1.533500E+4	2.586368E-1
1.533525E+4	5.509697E-2
1.533550E+4	3.215616E-1
1.533575E+4	4.264941E-1
1.533600E+4	3.321680E-1
1.533625E+4	1.543026E-1
1.533650E+4	1.590728E-1
1.533675E+4	1.518257E-1
1.533700E+4	1.491837E-1
1.533725E+4	2.964753E-1
1.533750E+4	6.119532E-1
1.533775E+4	3.551858E-1
1.533800E+4	1.851902E-1
1.533825E+4	2.207552E-1
1.533850E+4	3.436905E-1
1.533875E+4	4.685489E-1
1.533900E+4	4.683351E-1
1.533925E+4	3.584884E-1
1.533950E+4	4.249094E-1
1.533975E+4	5.448923E-1
1.534000E+4	4.996873E-1
1.534025E+4	1.773226E-1
1.534050E+4	2.794645E-2
1.534075E+4	8.552922E-2
1.534100E+4	1.355041E-1
1.534125E+4	1.745336E-1
1.534150E+4	2.949321E-1
1.534175E+4	3.361336E-1
1.534200E+4	2.041455E-1
1.534225E+4	1.711896E-1
1.534250E+4	2.443347E-1
1.534275E+4	3.422622E-1
1.534300E+4	4.137081E-1
1.534325E+4	3.186612E-1
1.534350E+4	2.547552E-1
1.534375E+4	3.283317E-1
1.534400E+4	4.070495E-1
1.534425E+4	4.721260E-1
1.534450E+4	5.062317E-1
1.534475E+4	4.111638E-1
1.534500E+4	8.983342E-2
1.534525E+4	5.792502E-2
1.534550E+4	5.879778E-2
1.534575E+4	4.177123E-2
1.534600E+4	3.450911E-2
1.534625E+4	1.069101E-1
1.534650E+4	3.537955E-1
1.534675E+4	2.452059E-1
1.534700E+4	1.725581E-1
1.534725E+4	2.481489E-1
1.534750E+4	3.752275E-1
1.534775E+4	3.373328E-1
1.534800E+4	1.529209E-1
1.534825E+4	1.233791E-1
1.534850E+4	3.210807E-1
1.534875E+4	5.888999E-1
1.534900E+4	6.343924E-1
1.534925E+4	4.538781E-1
1.534950E+4	3.011938E-1
1.534975E+4	2.114101E-1
1.535000E+4	1.514714E-1
1.535025E+4	1.948634E-1
1.535050E+4	4.447966E-1
1.535075E+4	4.747252E-1
1.535100E+4	3.804463E-1
1.535125E+4	4.002369E-1
1.535150E+4	4.654028E-1
1.535175E+4	2.248872E-1
1.535200E+4	3.717367E-2
1.535225E+4	8.629945E-2
1.535250E+4	2.121076E-1
1.535275E+4	2.793046E-1
1.535300E+4	1.678510E-1
1.535325E+4	8.548971E-2
1.535350E+4	2.180811E-1
1.535375E+4	2.941426E-1
1.535400E+4	2.391633E-1
1.535425E+4	1.510369E-1
1.535450E+4	2.004945E-1
1.535475E+4	3.039588E-1
1.535500E+4	2.281233E-1
1.535525E+4	1.287378E-1
1.535550E+4	1.463520E-1
1.535575E+4	2.356031E-1
1.535600E+4	2.178886E-1
1.535625E+4	1.200402E-1
1.535650E+4	2.617504E-2
1.535675E+4	6.192051E-3
1.535700E+4	3.790490E-3
1.535725E+4	6.768792E-3
1.535750E+4	2.613813E-2
1.535775E+4	8.367806E-2
1.535800E+4	1.352111E-1
1.535825E+4	7.772947E-2
1.535850E+4	3.658821E-2
1.535875E+4	5.175773E-2
1.535900E+4	2.299082E-1
1.535925E+4	4.136671E-1
1.535950E+4	3.432568E-1
1.535975E+4	1.830896E-1
1.536000E+4	5.856269E-2
1.536025E+4	2.340928E-1
1.536050E+4	4.687957E-1
1.536075E+4	5.520307E-1
1.536100E+4	3.925211E-1
1.536125E+4	1.384901E-1
1.536150E+4	1.896637E-1
1.536175E+4	3.549513E-1
1.536200E+4	5.191666E-1
1.536225E+4	5.605787E-1
1.536250E+4	2.654707E-1
1.536275E+4	9.542179E-2
1.536300E+4	2.735805E-1
1.536325E+4	5.657147E-1
1.536350E+4	5.438840E-1
1.536375E+4	3.567427E-1
1.536400E+4	1.722004E-1
1.536425E+4	3.642588E-2
1.536450E+4	1.247941E-2
1.536475E+4	1.372087E-1
1.536500E+4	2.590521E-1
1.536525E+4	1.103309E-1
1.536550E+4	7.538753E-2
1.536575E+4	2.410458E-1
1.536600E+4	3.406513E-1
1.536625E+4	3.157830E-1
1.536650E+4	1.308342E-1
1.536675E+4	7.678091E-2
1.536700E+4	1.526036E-1
1.536725E+4	1.750797E-1
1.536750E+4	1.623822E-1
1.536775E+4	1.309071E-1
1.536800E+4	8.160982E-2
1.536825E+4	5.129550E-2
1.536850E+4	6.065001E-2
1.536875E+4	9.035353E-2
1.536900E+4	9.646273E-2
1.536925E+4	5.951152E-2
1.536950E+4	4.341086E-2
1.536975E+4	3.471532E-2
1.537000E+4	1.658836E-2
1.537025E+4	1.926456E-2
1.537050E+4	7.232590E-2
1.537075E+4	9.501994E-2
1.537100E+4	3.572166E-2
1.537125E+4	1.639691E-1
1.537150E+4	6.249204E-1
1.537175E+4	6.166830E-1
1.537200E+4	5.028016E-1
1.537225E+4	2.694987E-1
1.537250E+4	1.206349E-1
1.537275E+4	1.572551E-1
1.537300E+4	2.152423E-1
1.537325E+4	2.080167E-1
1.537350E+4	1.168609E-1
1.537375E+4	3.071024E-2
1.537400E+4	1.893953E-2
1.537425E+4	3.242473E-2
1.537450E+4	3.450415E-2
1.537475E+4	6.044021E-2
1.537500E+4	1.011843E-1
1.537525E+4	1.248222E-1
1.537550E+4	1.090698E-1
1.537575E+4	7.334909E-2
1.537600E+4	4.284700E-2
1.537625E+4	4.082055E-2
1.537650E+4	1.097831E-1
1.537675E+4	1.741200E-1
1.537700E+4	1.867511E-1
1.537725E+4	1.524949E-1
1.537750E+4	8.388141E-2
1.537775E+4	1.556758E-1
1.537800E+4	2.858226E-1
1.537825E+4	2.695282E-1
1.537850E+4	1.662052E-1
1.537875E+4	8.204670E-2
1.537900E+4	9.783658E-2
1.537925E+4	2.430896E-1
1.537950E+4	3.519318E-1
1.537975E+4	3.214562E-1
1.538000E+4	3.138942E-1
1.538025E+4	3.184952E-1
1.538050E+4	2.563170E-1
1.538075E+4	4.437022E-2
1.538100E+4	8.273305E-2
1.538125E+4	2.773626E-1
1.538150E+4	3.274352E-1
1.538175E+4	3.288141E-1
1.538200E+4	4.189331E-1
1.538225E+4	6.651198E-1
1.538250E+4	8.029216E-1
1.538275E+4	5.905652E-1
1.538300E+4	2.446302E-1
1.538325E+4	2.515988E-2
1.538350E+4	1.636304E-1
1.538375E+4	4.463168E-1
1.538400E+4	4.839940E-1
1.538425E+4	2.430543E-1
1.538450E+4	1.331934E-2
1.538475E+4	5.984679E-2
1.538500E+4	1.113314E-1
1.538525E+4	9.991207E-2
1.538550E+4	1.084307E-1
1.538575E+4	1.838186E-1
1.538600E+4	2.097945E-1
1.538625E+4	1.820842E-1
1.538650E+4	2.561557E-1
1.538675E+4	4.815211E-1
1.538700E+4	6.454538E-1
1.538725E+4	5.921707E-1
1.538750E+4	3.998205E-1
1.538775E+4	2.652604E-1
1.538800E+4	1.995053E-1
1.538825E+4	8.831266E-2
1.538850E+4	1.159474E-2
1.538875E+4	1.498834E-1
1.538900E+4	3.083832E-1
1.538925E+4	3.855107E-1
1.538950E+4	3.425431E-1
1.538975E+4	2.805440E-1
1.539000E+4	3.145216E-1
1.539025E+4	3.316725E-1
1.539050E+4	2.045865E-1
1.539075E+4	1.082046E-1
1.539100E+4	1.647037E-1
1.539125E+4	1.938885E-1
1.539150E+4	1.005434E-1
1.539175E+4	7.986449E-2
1.539200E+4	3.106672E-1
1.539225E+4	4.303686E-1
1.539250E+4	4.576907E-1
1.539275E+4	1.777385E-1
1.539300E+4	5.249075E-2
1.539325E+4	1.290154E-1
1.539350E+4	2.076058E-1
1.539375E+4	2.153945E-1
1.539400E+4	1.719021E-1
1.539425E+4	2.299048E-1
1.539450E+4	3.834418E-1
1.539475E+4	6.240805E-1
1.539500E+4	4.602141E-1
1.539525E+4	1.879716E-1
1.539550E+4	7.383920E-2
1.539575E+4	1.901951E-2
1.539600E+4	2.189077E-1
1.539625E+4	4.039725E-1
1.539650E+4	3.793741E-1
1.539675E+4	3.219154E-1
1.539700E+4	2.082400E-1
1.539725E+4	9.594225E-2
1.539750E+4	1.139244E-1
1.539775E+4	1.359117E-1
1.539800E+4	4.352437E-2
1.539825E+4	8.074624E-2
1.539850E+4	3.768017E-1
1.539875E+4	5.589157E-1
1.539900E+4	5.794695E-1
1.539925E+4	4.193020E-1
1.539950E+4	1.904575E-1
1.539975E+4	2.536345E-1
1.540000E+4	3.782935E-1
1.540025E+4	3.811854E-1
1.540050E+4	3.472566E-1
1.540075E+4	3.887623E-1
1.540100E+4	3.963256E-1
1.540125E+4	3.156315E-1
1.540150E+4	1.741351E-1
1.540175E+4	6.802490E-3
1.540200E+4	1.563934E-1
1.540225E+4	2.957756E-1
1.540250E+4	4.017400E-1
1.540275E+4	5.727862E-1
1.540300E+4	6.825636E-1
1.540325E+4	4.464055E-1
1.540350E+4	3.465446E-1
1.540375E+4	4.861518E-1
1.540400E+4	7.016291E-1
1.540425E+4	8.875063E-1
1.540450E+4	7.964546E-1
1.540475E+4	2.438102E-1
1.540500E+4	1.151685E-2
1.540525E+4	1.330173E-1
1.540550E+4	2.035430E-1
1.540575E+4	1.704109E-1
1.540600E+4	2.587585E-1
1.540625E+4	4.563575E-1
1.540650E+4	7.173700E-1
1.540675E+4	7.947470E-1
1.540700E+4	5.434282E-1
1.540725E+4	3.386626E-1
1.540750E+4	1.981075E-1
1.540775E+4	1.450078E-1
1.540800E+4	1.522025E-1
1.540825E+4	1.529627E-1
1.540850E+4	9.126461E-2
1.540875E+4	3.858688E-2
1.540900E+4	1.854711E-1
1.540925E+4	4.587293E-1
1.540950E+4	6.956509E-1
1.540975E+4	4.632559E-1
1.541000E+4	9.397235E-2
1.541025E+4	9.136101E-3
1.541050E+4	1.521089E-1
1.541075E+4	4.856558E-1
1.541100E+4	8.577159E-2
1.541125E+4	4.008717E-3
1.541150E+4	7.970175E-2
1.541175E+4	2.031899E-1
1.541200E+4	3.139724E-1
1.541225E+4	2.996383E-1
1.541250E+4	1.437922E-1
1.541275E+4	2.251708E-1
1.541300E+4	2.407762E-1
1.541325E+4	1.458494E-1
1.541350E+4	1.421297E-1
1.541375E+4	3.898548E-1
1.541400E+4	5.197447E-1
1.541425E+4	4.115407E-1
1.541450E+4	3.824310E-1
1.541475E+4	5.204232E-1
1.541500E+4	5.112789E-1
1.541525E+4	2.195496E-1
1.541550E+4	3.130499E-2
1.541575E+4	3.337567E-1
1.541600E+4	6.416354E-1
1.541625E+4	6.093673E-1
1.541650E+4	4.057854E-1
1.541675E+4	3.686195E-1
1.541700E+4	3.748008E-1
1.541725E+4	3.091909E-1
1.541750E+4	1.861399E-1
1.541775E+4	1.126908E-1
1.541800E+4	2.694724E-1
1.541825E+4	3.460725E-1
1.541850E+4	2.986937E-1
1.541875E+4	2.001991E-1
1.541900E+4	1.593678E-1
1.541925E+4	4.440135E-1
1.541950E+4	5.038364E-1
1.541975E+4	3.361181E-1
1.542000E+4	1.705540E-1
1.542025E+4	1.812060E-1
1.542050E+4	1.745910E-1
1.542075E+4	6.501708E-2
1.542100E+4	9.511828E-5
1.542125E+4	3.535867E-2
1.542150E+4	6.060172E-2
1.542175E+4	4.592400E-2
1.542200E+4	5.996231E-2
1.542225E+4	1.519429E-1
1.542250E+4	1.166310E-1
1.542275E+4	5.369316E-2
1.542300E+4	1.323296E-1
1.542325E+4	5.489879E-1
1.542350E+4	7.686344E-1
1.542375E+4	6.306369E-1
1.542400E+4	1.755620E-1
1.542425E+4	6.299408E-2
1.542450E+4	1.715752E-1
1.542475E+4	2.364233E-1
1.542500E+4	1.561120E-1
1.542525E+4	1.346438E-2
1.542550E+4	9.387423E-3
1.542575E+4	3.884390E-2
1.542600E+4	1.125241E-1
1.542625E+4	2.405501E-1
1.542650E+4	3.107586E-1
1.542675E+4	2.979994E-1
1.542700E+4	1.357416E-1
1.542725E+4	1.169973E-1
1.542750E+4	5.229563E-1
1.542775E+4	6.534410E-1
1.542800E+4	6.407780E-1
1.542825E+4	3.955538E-1
1.542850E+4	1.079050E-2
1.542875E+4	2.361640E-1
1.542900E+4	4.753125E-1
1.542925E+4	4.665914E-1
1.542950E+4	4.023105E-1
1.542975E+4	3.738418E-1
1.543000E+4	3.192352E-1
1.543025E+4	1.003130E-1
1.543050E+4	2.106173E-1
1.543075E+4	4.472416E-1
1.543100E+4	6.826060E-1
1.543125E+4	6.856898E-1
1.543150E+4	5.025368E-1
1.543175E+4	3.519687E-1
1.543200E+4	2.746639E-1
1.543225E+4	3.151090E-1
1.543250E+4	4.180757E-1
1.543275E+4	4.574107E-1
1.543300E+4	4.876152E-1
1.543325E+4	4.354549E-1
1.543350E+4	2.932106E-1
1.543375E+4	2.946673E-1
1.543400E+4	4.041510E-1
1.543425E+4	4.717917E-1
1.543450E+4	3.102888E-1
1.543475E+4	1.869121E-1
1.543500E+4	2.281490E-1
1.543525E+4	3.180454E-1
1.543550E+4	3.896395E-1
1.543575E+4	4.288140E-1
1.543600E+4	4.529147E-1
1.543625E+4	3.971151E-1
1.543650E+4	1.553299E-1
1.543675E+4	3.667645E-2
1.543700E+4	9.907825E-2
1.543725E+4	1.577456E-1
1.543750E+4	1.155507E-1
1.543775E+4	2.447620E-2
1.543800E+4	9.070586E-3
1.543825E+4	1.741270E-2
1.543850E+4	4.890315E-2
1.543875E+4	1.537190E-1
1.543900E+4	3.110799E-1
1.543925E+4	4.543973E-1
1.543950E+4	4.847230E-1
1.543975E+4	4.225599E-1
1.544000E+4	4.238017E-1
1.544025E+4	4.292469E-1
1.544050E+4	2.197059E-1
1.544075E+4	8.397644E-2
1.544100E+4	2.258614E-1
1.544125E+4	2.858534E-1
1.544150E+4	2.209993E-1
1.544175E+4	1.332733E-1
1.544200E+4	2.669733E-1
1.544225E+4	4.121945E-1
1.544250E+4	3.912876E-1
1.544275E+4	1.375877E-1
1.544300E+4	8.214750E-2
1.544325E+4	2.788011E-1
1.544350E+4	4.135811E-1
1.544375E+4	4.543449E-1
1.544400E+4	4.790861E-1
1.544425E+4	5.514630E-1
1.544450E+4	5.627906E-1
1.544475E+4	4.685249E-1
1.544500E+4	2.518608E-1
1.544525E+4	2.749402E-1
1.544550E+4	4.077813E-1
1.544575E+4	3.889121E-1
1.544600E+4	2.493850E-1
1.544625E+4	1.480364E-1
1.544650E+4	3.157196E-1
1.544675E+4	4.147409E-1
1.544700E+4	4.121373E-1
1.544725E+4	4.393222E-1
1.544750E+4	5.146407E-1
1.544775E+4	5.246129E-1
1.544800E+4	3.992816E-1
1.544825E+4	2.878724E-1
1.544850E+4	3.570585E-1
1.544875E+4	4.938443E-1
1.544900E+4	4.127053E-1
1.544925E+4	2.254571E-1
1.544950E+4	1.345359E-1
1.544975E+4	1.240597E-1
1.545000E+4	1.391051E-1
1.545025E+4	1.430397E-1
1.545050E+4	9.699285E-2
1.545075E+4	2.259223E-2
1.545100E+4	1.214842E-2
1.545125E+4	7.720568E-2
1.545150E+4	1.920318E-1
1.545175E+4	2.726753E-1
1.545200E+4	1.511599E-1
1.545225E+4	1.031282E-2
1.545250E+4	1.186704E-2
1.545275E+4	3.145752E-2
1.545300E+4	2.417796E-2
1.545325E+4	6.802881E-2
1.545350E+4	1.393622E-1
1.545375E+4	1.257029E-1
1.545400E+4	8.622052E-2
1.545425E+4	1.841509E-1
1.545450E+4	4.046289E-1
1.545475E+4	5.757491E-1
1.545500E+4	3.950898E-1
1.545525E+4	1.190812E-1
1.545550E+4	9.380904E-2
1.545575E+4	2.177081E-1
1.545600E+4	3.593991E-1
1.545625E+4	2.606917E-1
1.545650E+4	1.014825E-1
1.545675E+4	2.393217E-1
1.545700E+4	4.691126E-1
1.545725E+4	4.850126E-1
1.545750E+4	8.946425E-2
1.545775E+4	1.890962E-2
1.545800E+4	1.118140E-1
1.545825E+4	1.596892E-1
1.545850E+4	1.238502E-1
1.545875E+4	5.694214E-2
1.545900E+4	5.114890E-3
1.545925E+4	4.259242E-2
1.545950E+4	1.925077E-1
1.545975E+4	3.159733E-1
1.546000E+4	3.677648E-1
1.546025E+4	3.139715E-1
1.546050E+4	1.223140E-1
1.546075E+4	3.348829E-2
1.546100E+4	1.447316E-1
1.546125E+4	2.644019E-1
1.546150E+4	3.251800E-1
1.546175E+4	2.692997E-1
1.546200E+4	1.437608E-1
1.546225E+4	1.185718E-1
1.546250E+4	2.392577E-1
1.546275E+4	4.442565E-1
1.546300E+4	5.398134E-1
1.546325E+4	4.137252E-1
1.546350E+4	1.352502E-1
1.546375E+4	8.569341E-2
1.546400E+4	1.844630E-1
1.546425E+4	1.638184E-1
1.546450E+4	1.038605E-1
1.546475E+4	9.333188E-2
1.546500E+4	1.456547E-1
1.546525E+4	1.563449E-1
1.546550E+4	8.986053E-2
1.546575E+4	1.246046E-1
1.546600E+4	2.821640E-1
1.546625E+4	2.014849E-1
1.546650E+4	1.322281E-2
1.546675E+4	1.666112E-1
1.546700E+4	3.615127E-1
1.546725E+4	4.457892E-1
1.546750E+4	3.457092E-1
1.546775E+4	1.391111E-1
1.546800E+4	1.312830E-1
1.546825E+4	3.423321E-1
1.546850E+4	4.625005E-1
1.546875E+4	2.748511E-1
1.546900E+4	3.225305E-2
1.546925E+4	6.239464E-2
1.546950E+4	2.878866E-1
1.546975E+4	4.506654E-1
1.547000E+4	3.974516E-1
1.547025E+4	2.752518E-1
1.547050E+4	1.556592E-1
1.547075E+4	7.035679E-2
1.547100E+4	1.057511E-1
1.547125E+4	1.702977E-1
1.547150E+4	1.507531E-1
1.547175E+4	2.389691E-2
1.547200E+4	1.256336E-1
1.547225E+4	3.384609E-1
1.547250E+4	4.249959E-1
1.547275E+4	4.482676E-1
1.547300E+4	3.060603E-1
1.547325E+4	7.943245E-2
1.547350E+4	1.777291E-3
1.547375E+4	1.004149E-1
1.547400E+4	3.077248E-1
1.547425E+4	3.307501E-1
1.547450E+4	2.378526E-1
1.547475E+4	1.523615E-1
1.547500E+4	8.795593E-2
1.547525E+4	7.460209E-2
1.547550E+4	1.328530E-1
1.547575E+4	9.367656E-2
1.547600E+4	5.635060E-2
1.547625E+4	1.805219E-2
1.547650E+4	4.026601E-3
1.547675E+4	4.311333E-2
1.547700E+4	9.124535E-2
1.547725E+4	1.382588E-1
1.547750E+4	7.194480E-2
1.547775E+4	1.492082E-2
1.547800E+4	1.195072E-1
1.547825E+4	3.147391E-1
1.547850E+4	3.741187E-1
1.547875E+4	1.153497E-1
1.547900E+4	7.653896E-2
1.547925E+4	1.824164E-1
1.547950E+4	3.120216E-1
1.547975E+4	3.102276E-1
1.548000E+4	1.662918E-1
1.548025E+4	2.846728E-2
1.548050E+4	7.774412E-2
1.548075E+4	1.132248E-1
1.548100E+4	9.939906E-2
1.548125E+4	9.931306E-2
1.548150E+4	1.698462E-1
1.548175E+4	3.772086E-1
1.548200E+4	2.042156E-1
1.548225E+4	6.759269E-2
1.548250E+4	2.221629E-2
1.548275E+4	1.094135E-1
1.548300E+4	2.352540E-1
1.548325E+4	3.252224E-1
1.548350E+4	4.345592E-1
1.548375E+4	4.036979E-1
1.548400E+4	1.086934E-1
1.548425E+4	1.167198E-2
1.548450E+4	5.799919E-3
1.548475E+4	1.066331E-1
1.548500E+4	7.592379E-2
1.548525E+4	3.496636E-2
1.548550E+4	2.190681E-2
1.548575E+4	6.253635E-2
1.548600E+4	1.517629E-1
1.548625E+4	1.122858E-1
1.548650E+4	5.691340E-2
1.548675E+4	2.165888E-2
1.548700E+4	1.840767E-1
1.548725E+4	5.714988E-1
1.548750E+4	4.499247E-1
1.548775E+4	2.650805E-1
1.548800E+4	7.800418E-2
1.548825E+4	3.026085E-2
1.548850E+4	9.446139E-2
1.548875E+4	1.402856E-1
1.548900E+4	1.176976E-1
1.548925E+4	3.466772E-2
1.548950E+4	8.155800E-3
1.548975E+4	1.198437E-1
1.549000E+4	4.083030E-1
1.549025E+4	4.719818E-1
1.549050E+4	2.432548E-1
1.549075E+4	1.578010E-1
1.549100E+4	1.888349E-1
1.549125E+4	2.989758E-1
1.549150E+4	1.671098E-1
1.549175E+4	4.234753E-2
1.549200E+4	1.465046E-3
1.549225E+4	2.501781E-2
1.549250E+4	1.099873E-1
1.549275E+4	1.427126E-1
1.549300E+4	1.216039E-1
1.549325E+4	7.323770E-2
1.549350E+4	1.793915E-2
1.549375E+4	1.268698E-1
1.549400E+4	1.419861E-1
1.549425E+4	9.899868E-2
1.549450E+4	4.978098E-2
1.549475E+4	1.718295E-2
1.549500E+4	2.259272E-2
1.549525E+4	1.285576E-1
1.549550E+4	2.787407E-1
1.549575E+4	1.381804E-1
1.549600E+4	5.216564E-2
1.549625E+4	2.147608E-2
1.549650E+4	2.556962E-2
1.549675E+4	5.908180E-2
1.549700E+4	7.356299E-2
1.549725E+4	7.403562E-2
1.549750E+4	8.079802E-2
1.549775E+4	8.230602E-2
1.549800E+4	2.278975E-2
1.549825E+4	7.186751E-4
1.549850E+4	1.910452E-2
1.549875E+4	4.530618E-2
1.549900E+4	4.380990E-2
1.549925E+4	3.137941E-2
1.549950E+4	8.640178E-2
1.549975E+4	2.288761E-1
1.550000E+4	3.445301E-1
1.550025E+4	2.912761E-1
1.550050E+4	1.831383E-1
1.550075E+4	9.455604E-2
1.550100E+4	5.775135E-2
1.550125E+4	9.447074E-2
1.550150E+4	1.200824E-1
1.550175E+4	1.205553E-1
1.550200E+4	1.158303E-1
1.550225E+4	9.697202E-2
1.550250E+4	4.035397E-2
1.550275E+4	1.101937E-2
1.550300E+4	1.000839E-2
1.550325E+4	1.171979E-2
1.550350E+4	7.224909E-3
1.550375E+4	8.059130E-3
1.550400E+4	4.431053E-2
1.550425E+4	1.014020E-1
1.550450E+4	1.361199E-1
1.550475E+4	1.448385E-1
1.550500E+4	1.141118E-1
1.550525E+4	7.294432E-2
1.550550E+4	8.202820E-2
1.550575E+4	1.154337E-1
1.550600E+4	1.502496E-1
1.550625E+4	1.566559E-1
1.550650E+4	1.038397E-1
1.550675E+4	8.693291E-2
1.550700E+4	1.102691E-1
1.550725E+4	9.951430E-2
1.550750E+4	5.043410E-2
1.550775E+4	3.115475E-3
1.550800E+4	9.502741E-2
1.550825E+4	2.911554E-1
1.550850E+4	2.511257E-1
1.550875E+4	1.312928E-1
1.550900E+4	3.826616E-2
1.550925E+4	1.641153E-2
1.550950E+4	2.754951E-2
1.550975E+4	3.132900E-2
1.551000E+4	5.772530E-2
1.551025E+4	8.384227E-2
1.551050E+4	6.691413E-2
1.551075E+4	3.085656E-2
1.551100E+4	7.395249E-2
1.551125E+4	4.259837E-1
1.551150E+4	4.074626E-1
1.551175E+4	1.794636E-1
1.551200E+4	5.852522E-2
1.551225E+4	3.517445E-2
1.551250E+4	7.192720E-2
1.551275E+4	8.087104E-2
1.551300E+4	3.596904E-2
1.551325E+4	3.992691E-2
1.551350E+4	7.520251E-2
1.551375E+4	1.348217E-1
1.551400E+4	2.432363E-1
1.551425E+4	2.008027E-1
1.551450E+4	9.501432E-2
1.551475E+4	5.992505E-2
1.551500E+4	1.761826E-1
1.551525E+4	2.995747E-1
1.551550E+4	3.148008E-1
1.551575E+4	2.685220E-1
1.551600E+4	1.628645E-1
1.551625E+4	4.975059E-2
1.551650E+4	1.892262E-2
1.551675E+4	2.005291E-2
1.551700E+4	1.692336E-3
1.551725E+4	7.325233E-2
1.551750E+4	1.774695E-1
1.551775E+4	3.061644E-1
1.551800E+4	3.773497E-1
1.551825E+4	1.743392E-1
1.551850E+4	6.948806E-2
1.551875E+4	1.389041E-1
1.551900E+4	3.558052E-1
1.551925E+4	4.228213E-1
1.551950E+4	2.827102E-1
1.551975E+4	1.506775E-1
1.552000E+4	5.661739E-2
1.552025E+4	2.039628E-1
1.552050E+4	2.591730E-1
1.552075E+4	2.144653E-1
1.552100E+4	1.643314E-1
1.552125E+4	1.308011E-1
1.552150E+4	1.305726E-1
1.552175E+4	9.360970E-2
1.552200E+4	3.405467E-2
1.552225E+4	2.122402E-2
1.552250E+4	1.279808E-1
1.552275E+4	1.672751E-1
1.552300E+4	1.416229E-1
1.552325E+4	6.013220E-2
1.552350E+4	2.087489E-3
1.552375E+4	5.193549E-4
1.552400E+4	6.101863E-3
1.552425E+4	1.013471E-1
1.552450E+4	2.716569E-1
1.552475E+4	3.367900E-1
1.552500E+4	3.167995E-1
1.552525E+4	1.800129E-1
1.552550E+4	3.104959E-2
1.552575E+4	2.643994E-2
1.552600E+4	1.141256E-1
1.552625E+4	3.452581E-1
1.552650E+4	3.834784E-1
1.552675E+4	2.264081E-1
1.552700E+4	1.574740E-1
1.552725E+4	1.260493E-1
1.552750E+4	8.824401E-2
1.552775E+4	4.437930E-2
1.552800E+4	3.154984E-2
1.552825E+4	1.519734E-2
1.552850E+4	5.894968E-3
1.552875E+4	3.004676E-2
1.552900E+4	8.586771E-2
1.552925E+4	1.758283E-1
1.552950E+4	1.058856E-1
1.552975E+4	2.634662E-2
1.553000E+4	4.942191E-2
1.553025E+4	1.293698E-1
1.553050E+4	2.016803E-1
1.553075E+4	5.130297E-2
1.553100E+4	3.965321E-2
1.553125E+4	1.971824E-1
1.553150E+4	3.291065E-1
1.553175E+4	3.066668E-1
1.553200E+4	1.946648E-1
1.553225E+4	7.188241E-2
1.553250E+4	3.605182E-2
1.553275E+4	2.111670E-1
1.553300E+4	5.895665E-2
1.553325E+4	2.310319E-2
1.553350E+4	5.770930E-2
1.553375E+4	8.147734E-2
1.553400E+4	4.714224E-2
1.553425E+4	5.559270E-3
1.553450E+4	9.229633E-3
1.553475E+4	4.051576E-2
1.553500E+4	1.966346E-2
1.553525E+4	6.690172E-3
1.553550E+4	7.852292E-2
1.553575E+4	1.589973E-1
1.553600E+4	1.595235E-1
1.553625E+4	8.762070E-2
1.553650E+4	3.219823E-2
1.553675E+4	4.762032E-2
1.553700E+4	7.927656E-2
1.553725E+4	1.516165E-1
1.553750E+4	2.185291E-1
1.553775E+4	2.144612E-1
1.553800E+4	1.487385E-1
1.553825E+4	3.953841E-2
1.553850E+4	2.598383E-2
1.553875E+4	1.406177E-1
1.553900E+4	1.413250E-1
1.553925E+4	5.717211E-2
1.553950E+4	3.499913E-2
1.553975E+4	1.835663E-1
1.554000E+4	3.496481E-1
1.554025E+4	4.126493E-1
1.554050E+4	1.490357E-1
1.554075E+4	9.783277E-3
1.554100E+4	9.955870E-2
1.554125E+4	1.407898E-1
1.554150E+4	8.674593E-2
1.554175E+4	6.813114E-2
1.554200E+4	2.042339E-1
1.554225E+4	3.537127E-1
1.554250E+4	4.333256E-1
1.554275E+4	1.961975E-1
1.554300E+4	2.376261E-2
1.554325E+4	8.246237E-2
1.554350E+4	2.299508E-1
1.554375E+4	3.414903E-1
1.554400E+4	1.095784E-1
1.554425E+4	1.227465E-2
1.554450E+4	2.986078E-2
1.554475E+4	7.492622E-2
1.554500E+4	1.021266E-1
1.554525E+4	9.668002E-2
1.554550E+4	9.786065E-2
1.554575E+4	1.400751E-1
1.554600E+4	2.681858E-1
1.554625E+4	2.488605E-1
1.554650E+4	1.610363E-1
1.554675E+4	1.927524E-1
1.554700E+4	2.778035E-1
1.554725E+4	4.035980E-1
1.554750E+4	4.878704E-1
1.554775E+4	3.701359E-1
1.554800E+4	1.929586E-1
1.554825E+4	1.076342E-1
1.554850E+4	1.004240E-1
1.554875E+4	1.141780E-1
1.554900E+4	1.135253E-1
1.554925E+4	1.027922E-1
1.554950E+4	8.652761E-2
1.554975E+4	7.065981E-2
1.555000E+4	6.687466E-2
1.555025E+4	4.851045E-2
1.555050E+4	1.423212E-2
1.555075E+4	1.644737E-3
1.555100E+4	4.285726E-2
1.555125E+4	6.336497E-2
1.555150E+4	1.830759E-2
1.555175E+4	1.126013E-2
1.555200E+4	1.039109E-1
1.555225E+4	2.288791E-1
1.555250E+4	2.348900E-1
1.555275E+4	7.715372E-2
1.555300E+4	6.340768E-2
1.555325E+4	4.182385E-1
1.555350E+4	7.146929E-1
1.555375E+4	6.123696E-1
1.555400E+4	1.053416E-1
1.555425E+4	1.524229E-1
1.555450E+4	4.607475E-1
1.555475E+4	5.275545E-1
1.555500E+4	4.796643E-1
1.555525E+4	3.246740E-1
1.555550E+4	1.731340E-1
1.555575E+4	3.045993E-1
1.555600E+4	3.538421E-1
1.555625E+4	4.201691E-1
1.555650E+4	4.985156E-1
1.555675E+4	3.208632E-1
1.555700E+4	2.482812E-1
1.555725E+4	2.243181E-1
1.555750E+4	2.017183E-1
1.555775E+4	4.667086E-2
1.555800E+4	5.261001E-3
1.555825E+4	8.570885E-4
1.555850E+4	1.413803E-2
1.555875E+4	1.361915E-1
1.555900E+4	2.689409E-1
1.555925E+4	1.891964E-1
1.555950E+4	1.320453E-1
1.555975E+4	1.463066E-1
1.556000E+4	2.192443E-1
1.556025E+4	3.164286E-1
1.556050E+4	4.442606E-1
1.556075E+4	4.716666E-1
1.556100E+4	3.499123E-1
1.556125E+4	2.369953E-1
1.556150E+4	1.767611E-1
1.556175E+4	1.932550E-1
1.556200E+4	2.095450E-1
1.556225E+4	1.105014E-1
1.556250E+4	8.788252E-3
1.556275E+4	3.744989E-2
1.556300E+4	9.314782E-2
1.556325E+4	1.076145E-1
1.556350E+4	1.275830E-1
1.556375E+4	2.367488E-1
1.556400E+4	1.849690E-1
1.556425E+4	8.122580E-2
1.556450E+4	2.827620E-2
1.556475E+4	2.754182E-3
1.556500E+4	6.163183E-2
1.556525E+4	8.904376E-2
1.556550E+4	6.007134E-2
1.556575E+4	3.216907E-2
1.556600E+4	9.457786E-2
1.556625E+4	1.074602E-1
1.556650E+4	9.746860E-2
1.556675E+4	1.455199E-1
1.556700E+4	3.228735E-1
1.556725E+4	5.642220E-1
1.556750E+4	6.189957E-1
1.556775E+4	5.230240E-1
1.556800E+4	3.084165E-1
1.556825E+4	2.022620E-1
1.556850E+4	3.506026E-1
1.556875E+4	4.762807E-1
1.556900E+4	4.475018E-1
1.556925E+4	1.642312E-1
1.556950E+4	5.921850E-3
1.556975E+4	2.388415E-2
1.557000E+4	3.895972E-2
1.557025E+4	2.490654E-2
1.557050E+4	1.462702E-1
1.557075E+4	2.880506E-1
1.557100E+4	2.776047E-1
1.557125E+4	1.109074E-1
1.557150E+4	8.792940E-2
1.557175E+4	3.827119E-1
1.557200E+4	4.365562E-1
1.557225E+4	1.869615E-1
1.557250E+4	4.557588E-2
1.557275E+4	6.853481E-2
1.557300E+4	1.882329E-1
1.557325E+4	2.700935E-1
1.557350E+4	1.990981E-1
1.557375E+4	1.167543E-1
1.557400E+4	2.270422E-1
1.557425E+4	3.010885E-1
1.557450E+4	1.468297E-1
1.557475E+4	2.319035E-2
1.557500E+4	1.752670E-2
1.557525E+4	7.452017E-2
1.557550E+4	8.009177E-2
1.557575E+4	9.119854E-3
1.557600E+4	8.981576E-2
1.557625E+4	1.890347E-1
1.557650E+4	1.954921E-1
1.557675E+4	6.508825E-2
1.557700E+4	2.330084E-1
1.557725E+4	2.990069E-1
1.557750E+4	2.560976E-1
1.557775E+4	2.019964E-1
1.557800E+4	2.272923E-1
1.557825E+4	5.161977E-1
1.557850E+4	5.707566E-1
1.557875E+4	5.095996E-1
1.557900E+4	5.023977E-1
1.557925E+4	5.294698E-1
1.557950E+4	5.087409E-1
1.557975E+4	3.950376E-1
1.558000E+4	2.047202E-1
1.558025E+4	4.445570E-2
1.558050E+4	1.592259E-1
1.558075E+4	3.279784E-1
1.558100E+4	4.377773E-1
1.558125E+4	4.866525E-1
1.558150E+4	4.288283E-1
1.558175E+4	2.151723E-1
1.558200E+4	7.147131E-2
1.558225E+4	1.295950E-1
1.558250E+4	1.318926E-1
1.558275E+4	5.195506E-2
1.558300E+4	1.849114E-2
1.558325E+4	1.458061E-1
1.558350E+4	1.614795E-1
1.558375E+4	1.023789E-2
1.558400E+4	2.541681E-1
1.558425E+4	4.798078E-1
1.558450E+4	5.370156E-1
1.558475E+4	5.585017E-1
1.558500E+4	5.274838E-1
1.558525E+4	3.366886E-1
1.558550E+4	3.367917E-1
1.558575E+4	3.887478E-1
1.558600E+4	4.526242E-1
1.558625E+4	5.070422E-1
1.558650E+4	1.690492E-1
1.558675E+4	1.536693E-2
1.558700E+4	8.052358E-2
1.558725E+4	2.597344E-1
1.558750E+4	4.517833E-1
1.558775E+4	4.315296E-1
1.558800E+4	3.507738E-1
1.558825E+4	2.901534E-1
1.558850E+4	2.894671E-1
1.558875E+4	3.472930E-1
1.558900E+4	4.536987E-1
1.558925E+4	5.818931E-1
1.558950E+4	5.783413E-1
1.558975E+4	3.461381E-1
1.559000E+4	1.192005E-1
1.559025E+4	2.121895E-1
1.559050E+4	5.527306E-1
1.559075E+4	4.808798E-1
1.559100E+4	1.437267E-1
1.559125E+4	1.288031E-1
1.559150E+4	4.357717E-1
1.559175E+4	4.489135E-1
1.559200E+4	2.432331E-1
1.559225E+4	6.911890E-2
1.559250E+4	2.523930E-1
1.559275E+4	5.033803E-1
1.559300E+4	4.216483E-1
1.559325E+4	7.789880E-2
1.559350E+4	3.441952E-2
1.559375E+4	1.610948E-1
1.559400E+4	2.101743E-1
1.559425E+4	1.608224E-1
1.559450E+4	8.436341E-2
1.559475E+4	2.394046E-1
1.559500E+4	4.946844E-1
1.559525E+4	4.270549E-1
1.559550E+4	3.520555E-1
1.559575E+4	3.088519E-1
1.559600E+4	2.311897E-1
1.559625E+4	5.439262E-1
1.559650E+4	7.066438E-1
1.559675E+4	6.726182E-1
1.559700E+4	6.160107E-1
1.559725E+4	4.850776E-1
1.559750E+4	2.008496E-1
1.559775E+4	1.191398E-1
1.559800E+4	2.718226E-1
1.559825E+4	2.720900E-1
1.559850E+4	1.148111E-1
1.559875E+4	2.744927E-2
1.559900E+4	1.396333E-1
1.559925E+4	2.325656E-1
1.559950E+4	7.738911E-2
1.559975E+4	1.464921E-1
1.560000E+4	4.052412E-1
1.560025E+4	4.876640E-1
1.560050E+4	3.817842E-1
1.560075E+4	1.240814E-1
1.560100E+4	3.147893E-2
1.560125E+4	1.185502E-2
1.560150E+4	2.238893E-2
1.560175E+4	2.176937E-1
1.560200E+4	2.834885E-1
1.560225E+4	2.020016E-1
1.560250E+4	1.195654E-1
1.560275E+4	2.725251E-1
1.560300E+4	4.898427E-1
1.560325E+4	5.262514E-1
1.560350E+4	2.799051E-1
1.560375E+4	2.900064E-2
1.560400E+4	1.517107E-1
1.560425E+4	2.396946E-1
1.560450E+4	1.894933E-1
1.560475E+4	4.617521E-2
1.560500E+4	4.074830E-2
1.560525E+4	3.210822E-1
1.560550E+4	2.871252E-1
1.560575E+4	4.997718E-2
1.560600E+4	4.011666E-2
1.560625E+4	2.916510E-1
1.560650E+4	5.309569E-1
1.560675E+4	1.536994E-1
1.560700E+4	5.395147E-2
1.560725E+4	6.889916E-2
1.560750E+4	9.347513E-2
1.560775E+4	6.495996E-2
1.560800E+4	1.636263E-2
1.560825E+4	7.806011E-3
1.560850E+4	4.082829E-2
1.560875E+4	2.256916E-1
1.560900E+4	4.462045E-1
1.560925E+4	5.103850E-1
1.560950E+4	3.870132E-1
1.560975E+4	1.261334E-1
1.561000E+4	1.455582E-2
1.561025E+4	1.302036E-1
1.561050E+4	3.654266E-1
1.561075E+4	6.551277E-1
1.561100E+4	7.584968E-1
1.561125E+4	6.366310E-1
1.561150E+4	4.757568E-1
1.561175E+4	3.272988E-1
1.561200E+4	2.810271E-1
1.561225E+4	4.590628E-1
1.561250E+4	5.527575E-1
1.561275E+4	3.763009E-1
1.561300E+4	2.509308E-1
1.561325E+4	1.985605E-1
1.561350E+4	1.710297E-1
1.561375E+4	1.369091E-1
1.561400E+4	1.649134E-1
1.561425E+4	2.863079E-1
1.561450E+4	3.605908E-1
1.561475E+4	3.756067E-1
1.561500E+4	2.870234E-1
1.561525E+4	3.702670E-2
1.561550E+4	2.303464E-1
1.561575E+4	4.486477E-1
1.561600E+4	3.745283E-1
1.561625E+4	1.771225E-1
1.561650E+4	2.437943E-2
1.561675E+4	3.236362E-1
1.561700E+4	5.712126E-1
1.561725E+4	5.554619E-1
1.561750E+4	4.379002E-1
1.561775E+4	2.983262E-1
1.561800E+4	1.907575E-1
1.561825E+4	1.489405E-1
1.561850E+4	1.852059E-1
1.561875E+4	1.719939E-1
1.561900E+4	4.593267E-2
1.561925E+4	3.480265E-2
1.561950E+4	1.663810E-1
1.561975E+4	3.493289E-1
1.562000E+4	3.673812E-1
1.562025E+4	1.606268E-1
1.562050E+4	1.482259E-1
1.562075E+4	2.972602E-1
1.562100E+4	3.537421E-1
1.562125E+4	2.768791E-1
1.562150E+4	1.411524E-1
1.562175E+4	1.195805E-1
1.562200E+4	2.078786E-1
1.562225E+4	1.702932E-1
1.562250E+4	1.049041E-1
1.562275E+4	2.587987E-1
1.562300E+4	3.178591E-1
1.562325E+4	2.739366E-1
1.562350E+4	1.501345E-1
1.562375E+4	3.881287E-1
1.562400E+4	5.202849E-1
1.562425E+4	4.219100E-1
1.562450E+4	1.825758E-1
1.562475E+4	1.500015E-1
1.562500E+4	6.158313E-1
1.562525E+4	7.272255E-1
1.562550E+4	6.106847E-1
1.562575E+4	2.407143E-1
1.562600E+4	3.316519E-1
1.562625E+4	4.273998E-1
1.562650E+4	3.370758E-1
1.562675E+4	1.622384E-1
1.562700E+4	1.062352E-1
1.562725E+4	3.680530E-1
1.562750E+4	5.082130E-1
1.562775E+4	3.370359E-1
1.562800E+4	7.182338E-2
1.562825E+4	3.592838E-2
1.562850E+4	1.438816E-1
1.562875E+4	1.710556E-1
1.562900E+4	1.264612E-1
1.562925E+4	1.139019E-1
1.562950E+4	2.513059E-1
1.562975E+4	4.047691E-1
1.563000E+4	4.234103E-1
1.563025E+4	3.916508E-1
1.563050E+4	3.866431E-1
1.563075E+4	5.245750E-1
1.563100E+4	4.864458E-1
1.563125E+4	2.928450E-1
1.563150E+4	1.195407E-1
1.563175E+4	1.103235E-2
1.563200E+4	9.490322E-2
1.563225E+4	4.565430E-1
1.563250E+4	3.511860E-1
1.563275E+4	1.275387E-1
1.563300E+4	3.905194E-2
1.563325E+4	2.982917E-2
1.563350E+4	8.225070E-2
1.563375E+4	2.341131E-1
1.563400E+4	2.497525E-1
1.563425E+4	3.278864E-1
1.563450E+4	3.822811E-1
1.563475E+4	3.589260E-1
1.563500E+4	2.397673E-1
1.563525E+4	3.495819E-2
1.563550E+4	2.591520E-1
1.563575E+4	5.456086E-1
1.563600E+4	5.151353E-1
1.563625E+4	4.348063E-1
1.563650E+4	2.956433E-1
1.563675E+4	8.199154E-2
1.563700E+4	1.497294E-1
1.563725E+4	3.647506E-1
1.563750E+4	3.438476E-1
1.563775E+4	1.704898E-1
1.563800E+4	3.868030E-2
1.563825E+4	1.043279E-2
1.563850E+4	8.233677E-3
1.563875E+4	2.520565E-2
1.563900E+4	1.050463E-1
1.563925E+4	1.705573E-1
1.563950E+4	2.343222E-1
1.563975E+4	2.907427E-1
1.564000E+4	3.235745E-1
1.564025E+4	3.769271E-1
1.564050E+4	4.631720E-1
1.564075E+4	5.772688E-1
1.564100E+4	6.025537E-1
1.564125E+4	4.855023E-1
1.564150E+4	4.986805E-1
1.564175E+4	5.940043E-1
1.564200E+4	6.011229E-1
1.564225E+4	4.884239E-1
1.564250E+4	4.617542E-1
1.564275E+4	5.445672E-1
1.564300E+4	5.374842E-1
1.564325E+4	4.525854E-1
1.564350E+4	3.695395E-1
1.564375E+4	3.339857E-1
1.564400E+4	3.318255E-1
1.564425E+4	2.343041E-1
1.564450E+4	1.111298E-1
1.564475E+4	1.492238E-1
1.564500E+4	2.264384E-1
1.564525E+4	4.644417E-2
1.564550E+4	5.615294E-2
1.564575E+4	2.796613E-1
1.564600E+4	4.570766E-1
1.564625E+4	4.406732E-1
1.564650E+4	2.627440E-1
1.564675E+4	1.208210E-1
1.564700E+4	2.029268E-1
1.564725E+4	2.755101E-1
1.564750E+4	1.914512E-1
1.564775E+4	2.387999E-1
1.564800E+4	4.200523E-1
1.564825E+4	5.014966E-1
1.564850E+4	3.533579E-1
1.564875E+4	3.797926E-2
1.564900E+4	3.100718E-1
1.564925E+4	5.457803E-1
1.564950E+4	5.992904E-1
1.564975E+4	4.718778E-1
1.565000E+4	1.533295E-1
1.565025E+4	1.656764E-1
1.565050E+4	3.386052E-1
1.565075E+4	2.941063E-1
1.565100E+4	4.571870E-2
1.565125E+4	5.578332E-2
1.565150E+4	1.789852E-1
1.565175E+4	1.858857E-1
1.565200E+4	6.978477E-2
1.565225E+4	1.691982E-2
1.565250E+4	1.574489E-1
1.565275E+4	1.862022E-1
1.565300E+4	1.440561E-1
1.565325E+4	7.627670E-2
1.565350E+4	1.222701E-2
1.565375E+4	1.725539E-2
1.565400E+4	1.498648E-1
1.565425E+4	2.339722E-1
1.565450E+4	6.898400E-2
1.565475E+4	4.736948E-2
1.565500E+4	1.213127E-1
1.565525E+4	1.472396E-1
1.565550E+4	7.894718E-2
1.565575E+4	5.976756E-2
1.565600E+4	5.989535E-2
1.565625E+4	1.344780E-2
1.565650E+4	2.181785E-2
1.565675E+4	2.079263E-1
1.565700E+4	4.228496E-1
1.565725E+4	4.791339E-1
1.565750E+4	3.460790E-1
1.565775E+4	1.604172E-1
1.565800E+4	2.069594E-1
1.565825E+4	3.975569E-1
1.565850E+4	4.124341E-1
1.565875E+4	5.580890E-2
1.565900E+4	8.797087E-2
1.565925E+4	2.399765E-1
1.565950E+4	3.474568E-1
1.565975E+4	2.560735E-1
1.566000E+4	1.589872E-1
1.566025E+4	2.099800E-1
1.566050E+4	1.576956E-1
1.566075E+4	6.563571E-2
1.566100E+4	3.216471E-1
1.566125E+4	5.834623E-1
1.566150E+4	6.648009E-1
1.566175E+4	3.724785E-1
1.566200E+4	3.863659E-1
1.566225E+4	5.753292E-1
1.566250E+4	6.966117E-1
1.566275E+4	7.855007E-1
1.566300E+4	3.588467E-1
1.566325E+4	3.142593E-1
1.566350E+4	4.371611E-1
1.566375E+4	4.317258E-1
1.566400E+4	3.049187E-1
1.566425E+4	1.007529E-1
1.566450E+4	3.055515E-2
1.566475E+4	2.986255E-1
1.566500E+4	4.396852E-1
1.566525E+4	1.978969E-1
1.566550E+4	7.115559E-2
1.566575E+4	2.818843E-2
1.566600E+4	6.787107E-3
1.566625E+4	2.133578E-2
1.566650E+4	2.162162E-1
1.566675E+4	2.523977E-1
1.566700E+4	2.220561E-1
1.566725E+4	1.771876E-1
1.566750E+4	1.275064E-1
1.566775E+4	1.083639E-1
1.566800E+4	3.088098E-1
1.566825E+4	5.591267E-1
1.566850E+4	1.827491E-1
1.566875E+4	4.576601E-3
1.566900E+4	2.854881E-1
1.566925E+4	6.011077E-1
1.566950E+4	6.279762E-1
1.566975E+4	4.222475E-1
1.567000E+4	1.012733E-1
1.567025E+4	2.443405E-1
1.567050E+4	3.377951E-1
1.567075E+4	2.604798E-1
1.567100E+4	1.122610E-1
1.567125E+4	1.992993E-1
1.567150E+4	2.855682E-1
1.567175E+4	2.521333E-1
1.567200E+4	1.851028E-1
1.567225E+4	2.210838E-1
1.567250E+4	3.902565E-1
1.567275E+4	3.620037E-1
1.567300E+4	3.419158E-1
1.567325E+4	5.057084E-1
1.567350E+4	7.875508E-1
1.567375E+4	7.674554E-1
1.567400E+4	3.628151E-1
1.567425E+4	5.813365E-2
1.567450E+4	6.223419E-2
1.567475E+4	2.047109E-1
1.567500E+4	3.786481E-1
1.567525E+4	5.452159E-1
1.567550E+4	5.488862E-1
1.567575E+4	2.868030E-1
1.567600E+4	5.474515E-2
1.567625E+4	6.162588E-2
1.567650E+4	8.111800E-2
1.567675E+4	3.246254E-2
1.567700E+4	7.527270E-3
1.567725E+4	1.351590E-1
1.567750E+4	3.293008E-1
1.567775E+4	2.020576E-1
1.567800E+4	9.293438E-2
1.567825E+4	2.242036E-1
1.567850E+4	4.151137E-1
1.567875E+4	5.324841E-1
1.567900E+4	4.933355E-1
1.567925E+4	2.536801E-1
1.567950E+4	4.356525E-2
1.567975E+4	1.309680E-1
1.568000E+4	2.059475E-1
1.568025E+4	3.211740E-1
1.568050E+4	5.278629E-1
1.568075E+4	7.288459E-1
1.568100E+4	6.169828E-1
1.568125E+4	2.915732E-1
1.568150E+4	8.790869E-2
1.568175E+4	4.019433E-2
1.568200E+4	1.802730E-1
1.568225E+4	3.308965E-1
1.568250E+4	2.413917E-1
1.568275E+4	1.981518E-1
1.568300E+4	2.432433E-1
1.568325E+4	2.719435E-1
1.568350E+4	1.707537E-1
1.568375E+4	3.442634E-2
1.568400E+4	1.545930E-1
1.568425E+4	5.016029E-1
1.568450E+4	6.534634E-1
1.568475E+4	4.704503E-1
1.568500E+4	1.688597E-1
1.568525E+4	6.849178E-2
1.568550E+4	2.362690E-1
1.568575E+4	3.778764E-1
1.568600E+4	2.700824E-1
1.568625E+4	1.270593E-1
1.568650E+4	1.286135E-1
1.568675E+4	1.903965E-1
1.568700E+4	1.854681E-1
1.568725E+4	1.642208E-1
1.568750E+4	2.104338E-1
1.568775E+4	3.316987E-1
1.568800E+4	2.542333E-1
1.568825E+4	9.616238E-2
1.568850E+4	2.206005E-2
1.568875E+4	4.193940E-3
1.568900E+4	1.172770E-1
1.568925E+4	2.258288E-1
1.568950E+4	1.454755E-1
1.568975E+4	5.042545E-2
1.569000E+4	1.229794E-2
1.569025E+4	7.456981E-2
1.569050E+4	1.250821E-1
1.569075E+4	1.515775E-1
1.569100E+4	2.451979E-1
1.569125E+4	3.340735E-1
1.569150E+4	3.357127E-1
1.569175E+4	2.912000E-1
1.569200E+4	3.149401E-1
1.569225E+4	4.149624E-1
1.569250E+4	5.064677E-1
1.569275E+4	5.501202E-1
1.569300E+4	5.749899E-1
1.569325E+4	5.621830E-1
1.569350E+4	4.891878E-1
1.569375E+4	3.226487E-1
1.569400E+4	3.658721E-2
1.569425E+4	2.074988E-1
1.569450E+4	4.688455E-1
1.569475E+4	4.683563E-1
1.569500E+4	3.611967E-1
1.569525E+4	1.919842E-1
1.569550E+4	8.430349E-2
1.569575E+4	2.472883E-1
1.569600E+4	5.229936E-1
1.569625E+4	6.834824E-1
1.569650E+4	7.123976E-1
1.569675E+4	5.588560E-1
1.569700E+4	1.882159E-1
1.569725E+4	5.419702E-1
1.569750E+4	6.241956E-1
1.569775E+4	6.097037E-1
1.569800E+4	5.477054E-1
1.569825E+4	3.921963E-1
1.569850E+4	2.262657E-1
1.569875E+4	3.446057E-1
1.569900E+4	2.888800E-1
1.569925E+4	1.319911E-1
1.569950E+4	1.715686E-2
1.569975E+4	2.113683E-1
1.570000E+4	6.913439E-1
1.570025E+4	9.466004E-1
1.570050E+4	8.306718E-1
1.570075E+4	5.622327E-1
1.570100E+4	3.250138E-1
1.570125E+4	5.244368E-1
1.570150E+4	8.327469E-1
1.570175E+4	5.240907E-1
1.570200E+4	3.174336E-1
1.570225E+4	2.458458E-1
1.570250E+4	2.972785E-1
1.570275E+4	4.193631E-1
1.570300E+4	5.114471E-1
1.570325E+4	4.901808E-1
1.570350E+4	3.266774E-1
1.570375E+4	1.179201E-1
1.570400E+4	2.882134E-2
1.570425E+4	7.260271E-2
1.570450E+4	1.096693E-1
1.570475E+4	1.116227E-1
1.570500E+4	1.138255E-1
1.570525E+4	1.138764E-1
1.570550E+4	1.257075E-1
1.570575E+4	2.143093E-1
1.570600E+4	3.280225E-1
1.570625E+4	3.634709E-1
1.570650E+4	1.549939E-1
1.570675E+4	3.723380E-2
1.570700E+4	2.646982E-1
1.570725E+4	4.765064E-1
1.570750E+4	6.359341E-1
1.570775E+4	5.497382E-1
1.570800E+4	5.044976E-2
1.570825E+4	1.737726E-1
1.570850E+4	1.975470E-1
1.570875E+4	1.349718E-1
1.570900E+4	1.418553E-1
1.570925E+4	3.976003E-1
1.570950E+4	5.305324E-1
1.570975E+4	3.482102E-1
1.571000E+4	1.279712E-1
1.571025E+4	1.328912E-1
1.571050E+4	2.336651E-1
1.571075E+4	1.752403E-1
1.571100E+4	1.376200E-1
1.571125E+4	4.236772E-1
1.571150E+4	4.460125E-1
1.571175E+4	3.178717E-1
1.571200E+4	1.398346E-1
1.571225E+4	3.237895E-1
1.571250E+4	5.546262E-1
1.571275E+4	4.335308E-1
1.571300E+4	2.376401E-1
1.571325E+4	1.307070E-1
1.571350E+4	3.153422E-1
1.571375E+4	6.107911E-1
1.571400E+4	5.420216E-1
1.571425E+4	3.067028E-1
1.571450E+4	1.464045E-1
1.571475E+4	8.532809E-2
1.571500E+4	1.096815E-1
1.571525E+4	3.897219E-1
1.571550E+4	5.122099E-1
1.571575E+4	3.477709E-1
1.571600E+4	1.640332E-1
1.571625E+4	1.180359E-1
1.571650E+4	3.966816E-1
1.571675E+4	7.242748E-1
1.571700E+4	8.210436E-1
1.571725E+4	7.598391E-1
1.571750E+4	4.782403E-1
1.571775E+4	2.047698E-3
1.571800E+4	2.383302E-1
1.571825E+4	4.123928E-1
1.571850E+4	4.302458E-1
1.571875E+4	3.703926E-1
1.571900E+4	5.707942E-1
1.571925E+4	6.635490E-1
1.571950E+4	7.056297E-1
1.571975E+4	6.885306E-1
1.572000E+4	4.827573E-1
1.572025E+4	4.324508E-1
1.572050E+4	4.999969E-1
1.572075E+4	5.152595E-1
1.572100E+4	4.668962E-1
1.572125E+4	3.958238E-1
1.572150E+4	3.673233E-1
1.572175E+4	3.076161E-1
1.572200E+4	2.052893E-1
1.572225E+4	7.617558E-2
1.572250E+4	1.970607E-3
1.572275E+4	2.630534E-3
1.572300E+4	5.079491E-2
1.572325E+4	2.376147E-1
1.572350E+4	5.245032E-1
1.572375E+4	4.102660E-1
1.572400E+4	1.025888E-1
1.572425E+4	4.647282E-2
1.572450E+4	2.419881E-1
1.572475E+4	6.131429E-1
1.572500E+4	6.684517E-1
1.572525E+4	5.197059E-1
1.572550E+4	5.210679E-1
1.572575E+4	6.290682E-1
1.572600E+4	6.391034E-1
1.572625E+4	3.694450E-1
1.572650E+4	1.890823E-1
1.572675E+4	1.450034E-1
1.572700E+4	9.450352E-2
1.572725E+4	1.057155E-1
1.572750E+4	1.866329E-1
1.572775E+4	2.624023E-1
1.572800E+4	1.172318E-1
1.572825E+4	1.132657E-2
1.572850E+4	2.028493E-2
1.572875E+4	5.355396E-2
1.572900E+4	1.616261E-1
1.572925E+4	3.766566E-1
1.572950E+4	5.102694E-1
1.572975E+4	6.272116E-1
1.573000E+4	4.499944E-1
1.573025E+4	4.967430E-2
1.573050E+4	3.847562E-2
1.573075E+4	1.640964E-1
1.573100E+4	3.160723E-1
1.573125E+4	4.302600E-1
1.573150E+4	4.731090E-1
1.573175E+4	4.663743E-1
1.573200E+4	3.475471E-1
1.573225E+4	7.276803E-2
1.573250E+4	5.936743E-2
1.573275E+4	1.205181E-1
1.573300E+4	9.904100E-2
1.573325E+4	3.063504E-3
1.573350E+4	2.621807E-1
1.573375E+4	5.583051E-1
1.573400E+4	7.274478E-1
1.573425E+4	7.903550E-1
1.573450E+4	6.301704E-1
1.573475E+4	2.913827E-1
1.573500E+4	7.693722E-2
1.573525E+4	1.650650E-2
1.573550E+4	7.515617E-3
1.573575E+4	2.498790E-3
1.573600E+4	1.721961E-3
1.573625E+4	1.741027E-2
1.573650E+4	1.617868E-1
1.573675E+4	4.270688E-1
1.573700E+4	4.292988E-1
1.573725E+4	3.518697E-1
1.573750E+4	2.962127E-1
1.573775E+4	3.563146E-1
1.573800E+4	5.168436E-1
1.573825E+4	5.358333E-1
1.573850E+4	4.731857E-1
1.573875E+4	3.482136E-1
1.573900E+4	1.193773E-1
1.573925E+4	1.499223E-1
1.573950E+4	3.076394E-1
1.573975E+4	3.322189E-1
1.574000E+4	2.313888E-1
1.574025E+4	1.520782E-1
1.574050E+4	2.059964E-1
1.574075E+4	2.947940E-1
1.574100E+4	3.667593E-1
1.574125E+4	3.140886E-1
1.574150E+4	1.492378E-1
1.574175E+4	6.957466E-2
1.574200E+4	2.559170E-1
1.574225E+4	5.155954E-1
1.574250E+4	5.117923E-1
1.574275E+4	2.685401E-1
1.574300E+4	1.392910E-2
1.574325E+4	1.057751E-1
1.574350E+4	2.900427E-1
1.574375E+4	2.775862E-1
1.574400E+4	9.144177E-2
1.574425E+4	7.591769E-2
1.574450E+4	5.470897E-1
1.574475E+4	7.751047E-1
1.574500E+4	7.152194E-1
1.574525E+4	4.317464E-1
1.574550E+4	2.637562E-1
1.574575E+4	3.598575E-1
1.574600E+4	4.687198E-1
1.574625E+4	5.219485E-1
1.574650E+4	3.843613E-1
1.574675E+4	1.397479E-1
1.574700E+4	7.759240E-2
1.574725E+4	2.401574E-1
1.574750E+4	5.236380E-1
1.574775E+4	6.321062E-1
1.574800E+4	3.697032E-1
1.574825E+4	8.475251E-2
1.574850E+4	2.696151E-2
1.574875E+4	1.618291E-1
1.574900E+4	4.024326E-1
1.574925E+4	6.039759E-1
1.574950E+4	5.618064E-1
1.574975E+4	5.555503E-1
1.575000E+4	6.417958E-1
1.575025E+4	5.168445E-1
1.575050E+4	2.158252E-1
1.575075E+4	4.679348E-2
1.575100E+4	1.974605E-1
1.575125E+4	3.749477E-1
1.575150E+4	3.726042E-1
1.575175E+4	2.126640E-1
1.575200E+4	9.542571E-2
1.575225E+4	1.187131E-1
1.575250E+4	1.411037E-1
1.575275E+4	1.197766E-1
1.575300E+4	1.029376E-1
1.575325E+4	1.331137E-1
1.575350E+4	1.033306E-1
1.575375E+4	7.127064E-2
1.575400E+4	1.628672E-1
1.575425E+4	2.446687E-1
1.575450E+4	2.507334E-1
1.575475E+4	1.941526E-1
1.575500E+4	1.811522E-1
1.575525E+4	2.828983E-1
1.575550E+4	4.040607E-1
1.575575E+4	3.561753E-1
1.575600E+4	3.728388E-1
1.575625E+4	5.351662E-1
1.575650E+4	6.594896E-1
1.575675E+4	6.976343E-1
1.575700E+4	6.347251E-1
1.575725E+4	6.417917E-1
1.575750E+4	7.021112E-1
1.575775E+4	6.805155E-1
1.575800E+4	5.642819E-1
1.575825E+4	6.083657E-1
1.575850E+4	6.508860E-1
1.575875E+4	6.184557E-1
1.575900E+4	4.432298E-1
1.575925E+4	3.360608E-1
1.575950E+4	5.944605E-1
1.575975E+4	7.070526E-1
1.576000E+4	4.735483E-1
1.576025E+4	2.319262E-1
1.576050E+4	2.605631E-1
1.576075E+4	2.908667E-1
1.576100E+4	1.989366E-1
1.576125E+4	1.719694E-1
1.576150E+4	2.912301E-1
1.576175E+4	3.492407E-1
1.576200E+4	3.056424E-1
1.576225E+4	2.331614E-1
1.576250E+4	2.345260E-1
1.576275E+4	2.879074E-1
1.576300E+4	2.726429E-1
1.576325E+4	3.388320E-2
1.576350E+4	2.890182E-1
1.576375E+4	4.863917E-1
1.576400E+4	5.520235E-1
1.576425E+4	5.028309E-1
1.576450E+4	4.003805E-1
1.576475E+4	2.779369E-1
1.576500E+4	2.706537E-1
1.576525E+4	6.863422E-1
1.576550E+4	6.396562E-1
1.576575E+4	5.214534E-1
1.576600E+4	4.377825E-1
1.576625E+4	4.365578E-1
1.576650E+4	5.143729E-1
1.576675E+4	5.388501E-1
1.576700E+4	3.696212E-1
1.576725E+4	5.639574E-1
1.576750E+4	6.489417E-1
1.576775E+4	6.467645E-1
1.576800E+4	4.674049E-1
1.576825E+4	1.786401E-1
1.576850E+4	2.697422E-1
1.576875E+4	3.868462E-1
1.576900E+4	4.931143E-1
1.576925E+4	6.106029E-1
1.576950E+4	6.812294E-1
1.576975E+4	6.484085E-1
1.577000E+4	5.504144E-1
1.577025E+4	4.607441E-1
1.577050E+4	4.180557E-1
1.577075E+4	4.679915E-1
1.577100E+4	7.169107E-1
1.577125E+4	8.226948E-1
1.577150E+4	8.008745E-1
1.577175E+4	7.336629E-1
1.577200E+4	5.626781E-1
1.577225E+4	3.133367E-1
1.577250E+4	4.642251E-1
1.577275E+4	6.069910E-1
1.577300E+4	6.991674E-1
1.577325E+4	7.592798E-1
1.577350E+4	5.805239E-1
1.577375E+4	3.120696E-1
1.577400E+4	2.870345E-1
1.577425E+4	5.603196E-1
1.577450E+4	6.763709E-1
1.577475E+4	5.684617E-1
1.577500E+4	3.704211E-1
1.577525E+4	1.474076E-1
1.577550E+4	3.898629E-1
1.577575E+4	5.471099E-1
1.577600E+4	5.677744E-1
1.577625E+4	5.839283E-1
1.577650E+4	6.501836E-1
1.577675E+4	6.555958E-1
1.577700E+4	5.872571E-1
1.577725E+4	4.493699E-1
1.577750E+4	1.919670E-1
1.577775E+4	2.043760E-3
1.577800E+4	1.516147E-1
1.577825E+4	3.781611E-1
1.577850E+4	5.484256E-1
1.577875E+4	4.903552E-1
1.577900E+4	2.059651E-1
1.577925E+4	1.886022E-1
1.577950E+4	4.368463E-1
1.577975E+4	5.409230E-1
1.578000E+4	5.158661E-1
1.578025E+4	4.680249E-1
1.578050E+4	4.737670E-1
1.578075E+4	5.380970E-1
1.578100E+4	5.812605E-1
1.578125E+4	5.075358E-1
1.578150E+4	3.400911E-1
1.578175E+4	2.009847E-1
1.578200E+4	5.374037E-2
1.578225E+4	8.921616E-2
1.578250E+4	5.838986E-1
1.578275E+4	7.675107E-1
1.578300E+4	7.119197E-1
1.578325E+4	5.777863E-1
1.578350E+4	5.770922E-1
1.578375E+4	6.847097E-1
1.578400E+4	6.150422E-1
1.578425E+4	4.493719E-1
1.578450E+4	2.019518E-1
1.578475E+4	2.200869E-1
1.578500E+4	3.436387E-1
1.578525E+4	3.394586E-1
1.578550E+4	2.415875E-1
1.578575E+4	2.952496E-1
1.578600E+4	5.330155E-1
1.578625E+4	5.143602E-1
1.578650E+4	3.672251E-1
1.578675E+4	1.600272E-1
1.578700E+4	2.929009E-1
1.578725E+4	5.619007E-1
1.578750E+4	5.169095E-1
1.578775E+4	3.303571E-1
1.578800E+4	1.924653E-1
1.578825E+4	2.723814E-1
1.578850E+4	5.049288E-1
1.578875E+4	6.189149E-1
1.578900E+4	5.769220E-1
1.578925E+4	6.207765E-1
1.578950E+4	7.841164E-1
1.578975E+4	8.807172E-1
1.579000E+4	5.240163E-1
1.579025E+4	1.519642E-1
1.579050E+4	4.213008E-1
1.579075E+4	7.181084E-1
1.579100E+4	7.896104E-1
1.579125E+4	7.159877E-1
1.579150E+4	7.155842E-1
1.579175E+4	8.681799E-1
1.579200E+4	8.087116E-1
1.579225E+4	4.909747E-1
1.579250E+4	3.196572E-1
1.579275E+4	4.118951E-1
1.579300E+4	6.313455E-1
1.579325E+4	7.646197E-1
1.579350E+4	5.833532E-1
1.579375E+4	3.219452E-1
1.579400E+4	3.024600E-1
1.579425E+4	3.325628E-1
1.579450E+4	3.121277E-1
1.579475E+4	3.589296E-1
1.579500E+4	5.277491E-1
1.579525E+4	7.162184E-1
1.579550E+4	6.926688E-1
1.579575E+4	4.829804E-1
1.579600E+4	4.456379E-1
1.579625E+4	5.202691E-1
1.579650E+4	6.335649E-1
1.579675E+4	7.091489E-1
1.579700E+4	6.890474E-1
1.579725E+4	6.607947E-1
1.579750E+4	6.641077E-1
1.579775E+4	7.487039E-1
1.579800E+4	8.962760E-1
1.579825E+4	7.926527E-1
1.579850E+4	5.697226E-1
1.579875E+4	3.302465E-1
1.579900E+4	1.653061E-1
1.579925E+4	2.291370E-1
1.579950E+4	5.023245E-1
1.579975E+4	6.961364E-1
1.580000E+4	6.029631E-1
1.580025E+4	5.039400E-1
1.580050E+4	5.407624E-1
1.580075E+4	6.247481E-1
1.580100E+4	6.952731E-1
1.580125E+4	6.899584E-1
1.580150E+4	5.965291E-1
1.580175E+4	6.177998E-1
1.580200E+4	6.667211E-1
1.580225E+4	6.910261E-1
1.580250E+4	6.712394E-1
1.580275E+4	6.068475E-1
1.580300E+4	6.734192E-1
1.580325E+4	8.089526E-1
1.580350E+4	8.614331E-1
1.580375E+4	8.124023E-1
1.580400E+4	6.368919E-1
1.580425E+4	4.982293E-1
1.580450E+4	5.792189E-1
1.580475E+4	7.063722E-1
1.580500E+4	7.253002E-1
1.580525E+4	5.243589E-1
1.580550E+4	4.049611E-1
1.580575E+4	4.773885E-1
1.580600E+4	5.464130E-1
1.580625E+4	5.838084E-1
1.580650E+4	6.090412E-1
1.580675E+4	6.311540E-1
1.580700E+4	6.535021E-1
1.580725E+4	6.960060E-1
1.580750E+4	7.642543E-1
1.580775E+4	8.216369E-1
1.580800E+4	7.726532E-1
1.580825E+4	6.873117E-1
1.580850E+4	7.071040E-1
1.580875E+4	7.817429E-1
1.580900E+4	8.626406E-1
1.580925E+4	7.936451E-1
1.580950E+4	5.497498E-1
1.580975E+4	6.042068E-1
1.581000E+4	6.921538E-1
1.581025E+4	7.577125E-1
1.581050E+4	7.380057E-1
1.581075E+4	5.559470E-1
1.581100E+4	6.900601E-1
1.581125E+4	7.370582E-1
1.581150E+4	6.976046E-1
1.581175E+4	5.385289E-1
1.581200E+4	3.640530E-1
1.581225E+4	4.760953E-1
1.581250E+4	5.404907E-1
1.581275E+4	4.980866E-1
1.581300E+4	5.491552E-1
1.581325E+4	6.942404E-1
1.581350E+4	8.206161E-1
1.581375E+4	8.473282E-1
1.581400E+4	7.900794E-1
1.581425E+4	7.644492E-1
1.581450E+4	7.722464E-1
1.581475E+4	7.453237E-1
1.581500E+4	7.108266E-1
1.581525E+4	7.175889E-1
1.581550E+4	7.244021E-1
1.581575E+4	6.831328E-1
1.581600E+4	6.199269E-1
1.581625E+4	6.269927E-1
1.581650E+4	6.604982E-1
1.581675E+4	6.125597E-1
1.581700E+4	5.534647E-1
1.581725E+4	6.589673E-1
1.581750E+4	8.374179E-1
1.581775E+4	8.782056E-1
1.581800E+4	7.380761E-1
1.581825E+4	5.409814E-1
1.581850E+4	7.021792E-1
1.581875E+4	8.885086E-1
1.581900E+4	8.524724E-1
1.581925E+4	7.145876E-1
1.581950E+4	6.963682E-1
1.581975E+4	7.831014E-1
1.582000E+4	7.806168E-1
1.582025E+4	7.466785E-1
1.582050E+4	7.303813E-1
1.582075E+4	7.820325E-1
1.582100E+4	8.432155E-1
1.582125E+4	8.433771E-1
1.582150E+4	8.567102E-1
1.582175E+4	8.683319E-1
1.582200E+4	7.612565E-1
1.582225E+4	6.642794E-1
1.582250E+4	7.491974E-1
1.582275E+4	8.555201E-1
1.582300E+4	9.265502E-1
1.582325E+4	9.088591E-1
1.582350E+4	8.220798E-1
1.582375E+4	8.016553E-1
1.582400E+4	7.886332E-1
1.582425E+4	7.093188E-1
1.582450E+4	6.501523E-1
1.582475E+4	7.644529E-1
1.582500E+4	9.033618E-1
1.582525E+4	9.156209E-1
1.582550E+4	8.785030E-1
1.582575E+4	8.626364E-1
1.582600E+4	8.760193E-1
1.582625E+4	8.822116E-1
1.582650E+4	8.527042E-1
1.582675E+4	8.749436E-1
1.582700E+4	8.862967E-1
1.582725E+4	8.299737E-1
1.582750E+4	7.510638E-1
1.582775E+4	7.668178E-1
1.582800E+4	8.281033E-1
1.582825E+4	8.473617E-1
1.582850E+4	8.123933E-1
1.582875E+4	7.609803E-1
1.582900E+4	7.491381E-1
1.582925E+4	7.874854E-1
1.582950E+4	8.346430E-1
1.582975E+4	8.581534E-1
1.583000E+4	8.189036E-1
1.583025E+4	6.973622E-1
1.583050E+4	7.321060E-1
1.583075E+4	8.176611E-1
1.583100E+4	8.415105E-1
1.583125E+4	7.727344E-1
1.583150E+4	7.124331E-1
1.583175E+4	7.589079E-1
1.583200E+4	7.786975E-1
1.583225E+4	7.255877E-1
1.583250E+4	6.293321E-1
1.583275E+4	7.216901E-1
1.583300E+4	8.936308E-1
1.583325E+4	9.476417E-1
1.583350E+4	9.082012E-1
1.583375E+4	8.682884E-1
1.583400E+4	8.724092E-1
1.583425E+4	8.575639E-1
1.583450E+4	8.199226E-1
1.583475E+4	8.124660E-1
1.583500E+4	8.449575E-1
1.583525E+4	8.678670E-1
1.583550E+4	8.615281E-1
1.583575E+4	8.653693E-1
1.583600E+4	8.616048E-1
1.583625E+4	7.580959E-1
1.583650E+4	6.108492E-1
1.583675E+4	5.642851E-1
1.583700E+4	6.117961E-1
1.583725E+4	6.621616E-1
1.583750E+4	6.159300E-1
1.583775E+4	5.191875E-1
1.583800E+4	5.078136E-1
1.583825E+4	5.454381E-1
1.583850E+4	6.185757E-1
1.583875E+4	7.438734E-1
1.583900E+4	8.131381E-1
1.583925E+4	7.839804E-1
1.583950E+4	7.523275E-1
1.583975E+4	8.067556E-1
1.584000E+4	8.920195E-1
1.584025E+4	9.282357E-1
1.584050E+4	8.902467E-1
1.584075E+4	8.089186E-1
1.584100E+4	8.328256E-1
1.584125E+4	8.984607E-1
1.584150E+4	8.912662E-1
1.584175E+4	8.304321E-1
1.584200E+4	8.780758E-1
1.584225E+4	9.462351E-1
1.584250E+4	9.551203E-1
1.584275E+4	8.897354E-1
1.584300E+4	7.765205E-1
1.584325E+4	8.024701E-1
1.584350E+4	8.667327E-1
1.584375E+4	8.663954E-1
1.584400E+4	8.297200E-1
1.584425E+4	8.420650E-1
1.584450E+4	8.907722E-1
1.584475E+4	9.163984E-1
1.584500E+4	9.258325E-1
1.584525E+4	9.175726E-1
1.584550E+4	8.771853E-1
1.584575E+4	8.469476E-1
1.584600E+4	8.611538E-1
1.584625E+4	9.026182E-1
1.584650E+4	8.947222E-1
1.584675E+4	8.486855E-1
1.584700E+4	8.428648E-1
1.584725E+4	8.733643E-1
1.584750E+4	9.195036E-1
1.584775E+4	9.244338E-1
1.584800E+4	8.873428E-1
1.584825E+4	8.635096E-1
1.584850E+4	8.591293E-1
1.584875E+4	8.796480E-1
1.584900E+4	9.119899E-1
1.584925E+4	9.219682E-1
1.584950E+4	9.111493E-1
1.584975E+4	8.856445E-1
1.585000E+4	8.642039E-1
1.585025E+4	8.602701E-1
1.585050E+4	8.452745E-1
1.585075E+4	8.265946E-1
1.585100E+4	8.421761E-1
1.585125E+4	8.827780E-1
1.585150E+4	9.252706E-1
1.585175E+4	9.351610E-1
1.585200E+4	9.094251E-1
1.585225E+4	8.937524E-1
1.585250E+4	8.820933E-1
1.585275E+4	8.562377E-1
1.585300E+4	8.468148E-1
1.585325E+4	8.940876E-1
1.585350E+4	9.243006E-1
1.585375E+4	8.979087E-1
1.585400E+4	8.566140E-1
1.585425E+4	8.521650E-1
1.585450E+4	8.704786E-1
1.585475E+4	8.562872E-1
1.585500E+4	8.292262E-1
1.585525E+4	8.296323E-1
1.585550E+4	8.334033E-1
1.585575E+4	8.007803E-1
1.585600E+4	7.688222E-1
1.585625E+4	8.331722E-1
1.585650E+4	8.944198E-1
1.585675E+4	9.101527E-1
1.585700E+4	8.561028E-1
1.585725E+4	8.393754E-1
1.585750E+4	8.980438E-1
1.585775E+4	9.356127E-1
1.585800E+4	9.226014E-1
1.585825E+4	8.740235E-1
1.585850E+4	8.596433E-1
1.585875E+4	8.738232E-1
1.585900E+4	8.805199E-1
1.585925E+4	8.826993E-1
1.585950E+4	8.875675E-1
1.585975E+4	8.747233E-1
1.586000E+4	8.222025E-1
1.586025E+4	7.650606E-1
1.586050E+4	7.784482E-1
1.586075E+4	8.331820E-1
1.586100E+4	8.684260E-1
1.586125E+4	8.758602E-1
1.586150E+4	8.751254E-1
1.586175E+4	8.680999E-1
1.586200E+4	8.481377E-1
1.586225E+4	8.341119E-1
1.586250E+4	8.482969E-1
1.586275E+4	8.586491E-1
1.586300E+4	8.243300E-1
1.586325E+4	7.626361E-1
1.586350E+4	7.294055E-1
1.586375E+4	7.638809E-1
1.586400E+4	8.144759E-1
1.586425E+4	8.295472E-1
1.586450E+4	8.319333E-1
1.586475E+4	8.403871E-1
1.586500E+4	8.407056E-1
1.586525E+4	8.232233E-1
1.586550E+4	8.246247E-1
1.586575E+4	8.655625E-1
1.586600E+4	9.261829E-1
1.586625E+4	9.489602E-1
1.586650E+4	9.274110E-1
1.586675E+4	9.140172E-1
1.586700E+4	9.064795E-1
1.586725E+4	8.616131E-1
1.586750E+4	7.744170E-1
1.586775E+4	7.428610E-1
1.586800E+4	7.991781E-1
1.586825E+4	8.627646E-1
1.586850E+4	8.539245E-1
1.586875E+4	7.994740E-1
1.586900E+4	7.789526E-1
1.586925E+4	8.073987E-1
1.586950E+4	8.415926E-1
1.586975E+4	8.331266E-1
1.587000E+4	8.123841E-1
1.587025E+4	8.163220E-1
1.587050E+4	8.149081E-1
1.587075E+4	7.838228E-1
1.587100E+4	7.562150E-1
1.587125E+4	7.980560E-1
1.587150E+4	8.809479E-1
1.587175E+4	9.146235E-1
1.587200E+4	8.629374E-1
1.587225E+4	7.831249E-1
1.587250E+4	7.854976E-1
1.587275E+4	8.404953E-1
1.587300E+4	8.761721E-1
1.587325E+4	8.864292E-1
1.587350E+4	8.895427E-1
1.587375E+4	8.842861E-1
1.587400E+4	8.645079E-1
1.587425E+4	8.594290E-1
1.587450E+4	8.923793E-1
1.587475E+4	9.239378E-1
1.587500E+4	9.017472E-1
1.587525E+4	8.397825E-1
1.587550E+4	7.978935E-1
1.587575E+4	8.156502E-1
1.587600E+4	8.554943E-1
1.587625E+4	8.555478E-1
1.587650E+4	8.407245E-1
1.587675E+4	8.439094E-1
1.587700E+4	8.675031E-1
1.587725E+4	8.868919E-1
1.587750E+4	8.619914E-1
1.587775E+4	8.393152E-1
1.587800E+4	8.361256E-1
1.587825E+4	8.613420E-1
1.587850E+4	9.287580E-1
1.587875E+4	9.602786E-1
1.587900E+4	9.336719E-1
1.587925E+4	8.964786E-1
1.587950E+4	8.857786E-1
1.587975E+4	8.999248E-1
1.588000E+4	8.897697E-1
1.588025E+4	8.423411E-1
1.588050E+4	8.014346E-1
1.588075E+4	8.268734E-1
1.588100E+4	8.629087E-1
1.588125E+4	8.623427E-1
1.588150E+4	8.445475E-1
1.588175E+4	8.516116E-1
1.588200E+4	8.635087E-1
1.588225E+4	8.521529E-1
1.588250E+4	8.269155E-1
1.588275E+4	8.367117E-1
1.588300E+4	8.640039E-1
1.588325E+4	8.628970E-1
1.588350E+4	8.324777E-1
1.588375E+4	7.999296E-1
1.588400E+4	8.051052E-1
1.588425E+4	8.165894E-1
1.588450E+4	8.411250E-1
1.588475E+4	8.975986E-1
1.588500E+4	9.299525E-1
1.588525E+4	8.923944E-1
1.588550E+4	7.865253E-1
1.588575E+4	7.794751E-1
1.588600E+4	8.621437E-1
1.588625E+4	8.889694E-1
1.588650E+4	8.446142E-1
1.588675E+4	7.577617E-1
1.588700E+4	8.157474E-1
1.588725E+4	8.599598E-1
1.588750E+4	8.699953E-1
1.588775E+4	8.888469E-1
1.588800E+4	9.305125E-1
1.588825E+4	9.135308E-1
1.588850E+4	8.652044E-1
1.588875E+4	8.290074E-1
1.588900E+4	8.453849E-1
1.588925E+4	8.303503E-1
1.588950E+4	7.439922E-1
1.588975E+4	6.527091E-1
1.589000E+4	6.978633E-1
1.589025E+4	8.591063E-1
1.589050E+4	8.943576E-1
1.589075E+4	8.069847E-1
1.589100E+4	7.350211E-1
1.589125E+4	8.354230E-1
1.589150E+4	9.042783E-1
1.589175E+4	8.486994E-1
1.589200E+4	7.817753E-1
1.589225E+4	8.217344E-1
1.589250E+4	8.644095E-1
1.589275E+4	8.382996E-1
1.589300E+4	7.934200E-1
1.589325E+4	8.187447E-1
1.589350E+4	8.555281E-1
1.589375E+4	8.300588E-1
1.589400E+4	7.676435E-1
1.589425E+4	7.754074E-1
1.589450E+4	8.481215E-1
1.589475E+4	8.899806E-1
1.589500E+4	8.998414E-1
1.589525E+4	9.035349E-1
1.589550E+4	8.957830E-1
1.589575E+4	8.577863E-1
1.589600E+4	8.102752E-1
1.589625E+4	8.381724E-1
1.589650E+4	8.729641E-1
1.589675E+4	8.327609E-1
1.589700E+4	7.303478E-1
1.589725E+4	7.125427E-1
1.589750E+4	8.219690E-1
1.589775E+4	8.483780E-1
1.589800E+4	8.224037E-1
1.589825E+4	8.138009E-1
1.589850E+4	8.503706E-1
1.589875E+4	8.855426E-1
1.589900E+4	8.924174E-1
1.589925E+4	9.195898E-1
1.589950E+4	9.377361E-1
1.589975E+4	8.920566E-1
1.590000E+4	8.108515E-1
1.590025E+4	8.221371E-1
1.590050E+4	9.221930E-1
1.590075E+4	9.401990E-1
1.590100E+4	8.460625E-1
1.590125E+4	7.437726E-1
1.590150E+4	7.665775E-1
1.590175E+4	8.941700E-1
1.590200E+4	9.235696E-1
1.590225E+4	8.732737E-1
1.590250E+4	8.862103E-1
1.590275E+4	9.372622E-1
1.590300E+4	9.601555E-1
1.590325E+4	9.081695E-1
1.590350E+4	8.551495E-1
1.590375E+4	8.347439E-1
1.590400E+4	8.064464E-1
1.590425E+4	7.868318E-1
1.590450E+4	8.197234E-1
1.590475E+4	8.716311E-1
1.590500E+4	8.920712E-1
1.590525E+4	8.583868E-1
1.590550E+4	8.334642E-1
1.590575E+4	8.557113E-1
1.590600E+4	8.686035E-1
1.590625E+4	8.418152E-1
1.590650E+4	8.205589E-1
1.590675E+4	8.663545E-1
1.590700E+4	9.207558E-1
1.590725E+4	9.368265E-1
1.590750E+4	9.062375E-1
1.590775E+4	8.815838E-1
1.590800E+4	8.905722E-1
1.590825E+4	8.902397E-1
1.590850E+4	8.691146E-1
1.590875E+4	8.528781E-1
1.590900E+4	8.987675E-1
1.590925E+4	9.664755E-1
1.590950E+4	9.388674E-1
1.590975E+4	8.630188E-1
1.591000E+4	7.878884E-1
1.591025E+4	7.711135E-1
1.591050E+4	8.413872E-1
1.591075E+4	8.929128E-1
1.591100E+4	8.934127E-1
1.591125E+4	8.826490E-1
1.591150E+4	8.764603E-1
1.591175E+4	8.426002E-1
1.591200E+4	7.942747E-1
1.591225E+4	7.767308E-1
1.591250E+4	8.203748E-1
1.591275E+4	8.777315E-1
1.591300E+4	8.885299E-1
1.591325E+4	8.780038E-1
1.591350E+4	9.007210E-1
1.591375E+4	9.208290E-1
1.591400E+4	8.744532E-1
1.591425E+4	7.972590E-1
1.591450E+4	7.967384E-1
1.591475E+4	8.688675E-1
1.591500E+4	9.150334E-1
1.591525E+4	8.958411E-1
1.591550E+4	8.465455E-1
1.591575E+4	8.557704E-1
1.591600E+4	8.828130E-1
1.591625E+4	8.891802E-1
1.591650E+4	8.882938E-1
1.591675E+4	8.913053E-1
1.591700E+4	8.558582E-1
1.591725E+4	7.945627E-1
1.591750E+4	7.621699E-1
1.591775E+4	8.149718E-1
1.591800E+4	8.983063E-1
1.591825E+4	9.176712E-1
1.591850E+4	8.762853E-1
1.591875E+4	8.327784E-1
1.591900E+4	8.288255E-1
1.591925E+4	8.451683E-1
1.591950E+4	8.690464E-1
1.591975E+4	8.982209E-1
1.592000E+4	9.018266E-1
1.592025E+4	8.574005E-1
1.592050E+4	8.032256E-1
1.592075E+4	8.234196E-1
1.592100E+4	8.945097E-1
1.592125E+4	9.307284E-1
1.592150E+4	9.025140E-1
1.592175E+4	8.524222E-1
1.592200E+4	8.549781E-1
1.592225E+4	8.848755E-1
1.592250E+4	8.776409E-1
1.592275E+4	8.074169E-1
1.592300E+4	7.667704E-1
1.592325E+4	8.169729E-1
1.592350E+4	9.060792E-1
1.592375E+4	9.580559E-1
1.592400E+4	9.193937E-1
1.592425E+4	8.602943E-1
1.592450E+4	8.246072E-1
1.592475E+4	8.084172E-1
1.592500E+4	8.085186E-1
1.592525E+4	8.134321E-1
1.592550E+4	8.135250E-1
1.592575E+4	8.187550E-1
1.592600E+4	8.446767E-1
1.592625E+4	8.884672E-1
1.592650E+4	9.121099E-1
1.592675E+4	8.754611E-1
1.592700E+4	8.246925E-1
1.592725E+4	8.137066E-1
1.592750E+4	8.239452E-1
1.592775E+4	8.280207E-1
1.592800E+4	8.121085E-1
1.592825E+4	8.258617E-1
1.592850E+4	8.635769E-1
1.592875E+4	8.995961E-1
1.592900E+4	9.127644E-1
1.592925E+4	8.786393E-1
1.592950E+4	8.403173E-1
1.592975E+4	8.262034E-1
1.593000E+4	8.275997E-1
1.593025E+4	8.390531E-1
1.593050E+4	8.416030E-1
1.593075E+4	8.184464E-1
1.593100E+4	7.761960E-1
1.593125E+4	7.525445E-1
1.593150E+4	7.760109E-1
1.593175E+4	8.058469E-1
1.593200E+4	8.137693E-1
1.593225E+4	8.148635E-1
1.593250E+4	8.199661E-1
1.593275E+4	8.034096E-1
1.593300E+4	7.468111E-1
1.593325E+4	7.192356E-1
1.593350E+4	8.180755E-1
1.593375E+4	9.054313E-1
1.593400E+4	9.122542E-1
1.593425E+4	8.533930E-1
1.593450E+4	7.914923E-1
1.593475E+4	7.976030E-1
1.593500E+4	8.159376E-1
1.593525E+4	7.976893E-1
1.593550E+4	7.705340E-1
1.593575E+4	7.878289E-1
1.593600E+4	8.268496E-1
1.593625E+4	8.660217E-1
1.593650E+4	9.020736E-1
1.593675E+4	8.892475E-1
1.593700E+4	7.929582E-1
1.593725E+4	6.940401E-1
1.593750E+4	7.015971E-1
1.593775E+4	8.039320E-1
1.593800E+4	8.556408E-1
1.593825E+4	8.191230E-1
1.593850E+4	7.898386E-1
1.593875E+4	8.348335E-1
1.593900E+4	9.054838E-1
1.593925E+4	8.959247E-1
1.593950E+4	8.126626E-1
1.593975E+4	7.836414E-1
1.594000E+4	8.229167E-1
1.594025E+4	8.561461E-1
1.594050E+4	7.955300E-1
1.594075E+4	7.033831E-1
1.594100E+4	7.007534E-1
1.594125E+4	7.181729E-1
1.594150E+4	7.306645E-1
1.594175E+4	7.494707E-1
1.594200E+4	7.641498E-1
1.594225E+4	7.575636E-1
1.594250E+4	7.604409E-1
1.594275E+4	8.294592E-1
1.594300E+4	9.118145E-1
1.594325E+4	9.098204E-1
1.594350E+4	8.520438E-1
1.594375E+4	7.928814E-1
1.594400E+4	7.635894E-1
1.594425E+4	7.644115E-1
1.594450E+4	7.915488E-1
1.594475E+4	8.290935E-1
1.594500E+4	8.434751E-1
1.594525E+4	8.291632E-1
1.594550E+4	7.926763E-1
1.594575E+4	7.862573E-1
1.594600E+4	8.427967E-1
1.594625E+4	8.553940E-1
1.594650E+4	8.121153E-1
1.594675E+4	7.546593E-1
1.594700E+4	7.533472E-1
1.594725E+4	7.890093E-1
1.594750E+4	7.843079E-1
1.594775E+4	7.218269E-1
1.594800E+4	6.975527E-1
1.594825E+4	7.477726E-1
1.594850E+4	7.627841E-1
1.594875E+4	7.352957E-1
1.594900E+4	7.464426E-1
1.594925E+4	8.151881E-1
1.594950E+4	8.325958E-1
1.594975E+4	7.381243E-1
1.595000E+4	6.619186E-1
1.595025E+4	7.083787E-1
1.595050E+4	8.076341E-1
1.595075E+4	8.281122E-1
1.595100E+4	7.082844E-1
1.595125E+4	6.322562E-1
1.595150E+4	6.632371E-1
1.595175E+4	7.693786E-1
1.595200E+4	8.288463E-1
1.595225E+4	7.663553E-1
1.595250E+4	7.441162E-1
1.595275E+4	7.743430E-1
1.595300E+4	8.172773E-1
1.595325E+4	8.126927E-1
1.595350E+4	7.829532E-1
1.595375E+4	7.944091E-1
1.595400E+4	8.332920E-1
1.595425E+4	8.286407E-1
1.595450E+4	8.274339E-1
1.595475E+4	8.419456E-1
1.595500E+4	8.298710E-1
1.595525E+4	7.209064E-1
1.595550E+4	6.560020E-1
1.595575E+4	7.395996E-1
1.595600E+4	8.000288E-1
1.595625E+4	7.648280E-1
1.595650E+4	6.902298E-1
1.595675E+4	7.003739E-1
1.595700E+4	8.274427E-1
1.595725E+4	9.172285E-1
1.595750E+4	8.992556E-1
1.595775E+4	8.504377E-1
1.595800E+4	8.244378E-1
1.595825E+4	7.832605E-1
1.595850E+4	7.164183E-1
1.595875E+4	7.091074E-1
1.595900E+4	8.043112E-1
1.595925E+4	9.068812E-1
1.595950E+4	9.192144E-1
1.595975E+4	8.857973E-1
1.596000E+4	8.674778E-1
1.596025E+4	8.677076E-1
1.596050E+4	8.576528E-1
1.596075E+4	8.344541E-1
1.596100E+4	8.101469E-1
1.596125E+4	7.899524E-1
1.596150E+4	7.841855E-1
1.596175E+4	8.300568E-1
1.596200E+4	9.153312E-1
1.596225E+4	9.275347E-1
1.596250E+4	8.654945E-1
1.596275E+4	8.080313E-1
1.596300E+4	8.430399E-1
1.596325E+4	9.544653E-1
1.596350E+4	9.647998E-1
1.596375E+4	9.146916E-1
1.596400E+4	8.815379E-1
1.596425E+4	9.091718E-1
1.596450E+4	9.447001E-1
1.596475E+4	9.201862E-1
1.596500E+4	8.702475E-1
1.596525E+4	8.463429E-1
1.596550E+4	8.592598E-1
1.596575E+4	8.803641E-1
1.596600E+4	8.975058E-1
1.596625E+4	8.992932E-1
1.596650E+4	8.756231E-1
1.596675E+4	8.494775E-1
1.596700E+4	8.522829E-1
1.596725E+4	8.813254E-1
1.596750E+4	8.881520E-1
1.596775E+4	8.577116E-1
1.596800E+4	8.184492E-1
1.596825E+4	7.972616E-1
1.596850E+4	8.039681E-1
1.596875E+4	8.284437E-1
1.596900E+4	8.620677E-1
1.596925E+4	8.905431E-1
1.596950E+4	8.920666E-1
1.596975E+4	8.658407E-1
1.597000E+4	8.606612E-1
1.597025E+4	9.009187E-1
1.597050E+4	9.273793E-1
1.597075E+4	9.043362E-1
1.597100E+4	8.277992E-1
1.597125E+4	7.959264E-1
1.597150E+4	8.196394E-1
1.597175E+4	8.348134E-1
1.597200E+4	8.461125E-1
1.597225E+4	8.731573E-1
1.597250E+4	8.937703E-1
1.597275E+4	8.867384E-1
1.597300E+4	8.818921E-1
1.597325E+4	8.999424E-1
1.597350E+4	9.266275E-1
1.597375E+4	9.331209E-1
1.597400E+4	9.264036E-1
1.597425E+4	9.210731E-1
1.597450E+4	9.206879E-1
1.597475E+4	9.132260E-1
1.597500E+4	8.944282E-1
1.597525E+4	8.688477E-1
1.597550E+4	8.570327E-1
1.597575E+4	8.679678E-1
1.597600E+4	8.859645E-1
1.597625E+4	9.078800E-1
1.597650E+4	9.203390E-1
1.597675E+4	8.849013E-1
1.597700E+4	8.125700E-1
1.597725E+4	7.795907E-1
1.597750E+4	8.105548E-1
1.597775E+4	8.564526E-1
1.597800E+4	8.743299E-1
1.597825E+4	8.525522E-1
1.597850E+4	8.021733E-1
1.597875E+4	7.616539E-1
1.597900E+4	7.544225E-1
1.597925E+4	7.685299E-1
1.597950E+4	7.903838E-1
1.597975E+4	8.161712E-1
1.598000E+4	8.478030E-1
1.598025E+4	8.891411E-1
1.598050E+4	9.348372E-1
1.598075E+4	9.316063E-1
1.598100E+4	8.339947E-1
1.598125E+4	7.751318E-1
1.598150E+4	7.986063E-1
1.598175E+4	8.672325E-1
1.598200E+4	9.347162E-1
1.598225E+4	9.095418E-1
1.598250E+4	7.717284E-1
1.598275E+4	6.893763E-1
1.598300E+4	7.175388E-1
1.598325E+4	7.791905E-1
1.598350E+4	8.006521E-1
1.598375E+4	7.956164E-1
1.598400E+4	8.369367E-1
1.598425E+4	9.308059E-1
1.598450E+4	9.807842E-1
1.598475E+4	9.179266E-1
1.598500E+4	8.126094E-1
1.598525E+4	7.873403E-1
1.598550E+4	8.258618E-1
1.598575E+4	8.458792E-1
1.598600E+4	8.315844E-1
1.598625E+4	8.144281E-1
1.598650E+4	8.405820E-1
1.598675E+4	8.878230E-1
1.598700E+4	9.135112E-1
1.598725E+4	9.177268E-1
1.598750E+4	9.038533E-1
1.598775E+4	8.859159E-1
1.598800E+4	8.855546E-1
1.598825E+4	9.004081E-1
1.598850E+4	9.181319E-1
1.598875E+4	9.132597E-1
1.598900E+4	8.593213E-1
1.598925E+4	7.804958E-1
1.598950E+4	7.520852E-1
1.598975E+4	7.980748E-1
1.599000E+4	8.591335E-1
1.599025E+4	8.870343E-1
1.599050E+4	8.732578E-1
1.599075E+4	8.337432E-1
1.599100E+4	8.103570E-1
1.599125E+4	8.282813E-1
1.599150E+4	8.667855E-1
1.599175E+4	9.090538E-1
1.599200E+4	9.387404E-1
1.599225E+4	9.332266E-1
1.599250E+4	8.965978E-1
1.599275E+4	8.588457E-1
1.599300E+4	8.630533E-1
1.599325E+4	9.012110E-1
1.599350E+4	9.117572E-1
1.599375E+4	8.876503E-1
1.599400E+4	8.581730E-1
1.599425E+4	8.754657E-1
1.599450E+4	9.144549E-1
1.599475E+4	9.188728E-1
1.599500E+4	9.059008E-1
1.599525E+4	9.011257E-1
1.599550E+4	9.115845E-1
1.599575E+4	8.960052E-1
1.599600E+4	8.552397E-1
1.599625E+4	8.198722E-1
1.599650E+4	8.325132E-1
1.599675E+4	8.860927E-1
1.599700E+4	9.235079E-1
1.599725E+4	9.276963E-1
1.599750E+4	8.998430E-1
1.599775E+4	8.779412E-1
1.599800E+4	8.910052E-1
1.599825E+4	9.110854E-1
1.599850E+4	9.063133E-1
1.599875E+4	8.768001E-1
1.599900E+4	8.483385E-1
1.599925E+4	8.304406E-1
1.599950E+4	8.285937E-1
1.599975E+4	8.606476E-1
1.600000E+4	9.093553E-1
1.600025E+4	9.451495E-1
1.600050E+4	9.612034E-1
1.600075E+4	9.399691E-1
1.600100E+4	8.791503E-1
1.600125E+4	8.400711E-1
1.600150E+4	8.332354E-1
1.600175E+4	8.303019E-1
1.600200E+4	8.362128E-1
1.600225E+4	8.835709E-1
1.600250E+4	9.584959E-1
1.600275E+4	9.395238E-1
1.600300E+4	8.842873E-1
1.600325E+4	8.637011E-1
1.600350E+4	8.875114E-1
1.600375E+4	8.782658E-1
1.600400E+4	8.282947E-1
1.600425E+4	8.128229E-1
1.600450E+4	8.394952E-1
1.600475E+4	8.937075E-1
1.600500E+4	8.640823E-1
1.600525E+4	8.194970E-1
1.600550E+4	8.394730E-1
1.600575E+4	9.046119E-1
1.600600E+4	9.503073E-1
1.600625E+4	9.146874E-1
1.600650E+4	8.673325E-1
1.600675E+4	8.757491E-1
1.600700E+4	9.094954E-1
1.600725E+4	9.092036E-1
1.600750E+4	8.889882E-1
1.600775E+4	8.890984E-1
1.600800E+4	9.257178E-1
1.600825E+4	9.320832E-1
1.600850E+4	8.893177E-1
1.600875E+4	8.487742E-1
1.600900E+4	8.504928E-1
1.600925E+4	8.946088E-1
1.600950E+4	9.281419E-1
1.600975E+4	9.175648E-1
1.601000E+4	8.773254E-1
1.601025E+4	8.539988E-1
1.601050E+4	8.735914E-1
1.601075E+4	9.334668E-1
1.601100E+4	9.805970E-1
1.601125E+4	9.699463E-1
1.601150E+4	9.453891E-1
1.601175E+4	9.211349E-1
1.601200E+4	8.759180E-1
1.601225E+4	8.474338E-1
1.601250E+4	8.679108E-1
1.601275E+4	9.113071E-1
1.601300E+4	9.465911E-1
1.601325E+4	9.240995E-1
1.601350E+4	8.690842E-1
1.601375E+4	8.289808E-1
1.601400E+4	8.071171E-1
1.601425E+4	8.035604E-1
1.601450E+4	8.196498E-1
1.601475E+4	8.543432E-1
1.601500E+4	8.979016E-1
1.601525E+4	9.138966E-1
1.601550E+4	8.951366E-1
1.601575E+4	8.745210E-1
1.601600E+4	8.847002E-1
1.601625E+4	8.938407E-1
1.601650E+4	8.674500E-1
1.601675E+4	8.251849E-1
1.601700E+4	7.715022E-1
1.601725E+4	7.442213E-1
1.601750E+4	8.076047E-1
1.601775E+4	8.279324E-1
1.601800E+4	8.229313E-1
1.601825E+4	8.594175E-1
1.601850E+4	9.251157E-1
1.601875E+4	9.397446E-1
1.601900E+4	9.116698E-1
1.601925E+4	8.718178E-1
1.601950E+4	8.710161E-1
1.601975E+4	8.847513E-1
1.602000E+4	8.766219E-1
1.602025E+4	8.682586E-1
1.602050E+4	8.835103E-1
1.602075E+4	9.190378E-1
1.602100E+4	9.352315E-1
1.602125E+4	9.196495E-1
1.602150E+4	8.981591E-1
1.602175E+4	8.721498E-1
1.602200E+4	8.377891E-1
1.602225E+4	8.489756E-1
1.602250E+4	8.946361E-1
1.602275E+4	9.251778E-1
1.602300E+4	9.401819E-1
1.602325E+4	9.232645E-1
1.602350E+4	8.928266E-1
1.602375E+4	8.817514E-1
1.602400E+4	8.617546E-1
1.602425E+4	8.137969E-1
1.602450E+4	7.953948E-1
1.602475E+4	8.523856E-1
1.602500E+4	8.656252E-1
1.602525E+4	8.403601E-1
1.602550E+4	8.220901E-1
1.602575E+4	8.865899E-1
1.602600E+4	9.131960E-1
1.602625E+4	8.840057E-1
1.602650E+4	8.087944E-1
1.602675E+4	7.538405E-1
1.602700E+4	8.060701E-1
1.602725E+4	8.638567E-1
1.602750E+4	8.928593E-1
1.602775E+4	8.983385E-1
1.602800E+4	8.762525E-1
1.602825E+4	8.403210E-1
1.602850E+4	8.214193E-1
1.602875E+4	8.344081E-1
1.602900E+4	8.550214E-1
1.602925E+4	8.589241E-1
1.602950E+4	8.417422E-1
1.602975E+4	8.298289E-1
1.603000E+4	8.508323E-1
1.603025E+4	8.747378E-1
1.603050E+4	9.017331E-1
1.603075E+4	9.460639E-1
1.603100E+4	9.682425E-1
1.603125E+4	8.808738E-1
1.603150E+4	7.954697E-1
1.603175E+4	7.982708E-1
1.603200E+4	8.497659E-1
1.603225E+4	8.530157E-1
1.603250E+4	7.865140E-1
1.603275E+4	7.451714E-1
1.603300E+4	7.930515E-1
1.603325E+4	8.474063E-1
1.603350E+4	8.387110E-1
1.603375E+4	8.090335E-1
1.603400E+4	8.280098E-1
1.603425E+4	8.800113E-1
1.603450E+4	8.851928E-1
1.603475E+4	8.411812E-1
1.603500E+4	8.221812E-1
1.603525E+4	8.817541E-1
1.603550E+4	9.112247E-1
1.603575E+4	8.645948E-1
1.603600E+4	7.885188E-1
1.603625E+4	7.947329E-1
1.603650E+4	8.712872E-1
1.603675E+4	8.797219E-1
1.603700E+4	7.998914E-1
1.603725E+4	6.942230E-1
1.603750E+4	6.892847E-1
1.603775E+4	7.667257E-1
1.603800E+4	8.416529E-1
1.603825E+4	8.761447E-1
1.603850E+4	8.538584E-1
1.603875E+4	8.053401E-1
1.603900E+4	7.526297E-1
1.603925E+4	7.553210E-1
1.603950E+4	8.156972E-1
1.603975E+4	8.602253E-1
1.604000E+4	8.697314E-1
1.604025E+4	8.631187E-1
1.604050E+4	8.862258E-1
1.604075E+4	9.022167E-1
1.604100E+4	8.668597E-1
1.604125E+4	8.136955E-1
1.604150E+4	8.537640E-1
1.604175E+4	9.106518E-1
1.604200E+4	9.130596E-1
1.604225E+4	8.370500E-1
1.604250E+4	7.673919E-1
1.604275E+4	8.835444E-1
1.604300E+4	9.444423E-1
1.604325E+4	9.147423E-1
1.604350E+4	7.609494E-1
1.604375E+4	7.280623E-1
1.604400E+4	8.191010E-1
1.604425E+4	8.564358E-1
1.604450E+4	8.656170E-1
1.604475E+4	9.160610E-1
1.604500E+4	9.495911E-1
1.604525E+4	8.996825E-1
1.604550E+4	8.059211E-1
1.604575E+4	7.354072E-1
1.604600E+4	7.908947E-1
1.604625E+4	8.546767E-1
1.604650E+4	8.669106E-1
1.604675E+4	8.855128E-1
1.604700E+4	9.109663E-1
1.604725E+4	8.541509E-1
1.604750E+4	7.643920E-1
1.604775E+4	7.544720E-1
1.604800E+4	8.329090E-1
1.604825E+4	9.161295E-1
1.604850E+4	8.817271E-1
1.604875E+4	7.961066E-1
1.604900E+4	8.139342E-1
1.604925E+4	9.017521E-1
1.604950E+4	9.562484E-1
1.604975E+4	9.205046E-1
1.605000E+4	8.473512E-1
1.605025E+4	8.001788E-1
1.605050E+4	7.862230E-1
1.605075E+4	7.991391E-1
1.605100E+4	8.371492E-1
1.605125E+4	8.803916E-1
1.605150E+4	9.080344E-1
1.605175E+4	9.127021E-1
1.605200E+4	9.083950E-1
1.605225E+4	9.218688E-1
1.605250E+4	9.489482E-1
1.605275E+4	9.677163E-1
1.605300E+4	9.614968E-1
1.605325E+4	9.067511E-1
1.605350E+4	8.300965E-1
1.605375E+4	8.209224E-1
1.605400E+4	8.509758E-1
1.605425E+4	8.916458E-1
1.605450E+4	9.430074E-1
1.605475E+4	9.739449E-1
1.605500E+4	9.280857E-1
1.605525E+4	8.630953E-1
1.605550E+4	8.251590E-1
1.605575E+4	8.171326E-1
1.605600E+4	8.386553E-1
1.605625E+4	8.846989E-1
1.605650E+4	9.372235E-1
1.605675E+4	9.685248E-1
1.605700E+4	9.552394E-1
1.605725E+4	8.990223E-1
1.605750E+4	8.552504E-1
1.605775E+4	8.860427E-1
1.605800E+4	9.166391E-1
1.605825E+4	8.663731E-1
1.605850E+4	8.282822E-1
1.605875E+4	8.791820E-1
1.605900E+4	9.572916E-1
1.605925E+4	9.588939E-1
1.605950E+4	8.289039E-1
1.605975E+4	6.721474E-1
1.606000E+4	7.177448E-1
1.606025E+4	8.635762E-1
1.606050E+4	9.091628E-1
1.606075E+4	8.966837E-1
1.606100E+4	9.030687E-1
1.606125E+4	9.162808E-1
1.606150E+4	8.465582E-1
1.606175E+4	7.329286E-1
1.606200E+4	7.365228E-1
1.606225E+4	8.256529E-1
1.606250E+4	8.899554E-1
1.606275E+4	8.554613E-1
1.606300E+4	7.831551E-1
1.606325E+4	8.002675E-1
1.606350E+4	8.760988E-1
1.606375E+4	9.005513E-1
1.606400E+4	8.583486E-1
1.606425E+4	8.254267E-1
1.606450E+4	8.256855E-1
1.606475E+4	8.317829E-1
1.606500E+4	8.336783E-1
1.606525E+4	8.435754E-1
1.606550E+4	8.472088E-1
1.606575E+4	8.275469E-1
1.606600E+4	7.989164E-1
1.606625E+4	8.266816E-1
1.606650E+4	8.912525E-1
1.606675E+4	9.026745E-1
1.606700E+4	8.238946E-1
1.606725E+4	7.043945E-1
1.606750E+4	7.087490E-1
1.606775E+4	8.221169E-1
1.606800E+4	9.085248E-1
1.606825E+4	8.383603E-1
1.606850E+4	7.140974E-1
1.606875E+4	7.436066E-1
1.606900E+4	8.429111E-1
1.606925E+4	9.277797E-1
1.606950E+4	8.906882E-1
1.606975E+4	8.172054E-1
1.607000E+4	8.606280E-1
1.607025E+4	9.423086E-1
1.607050E+4	9.547040E-1
1.607075E+4	8.697801E-1
1.607100E+4	8.241501E-1
1.607125E+4	8.392799E-1
1.607150E+4	8.563571E-1
1.607175E+4	8.376890E-1
1.607200E+4	8.217946E-1
1.607225E+4	8.339094E-1
1.607250E+4	8.348464E-1
1.607275E+4	7.896449E-1
1.607300E+4	7.734222E-1
1.607325E+4	8.414177E-1
1.607350E+4	8.893653E-1
1.607375E+4	8.857912E-1
1.607400E+4	8.528705E-1
1.607425E+4	8.136576E-1
1.607450E+4	7.602698E-1
1.607475E+4	7.106747E-1
1.607500E+4	7.452893E-1
1.607525E+4	8.467350E-1
1.607550E+4	8.817839E-1
1.607575E+4	8.146661E-1
1.607600E+4	6.997655E-1
1.607625E+4	6.543691E-1
1.607650E+4	6.860381E-1
1.607675E+4	6.702977E-1
1.607700E+4	6.386977E-1
1.607725E+4	6.939932E-1
1.607750E+4	8.094499E-1
1.607775E+4	8.067426E-1
1.607800E+4	7.050742E-1
1.607825E+4	6.741663E-1
1.607850E+4	7.630698E-1
1.607875E+4	8.593048E-1
1.607900E+4	8.305930E-1
1.607925E+4	7.373674E-1
1.607950E+4	7.531052E-1
1.607975E+4	8.334840E-1
1.608000E+4	8.831932E-1
1.608025E+4	9.031156E-1
1.608050E+4	9.142627E-1
1.608075E+4	8.810210E-1
1.608100E+4	7.844734E-1
1.608125E+4	7.436939E-1
1.608150E+4	7.928189E-1
1.608175E+4	8.538706E-1
1.608200E+4	8.390068E-1
1.608225E+4	7.404968E-1
1.608250E+4	7.284700E-1
1.608275E+4	8.264387E-1
1.608300E+4	8.762885E-1
1.608325E+4	8.281800E-1
1.608350E+4	7.565662E-1
1.608375E+4	7.432653E-1
1.608400E+4	8.040619E-1
1.608425E+4	8.401845E-1
1.608450E+4	8.401128E-1
1.608475E+4	8.310985E-1
1.608500E+4	7.857425E-1
1.608525E+4	7.041996E-1
1.608550E+4	7.005234E-1
1.608575E+4	7.624067E-1
1.608600E+4	8.314461E-1
1.608625E+4	8.665966E-1
1.608650E+4	8.488169E-1
1.608675E+4	8.457050E-1
1.608700E+4	8.474890E-1
1.608725E+4	8.059236E-1
1.608750E+4	7.579524E-1
1.608775E+4	7.503986E-1
1.608800E+4	7.566828E-1
1.608825E+4	7.418979E-1
1.608850E+4	7.438708E-1
1.608875E+4	8.083594E-1
1.608900E+4	8.691133E-1
1.608925E+4	8.700725E-1
1.608950E+4	7.792315E-1
1.608975E+4	7.594299E-1
1.609000E+4	8.434677E-1
1.609025E+4	9.541438E-1
1.609050E+4	9.700943E-1
1.609075E+4	8.405755E-1
1.609100E+4	7.651634E-1
1.609125E+4	7.644068E-1
1.609150E+4	7.467094E-1
1.609175E+4	7.041681E-1
1.609200E+4	7.260102E-1
1.609225E+4	7.838622E-1
1.609250E+4	8.452951E-1
1.609275E+4	8.434481E-1
1.609300E+4	8.070220E-1
1.609325E+4	8.047078E-1
1.609350E+4	8.374925E-1
1.609375E+4	8.699386E-1
1.609400E+4	8.581449E-1
1.609425E+4	8.161521E-1
1.609450E+4	7.722223E-1
1.609475E+4	7.528829E-1
1.609500E+4	7.760445E-1
1.609525E+4	8.289913E-1
1.609550E+4	8.862100E-1
1.609575E+4	9.125702E-1
1.609600E+4	8.913952E-1
1.609625E+4	8.451795E-1
1.609650E+4	8.123320E-1
1.609675E+4	8.209967E-1
1.609700E+4	8.514000E-1
1.609725E+4	8.617081E-1
1.609750E+4	8.269028E-1
1.609775E+4	7.891735E-1
1.609800E+4	8.169989E-1
1.609825E+4	8.779604E-1
1.609850E+4	9.040865E-1
1.609875E+4	8.630735E-1
1.609900E+4	8.323393E-1
1.609925E+4	8.720246E-1
1.609950E+4	9.259270E-1
1.609975E+4	9.174012E-1
1.610000E+4	8.578677E-1
1.610025E+4	8.199211E-1
1.610050E+4	8.104075E-1
1.610075E+4	8.027709E-1
1.610100E+4	7.970990E-1
1.610125E+4	8.356735E-1
1.610150E+4	8.949227E-1
1.610175E+4	8.981568E-1
1.610200E+4	8.556553E-1
1.610225E+4	8.402531E-1
1.610250E+4	8.635294E-1
1.610275E+4	8.677291E-1
1.610300E+4	8.233909E-1
1.610325E+4	7.810391E-1
1.610350E+4	8.397316E-1
1.610375E+4	9.017231E-1
1.610400E+4	9.078550E-1
1.610425E+4	8.720808E-1
1.610450E+4	8.517499E-1
1.610475E+4	8.720313E-1
1.610500E+4	8.869862E-1
1.610525E+4	8.900517E-1
1.610550E+4	8.966031E-1
1.610575E+4	9.010005E-1
1.610600E+4	8.664145E-1
1.610625E+4	7.898487E-1
1.610650E+4	7.214264E-1
1.610675E+4	7.626495E-1
1.610700E+4	8.530298E-1
1.610725E+4	9.041085E-1
1.610750E+4	8.789638E-1
1.610775E+4	7.913044E-1
1.610800E+4	8.085717E-1
1.610825E+4	8.974621E-1
1.610850E+4	9.327303E-1
1.610875E+4	8.824262E-1
1.610900E+4	8.216226E-1
1.610925E+4	8.243430E-1
1.610950E+4	8.976468E-1
1.610975E+4	9.505119E-1
1.611000E+4	9.143752E-1
1.611025E+4	8.847873E-1
1.611050E+4	8.814180E-1
1.611075E+4	8.768318E-1
1.611100E+4	8.473483E-1
1.611125E+4	8.263230E-1
1.611150E+4	8.264107E-1
1.611175E+4	8.076511E-1
1.611200E+4	7.703286E-1
1.611225E+4	7.598247E-1
1.611250E+4	8.082194E-1
1.611275E+4	8.421249E-1
1.611300E+4	8.249139E-1
1.611325E+4	8.072211E-1
1.611350E+4	8.355345E-1
1.611375E+4	8.773175E-1
1.611400E+4	8.823020E-1
1.611425E+4	8.648887E-1
1.611450E+4	8.581747E-1
1.611475E+4	8.558055E-1
1.611500E+4	8.245768E-1
1.611525E+4	7.815370E-1
1.611550E+4	7.873476E-1
1.611575E+4	8.423014E-1
1.611600E+4	8.650066E-1
1.611625E+4	8.474264E-1
1.611650E+4	8.356115E-1
1.611675E+4	8.627250E-1
1.611700E+4	8.857778E-1
1.611725E+4	8.745789E-1
1.611750E+4	8.381904E-1
1.611775E+4	7.978600E-1
1.611800E+4	7.882439E-1
1.611825E+4	8.040659E-1
1.611850E+4	8.259276E-1
1.611875E+4	8.470057E-1
1.611900E+4	8.513893E-1
1.611925E+4	8.283168E-1
1.611950E+4	7.895733E-1
1.611975E+4	7.594041E-1
1.612000E+4	7.400669E-1
1.612025E+4	7.279460E-1
1.612050E+4	7.541054E-1
1.612075E+4	8.323848E-1
1.612100E+4	8.667092E-1
1.612125E+4	8.402355E-1
1.612150E+4	7.729608E-1
1.612175E+4	6.808810E-1
1.612200E+4	6.192572E-1
1.612225E+4	6.254562E-1
1.612250E+4	6.698939E-1
1.612275E+4	7.095414E-1
1.612300E+4	7.252415E-1
1.612325E+4	7.323412E-1
1.612350E+4	7.616555E-1
1.612375E+4	8.072049E-1
1.612400E+4	8.067421E-1
1.612425E+4	7.598292E-1
1.612450E+4	6.994074E-1
1.612475E+4	6.836495E-1
1.612500E+4	7.101062E-1
1.612525E+4	7.092245E-1
1.612550E+4	6.922753E-1
1.612575E+4	6.939809E-1
1.612600E+4	7.234616E-1
1.612625E+4	7.406499E-1
1.612650E+4	7.314095E-1
1.612675E+4	7.195502E-1
1.612700E+4	7.302927E-1
1.612725E+4	7.581352E-1
1.612750E+4	7.942518E-1
1.612775E+4	8.252140E-1
1.612800E+4	8.155852E-1
1.612825E+4	7.631140E-1
1.612850E+4	7.197385E-1
1.612875E+4	7.423696E-1
1.612900E+4	8.108546E-1
1.612925E+4	8.413116E-1
1.612950E+4	8.262711E-1
1.612975E+4	8.134286E-1
1.613000E+4	8.249680E-1
1.613025E+4	8.313929E-1
1.613050E+4	8.062602E-1
1.613075E+4	7.681380E-1
1.613100E+4	7.617786E-1
1.613125E+4	7.848821E-1
1.613150E+4	8.091329E-1
1.613175E+4	8.231804E-1
1.613200E+4	8.248256E-1
1.613225E+4	8.239903E-1
1.613250E+4	8.400188E-1
1.613275E+4	8.726031E-1
1.613300E+4	8.902454E-1
1.613325E+4	8.481742E-1
1.613350E+4	7.873895E-1
1.613375E+4	7.756318E-1
1.613400E+4	7.784168E-1
1.613425E+4	7.596843E-1
1.613450E+4	7.105579E-1
1.613475E+4	7.084451E-1
1.613500E+4	7.728555E-1
1.613525E+4	8.270284E-1
1.613550E+4	8.682334E-1
1.613575E+4	8.943816E-1
1.613600E+4	8.836523E-1
1.613625E+4	8.462111E-1
1.613650E+4	7.970324E-1
1.613675E+4	7.702414E-1
1.613700E+4	7.806186E-1
1.613725E+4	8.071079E-1
1.613750E+4	8.638366E-1
1.613775E+4	9.412138E-1
1.613800E+4	8.899877E-1
1.613825E+4	8.026077E-1
1.613850E+4	7.493471E-1
1.613875E+4	7.848894E-1
1.613900E+4	9.045916E-1
1.613925E+4	9.006799E-1
1.613950E+4	8.409402E-1
1.613975E+4	8.333403E-1
1.614000E+4	9.298258E-1
1.614025E+4	9.547545E-1
1.614050E+4	9.062936E-1
1.614075E+4	8.721174E-1
1.614100E+4	8.890414E-1
1.614125E+4	9.049806E-1
1.614150E+4	8.655254E-1
1.614175E+4	8.076738E-1
1.614200E+4	8.138758E-1
1.614225E+4	8.380055E-1
1.614250E+4	8.021845E-1
1.614275E+4	7.573771E-1
1.614300E+4	7.969687E-1
1.614325E+4	9.165899E-1
1.614350E+4	9.283674E-1
1.614375E+4	8.280965E-1
1.614400E+4	7.421844E-1
1.614425E+4	7.954285E-1
1.614450E+4	8.591613E-1
1.614475E+4	8.069939E-1
1.614500E+4	7.421042E-1
1.614525E+4	7.538231E-1
1.614550E+4	8.172672E-1
1.614575E+4	8.498367E-1
1.614600E+4	8.485127E-1
1.614625E+4	8.664939E-1
1.614650E+4	8.989722E-1
1.614675E+4	8.956371E-1
1.614700E+4	8.618405E-1
1.614725E+4	8.621671E-1
1.614750E+4	9.117776E-1
1.614775E+4	9.249006E-1
1.614800E+4	8.642221E-1
1.614825E+4	8.054992E-1
1.614850E+4	7.901506E-1
1.614875E+4	8.024728E-1
1.614900E+4	8.077802E-1
1.614925E+4	8.086523E-1
1.614950E+4	8.205282E-1
1.614975E+4	8.339328E-1
1.615000E+4	8.279364E-1
1.615025E+4	8.079963E-1
1.615050E+4	8.169980E-1
1.615075E+4	8.330052E-1
1.615100E+4	8.162064E-1
1.615125E+4	7.636928E-1
1.615150E+4	7.178906E-1
1.615175E+4	7.329601E-1
1.615200E+4	8.019565E-1
1.615225E+4	8.423292E-1
1.615250E+4	8.187831E-1
1.615275E+4	7.842767E-1
1.615300E+4	7.759053E-1
1.615325E+4	7.815389E-1
1.615350E+4	7.898490E-1
1.615375E+4	8.143216E-1
1.615400E+4	8.552158E-1
1.615425E+4	8.738711E-1
1.615450E+4	8.389785E-1
1.615475E+4	7.652003E-1
1.615500E+4	7.255656E-1
1.615525E+4	7.663111E-1
1.615550E+4	8.265019E-1
1.615575E+4	8.527822E-1
1.615600E+4	8.424307E-1
1.615625E+4	8.244466E-1
1.615650E+4	8.132182E-1
1.615675E+4	8.031232E-1
1.615700E+4	7.907968E-1
1.615725E+4	7.758850E-1
1.615750E+4	7.576858E-1
1.615775E+4	7.390826E-1
1.615800E+4	7.287750E-1
1.615825E+4	7.379664E-1
1.615850E+4	7.668645E-1
1.615875E+4	7.975943E-1
1.615900E+4	8.162421E-1
1.615925E+4	8.197387E-1
1.615950E+4	8.114434E-1
1.615975E+4	8.036461E-1
1.616000E+4	8.122045E-1
1.616025E+4	8.377954E-1
1.616050E+4	8.604782E-1
1.616075E+4	8.773184E-1
1.616100E+4	8.862981E-1
1.616125E+4	8.440375E-1
1.616150E+4	7.243385E-1
1.616175E+4	6.265570E-1
1.616200E+4	6.435703E-1
1.616225E+4	7.424558E-1
1.616250E+4	8.443183E-1
1.616275E+4	8.729681E-1
1.616300E+4	8.267935E-1
1.616325E+4	8.197336E-1
1.616350E+4	8.733077E-1
1.616375E+4	9.185796E-1
1.616400E+4	9.002044E-1
1.616425E+4	8.448094E-1
1.616450E+4	8.394335E-1
1.616475E+4	8.689052E-1
1.616500E+4	8.849646E-1
1.616525E+4	8.695060E-1
1.616550E+4	8.466894E-1
1.616575E+4	8.497428E-1
1.616600E+4	8.804152E-1
1.616625E+4	9.092860E-1
1.616650E+4	8.898657E-1
1.616675E+4	8.351382E-1
1.616700E+4	8.116887E-1
1.616725E+4	8.432771E-1
1.616750E+4	8.737293E-1
1.616775E+4	8.466632E-1
1.616800E+4	8.027516E-1
1.616825E+4	8.064588E-1
1.616850E+4	8.438737E-1
1.616875E+4	8.384921E-1
1.616900E+4	8.010575E-1
1.616925E+4	7.923236E-1
1.616950E+4	8.429870E-1
1.616975E+4	8.917250E-1
1.617000E+4	8.664486E-1
1.617025E+4	8.667913E-1
1.617050E+4	9.205909E-1
1.617075E+4	9.621887E-1
1.617100E+4	9.140221E-1
1.617125E+4	8.190801E-1
1.617150E+4	8.079402E-1
1.617175E+4	8.808622E-1
1.617200E+4	9.132603E-1
1.617225E+4	8.759330E-1
1.617250E+4	8.546931E-1
1.617275E+4	8.902426E-1
1.617300E+4	9.246955E-1
1.617325E+4	9.103504E-1
1.617350E+4	8.880691E-1
1.617375E+4	8.896526E-1
1.617400E+4	8.943170E-1
1.617425E+4	8.754532E-1
1.617450E+4	8.598318E-1
1.617475E+4	8.752892E-1
1.617500E+4	8.976023E-1
1.617525E+4	9.041556E-1
1.617550E+4	9.027775E-1
1.617575E+4	9.065131E-1
1.617600E+4	8.966033E-1
1.617625E+4	8.669294E-1
1.617650E+4	8.527702E-1
1.617675E+4	8.846138E-1
1.617700E+4	9.291074E-1
1.617725E+4	9.347696E-1
1.617750E+4	8.945263E-1
1.617775E+4	8.578114E-1
1.617800E+4	8.797275E-1
1.617825E+4	9.144859E-1
1.617850E+4	9.030136E-1
1.617875E+4	8.622359E-1
1.617900E+4	8.506265E-1
1.617925E+4	8.783912E-1
1.617950E+4	9.195819E-1
1.617975E+4	9.470646E-1
1.618000E+4	9.484241E-1
1.618025E+4	9.417193E-1
1.618050E+4	9.373203E-1
1.618075E+4	9.294590E-1
1.618100E+4	9.166750E-1
1.618125E+4	9.155361E-1
1.618150E+4	9.285451E-1
1.618175E+4	9.456181E-1
1.618200E+4	9.586760E-1
1.618225E+4	9.656973E-1
1.618250E+4	9.672888E-1
1.618275E+4	9.570290E-1
1.618300E+4	9.362692E-1
1.618325E+4	9.294367E-1
1.618350E+4	9.450746E-1
1.618375E+4	9.655732E-1
1.618400E+4	9.641444E-1
1.618425E+4	9.432431E-1
1.618450E+4	9.307767E-1
1.618475E+4	9.328349E-1
1.618500E+4	9.397283E-1
1.618525E+4	9.404665E-1
1.618550E+4	9.410882E-1
1.618575E+4	9.480500E-1
1.618600E+4	9.586574E-1
1.618625E+4	9.627422E-1
1.618650E+4	9.598848E-1
1.618675E+4	9.586521E-1
1.618700E+4	9.637406E-1
1.618725E+4	9.710596E-1
1.618750E+4	9.640756E-1
1.618775E+4	9.381101E-1
1.618800E+4	8.994716E-1
1.618825E+4	8.777517E-1
1.618850E+4	9.047302E-1
1.618875E+4	9.240831E-1
1.618900E+4	8.977805E-1
1.618925E+4	8.587173E-1
1.618950E+4	8.775427E-1
1.618975E+4	9.478854E-1
1.619000E+4	9.772169E-1
1.619025E+4	9.488510E-1
1.619050E+4	9.179815E-1
1.619075E+4	9.309543E-1
1.619100E+4	9.685716E-1
1.619125E+4	9.644074E-1
1.619150E+4	9.124462E-1
1.619175E+4	8.600616E-1
1.619200E+4	8.394827E-1
1.619225E+4	8.598856E-1
1.619250E+4	8.948980E-1
1.619275E+4	9.197086E-1
1.619300E+4	9.282057E-1
1.619325E+4	9.115356E-1
1.619350E+4	8.889112E-1
1.619375E+4	9.171233E-1
1.619400E+4	9.635947E-1
1.619425E+4	9.819988E-1
1.619450E+4	9.613681E-1
1.619475E+4	9.332989E-1
1.619500E+4	9.302675E-1
1.619525E+4	9.343337E-1
1.619550E+4	9.188363E-1
1.619575E+4	8.983103E-1
1.619600E+4	8.993337E-1
1.619625E+4	9.061519E-1
1.619650E+4	8.733320E-1
1.619675E+4	7.966901E-1
1.619700E+4	7.230723E-1
1.619725E+4	6.954412E-1
1.619750E+4	7.248336E-1
1.619775E+4	7.628048E-1
1.619800E+4	7.665758E-1
1.619825E+4	7.876413E-1
1.619850E+4	8.599158E-1
1.619875E+4	9.264725E-1
1.619900E+4	9.230057E-1
1.619925E+4	8.779222E-1
1.619950E+4	8.477119E-1
1.619975E+4	8.528867E-1
1.620000E+4	8.665806E-1
1.620025E+4	8.673117E-1
1.620050E+4	8.631520E-1
1.620075E+4	8.546483E-1
1.620100E+4	8.401222E-1
1.620125E+4	8.333151E-1
1.620150E+4	8.346895E-1
1.620175E+4	8.080722E-1
1.620200E+4	7.516241E-1
1.620225E+4	7.407136E-1
1.620250E+4	7.924831E-1
1.620275E+4	8.603695E-1
1.620300E+4	8.582834E-1
1.620325E+4	8.101583E-1
1.620350E+4	8.279157E-1
1.620375E+4	8.977041E-1
1.620400E+4	9.169383E-1
1.620425E+4	8.046079E-1
1.620450E+4	6.761104E-1
1.620475E+4	6.845351E-1
1.620500E+4	7.921651E-1
1.620525E+4	8.506739E-1
1.620550E+4	8.408080E-1
1.620575E+4	8.383819E-1
1.620600E+4	8.484057E-1
1.620625E+4	8.205997E-1
1.620650E+4	7.808178E-1
1.620675E+4	7.796812E-1
1.620700E+4	8.238706E-1
1.620725E+4	8.308485E-1
1.620750E+4	7.653619E-1
1.620775E+4	7.141929E-1
1.620800E+4	7.079549E-1
1.620825E+4	7.282909E-1
1.620850E+4	7.248915E-1
1.620875E+4	7.175455E-1
1.620900E+4	7.321989E-1
1.620925E+4	7.611144E-1
1.620950E+4	7.906449E-1
1.620975E+4	8.244987E-1
1.621000E+4	8.600059E-1
1.621025E+4	8.420968E-1
1.621050E+4	7.758443E-1
1.621075E+4	7.646604E-1
1.621100E+4	8.071519E-1
1.621125E+4	8.518648E-1
1.621150E+4	8.357480E-1
1.621175E+4	7.721001E-1
1.621200E+4	7.398624E-1
1.621225E+4	7.505249E-1
1.621250E+4	7.704726E-1
1.621275E+4	7.823482E-1
1.621300E+4	7.989175E-1
1.621325E+4	8.230466E-1
1.621350E+4	8.296005E-1
1.621375E+4	8.015047E-1
1.621400E+4	7.459981E-1
1.621425E+4	6.725744E-1
1.621450E+4	6.218422E-1
1.621475E+4	6.352528E-1
1.621500E+4	6.887991E-1
1.621525E+4	7.392345E-1
1.621550E+4	7.563719E-1
1.621575E+4	7.560195E-1
1.621600E+4	7.871326E-1
1.621625E+4	8.389872E-1
1.621650E+4	8.593819E-1
1.621675E+4	8.249838E-1
1.621700E+4	7.969838E-1
1.621725E+4	8.057006E-1
1.621750E+4	8.343071E-1
1.621775E+4	8.629553E-1
1.621800E+4	8.625822E-1
1.621825E+4	8.292141E-1
1.621850E+4	7.745657E-1
1.621875E+4	7.065585E-1
1.621900E+4	6.931421E-1
1.621925E+4	7.932900E-1
1.621950E+4	8.528203E-1
1.621975E+4	8.373721E-1
1.622000E+4	7.964518E-1
1.622025E+4	7.913590E-1
1.622050E+4	8.319147E-1
1.622075E+4	8.335087E-1
1.622100E+4	7.864377E-1
1.622125E+4	7.444508E-1
1.622150E+4	7.770922E-1
1.622175E+4	8.490387E-1
1.622200E+4	8.686633E-1
1.622225E+4	8.440178E-1
1.622250E+4	7.974062E-1
1.622275E+4	7.326268E-1
1.622300E+4	6.767646E-1
1.622325E+4	7.087696E-1
1.622350E+4	8.092151E-1
1.622375E+4	8.205204E-1
1.622400E+4	7.465597E-1
1.622425E+4	6.808665E-1
1.622450E+4	7.056655E-1
1.622475E+4	8.240778E-1
1.622500E+4	8.862990E-1
1.622525E+4	8.544027E-1
1.622550E+4	8.453658E-1
1.622575E+4	9.028540E-1
1.622600E+4	9.479363E-1
1.622625E+4	8.891628E-1
1.622650E+4	8.213827E-1
1.622675E+4	8.287834E-1
1.622700E+4	8.830814E-1
1.622725E+4	9.001228E-1
1.622750E+4	8.632883E-1
1.622775E+4	8.628690E-1
1.622800E+4	8.972587E-1
1.622825E+4	8.929604E-1
1.622850E+4	8.169161E-1
1.622875E+4	7.544102E-1
1.622900E+4	8.087163E-1
1.622925E+4	9.029368E-1
1.622950E+4	9.368829E-1
1.622975E+4	9.347570E-1
1.623000E+4	9.302297E-1
1.623025E+4	9.144786E-1
1.623050E+4	8.872316E-1
1.623075E+4	8.822680E-1
1.623100E+4	9.035246E-1
1.623125E+4	9.050244E-1
1.623150E+4	8.698874E-1
1.623175E+4	8.411713E-1
1.623200E+4	8.353088E-1
1.623225E+4	8.303425E-1
1.623250E+4	8.238860E-1
1.623275E+4	8.423261E-1
1.623300E+4	8.782114E-1
1.623325E+4	8.746609E-1
1.623350E+4	7.894524E-1
1.623375E+4	7.915336E-1
1.623400E+4	9.014211E-1
1.623425E+4	9.598122E-1
1.623450E+4	9.119599E-1
1.623475E+4	8.281103E-1
1.623500E+4	8.124427E-1
1.623525E+4	8.721579E-1
1.623550E+4	8.748469E-1
1.623575E+4	8.164619E-1
1.623600E+4	7.897522E-1
1.623625E+4	8.242554E-1
1.623650E+4	8.661121E-1
1.623675E+4	8.756268E-1
1.623700E+4	8.925436E-1
1.623725E+4	9.208091E-1
1.623750E+4	8.751969E-1
1.623775E+4	7.735288E-1
1.623800E+4	7.129953E-1
1.623825E+4	7.170982E-1
1.623850E+4	7.856787E-1
1.623875E+4	8.529822E-1
1.623900E+4	8.710991E-1
1.623925E+4	8.836660E-1
1.623950E+4	9.059052E-1
1.623975E+4	9.150330E-1
1.624000E+4	8.991820E-1
1.624025E+4	8.691919E-1
1.624050E+4	8.452320E-1
1.624075E+4	8.536908E-1
1.624100E+4	8.861035E-1
1.624125E+4	8.961015E-1
1.624150E+4	8.583160E-1
1.624175E+4	8.305919E-1
1.624200E+4	8.846619E-1
1.624225E+4	9.433575E-1
1.624250E+4	9.117771E-1
1.624275E+4	8.111640E-1
1.624300E+4	7.182032E-1
1.624325E+4	7.022000E-1
1.624350E+4	7.405641E-1
1.624375E+4	7.436314E-1
1.624400E+4	7.256756E-1
1.624425E+4	7.362057E-1
1.624450E+4	7.848274E-1
1.624475E+4	8.224021E-1
1.624500E+4	8.388655E-1
1.624525E+4	8.422746E-1
1.624550E+4	8.004314E-1
1.624575E+4	7.649105E-1
1.624600E+4	7.994593E-1
1.624625E+4	8.602426E-1
1.624650E+4	8.739800E-1
1.624675E+4	7.661225E-1
1.624700E+4	6.737786E-1
1.624725E+4	7.423424E-1
1.624750E+4	8.820730E-1
1.624775E+4	9.479736E-1
1.624800E+4	9.179708E-1
1.624825E+4	8.718384E-1
1.624850E+4	8.348843E-1
1.624875E+4	7.913498E-1
1.624900E+4	7.743382E-1
1.624925E+4	7.952022E-1
1.624950E+4	8.090023E-1
1.624975E+4	7.613566E-1
1.625000E+4	7.259241E-1
1.625025E+4	7.775307E-1
1.625050E+4	8.479192E-1
1.625075E+4	8.835322E-1
1.625100E+4	8.548219E-1
1.625125E+4	8.305984E-1
1.625150E+4	8.254794E-1
1.625175E+4	7.733337E-1
1.625200E+4	6.603166E-1
1.625225E+4	6.272416E-1
1.625250E+4	7.033047E-1
1.625275E+4	7.602765E-1
1.625300E+4	7.547316E-1
1.625325E+4	7.348170E-1
1.625350E+4	7.656102E-1
1.625375E+4	7.946055E-1
1.625400E+4	7.682451E-1
1.625425E+4	7.356212E-1
1.625450E+4	7.709642E-1
1.625475E+4	8.256945E-1
1.625500E+4	8.612445E-1
1.625525E+4	8.687305E-1
1.625550E+4	8.443404E-1
1.625575E+4	8.069203E-1
1.625600E+4	7.695167E-1
1.625625E+4	7.439184E-1
1.625650E+4	7.231610E-1
1.625675E+4	6.810182E-1
1.625700E+4	6.165140E-1
1.625725E+4	5.759608E-1
1.625750E+4	6.654473E-1
1.625775E+4	7.511600E-1
1.625800E+4	7.494946E-1
1.625825E+4	7.480796E-1
1.625850E+4	8.193707E-1
1.625875E+4	9.217027E-1
1.625900E+4	8.843136E-1
1.625925E+4	7.753849E-1
1.625950E+4	7.535837E-1
1.625975E+4	8.344892E-1
1.626000E+4	8.892739E-1
1.626025E+4	8.754561E-1
1.626050E+4	8.350538E-1
1.626075E+4	8.252984E-1
1.626100E+4	8.455125E-1
1.626125E+4	8.354757E-1
1.626150E+4	7.969586E-1
1.626175E+4	7.484645E-1
1.626200E+4	7.133572E-1
1.626225E+4	7.134279E-1
1.626250E+4	7.492944E-1
1.626275E+4	8.032234E-1
1.626300E+4	8.246497E-1
1.626325E+4	7.914187E-1
1.626350E+4	7.695824E-1
1.626375E+4	7.754017E-1
1.626400E+4	7.983051E-1
1.626425E+4	8.367893E-1
1.626450E+4	8.791842E-1
1.626475E+4	9.099699E-1
1.626500E+4	9.181686E-1
1.626525E+4	8.909834E-1
1.626550E+4	8.486623E-1
1.626575E+4	8.225723E-1
1.626600E+4	7.835543E-1
1.626625E+4	7.088245E-1
1.626650E+4	6.695825E-1
1.626675E+4	6.981831E-1
1.626700E+4	7.195828E-1
1.626725E+4	7.163407E-1
1.626750E+4	7.499354E-1
1.626775E+4	8.244719E-1
1.626800E+4	8.650036E-1
1.626825E+4	8.750017E-1
1.626850E+4	8.925169E-1
1.626875E+4	9.248794E-1
1.626900E+4	9.199193E-1
1.626925E+4	8.105779E-1
1.626950E+4	6.998898E-1
1.626975E+4	7.525728E-1
1.627000E+4	8.363703E-1
1.627025E+4	9.145387E-1
1.627050E+4	9.179145E-1
1.627075E+4	7.585033E-1
1.627100E+4	7.056842E-1
1.627125E+4	6.844872E-1
1.627150E+4	6.595420E-1
1.627175E+4	7.075307E-1
1.627200E+4	7.733284E-1
1.627225E+4	7.705545E-1
1.627250E+4	7.317376E-1
1.627275E+4	7.160470E-1
1.627300E+4	7.599271E-1
1.627325E+4	7.892170E-1
1.627350E+4	8.049820E-1
1.627375E+4	8.482265E-1
1.627400E+4	8.912020E-1
1.627425E+4	8.883830E-1
1.627450E+4	8.620741E-1
1.627475E+4	8.391122E-1
1.627500E+4	8.589153E-1
1.627525E+4	9.087659E-1
1.627550E+4	9.084786E-1
1.627575E+4	8.597790E-1
1.627600E+4	8.316699E-1
1.627625E+4	8.513452E-1
1.627650E+4	8.851230E-1
1.627675E+4	8.488440E-1
1.627700E+4	7.703678E-1
1.627725E+4	7.485271E-1
1.627750E+4	7.949168E-1
1.627775E+4	8.834161E-1
1.627800E+4	8.888162E-1
1.627825E+4	8.288864E-1
1.627850E+4	8.369054E-1
1.627875E+4	9.066950E-1
1.627900E+4	9.572068E-1
1.627925E+4	8.951783E-1
1.627950E+4	8.022135E-1
1.627975E+4	8.109830E-1
1.628000E+4	8.444418E-1
1.628025E+4	8.258932E-1
1.628050E+4	8.012581E-1
1.628075E+4	8.272876E-1
1.628100E+4	8.572421E-1
1.628125E+4	8.227355E-1
1.628150E+4	6.875603E-1
1.628175E+4	7.139038E-1
1.628200E+4	9.000672E-1
1.628225E+4	9.223127E-1
1.628250E+4	8.515977E-1
1.628275E+4	7.698478E-1
1.628300E+4	7.947700E-1
1.628325E+4	8.798468E-1
1.628350E+4	9.180949E-1
1.628375E+4	9.228280E-1
1.628400E+4	9.410661E-1
1.628425E+4	9.619250E-1
1.628450E+4	9.292835E-1
1.628475E+4	8.562332E-1
1.628500E+4	8.080043E-1
1.628525E+4	8.080145E-1
1.628550E+4	8.248659E-1
1.628575E+4	8.395982E-1
1.628600E+4	8.666418E-1
1.628625E+4	8.829069E-1
1.628650E+4	8.532242E-1
1.628675E+4	7.848953E-1
1.628700E+4	7.137456E-1
1.628725E+4	6.715192E-1
1.628750E+4	7.061991E-1
1.628775E+4	8.126001E-1
1.628800E+4	8.671595E-1
1.628825E+4	8.847254E-1
1.628850E+4	8.820272E-1
1.628875E+4	8.254262E-1
1.628900E+4	7.376851E-1
1.628925E+4	7.073514E-1
1.628950E+4	7.512009E-1
1.628975E+4	8.551541E-1
1.629000E+4	8.929274E-1
1.629025E+4	8.136475E-1
1.629050E+4	7.846645E-1
1.629075E+4	8.364641E-1
1.629100E+4	9.070823E-1
1.629125E+4	9.075100E-1
1.629150E+4	8.350035E-1
1.629175E+4	7.952476E-1
1.629200E+4	8.119230E-1
1.629225E+4	8.397865E-1
1.629250E+4	8.206673E-1
1.629275E+4	7.826071E-1
1.629300E+4	7.906940E-1
1.629325E+4	8.166422E-1
1.629350E+4	8.541719E-1
1.629375E+4	8.905617E-1
1.629400E+4	8.916076E-1
1.629425E+4	8.775019E-1
1.629450E+4	8.564486E-1
1.629475E+4	8.804540E-1
1.629500E+4	9.210792E-1
1.629525E+4	9.325362E-1
1.629550E+4	9.115583E-1
1.629575E+4	7.953034E-1
1.629600E+4	7.010511E-1
1.629625E+4	6.980711E-1
1.629650E+4	6.411187E-1
1.629675E+4	4.781945E-1
1.629700E+4	5.950950E-1
1.629725E+4	7.994904E-1
1.629750E+4	8.534563E-1
1.629775E+4	8.519921E-1
1.629800E+4	8.285960E-1
1.629825E+4	8.230727E-1
1.629850E+4	8.127893E-1
1.629875E+4	7.655658E-1
1.629900E+4	6.933810E-1
1.629925E+4	7.097844E-1
1.629950E+4	7.879251E-1
1.629975E+4	8.352218E-1
1.630000E+4	8.295032E-1
1.630025E+4	7.941010E-1
1.630050E+4	7.733648E-1
1.630075E+4	7.858454E-1
1.630100E+4	8.255320E-1
1.630125E+4	8.469037E-1
1.630150E+4	8.138722E-1
1.630175E+4	7.915623E-1
1.630200E+4	8.553908E-1
1.630225E+4	9.259984E-1
1.630250E+4	9.267287E-1
1.630275E+4	8.729287E-1
1.630300E+4	8.894621E-1
1.630325E+4	9.590415E-1
1.630350E+4	9.746739E-1
1.630375E+4	9.043219E-1
1.630400E+4	8.161245E-1
1.630425E+4	8.028078E-1
1.630450E+4	8.489694E-1
1.630475E+4	8.909317E-1
1.630500E+4	8.798398E-1
1.630525E+4	8.632395E-1
1.630550E+4	8.556075E-1
1.630575E+4	8.266014E-1
1.630600E+4	7.640546E-1
1.630625E+4	7.902499E-1
1.630650E+4	8.795158E-1
1.630675E+4	9.393695E-1
1.630700E+4	9.464912E-1
1.630725E+4	9.186087E-1
1.630750E+4	8.895349E-1
1.630775E+4	8.768567E-1
1.630800E+4	8.660124E-1
1.630825E+4	8.332144E-1
1.630850E+4	7.776606E-1
1.630875E+4	7.387914E-1
1.630900E+4	7.936818E-1
1.630925E+4	8.687404E-1
1.630950E+4	8.919749E-1
1.630975E+4	8.655302E-1
1.631000E+4	8.341932E-1
1.631025E+4	8.503975E-1
1.631050E+4	8.673900E-1
1.631075E+4	8.847766E-1
1.631100E+4	8.884037E-1
1.631125E+4	8.296958E-1
1.631150E+4	7.717352E-1
1.631175E+4	8.082200E-1
1.631200E+4	8.956621E-1
1.631225E+4	9.434554E-1
1.631250E+4	9.359717E-1
1.631275E+4	9.067204E-1
1.631300E+4	8.869864E-1
1.631325E+4	8.605864E-1
1.631350E+4	8.088315E-1
1.631375E+4	7.746480E-1
1.631400E+4	8.210008E-1
1.631425E+4	8.775133E-1
1.631450E+4	8.074883E-1
1.631475E+4	6.729845E-1
1.631500E+4	7.537398E-1
1.631525E+4	8.386915E-1
1.631550E+4	8.056436E-1
1.631575E+4	6.836211E-1
1.631600E+4	5.732993E-1
1.631625E+4	6.490227E-1
1.631650E+4	7.769550E-1
1.631675E+4	7.922116E-1
1.631700E+4	8.165095E-1
1.631725E+4	8.791336E-1
1.631750E+4	8.544881E-1
1.631775E+4	6.649435E-1
1.631800E+4	5.528192E-1
1.631825E+4	7.755799E-1
1.631850E+4	9.395129E-1
1.631875E+4	9.287288E-1
1.631900E+4	7.015507E-1
1.631925E+4	5.968263E-1
1.631950E+4	7.185117E-1
1.631975E+4	7.698023E-1
1.632000E+4	7.078218E-1
1.632025E+4	6.692250E-1
1.632050E+4	7.520420E-1
1.632075E+4	7.816419E-1
1.632100E+4	7.709131E-1
1.632125E+4	7.717611E-1
1.632150E+4	7.721091E-1
1.632175E+4	6.874724E-1
1.632200E+4	5.894706E-1
1.632225E+4	6.503751E-1
1.632250E+4	7.961756E-1
1.632275E+4	8.505156E-1
1.632300E+4	7.660181E-1
1.632325E+4	6.953100E-1
1.632350E+4	7.322283E-1
1.632375E+4	8.314514E-1
1.632400E+4	8.495642E-1
1.632425E+4	7.328211E-1
1.632450E+4	6.102466E-1
1.632475E+4	5.346103E-1
1.632500E+4	6.020356E-1
1.632525E+4	7.205129E-1
1.632550E+4	7.835841E-1
1.632575E+4	7.550689E-1
1.632600E+4	6.137885E-1
1.632625E+4	6.187206E-1
1.632650E+4	7.407044E-1
1.632675E+4	8.118103E-1
1.632700E+4	7.790255E-1
1.632725E+4	7.625295E-1
1.632750E+4	8.301352E-1
1.632775E+4	8.464327E-1
1.632800E+4	7.772657E-1
1.632825E+4	7.018543E-1
1.632850E+4	7.418903E-1
1.632875E+4	8.400685E-1
1.632900E+4	8.882580E-1
1.632925E+4	8.897482E-1
1.632950E+4	9.042911E-1
1.632975E+4	8.499448E-1
1.633000E+4	6.455608E-1
1.633025E+4	4.301628E-1
1.633050E+4	3.942609E-1
1.633075E+4	5.409151E-1
1.633100E+4	7.070972E-1
1.633125E+4	7.152013E-1
1.633150E+4	7.197240E-1
1.633175E+4	7.647624E-1
1.633200E+4	7.715118E-1
1.633225E+4	7.079116E-1
1.633250E+4	6.463970E-1
1.633275E+4	5.569732E-1
1.633300E+4	3.710977E-1
1.633325E+4	5.231728E-1
1.633350E+4	6.720297E-1
1.633375E+4	7.653904E-1
1.633400E+4	8.141147E-1
1.633425E+4	7.153833E-1
1.633450E+4	6.525597E-1
1.633475E+4	7.274592E-1
1.633500E+4	7.952205E-1
1.633525E+4	7.327564E-1
1.633550E+4	6.452039E-1
1.633575E+4	6.976549E-1
1.633600E+4	7.695338E-1
1.633625E+4	7.479840E-1
1.633650E+4	5.683487E-1
1.633675E+4	4.729710E-1
1.633700E+4	5.014462E-1
1.633725E+4	5.408813E-1
1.633750E+4	5.880826E-1
1.633775E+4	7.152273E-1
1.633800E+4	8.290059E-1
1.633825E+4	8.274557E-1
1.633850E+4	7.056941E-1
1.633875E+4	5.493098E-1
1.633900E+4	5.395372E-1
1.633925E+4	7.105649E-1
1.633950E+4	7.545826E-1
1.633975E+4	6.825951E-1
1.634000E+4	5.667402E-1
1.634025E+4	4.336668E-1
1.634050E+4	5.734881E-1
1.634075E+4	6.012030E-1
1.634100E+4	5.964808E-1
1.634125E+4	6.365828E-1
1.634150E+4	7.609614E-1
1.634175E+4	8.611480E-1
1.634200E+4	7.772635E-1
1.634225E+4	6.231971E-1
1.634250E+4	5.215094E-1
1.634275E+4	5.094193E-1
1.634300E+4	4.889311E-1
1.634325E+4	4.249946E-1
1.634350E+4	4.211181E-1
1.634375E+4	6.294148E-1
1.634400E+4	8.973876E-1
1.634425E+4	8.618340E-1
1.634450E+4	6.441445E-1
1.634475E+4	3.821271E-1
1.634500E+4	3.009984E-1
1.634525E+4	5.559266E-1
1.634550E+4	6.465345E-1
1.634575E+4	6.357804E-1
1.634600E+4	6.601784E-1
1.634625E+4	7.062983E-1
1.634650E+4	6.879007E-1
1.634675E+4	6.416862E-1
1.634700E+4	6.134085E-1
1.634725E+4	6.372018E-1
1.634750E+4	6.883135E-1
1.634775E+4	7.171239E-1
1.634800E+4	7.323893E-1
1.634825E+4	7.265182E-1
1.634850E+4	6.701329E-1
1.634875E+4	5.944200E-1
1.634900E+4	5.443547E-1
1.634925E+4	5.432708E-1
1.634950E+4	6.257313E-1
1.634975E+4	7.094331E-1
1.635000E+4	6.984953E-1
1.635025E+4	6.128178E-1
1.635050E+4	5.240941E-1
1.635075E+4	6.232903E-1
1.635100E+4	7.377525E-1
1.635125E+4	7.046680E-1
1.635150E+4	5.701427E-1
1.635175E+4	5.283228E-1
1.635200E+4	8.369145E-1
1.635225E+4	9.176694E-1
1.635250E+4	8.342660E-1
1.635275E+4	6.413052E-1
1.635300E+4	4.896882E-1
1.635325E+4	5.698406E-1
1.635350E+4	6.990702E-1
1.635375E+4	8.124463E-1
1.635400E+4	8.360861E-1
1.635425E+4	7.894363E-1
1.635450E+4	7.321628E-1
1.635475E+4	6.578826E-1
1.635500E+4	6.495645E-1
1.635525E+4	6.615419E-1
1.635550E+4	6.209295E-1
1.635575E+4	5.658276E-1
1.635600E+4	6.040328E-1
1.635625E+4	7.921437E-1
1.635650E+4	6.137494E-1
1.635675E+4	4.392954E-1
1.635700E+4	3.274978E-1
1.635725E+4	4.588001E-1
1.635750E+4	6.654396E-1
1.635775E+4	7.054658E-1
1.635800E+4	6.209663E-1
1.635825E+4	5.356044E-1
1.635850E+4	5.239548E-1
1.635875E+4	5.195263E-1
1.635900E+4	5.468442E-1
1.635925E+4	6.749045E-1
1.635950E+4	7.824927E-1
1.635975E+4	7.607966E-1
1.636000E+4	6.535631E-1
1.636025E+4	5.630878E-1
1.636050E+4	6.491261E-1
1.636075E+4	6.659153E-1
1.636100E+4	5.832088E-1
1.636125E+4	5.168349E-1
1.636150E+4	5.773857E-1
1.636175E+4	6.886349E-1
1.636200E+4	7.314714E-1
1.636225E+4	6.932125E-1
1.636250E+4	7.187822E-1
1.636275E+4	7.868455E-1
1.636300E+4	8.449489E-1
1.636325E+4	8.825871E-1
1.636350E+4	7.780270E-1
1.636375E+4	2.032720E-1
1.636400E+4	4.515464E-1
1.636425E+4	6.077870E-1
1.636450E+4	6.820811E-1
1.636475E+4	7.402337E-1
1.636500E+4	7.792661E-1
1.636525E+4	7.611016E-1
1.636550E+4	7.233547E-1
1.636575E+4	7.151513E-1
1.636600E+4	7.069123E-1
1.636625E+4	6.495239E-1
1.636650E+4	5.625331E-1
1.636675E+4	5.362673E-1
1.636700E+4	6.144810E-1
1.636725E+4	7.056783E-1
1.636750E+4	7.267483E-1
1.636775E+4	7.524850E-1
1.636800E+4	8.259784E-1
1.636825E+4	8.537292E-1
1.636850E+4	8.120553E-1
1.636875E+4	7.044089E-1
1.636900E+4	7.250870E-1
1.636925E+4	7.321811E-1
1.636950E+4	5.936705E-1
1.636975E+4	3.723238E-1
1.637000E+4	1.437105E-1
1.637025E+4	5.445734E-1
1.637050E+4	9.285258E-1
1.637075E+4	7.905955E-1
1.637100E+4	5.496305E-1
1.637125E+4	4.217724E-1
1.637150E+4	6.945916E-1
1.637175E+4	8.238754E-1
1.637200E+4	6.757304E-1
1.637225E+4	4.558091E-1
1.637250E+4	4.311799E-1
1.637275E+4	6.957602E-1
1.637300E+4	8.388107E-1
1.637325E+4	8.137674E-1
1.637350E+4	6.443881E-1
1.637375E+4	5.141601E-1
1.637400E+4	5.535352E-1
1.637425E+4	6.729983E-1
1.637450E+4	7.848200E-1
1.637475E+4	6.721553E-1
1.637500E+4	5.116004E-1
1.637525E+4	4.871991E-1
1.637550E+4	5.397572E-1
1.637575E+4	6.073763E-1
1.637600E+4	4.141610E-1
1.637625E+4	3.076794E-1
1.637650E+4	1.708665E-1
1.637675E+4	4.301541E-3
1.637700E+4	2.824812E-1
1.637725E+4	5.745822E-1
1.637750E+4	6.185989E-1
1.637775E+4	5.572887E-1
1.637800E+4	4.650022E-1
1.637825E+4	6.010078E-1
1.637850E+4	8.054254E-1
1.637875E+4	8.359345E-1
1.637900E+4	7.002536E-1
1.637925E+4	6.011720E-1
1.637950E+4	6.623467E-1
1.637975E+4	7.552022E-1
1.638000E+4	8.599641E-1
1.638025E+4	8.962028E-1
1.638050E+4	8.643373E-1
1.638075E+4	8.045434E-1
1.638100E+4	7.166059E-1
1.638125E+4	7.095233E-1
1.638150E+4	7.511255E-1
1.638175E+4	6.899607E-1
1.638200E+4	6.093798E-1
1.638225E+4	6.445059E-1
1.638250E+4	7.070451E-1
1.638275E+4	6.682872E-1
1.638300E+4	5.651415E-1
1.638325E+4	5.563989E-1
1.638350E+4	6.607032E-1
1.638375E+4	5.771738E-1
1.638400E+4	3.627755E-1
1.638425E+4	3.806428E-1
1.638450E+4	5.389222E-1
1.638475E+4	6.828989E-1
1.638500E+4	6.152019E-1
1.638525E+4	3.911717E-1
1.638550E+4	4.799491E-1
1.638575E+4	6.177127E-1
1.638600E+4	6.374299E-1
1.638625E+4	5.001245E-1
1.638650E+4	5.325202E-1
1.638675E+4	7.110534E-1
1.638700E+4	7.365227E-1
1.638725E+4	3.231776E-1
1.638750E+4	3.250409E-2
1.638775E+4	2.306361E-1
1.638800E+4	5.923275E-1
1.638825E+4	6.527412E-1
1.638850E+4	5.169241E-1
1.638875E+4	4.254886E-1
1.638900E+4	4.378642E-1
1.638925E+4	5.922504E-1
1.638950E+4	7.376551E-1
1.638975E+4	6.064182E-1
1.639000E+4	4.412275E-1
1.639025E+4	4.892596E-1
1.639050E+4	5.791260E-1
1.639075E+4	6.372945E-1
1.639100E+4	7.032807E-1
1.639125E+4	8.012246E-1
1.639150E+4	8.425415E-1
1.639175E+4	7.859826E-1
1.639200E+4	6.349742E-1
1.639225E+4	3.939456E-1
1.639250E+4	3.394517E-1
1.639275E+4	5.080967E-1
1.639300E+4	6.285154E-1
1.639325E+4	6.493947E-1
1.639350E+4	6.461924E-1
1.639375E+4	6.844078E-1
1.639400E+4	7.866379E-1
1.639425E+4	8.457971E-1
1.639450E+4	6.758768E-1
1.639475E+4	5.351081E-1
1.639500E+4	4.000656E-1
1.639525E+4	2.694984E-1
1.639550E+4	4.808738E-1
1.639575E+4	7.041425E-1
1.639600E+4	7.991888E-1
1.639625E+4	8.033108E-1
1.639650E+4	7.330411E-1
1.639675E+4	7.368646E-1
1.639700E+4	8.451322E-1
1.639725E+4	8.931979E-1
1.639750E+4	8.469987E-1
1.639775E+4	7.949227E-1
1.639800E+4	8.423457E-1
1.639825E+4	9.445092E-1
1.639850E+4	8.847148E-1
1.639875E+4	7.251983E-1
1.639900E+4	6.658178E-1
1.639925E+4	7.558243E-1
1.639950E+4	7.674495E-1
1.639975E+4	6.669452E-1
1.640000E+4	5.849798E-1
1.640025E+4	5.663362E-1
1.640050E+4	5.168791E-1
1.640075E+4	4.349234E-1
1.640100E+4	5.444217E-1
1.640125E+4	6.823529E-1
1.640150E+4	7.550751E-1
1.640175E+4	7.247938E-1
1.640200E+4	5.998858E-1
1.640225E+4	4.775888E-1
1.640250E+4	5.002514E-1
1.640275E+4	4.323255E-1
1.640300E+4	2.304938E-1
1.640325E+4	2.119975E-1
1.640350E+4	4.823783E-1
1.640375E+4	6.350961E-1
1.640400E+4	6.585564E-1
1.640425E+4	6.240237E-1
1.640450E+4	5.009951E-1
1.640475E+4	2.613729E-1
1.640500E+4	2.506370E-1
1.640525E+4	4.474784E-1
1.640550E+4	6.248329E-1
1.640575E+4	6.716567E-1
1.640600E+4	6.154631E-1
1.640625E+4	6.103624E-1
1.640650E+4	5.935991E-1
1.640675E+4	4.358699E-1
1.640700E+4	3.476586E-1
1.640725E+4	5.282134E-1
1.640750E+4	6.534503E-1
1.640775E+4	6.982074E-1
1.640800E+4	5.642031E-1
1.640825E+4	3.398250E-1
1.640850E+4	3.111657E-1
1.640875E+4	2.504000E-1
1.640900E+4	1.180325E-1
1.640925E+4	7.370296E-2
1.640950E+4	4.455638E-1
1.640975E+4	7.861009E-1
1.641000E+4	7.671895E-1
1.641025E+4	5.271187E-1
1.641050E+4	2.302235E-1
1.641075E+4	1.436549E-1
1.641100E+4	4.158211E-1
1.641125E+4	7.036847E-1
1.641150E+4	7.903369E-1
1.641175E+4	6.001435E-1
1.641200E+4	2.658550E-1
1.641225E+4	2.293081E-1
1.641250E+4	2.948895E-1
1.641275E+4	3.763963E-1
1.641300E+4	5.567289E-1
1.641325E+4	7.910367E-1
1.641350E+4	8.636176E-1
1.641375E+4	7.047714E-1
1.641400E+4	3.110744E-1
1.641425E+4	3.843855E-1
1.641450E+4	4.793335E-1
1.641475E+4	4.727273E-1
1.641500E+4	3.622238E-1
1.641525E+4	5.336370E-1
1.641550E+4	6.360992E-1
1.641575E+4	4.996641E-1
1.641600E+4	2.590108E-1
1.641625E+4	1.937396E-1
1.641650E+4	5.288885E-1
1.641675E+4	7.245987E-1
1.641700E+4	8.123226E-1
1.641725E+4	9.170653E-1
1.641750E+4	9.546695E-1
1.641775E+4	9.046808E-1
1.641800E+4	7.992814E-1
1.641825E+4	5.594976E-1
1.641850E+4	2.992865E-1
1.641875E+4	2.297198E-1
1.641900E+4	1.919199E-1
1.641925E+4	1.197245E-1
1.641950E+4	2.276375E-1
1.641975E+4	5.844479E-1
1.642000E+4	4.454198E-1
1.642025E+4	3.084123E-1
1.642050E+4	3.208651E-1
1.642075E+4	4.483824E-1
1.642100E+4	6.028693E-1
1.642125E+4	5.878057E-1
1.642150E+4	5.827929E-1
1.642175E+4	6.354945E-1
1.642200E+4	7.098905E-1
1.642225E+4	7.630657E-1
1.642250E+4	6.932263E-1
1.642275E+4	6.906354E-1
1.642300E+4	6.944622E-1
1.642325E+4	5.538088E-1
1.642350E+4	3.268973E-1
1.642375E+4	2.386779E-1
1.642400E+4	2.341534E-1
1.642425E+4	3.533332E-1
1.642450E+4	6.724068E-1
1.642475E+4	5.129560E-1
1.642500E+4	3.358496E-1
1.642525E+4	2.218120E-1
1.642550E+4	3.068098E-1
1.642575E+4	6.025583E-1
1.642600E+4	6.222531E-1
1.642625E+4	5.317937E-1
1.642650E+4	5.574358E-1
1.642675E+4	5.899131E-1
1.642700E+4	5.636231E-1
1.642725E+4	5.875101E-1
1.642750E+4	6.552077E-1
1.642775E+4	6.563773E-1
1.642800E+4	4.759408E-1
1.642825E+4	2.427043E-1
1.642850E+4	5.782933E-1
1.642875E+4	7.555717E-1
1.642900E+4	7.643968E-1
1.642925E+4	6.481571E-1
1.642950E+4	7.236299E-1
1.642975E+4	8.209496E-1
1.643000E+4	8.189684E-1
1.643025E+4	7.638972E-1
1.643050E+4	7.017075E-1
1.643075E+4	7.330378E-1
1.643100E+4	7.058157E-1
1.643125E+4	5.441108E-1
1.643150E+4	8.081755E-2
1.643175E+4	2.394232E-1
1.643200E+4	4.684788E-1
1.643225E+4	5.012232E-1
1.643250E+4	4.441414E-1
1.643275E+4	4.450123E-1
1.643300E+4	5.046072E-1
1.643325E+4	3.649273E-1
1.643350E+4	2.104909E-1
1.643375E+4	3.424278E-1
1.643400E+4	6.424061E-1
1.643425E+4	7.130257E-1
1.643450E+4	6.218160E-1
1.643475E+4	5.219206E-1
1.643500E+4	5.072699E-1
1.643525E+4	5.161484E-1
1.643550E+4	4.765047E-1
1.643575E+4	5.876319E-1
1.643600E+4	7.561489E-1
1.643625E+4	7.459709E-1
1.643650E+4	5.214297E-1
1.643675E+4	5.601562E-2
1.643700E+4	2.978596E-1
1.643725E+4	6.720805E-1
1.643750E+4	7.539673E-1
1.643775E+4	6.196952E-1
1.643800E+4	3.835226E-1
1.643825E+4	2.976486E-1
1.643850E+4	3.716239E-1
1.643875E+4	4.838836E-1
1.643900E+4	6.214892E-1
1.643925E+4	7.459145E-1
1.643950E+4	7.660651E-1
1.643975E+4	7.078029E-1
1.644000E+4	6.483455E-1
1.644025E+4	6.314061E-1
1.644050E+4	6.181455E-1
1.644075E+4	5.344803E-1
1.644100E+4	4.403263E-1
1.644125E+4	4.450382E-1
1.644150E+4	5.346234E-1
1.644175E+4	6.596020E-1
1.644200E+4	6.944600E-1
1.644225E+4	6.507507E-1
1.644250E+4	5.388670E-1
1.644275E+4	2.209785E-1
1.644300E+4	3.143571E-1
1.644325E+4	6.626238E-1
1.644350E+4	7.349449E-1
1.644375E+4	6.478264E-1
1.644400E+4	3.152951E-1
1.644425E+4	3.357008E-1
1.644450E+4	6.035088E-1
1.644475E+4	7.058812E-1
1.644500E+4	6.132476E-1
1.644525E+4	3.422318E-1
1.644550E+4	6.537263E-1
1.644575E+4	7.125857E-1
1.644600E+4	6.223884E-1
1.644625E+4	2.951405E-1
1.644650E+4	2.744029E-1
1.644675E+4	5.421483E-1
1.644700E+4	6.080704E-1
1.644725E+4	6.160871E-1
1.644750E+4	6.323244E-1
1.644775E+4	5.668393E-1
1.644800E+4	3.920830E-1
1.644825E+4	3.449829E-1
1.644850E+4	4.182985E-1
1.644875E+4	5.380319E-1
1.644900E+4	6.002168E-1
1.644925E+4	6.085642E-1
1.644950E+4	6.945686E-1
1.644975E+4	7.708456E-1
1.645000E+4	7.631490E-1
1.645025E+4	6.529103E-1
1.645050E+4	6.628615E-1
1.645075E+4	7.395025E-1
1.645100E+4	6.796275E-1
1.645125E+4	4.950756E-1
1.645150E+4	5.567148E-1
1.645175E+4	6.554529E-1
1.645200E+4	6.642277E-1
1.645225E+4	3.723325E-1
1.645250E+4	3.144867E-1
1.645275E+4	5.143802E-1
1.645300E+4	5.734976E-1
1.645325E+4	5.087107E-1
1.645350E+4	4.552531E-1
1.645375E+4	6.294997E-1
1.645400E+4	7.424040E-1
1.645425E+4	7.229696E-1
1.645450E+4	6.146747E-1
1.645475E+4	5.643260E-1
1.645500E+4	6.137745E-1
1.645525E+4	6.705764E-1
1.645550E+4	7.171756E-1
1.645575E+4	7.351716E-1
1.645600E+4	6.046757E-1
1.645625E+4	4.008946E-1
1.645650E+4	3.305097E-1
1.645675E+4	4.245914E-1
1.645700E+4	6.071298E-1
1.645725E+4	8.005564E-1
1.645750E+4	9.105564E-1
1.645775E+4	8.196749E-1
1.645800E+4	5.874431E-1
1.645825E+4	4.891641E-1
1.645850E+4	5.798150E-1
1.645875E+4	7.609688E-1
1.645900E+4	8.919669E-1
1.645925E+4	7.852610E-1
1.645950E+4	6.591380E-1
1.645975E+4	6.478743E-1
1.646000E+4	6.878369E-1
1.646025E+4	7.097921E-1
1.646050E+4	5.749958E-1
1.646075E+4	4.258429E-1
1.646100E+4	3.603081E-1
1.646125E+4	2.430412E-1
1.646150E+4	2.299071E-1
1.646175E+4	6.278210E-1
1.646200E+4	7.501903E-1
1.646225E+4	5.327694E-1
1.646250E+4	3.193747E-1
1.646275E+4	3.537854E-1
1.646300E+4	4.407646E-1
1.646325E+4	4.843056E-1
1.646350E+4	5.096994E-1
1.646375E+4	5.881065E-1
1.646400E+4	7.292546E-1
1.646425E+4	7.020868E-1
1.646450E+4	5.298612E-1
1.646475E+4	4.310934E-1
1.646500E+4	4.515757E-1
1.646525E+4	5.707380E-1
1.646550E+4	5.967035E-1
1.646575E+4	5.087630E-1
1.646600E+4	4.856953E-1
1.646625E+4	7.493159E-1
1.646650E+4	8.131761E-1
1.646675E+4	7.253762E-1
1.646700E+4	6.244272E-1
1.646725E+4	4.681970E-1
1.646750E+4	3.726433E-1
1.646775E+4	4.883221E-1
1.646800E+4	5.138235E-1
1.646825E+4	4.542315E-1
1.646850E+4	3.077694E-1
1.646875E+4	4.234230E-1
1.646900E+4	6.134860E-1
1.646925E+4	6.205078E-1
1.646950E+4	5.865697E-1
1.646975E+4	5.705619E-1
1.647000E+4	6.787994E-1
1.647025E+4	7.576559E-1
1.647050E+4	6.816954E-1
1.647075E+4	6.315511E-1
1.647100E+4	6.115719E-1
1.647125E+4	5.863572E-1
1.647150E+4	5.655020E-1
1.647175E+4	6.486492E-1
1.647200E+4	7.872210E-1
1.647225E+4	8.806675E-1
1.647250E+4	9.010354E-1
1.647275E+4	6.712350E-1
1.647300E+4	5.583308E-1
1.647325E+4	6.333397E-1
1.647350E+4	6.670666E-1
1.647375E+4	6.291106E-1
1.647400E+4	4.744011E-1
1.647425E+4	4.063211E-1
1.647450E+4	6.397629E-1
1.647475E+4	8.405811E-1
1.647500E+4	8.610210E-1
1.647525E+4	6.590569E-1
1.647550E+4	5.740686E-1
1.647575E+4	6.450404E-1
1.647600E+4	7.612366E-1
1.647625E+4	7.741078E-1
1.647650E+4	6.732883E-1
1.647675E+4	7.419395E-1
1.647700E+4	7.260252E-1
1.647725E+4	6.038047E-1
1.647750E+4	4.828958E-1
1.647775E+4	4.722892E-1
1.647800E+4	6.362840E-1
1.647825E+4	8.050653E-1
1.647850E+4	7.380240E-1
1.647875E+4	6.176238E-1
1.647900E+4	6.021353E-1
1.647925E+4	6.946765E-1
1.647950E+4	7.186107E-1
1.647975E+4	6.114351E-1
1.648000E+4	6.606518E-1
1.648025E+4	8.215975E-1
1.648050E+4	8.247061E-1
1.648075E+4	6.300101E-1
1.648100E+4	3.926150E-1
1.648125E+4	4.586123E-1
1.648150E+4	6.920972E-1
1.648175E+4	7.282164E-1
1.648200E+4	6.239801E-1
1.648225E+4	5.024157E-1
1.648250E+4	5.614667E-1
1.648275E+4	7.967426E-1
1.648300E+4	9.051503E-1
1.648325E+4	8.302034E-1
1.648350E+4	5.983377E-1
1.648375E+4	2.306313E-1
1.648400E+4	2.124184E-1
1.648425E+4	6.388694E-1
1.648450E+4	7.968132E-1
1.648475E+4	7.781020E-1
1.648500E+4	6.630574E-1
1.648525E+4	4.714544E-1
1.648550E+4	5.041261E-1
1.648575E+4	5.767112E-1
1.648600E+4	6.137316E-1
1.648625E+4	6.505455E-1
1.648650E+4	6.018002E-1
1.648675E+4	4.074136E-1
1.648700E+4	2.459670E-1
1.648725E+4	2.985804E-1
1.648750E+4	4.397119E-1
1.648775E+4	4.703729E-1
1.648800E+4	2.577022E-1
1.648825E+4	1.686445E-1
1.648850E+4	4.270033E-1
1.648875E+4	5.068176E-1
1.648900E+4	4.732101E-1
1.648925E+4	3.917109E-1
1.648950E+4	4.509814E-1
1.648975E+4	5.549909E-1
1.649000E+4	4.910766E-1
1.649025E+4	3.669353E-1
1.649050E+4	3.047008E-1
1.649075E+4	5.056574E-1
1.649100E+4	6.943017E-1
1.649125E+4	7.333803E-1
1.649150E+4	6.584363E-1
1.649175E+4	4.090485E-1
1.649200E+4	4.229030E-1
1.649225E+4	4.460404E-1
1.649250E+4	3.945917E-1
1.649275E+4	3.348611E-1
1.649300E+4	5.553360E-1
1.649325E+4	6.779779E-1
1.649350E+4	6.122875E-1
1.649375E+4	3.918835E-1
1.649400E+4	4.556962E-2
1.649425E+4	5.880477E-1
1.649450E+4	8.450266E-1
1.649475E+4	5.968196E-1
1.649500E+4	3.374931E-1
1.649525E+4	7.682499E-1
1.649550E+4	9.111277E-1
1.649575E+4	8.373622E-1
1.649600E+4	5.403810E-1
1.649625E+4	5.244590E-1
1.649650E+4	8.566951E-1
1.649675E+4	8.751954E-1
1.649700E+4	7.132424E-1
1.649725E+4	2.963363E-1
1.649750E+4	2.843077E-2
1.649775E+4	4.275299E-1
1.649800E+4	5.401298E-1
1.649825E+4	4.304271E-1
1.649850E+4	4.232550E-1
1.649875E+4	6.897330E-1
1.649900E+4	8.508218E-1
1.649925E+4	6.970891E-1
1.649950E+4	4.500872E-1
1.649975E+4	4.353489E-1
1.650000E+4	4.119336E-1
1.650025E+4	3.376542E-1
1.650050E+4	4.810503E-1
1.650075E+4	7.083772E-1
1.650100E+4	7.166071E-1
1.650125E+4	6.106668E-1
1.650150E+4	5.797272E-1
1.650175E+4	6.845082E-1
1.650200E+4	7.088455E-1
1.650225E+4	5.347837E-1
1.650250E+4	4.093706E-1
1.650275E+4	5.613752E-1
1.650300E+4	5.116447E-1
1.650325E+4	2.279912E-1
1.650350E+4	1.942578E-1
1.650375E+4	4.803050E-1
1.650400E+4	5.006624E-1
1.650425E+4	4.167798E-1
1.650450E+4	4.610190E-1
1.650475E+4	5.648963E-1
1.650500E+4	4.650443E-1
1.650525E+4	1.931631E-1
1.650550E+4	1.115275E-1
1.650575E+4	4.114478E-1
1.650600E+4	5.820873E-1
1.650625E+4	5.853139E-1
1.650650E+4	5.979077E-1
1.650675E+4	6.988508E-1
1.650700E+4	7.486989E-1
1.650725E+4	6.626857E-1
1.650750E+4	5.008865E-1
1.650775E+4	4.494624E-1
1.650800E+4	3.925091E-1
1.650825E+4	2.306834E-1
1.650850E+4	1.896269E-1
1.650875E+4	3.790854E-1
1.650900E+4	5.405469E-1
1.650925E+4	5.131550E-1
1.650950E+4	3.897010E-1
1.650975E+4	5.805618E-1
1.651000E+4	7.920736E-1
1.651025E+4	8.285893E-1
1.651050E+4	8.088944E-1
1.651075E+4	8.064315E-1
1.651100E+4	6.724533E-1
1.651125E+4	1.409882E-1
1.651150E+4	2.897495E-1
1.651175E+4	5.309600E-1
1.651200E+4	6.856100E-1
1.651225E+4	7.141714E-1
1.651250E+4	4.102615E-1
1.651275E+4	3.812790E-1
1.651300E+4	4.903062E-1
1.651325E+4	5.447414E-1
1.651350E+4	4.883999E-1
1.651375E+4	3.844272E-1
1.651400E+4	4.938766E-1
1.651425E+4	6.392255E-1
1.651450E+4	8.053859E-1
1.651475E+4	8.333121E-1
1.651500E+4	7.752021E-1
1.651525E+4	6.888142E-1
1.651550E+4	5.730058E-1
1.651575E+4	5.487598E-1
1.651600E+4	5.574433E-1
1.651625E+4	4.644820E-1
1.651650E+4	3.354943E-1
1.651675E+4	3.515548E-1
1.651700E+4	5.400384E-1
1.651725E+4	5.527350E-1
1.651750E+4	3.592535E-1
1.651775E+4	2.067208E-1
1.651800E+4	4.232244E-1
1.651825E+4	4.866850E-1
1.651850E+4	3.494167E-1
1.651875E+4	2.090389E-1
1.651900E+4	3.582708E-1
1.651925E+4	6.713093E-1
1.651950E+4	7.920799E-1
1.651975E+4	7.985956E-1
1.652000E+4	7.940406E-1
1.652025E+4	6.653598E-1
1.652050E+4	2.313239E-1
1.652075E+4	1.684889E-1
1.652100E+4	2.129445E-1
1.652125E+4	2.256039E-1
1.652150E+4	2.523073E-1
1.652175E+4	3.687102E-1
1.652200E+4	4.031631E-1
1.652225E+4	3.910462E-1
1.652250E+4	4.352631E-1
1.652275E+4	4.793582E-1
1.652300E+4	4.495222E-1
1.652325E+4	3.869463E-1
1.652350E+4	3.644831E-1
1.652375E+4	4.967014E-1
1.652400E+4	6.858257E-1
1.652425E+4	6.601058E-1
1.652450E+4	4.560953E-1
1.652475E+4	4.647214E-1
1.652500E+4	5.642963E-1
1.652525E+4	5.424052E-1
1.652550E+4	4.482698E-1
1.652575E+4	3.487074E-1
1.652600E+4	5.488298E-1
1.652625E+4	7.042764E-1
1.652650E+4	7.280102E-1
1.652675E+4	7.114399E-1
1.652700E+4	4.933735E-1
1.652725E+4	1.488102E-1
1.652750E+4	2.073281E-1
1.652775E+4	5.010659E-1
1.652800E+4	7.385217E-1
1.652825E+4	7.279142E-1
1.652850E+4	5.457580E-1
1.652875E+4	3.602808E-1
1.652900E+4	3.142441E-1
1.652925E+4	5.498321E-1
1.652950E+4	7.507614E-1
1.652975E+4	7.559494E-1
1.653000E+4	6.494376E-1
1.653025E+4	3.937476E-1
1.653050E+4	1.631326E-1
1.653075E+4	1.372426E-1
1.653100E+4	2.072317E-1
1.653125E+4	2.422692E-1
1.653150E+4	2.354054E-1
1.653175E+4	3.471362E-1
1.653200E+4	5.254974E-1
1.653225E+4	5.822483E-1
1.653250E+4	4.767155E-1
1.653275E+4	3.440350E-1
1.653300E+4	2.724071E-1
1.653325E+4	4.565576E-1
1.653350E+4	7.587584E-1
1.653375E+4	7.702089E-1
1.653400E+4	6.869284E-1
1.653425E+4	5.860504E-1
1.653450E+4	5.666129E-1
1.653475E+4	6.849569E-1
1.653500E+4	2.761851E-1
1.653525E+4	1.074707E-1
1.653550E+4	4.685104E-1
1.653575E+4	7.014234E-1
1.653600E+4	7.162001E-1
1.653625E+4	4.653859E-1
1.653650E+4	1.307053E-1
1.653675E+4	3.905011E-1
1.653700E+4	7.080240E-1
1.653725E+4	8.836130E-1
1.653750E+4	5.603415E-1
1.653775E+4	3.696582E-1
1.653800E+4	5.820543E-1
1.653825E+4	5.332213E-1
1.653850E+4	2.464924E-1
1.653875E+4	4.947479E-1
1.653900E+4	6.417682E-1
1.653925E+4	6.517144E-1
1.653950E+4	4.860895E-1
1.653975E+4	3.892291E-2
1.654000E+4	6.084591E-1
1.654025E+4	7.041044E-1
1.654050E+4	5.766402E-1
1.654075E+4	4.027676E-1
1.654100E+4	4.809167E-1
1.654125E+4	6.110307E-1
1.654150E+4	5.901195E-1
1.654175E+4	4.269004E-1
1.654200E+4	3.783998E-1
1.654225E+4	5.406561E-1
1.654250E+4	6.518128E-1
1.654275E+4	6.487567E-1
1.654300E+4	6.225806E-1
1.654325E+4	6.386325E-1
1.654350E+4	6.754174E-1
1.654375E+4	7.438057E-1
1.654400E+4	8.155387E-1
1.654425E+4	7.583418E-1
1.654450E+4	6.753496E-1
1.654475E+4	6.942940E-1
1.654500E+4	7.768222E-1
1.654525E+4	8.229022E-1
1.654550E+4	6.462512E-1
1.654575E+4	3.381832E-1
1.654600E+4	3.217226E-1
1.654625E+4	4.451538E-1
1.654650E+4	4.869847E-1
1.654675E+4	3.788930E-1
1.654700E+4	3.021821E-1
1.654725E+4	2.998383E-1
1.654750E+4	3.731474E-1
1.654775E+4	5.960441E-1
1.654800E+4	7.758252E-1
1.654825E+4	6.917641E-1
1.654850E+4	5.134330E-1
1.654875E+4	3.586170E-1
1.654900E+4	3.143021E-1
1.654925E+4	3.124046E-1
1.654950E+4	3.305617E-1
1.654975E+4	4.152850E-1
1.655000E+4	5.524029E-1
1.655025E+4	6.473393E-1
1.655050E+4	5.105485E-1
1.655075E+4	5.005964E-1
1.655100E+4	5.359939E-1
1.655125E+4	4.972759E-1
1.655150E+4	2.044393E-1
1.655175E+4	2.007649E-1
1.655200E+4	5.138667E-1
1.655225E+4	5.893849E-1
1.655250E+4	5.782897E-1
1.655275E+4	5.042774E-1
1.655300E+4	6.364192E-1
1.655325E+4	7.453840E-1
1.655350E+4	7.030416E-1
1.655375E+4	6.043988E-1
1.655400E+4	3.895592E-1
1.655425E+4	2.826947E-1
1.655450E+4	4.450832E-1
1.655475E+4	5.880170E-1
1.655500E+4	6.800909E-1
1.655525E+4	5.112124E-1
1.655550E+4	3.366272E-1
1.655575E+4	3.120370E-1
1.655600E+4	2.684285E-1
1.655625E+4	1.266612E-1
1.655650E+4	1.174024E-2
1.655675E+4	2.052158E-2
1.655700E+4	7.115336E-2
1.655725E+4	1.378387E-1
1.655750E+4	2.833278E-1
1.655775E+4	4.377839E-1
1.655800E+4	4.500198E-1
1.655825E+4	4.712478E-1
1.655850E+4	6.625202E-1
1.655875E+4	7.744700E-1
1.655900E+4	5.698046E-1
1.655925E+4	3.018276E-1
1.655950E+4	2.258088E-1
1.655975E+4	5.538183E-1
1.656000E+4	7.990457E-1
1.656025E+4	7.595185E-1
1.656050E+4	2.998049E-1
1.656075E+4	6.101908E-2
1.656100E+4	4.860865E-1
1.656125E+4	6.370207E-1
1.656150E+4	4.968232E-1
1.656175E+4	3.318008E-1
1.656200E+4	4.961239E-1
1.656225E+4	7.400482E-1
1.656250E+4	8.136046E-1
1.656275E+4	4.120761E-1
1.656300E+4	2.053990E-2
1.656325E+4	2.945489E-1
1.656350E+4	4.718803E-1
1.656375E+4	4.343637E-1
1.656400E+4	2.751263E-1
1.656425E+4	1.948961E-1
1.656450E+4	3.432386E-1
1.656475E+4	3.957553E-1
1.656500E+4	3.599353E-1
1.656525E+4	4.011555E-1
1.656550E+4	5.069837E-1
1.656575E+4	6.311073E-1
1.656600E+4	5.973648E-1
1.656625E+4	3.096171E-1
1.656650E+4	2.891139E-1
1.656675E+4	4.838081E-1
1.656700E+4	5.142029E-1
1.656725E+4	4.248832E-1
1.656750E+4	3.228498E-1
1.656775E+4	3.316370E-1
1.656800E+4	5.413692E-1
1.656825E+4	7.673919E-1
1.656850E+4	8.390024E-1
1.656875E+4	7.664771E-1
1.656900E+4	6.142925E-1
1.656925E+4	3.860005E-1
1.656950E+4	8.329730E-2
1.656975E+4	1.284025E-1
1.657000E+4	4.356113E-1
1.657025E+4	5.209959E-1
1.657050E+4	4.603161E-1
1.657075E+4	3.371219E-1
1.657100E+4	2.590759E-1
1.657125E+4	3.489645E-1
1.657150E+4	4.307173E-1
1.657175E+4	3.384663E-1
1.657200E+4	2.198633E-1
1.657225E+4	1.374118E-1
1.657250E+4	9.130945E-2
1.657275E+4	1.835487E-1
1.657300E+4	4.290211E-1
1.657325E+4	6.245242E-1
1.657350E+4	7.121288E-1
1.657375E+4	7.050709E-1
1.657400E+4	5.912993E-1
1.657425E+4	3.646122E-1
1.657450E+4	5.072035E-2
1.657475E+4	1.865919E-1
1.657500E+4	5.304719E-1
1.657525E+4	5.890749E-1
1.657550E+4	5.098851E-1
1.657575E+4	3.435169E-1
1.657600E+4	1.731412E-1
1.657625E+4	1.719449E-1
1.657650E+4	2.781899E-1
1.657675E+4	3.424247E-1
1.657700E+4	3.619092E-1
1.657725E+4	4.383125E-1
1.657750E+4	5.587189E-1
1.657775E+4	6.797609E-1
1.657800E+4	8.240252E-1
1.657825E+4	7.774396E-1
1.657850E+4	3.478381E-1
1.657875E+4	4.624071E-2
1.657900E+4	8.827901E-3
1.657925E+4	6.615303E-2
1.657950E+4	7.473389E-2
1.657975E+4	6.177995E-2
1.658000E+4	3.627890E-1
1.658025E+4	6.870148E-1
1.658050E+4	8.492221E-1
1.658075E+4	5.988182E-1
1.658100E+4	7.779925E-2
1.658125E+4	3.267110E-1
1.658150E+4	5.621857E-1
1.658175E+4	6.820179E-1
1.658200E+4	6.507154E-1
1.658225E+4	4.030831E-1
1.658250E+4	2.819935E-1
1.658275E+4	3.432530E-1
1.658300E+4	3.610489E-1
1.658325E+4	3.260422E-1
1.658350E+4	3.017975E-1
1.658375E+4	2.967502E-1
1.658400E+4	2.493584E-1
1.658425E+4	2.405946E-1
1.658450E+4	4.555872E-1
1.658475E+4	5.519384E-1
1.658500E+4	4.922932E-1
1.658525E+4	2.816951E-1
1.658550E+4	7.041600E-2
1.658575E+4	2.243326E-1
1.658600E+4	4.295762E-1
1.658625E+4	5.288777E-1
1.658650E+4	5.341600E-1
1.658675E+4	2.283974E-1
1.658700E+4	1.984637E-1
1.658725E+4	3.623793E-1
1.658750E+4	5.138435E-1
1.658775E+4	6.244275E-1
1.658800E+4	3.956135E-1
1.658825E+4	1.531307E-1
1.658850E+4	9.313374E-2
1.658875E+4	1.730280E-1
1.658900E+4	4.773636E-1
1.658925E+4	7.440325E-1
1.658950E+4	5.982910E-1
1.658975E+4	5.279164E-1
1.659000E+4	5.159202E-1
1.659025E+4	4.871182E-1
1.659050E+4	4.345598E-1
1.659075E+4	3.690823E-1
1.659100E+4	2.747336E-1
1.659125E+4	1.703140E-1
1.659150E+4	3.377686E-1
1.659175E+4	5.709325E-1
1.659200E+4	7.196488E-1
1.659225E+4	7.194806E-1
1.659250E+4	3.526479E-1
1.659275E+4	1.510066E-2
1.659300E+4	1.890400E-1
1.659325E+4	3.816934E-1
1.659350E+4	4.203626E-1
1.659375E+4	2.489171E-1
1.659400E+4	5.757335E-2
1.659425E+4	4.539146E-2
1.659450E+4	7.283922E-2
1.659475E+4	1.212671E-1
1.659500E+4	2.617861E-1
1.659525E+4	3.726072E-1
1.659550E+4	3.130772E-1
1.659575E+4	1.786577E-1
1.659600E+4	2.281548E-1
1.659625E+4	3.747875E-1
1.659650E+4	4.887091E-1
1.659675E+4	5.120025E-1
1.659700E+4	2.682624E-1
1.659725E+4	7.604393E-2
1.659750E+4	3.351054E-2
1.659775E+4	2.152549E-2
1.659800E+4	1.571965E-1
1.659825E+4	5.298848E-1
1.659850E+4	3.185611E-1
1.659875E+4	1.208394E-1
1.659900E+4	1.030191E-1
1.659925E+4	1.761811E-1
1.659950E+4	9.792230E-2
1.659975E+4	3.482887E-4
1.660000E+4	2.709456E-1
1.660025E+4	6.445661E-1
1.660050E+4	7.350239E-1
1.660075E+4	7.345934E-1
1.660100E+4	6.995401E-1
1.660125E+4	3.853767E-1
1.660150E+4	1.140128E-1
1.660175E+4	2.270471E-1
1.660200E+4	3.660594E-1
1.660225E+4	4.103684E-1
1.660250E+4	1.405071E-1
1.660275E+4	5.415437E-2
1.660300E+4	3.156787E-2
1.660325E+4	4.903339E-2
1.660350E+4	1.671864E-1
1.660375E+4	3.314548E-1
1.660400E+4	4.619541E-1
1.660425E+4	4.950743E-1
1.660450E+4	1.980690E-1
1.660475E+4	6.407479E-2
1.660500E+4	1.970868E-1
1.660525E+4	2.228709E-1
1.660550E+4	1.231348E-1
1.660575E+4	3.497284E-2
1.660600E+4	8.816984E-2
1.660625E+4	3.177033E-1
1.660650E+4	5.075408E-1
1.660675E+4	2.759940E-1
1.660700E+4	8.803112E-2
1.660725E+4	1.820744E-1
1.660750E+4	5.369559E-1
1.660775E+4	3.934567E-1
1.660800E+4	7.418749E-2
1.660825E+4	1.555298E-1
1.660850E+4	2.979863E-1
1.660875E+4	3.398207E-1
1.660900E+4	1.305924E-1
1.660925E+4	3.076686E-2
1.660950E+4	2.166811E-1
1.660975E+4	4.554360E-1
1.661000E+4	5.650168E-1
1.661025E+4	2.344777E-1
1.661050E+4	1.039891E-2
1.661075E+4	2.677299E-2
1.661100E+4	8.985982E-2
1.661125E+4	2.288669E-1
1.661150E+4	4.233022E-1
1.661175E+4	3.697907E-1
1.661200E+4	3.351619E-1
1.661225E+4	3.572591E-1
1.661250E+4	3.891503E-1
1.661275E+4	2.174560E-1
1.661300E+4	3.328403E-1
1.661325E+4	6.263367E-1
1.661350E+4	6.865813E-1
1.661375E+4	6.058492E-1
1.661400E+4	3.735876E-1
1.661425E+4	1.891348E-1
1.661450E+4	5.022589E-1
1.661475E+4	7.576274E-1
1.661500E+4	7.657873E-1
1.661525E+4	7.110854E-1
1.661550E+4	7.244041E-1
1.661575E+4	6.906668E-1
1.661600E+4	5.184970E-1
1.661625E+4	2.794383E-1
1.661650E+4	2.225541E-1
1.661675E+4	3.058036E-1
1.661700E+4	3.647023E-1
1.661725E+4	3.816079E-1
1.661750E+4	4.557751E-1
1.661775E+4	4.939039E-1
1.661800E+4	2.881406E-1
1.661825E+4	8.496404E-2
1.661850E+4	3.177709E-2
1.661875E+4	4.231600E-1
1.661900E+4	7.786977E-1
1.661925E+4	6.576693E-1
1.661950E+4	1.485007E-1
1.661975E+4	3.318388E-1
1.662000E+4	8.155790E-1
1.662025E+4	6.632390E-1
1.662050E+4	2.461143E-1
1.662075E+4	1.225990E-1
1.662100E+4	4.857960E-1
1.662125E+4	6.000748E-1
1.662150E+4	4.939596E-1
1.662175E+4	2.575797E-1
1.662200E+4	2.757057E-2
1.662225E+4	1.986528E-1
1.662250E+4	3.385065E-1
1.662275E+4	3.717784E-1
1.662300E+4	4.402455E-1
1.662325E+4	5.158924E-1
1.662350E+4	4.229637E-1
1.662375E+4	2.467202E-2
1.662400E+4	9.950625E-2
1.662425E+4	1.750826E-1
1.662450E+4	2.417684E-1
1.662475E+4	3.404311E-1
1.662500E+4	3.453205E-1
1.662525E+4	2.674993E-1
1.662550E+4	1.176476E-1
1.662575E+4	2.303954E-1
1.662600E+4	7.334789E-1
1.662625E+4	8.037880E-1
1.662650E+4	6.921932E-1
1.662675E+4	3.661390E-1
1.662700E+4	3.273025E-1
1.662725E+4	5.725885E-1
1.662750E+4	5.282151E-1
1.662775E+4	3.851775E-1
1.662800E+4	2.679627E-1
1.662825E+4	4.528582E-1
1.662850E+4	4.509396E-1
1.662875E+4	3.335436E-1
1.662900E+4	3.766682E-1
1.662925E+4	5.213249E-1
1.662950E+4	4.734704E-1
1.662975E+4	1.779097E-2
1.663000E+4	4.451526E-1
1.663025E+4	7.851807E-1
1.663050E+4	8.771768E-1
1.663075E+4	8.594777E-1
1.663100E+4	6.250527E-1
1.663125E+4	3.578432E-2
1.663150E+4	1.382049E-1
1.663175E+4	9.970146E-2
1.663200E+4	2.637398E-2
1.663225E+4	1.876729E-1
1.663250E+4	4.000343E-1
1.663275E+4	4.865556E-1
1.663300E+4	4.742988E-1
1.663325E+4	4.297880E-1
1.663350E+4	3.093904E-1
1.663375E+4	1.059502E-1
1.663400E+4	2.137992E-2
1.663425E+4	1.431574E-1
1.663450E+4	2.633223E-1
1.663475E+4	2.617082E-1
1.663500E+4	2.896864E-1
1.663525E+4	4.644756E-1
1.663550E+4	4.728272E-1
1.663575E+4	3.616741E-1
1.663600E+4	2.074730E-1
1.663625E+4	2.771983E-1
1.663650E+4	5.262071E-1
1.663675E+4	5.874240E-1
1.663700E+4	4.598102E-1
1.663725E+4	4.178231E-1
1.663750E+4	5.598729E-1
1.663775E+4	6.690207E-1
1.663800E+4	6.559036E-1
1.663825E+4	3.409287E-1
1.663850E+4	1.877932E-1
1.663875E+4	2.236630E-1
1.663900E+4	1.527373E-1
1.663925E+4	3.996392E-2
1.663950E+4	1.907966E-2
1.663975E+4	1.194904E-1
1.664000E+4	2.597396E-1
1.664025E+4	3.924150E-1
1.664050E+4	4.423066E-1
1.664075E+4	3.586179E-1
1.664100E+4	1.280951E-1
1.664125E+4	5.225867E-2
1.664150E+4	3.884051E-1
1.664175E+4	5.675916E-1
1.664200E+4	5.436717E-1
1.664225E+4	3.493612E-1
1.664250E+4	5.415199E-2
1.664275E+4	1.987833E-1
1.664300E+4	5.749716E-1
1.664325E+4	6.359824E-1
1.664350E+4	4.503410E-1
1.664375E+4	3.042694E-1
1.664400E+4	2.367526E-1
1.664425E+4	1.279100E-1
1.664450E+4	3.326149E-2
1.664475E+4	2.385759E-1
1.664500E+4	4.715504E-1
1.664525E+4	4.598386E-1
1.664550E+4	3.184872E-1
1.664575E+4	2.596566E-1
1.664600E+4	4.648712E-1
1.664625E+4	6.134223E-1
1.664650E+4	4.234108E-1
1.664675E+4	1.397020E-1
1.664700E+4	1.623062E-1
1.664725E+4	3.174976E-1
1.664750E+4	3.081488E-1
1.664775E+4	9.388048E-2
1.664800E+4	8.477387E-2
1.664825E+4	1.913363E-1
1.664850E+4	1.789577E-1
1.664875E+4	6.133868E-2
1.664900E+4	2.781969E-1
1.664925E+4	5.864251E-1
1.664950E+4	5.828995E-1
1.664975E+4	4.063160E-1
1.665000E+4	1.067099E-1
1.665025E+4	1.318843E-1
1.665050E+4	3.971076E-1
1.665075E+4	4.018467E-1
1.665100E+4	3.375476E-1
1.665125E+4	2.478767E-1
1.665150E+4	7.491190E-2
1.665175E+4	1.159981E-1
1.665200E+4	4.863519E-1
1.665225E+4	5.736920E-1
1.665250E+4	4.720419E-1
1.665275E+4	2.113857E-1
1.665300E+4	2.665907E-1
1.665325E+4	5.999967E-1
1.665350E+4	6.438738E-1
1.665375E+4	3.791512E-1
1.665400E+4	4.793260E-2
1.665425E+4	8.157516E-2
1.665450E+4	2.647732E-1
1.665475E+4	2.485736E-1
1.665500E+4	1.239083E-1
1.665525E+4	2.305792E-1
1.665550E+4	3.926626E-1
1.665575E+4	5.174749E-1
1.665600E+4	6.000304E-1
1.665625E+4	5.973228E-1
1.665650E+4	4.998327E-1
1.665675E+4	3.379954E-1
1.665700E+4	2.375066E-1
1.665725E+4	3.813535E-1
1.665750E+4	5.879603E-1
1.665775E+4	6.359449E-1
1.665800E+4	5.825056E-2
1.665825E+4	1.371865E-1
1.665850E+4	2.547484E-1
1.665875E+4	2.440080E-1
1.665900E+4	9.474429E-2
1.665925E+4	2.385903E-1
1.665950E+4	4.776454E-1
1.665975E+4	4.305133E-1
1.666000E+4	2.486328E-1
1.666025E+4	6.293229E-2
1.666050E+4	5.661565E-1
1.666075E+4	5.175795E-1
1.666100E+4	1.621435E-1
1.666125E+4	3.158961E-3
1.666150E+4	1.712437E-1
1.666175E+4	3.643667E-1
1.666200E+4	3.123597E-1
1.666225E+4	3.726560E-2
1.666250E+4	1.351852E-1
1.666275E+4	2.560846E-1
1.666300E+4	1.416278E-1
1.666325E+4	2.485669E-2
1.666350E+4	1.465688E-1
1.666375E+4	3.308227E-1
1.666400E+4	4.456550E-1
1.666425E+4	3.724463E-1
1.666450E+4	1.977658E-1
1.666475E+4	3.421983E-1
1.666500E+4	4.451558E-1
1.666525E+4	2.259041E-1
1.666550E+4	3.916147E-3
1.666575E+4	1.488961E-1
1.666600E+4	3.556617E-1
1.666625E+4	4.411614E-1
1.666650E+4	3.861903E-1
1.666675E+4	2.831184E-1
1.666700E+4	1.395542E-1
1.666725E+4	7.860073E-3
1.666750E+4	6.307243E-2
1.666775E+4	2.268036E-1
1.666800E+4	3.425626E-1
1.666825E+4	2.668294E-1
1.666850E+4	7.168326E-2
1.666875E+4	5.881813E-2
1.666900E+4	7.226059E-2
1.666925E+4	3.329992E-2
1.666950E+4	7.705915E-2
1.666975E+4	2.180725E-1
1.667000E+4	2.855217E-1
1.667025E+4	2.888342E-1
1.667050E+4	1.555072E-1
1.667075E+4	2.566234E-2
1.667100E+4	1.491300E-1
1.667125E+4	2.661368E-1
1.667150E+4	3.395546E-1
1.667175E+4	2.994930E-1
1.667200E+4	1.542894E-1
1.667225E+4	6.732471E-2
1.667250E+4	2.266767E-2
1.667275E+4	7.729861E-4
1.667300E+4	1.121117E-1
1.667325E+4	4.709518E-1
1.667350E+4	5.012852E-1
1.667375E+4	3.515904E-1
1.667400E+4	1.810275E-1
1.667425E+4	3.488978E-2
1.667450E+4	2.074481E-1
1.667475E+4	2.823613E-1
1.667500E+4	1.923115E-1
1.667525E+4	2.224439E-1
1.667550E+4	4.177927E-1
1.667575E+4	4.874295E-1
1.667600E+4	4.160123E-1
1.667625E+4	2.339762E-1
1.667650E+4	9.406239E-2
1.667675E+4	1.037411E-1
1.667700E+4	1.636989E-1
1.667725E+4	2.287747E-1
1.667750E+4	2.636779E-1
1.667775E+4	2.275379E-1
1.667800E+4	1.988299E-1
1.667825E+4	1.969749E-1
1.667850E+4	2.241844E-1
1.667875E+4	2.774140E-1
1.667900E+4	1.783080E-1
1.667925E+4	7.960015E-2
1.667950E+4	7.457913E-2
1.667975E+4	1.254956E-1
1.668000E+4	1.721954E-1
1.668025E+4	1.061034E-1
1.668050E+4	3.508376E-2
1.668075E+4	6.670714E-2
1.668100E+4	1.880247E-1
1.668125E+4	1.713196E-1
1.668150E+4	8.539870E-2
1.668175E+4	4.219248E-2
1.668200E+4	5.045763E-2
1.668225E+4	1.160140E-1
1.668250E+4	2.170971E-1
1.668275E+4	6.173873E-2
1.668300E+4	1.682483E-3
1.668325E+4	1.892607E-2
1.668350E+4	4.867650E-2
1.668375E+4	9.791685E-2
1.668400E+4	1.331446E-1
1.668425E+4	1.587128E-1
1.668450E+4	1.796092E-1
1.668475E+4	1.852268E-1
1.668500E+4	1.526594E-1
1.668525E+4	1.064438E-1
1.668550E+4	1.128479E-1
1.668575E+4	1.602917E-1
1.668600E+4	2.022297E-1
1.668625E+4	1.247912E-1
1.668650E+4	1.024771E-2
1.668675E+4	4.949896E-2
1.668700E+4	3.284298E-1
1.668725E+4	5.438822E-1
1.668750E+4	5.303851E-1
1.668775E+4	4.777158E-1
1.668800E+4	4.516655E-1
1.668825E+4	4.568495E-1
1.668850E+4	4.092194E-1
1.668875E+4	2.648403E-1
1.668900E+4	2.313137E-1
1.668925E+4	4.355843E-1
1.668950E+4	5.684560E-1
1.668975E+4	3.235971E-1
1.669000E+4	2.301026E-1
1.669025E+4	3.264651E-1
1.669050E+4	4.317878E-1
1.669075E+4	4.950966E-1
1.669100E+4	5.258979E-1
1.669125E+4	4.880529E-1
1.669150E+4	1.448842E-1
1.669175E+4	2.883587E-1
1.669200E+4	3.492604E-1
1.669225E+4	3.167243E-1
1.669250E+4	2.433137E-1
1.669275E+4	2.412476E-1
1.669300E+4	2.902354E-1
1.669325E+4	3.476710E-1
1.669350E+4	4.195879E-1
1.669375E+4	4.008569E-1
1.669400E+4	3.273466E-1
1.669425E+4	3.010157E-1
1.669450E+4	3.018970E-1
1.669475E+4	3.598992E-1
1.669500E+4	4.152392E-1
1.669525E+4	4.334288E-1
1.669550E+4	4.021627E-1
1.669575E+4	3.105876E-1
1.669600E+4	2.043408E-1
1.669625E+4	9.649261E-2
1.669650E+4	1.162026E-3
1.669675E+4	2.623638E-1
1.669700E+4	5.983698E-1
1.669725E+4	5.950430E-1
1.669750E+4	3.580363E-1
1.669775E+4	8.671200E-2
1.669800E+4	1.032508E-1
1.669825E+4	2.053387E-1
1.669850E+4	1.960795E-1
1.669875E+4	6.775791E-3
1.669900E+4	1.025187E-1
1.669925E+4	1.671004E-1
1.669950E+4	1.653060E-1
1.669975E+4	1.778260E-1
1.670000E+4	5.024628E-1
1.670025E+4	7.396158E-1
1.670050E+4	7.018611E-1
1.670075E+4	5.752405E-1
1.670100E+4	3.398030E-1
1.670125E+4	6.553587E-2
1.670150E+4	4.278948E-2
1.670175E+4	8.983265E-2
1.670200E+4	1.076375E-1
1.670225E+4	1.843712E-1
1.670250E+4	3.214809E-1
1.670275E+4	3.119399E-1
1.670300E+4	1.968372E-1
1.670325E+4	1.687680E-1
1.670350E+4	2.938893E-1
1.670375E+4	4.170074E-1
1.670400E+4	3.611836E-1
1.670425E+4	2.344828E-1
1.670450E+4	3.075901E-1
1.670475E+4	4.378138E-1
1.670500E+4	4.049403E-1
1.670525E+4	2.814099E-1
1.670550E+4	1.916543E-1
1.670575E+4	1.961060E-1
1.670600E+4	2.234458E-1
1.670625E+4	1.864437E-1
1.670650E+4	7.907161E-2
1.670675E+4	1.324154E-1
1.670700E+4	1.956128E-1
1.670725E+4	1.791307E-1
1.670750E+4	1.646763E-1
1.670775E+4	1.899441E-1
1.670800E+4	2.092282E-1
1.670825E+4	6.486801E-2
1.670850E+4	2.122831E-2
1.670875E+4	1.421453E-1
1.670900E+4	3.999522E-1
1.670925E+4	4.915634E-1
1.670950E+4	2.617966E-1
1.670975E+4	5.765613E-2
1.671000E+4	1.310055E-1
1.671025E+4	3.354269E-1
1.671050E+4	2.975887E-1
1.671075E+4	1.209556E-1
1.671100E+4	7.394603E-2
1.671125E+4	3.766407E-1
1.671150E+4	2.969812E-1
1.671175E+4	5.451637E-2
1.671200E+4	2.224404E-2
1.671225E+4	1.514647E-1
1.671250E+4	2.963965E-1
1.671275E+4	3.129590E-1
1.671300E+4	1.044950E-1
1.671325E+4	5.126422E-2
1.671350E+4	2.448073E-1
1.671375E+4	2.245420E-1
1.671400E+4	3.196031E-2
1.671425E+4	1.474096E-1
1.671450E+4	4.629412E-1
1.671475E+4	5.306303E-1
1.671500E+4	3.126965E-1
1.671525E+4	5.510874E-2
1.671550E+4	3.242381E-1
1.671575E+4	4.884927E-1
1.671600E+4	4.928826E-1
1.671625E+4	3.270030E-1
1.671650E+4	1.728076E-2
1.671675E+4	1.266635E-1
1.671700E+4	2.587588E-1
1.671725E+4	2.368307E-1
1.671750E+4	1.253478E-1
1.671775E+4	2.460217E-2
1.671800E+4	1.504465E-4
1.671825E+4	3.229311E-3
1.671850E+4	7.746693E-2
1.671875E+4	1.777532E-1
1.671900E+4	2.229531E-1
1.671925E+4	2.269582E-1
1.671950E+4	2.044718E-1
1.671975E+4	1.967872E-1
1.672000E+4	2.318899E-1
1.672025E+4	2.697767E-1
1.672050E+4	2.191409E-1
1.672075E+4	2.832869E-2
1.672100E+4	3.072988E-1
1.672125E+4	4.734866E-1
1.672150E+4	5.683900E-1
1.672175E+4	6.278029E-1
1.672200E+4	6.107429E-1
1.672225E+4	3.847359E-1
1.672250E+4	1.519396E-1
1.672275E+4	8.394632E-2
1.672300E+4	1.026571E-1
1.672325E+4	2.502892E-1
1.672350E+4	3.716433E-1
1.672375E+4	3.575494E-1
1.672400E+4	2.781576E-1
1.672425E+4	1.826206E-1
1.672450E+4	2.610048E-1
1.672475E+4	4.975218E-1
1.672500E+4	5.268165E-1
1.672525E+4	5.138341E-1
1.672550E+4	4.783358E-1
1.672575E+4	2.196150E-1
1.672600E+4	8.601036E-2
1.672625E+4	2.759190E-1
1.672650E+4	4.466660E-1
1.672675E+4	5.634573E-1
1.672700E+4	5.519196E-1
1.672725E+4	3.440257E-1
1.672750E+4	9.332880E-2
1.672775E+4	4.929701E-3
1.672800E+4	1.192316E-3
1.672825E+4	8.602486E-2
1.672850E+4	2.946663E-1
1.672875E+4	4.931484E-1
1.672900E+4	6.276291E-1
1.672925E+4	6.040774E-1
1.672950E+4	2.240391E-1
1.672975E+4	5.356098E-2
1.673000E+4	7.390224E-2
1.673025E+4	3.833578E-2
1.673050E+4	1.060325E-3
1.673075E+4	6.451452E-2
1.673100E+4	1.453959E-1
1.673125E+4	1.128967E-1
1.673150E+4	2.641217E-2
1.673175E+4	7.985003E-2
1.673200E+4	1.319853E-1
1.673225E+4	1.246962E-1
1.673250E+4	1.606064E-1
1.673275E+4	2.547204E-1
1.673300E+4	2.279904E-1
1.673325E+4	3.585198E-3
1.673350E+4	2.592525E-1
1.673375E+4	5.055326E-1
1.673400E+4	5.996910E-1
1.673425E+4	5.333470E-1
1.673450E+4	1.716642E-1
1.673475E+4	1.701791E-1
1.673500E+4	3.730812E-1
1.673525E+4	2.625226E-1
1.673550E+4	5.013560E-2
1.673575E+4	7.832353E-2
1.673600E+4	3.266191E-1
1.673625E+4	4.196545E-1
1.673650E+4	2.249681E-1
1.673675E+4	9.787034E-2
1.673700E+4	3.213978E-1
1.673725E+4	3.934090E-1
1.673750E+4	2.461916E-1
1.673775E+4	4.117218E-2
1.673800E+4	4.565510E-2
1.673825E+4	1.678265E-1
1.673850E+4	1.756624E-1
1.673875E+4	1.000297E-1
1.673900E+4	3.085817E-1
1.673925E+4	5.407338E-1
1.673950E+4	5.534638E-1
1.673975E+4	9.252547E-2
1.674000E+4	1.052786E-1
1.674025E+4	2.340133E-1
1.674050E+4	2.162939E-1
1.674075E+4	8.219395E-2
1.674100E+4	5.652942E-2
1.674125E+4	7.499059E-1
1.674150E+4	7.014301E-1
1.674175E+4	2.779098E-1
1.674200E+4	3.383087E-2
1.674225E+4	3.883176E-1
1.674250E+4	6.981426E-1
1.674275E+4	7.164376E-1
1.674300E+4	5.002833E-1
1.674325E+4	3.010965E-1
1.674350E+4	5.686292E-1
1.674375E+4	7.212235E-1
1.674400E+4	6.074896E-1
1.674425E+4	4.018711E-1
1.674450E+4	2.286775E-1
1.674475E+4	1.306702E-1
1.674500E+4	8.859556E-2
1.674525E+4	7.246083E-2
1.674550E+4	7.139813E-2
1.674575E+4	1.144145E-1
1.674600E+4	2.794511E-1
1.674625E+4	3.965516E-1
1.674650E+4	3.546553E-1
1.674675E+4	2.174883E-1
1.674700E+4	3.542167E-2
1.674725E+4	7.567067E-2
1.674750E+4	1.350057E-1
1.674775E+4	1.124782E-1
1.674800E+4	5.251977E-2
1.674825E+4	7.986256E-3
1.674850E+4	5.998602E-3
1.674875E+4	2.204289E-2
1.674900E+4	1.146353E-1
1.674925E+4	3.865288E-1
1.674950E+4	5.923782E-1
1.674975E+4	5.305152E-1
1.675000E+4	3.234043E-1
1.675025E+4	1.681642E-1
1.675050E+4	1.845622E-1
1.675075E+4	2.332863E-1
1.675100E+4	2.080171E-1
1.675125E+4	1.086606E-1
1.675150E+4	3.008171E-1
1.675175E+4	3.703519E-1
1.675200E+4	2.568406E-1
1.675225E+4	8.763407E-2
1.675250E+4	4.518371E-3
1.675275E+4	1.832145E-1
1.675300E+4	4.003340E-1
1.675325E+4	5.112261E-1
1.675350E+4	5.406809E-1
1.675375E+4	5.174436E-1
1.675400E+4	4.553676E-1
1.675425E+4	3.223774E-1
1.675450E+4	1.346372E-1
1.675475E+4	2.427212E-1
1.675500E+4	4.739642E-1
1.675525E+4	5.860949E-1
1.675550E+4	6.021862E-1
1.675575E+4	4.398656E-1
1.675600E+4	5.904856E-2
1.675625E+4	6.921134E-2
1.675650E+4	2.938590E-1
1.675675E+4	4.219000E-1
1.675700E+4	2.784826E-1
1.675725E+4	6.157731E-2
1.675750E+4	2.655263E-2
1.675775E+4	6.253302E-2
1.675800E+4	9.599513E-2
1.675825E+4	1.142832E-1
1.675850E+4	1.334854E-1
1.675875E+4	1.459911E-1
1.675900E+4	8.874769E-2
1.675925E+4	9.731961E-3
1.675950E+4	1.118420E-1
1.675975E+4	2.267757E-1
1.676000E+4	2.534841E-1
1.676025E+4	2.108694E-1
1.676050E+4	1.108328E-1
1.676075E+4	7.181490E-3
1.676100E+4	9.715529E-2
1.676125E+4	3.119586E-1
1.676150E+4	4.422516E-1
1.676175E+4	5.078511E-1
1.676200E+4	5.064185E-1
1.676225E+4	4.310143E-1
1.676250E+4	3.336621E-1
1.676275E+4	2.324428E-1
1.676300E+4	1.621404E-1
1.676325E+4	1.573434E-1
1.676350E+4	1.618300E-1
1.676375E+4	1.089791E-1
1.676400E+4	1.145515E-1
1.676425E+4	1.410421E-1
1.676450E+4	1.172197E-1
1.676475E+4	7.225031E-2
1.676500E+4	2.987943E-2
1.676525E+4	4.379425E-2
1.676550E+4	1.881742E-1
1.676575E+4	2.090096E-1
1.676600E+4	1.033759E-1
1.676625E+4	3.727739E-2
1.676650E+4	1.040378E-2
1.676675E+4	6.526699E-3
1.676700E+4	3.128036E-2
1.676725E+4	8.961398E-2
1.676750E+4	1.729189E-1
1.676775E+4	2.362485E-1
1.676800E+4	9.203991E-2
1.676825E+4	1.821985E-2
1.676850E+4	1.317012E-1
1.676875E+4	2.090190E-1
1.676900E+4	1.616013E-1
1.676925E+4	3.429176E-2
1.676950E+4	1.016504E-1
1.676975E+4	5.090762E-1
1.677000E+4	6.430075E-1
1.677025E+4	5.130518E-1
1.677050E+4	3.349762E-1
1.677075E+4	1.835261E-1
1.677100E+4	1.928213E-1
1.677125E+4	3.535755E-1
1.677150E+4	4.207830E-1
1.677175E+4	3.297979E-1
1.677200E+4	1.290393E-1
1.677225E+4	2.287239E-1
1.677250E+4	3.161704E-1
1.677275E+4	3.174589E-1
1.677300E+4	2.372422E-1
1.677325E+4	7.369707E-2
1.677350E+4	1.058271E-1
1.677375E+4	2.439260E-1
1.677400E+4	3.944787E-1
1.677425E+4	5.620658E-1
1.677450E+4	6.600045E-1
1.677475E+4	5.412524E-1
1.677500E+4	3.069125E-1
1.677525E+4	1.838507E-1
1.677550E+4	1.346928E-1
1.677575E+4	8.298901E-2
1.677600E+4	6.325054E-2
1.677625E+4	1.539876E-1
1.677650E+4	2.026916E-1
1.677675E+4	1.486833E-1
1.677700E+4	1.351467E-1
1.677725E+4	4.952370E-1
1.677750E+4	5.860323E-1
1.677775E+4	5.536186E-1
1.677800E+4	4.173399E-1
1.677825E+4	1.516783E-1
1.677850E+4	7.776332E-2
1.677875E+4	2.415300E-1
1.677900E+4	4.588925E-1
1.677925E+4	6.808552E-1
1.677950E+4	6.523731E-1
1.677975E+4	3.060853E-1
1.678000E+4	1.987898E-1
1.678025E+4	2.887651E-1
1.678050E+4	3.285337E-1
1.678075E+4	2.468893E-1
1.678100E+4	2.175368E-1
1.678125E+4	4.746291E-1
1.678150E+4	7.766050E-1
1.678175E+4	8.093601E-1
1.678200E+4	6.377255E-1
1.678225E+4	2.322839E-1
1.678250E+4	3.567294E-1
1.678275E+4	6.522548E-1
1.678300E+4	6.886320E-1
1.678325E+4	6.131209E-1
1.678350E+4	4.174311E-1
1.678375E+4	1.097239E-1
1.678400E+4	2.259411E-1
1.678425E+4	2.257745E-1
1.678450E+4	3.605155E-2
1.678475E+4	9.749849E-2
1.678500E+4	4.104685E-1
1.678525E+4	6.848485E-1
1.678550E+4	6.735717E-1
1.678575E+4	3.106544E-1
1.678600E+4	7.183077E-2
1.678625E+4	2.326153E-1
1.678650E+4	5.074934E-1
1.678675E+4	5.217996E-1
1.678700E+4	2.078101E-1
1.678725E+4	2.815209E-1
1.678750E+4	4.794136E-1
1.678775E+4	5.773011E-1
1.678800E+4	5.451787E-1
1.678825E+4	5.572517E-1
1.678850E+4	6.260992E-1
1.678875E+4	4.694339E-1
1.678900E+4	1.178793E-1
1.678925E+4	2.575797E-2
1.678950E+4	2.505076E-2
1.678975E+4	1.088522E-2
1.679000E+4	9.067898E-2
1.679025E+4	2.961161E-1
1.679050E+4	2.195821E-1
1.679075E+4	3.200670E-2
1.679100E+4	5.618283E-1
1.679125E+4	8.513530E-1
1.679150E+4	7.919446E-1
1.679175E+4	5.437373E-1
1.679200E+4	1.728679E-1
1.679225E+4	1.188305E-2
1.679250E+4	1.810275E-1
1.679275E+4	2.893997E-1
1.679300E+4	8.860039E-2
1.679325E+4	8.629861E-2
1.679350E+4	2.773383E-1
1.679375E+4	3.427023E-1
1.679400E+4	2.279109E-1
1.679425E+4	1.550610E-2
1.679450E+4	2.014393E-1
1.679475E+4	1.809090E-1
1.679500E+4	5.157960E-2
1.679525E+4	8.521272E-2
1.679550E+4	5.130642E-1
1.679575E+4	6.274381E-1
1.679600E+4	2.180893E-1
1.679625E+4	2.405794E-1
1.679650E+4	4.909543E-1
1.679675E+4	5.862403E-1
1.679700E+4	5.249085E-1
1.679725E+4	2.621616E-1
1.679750E+4	6.464028E-2
1.679775E+4	1.864902E-1
1.679800E+4	2.234895E-1
1.679825E+4	1.410816E-1
1.679850E+4	5.333947E-2
1.679875E+4	2.278851E-1
1.679900E+4	6.130451E-1
1.679925E+4	5.524433E-1
1.679950E+4	2.665467E-1
1.679975E+4	2.232613E-1
1.680000E+4	1.660197E-1
1.680025E+4	7.963144E-2
1.680050E+4	1.232707E-1
1.680075E+4	2.534881E-1
1.680100E+4	2.656478E-1
1.680125E+4	2.417532E-1
1.680150E+4	5.583223E-1
1.680175E+4	7.426155E-1
1.680200E+4	6.808387E-1
1.680225E+4	3.630065E-1
1.680250E+4	2.127868E-1
1.680275E+4	5.929756E-1
1.680300E+4	7.029757E-1
1.680325E+4	6.332171E-1
1.680350E+4	2.472644E-1
1.680375E+4	2.686731E-1
1.680400E+4	3.853909E-1
1.680425E+4	2.982688E-1
1.680450E+4	2.090458E-1
1.680475E+4	5.674904E-1
1.680500E+4	7.335786E-1
1.680525E+4	6.296268E-1
1.680550E+4	3.023454E-1
1.680575E+4	7.242133E-4
1.680600E+4	1.110255E-1
1.680625E+4	1.353341E-1
1.680650E+4	1.159050E-1
1.680675E+4	2.159326E-1
1.680700E+4	4.098375E-1
1.680725E+4	4.553285E-1
1.680750E+4	1.240619E-1
1.680775E+4	8.886476E-2
1.680800E+4	2.966212E-1
1.680825E+4	4.392892E-1
1.680850E+4	5.887113E-1
1.680875E+4	6.549232E-1
1.680900E+4	4.081750E-1
1.680925E+4	1.634502E-1
1.680950E+4	9.067987E-2
1.680975E+4	3.077294E-1
1.681000E+4	4.668666E-1
1.681025E+4	4.423537E-1
1.681050E+4	8.148137E-2
1.681075E+4	3.018450E-1
1.681100E+4	5.109016E-1
1.681125E+4	5.245449E-1
1.681150E+4	4.745453E-1
1.681175E+4	3.484139E-1
1.681200E+4	2.218102E-1
1.681225E+4	3.378849E-1
1.681250E+4	4.581675E-1
1.681275E+4	6.378036E-1
1.681300E+4	4.359708E-1
1.681325E+4	2.087113E-1
1.681350E+4	2.381197E-2
1.681375E+4	1.328780E-1
1.681400E+4	5.167496E-1
1.681425E+4	6.540410E-1
1.681450E+4	6.014736E-1
1.681475E+4	5.004664E-1
1.681500E+4	5.343039E-1
1.681525E+4	5.690631E-1
1.681550E+4	4.624415E-1
1.681575E+4	3.270088E-1
1.681600E+4	2.379622E-1
1.681625E+4	2.197675E-1
1.681650E+4	2.235627E-1
1.681675E+4	2.628058E-1
1.681700E+4	4.400033E-1
1.681725E+4	6.499481E-1
1.681750E+4	7.685679E-1
1.681775E+4	7.226885E-1
1.681800E+4	4.884842E-1
1.681825E+4	2.270961E-1
1.681850E+4	8.225270E-2
1.681875E+4	1.342716E-1
1.681900E+4	2.907036E-1
1.681925E+4	3.457106E-1
1.681950E+4	3.182819E-1
1.681975E+4	2.013568E-1
1.682000E+4	5.026631E-2
1.682025E+4	1.187538E-1
1.682050E+4	2.368020E-1
1.682075E+4	1.939137E-1
1.682100E+4	1.347082E-1
1.682125E+4	1.501153E-1
1.682150E+4	2.199033E-1
1.682175E+4	3.151635E-1
1.682200E+4	3.501879E-1
1.682225E+4	2.373861E-1
1.682250E+4	1.153042E-1
1.682275E+4	2.113012E-1
1.682300E+4	4.600046E-1
1.682325E+4	5.459272E-1
1.682350E+4	4.693247E-1
1.682375E+4	3.335359E-1
1.682400E+4	3.128579E-1
1.682425E+4	4.899240E-1
1.682450E+4	4.930063E-1
1.682475E+4	3.952610E-1
1.682500E+4	3.023217E-1
1.682525E+4	3.001333E-1
1.682550E+4	4.216885E-1
1.682575E+4	6.220934E-1
1.682600E+4	7.625602E-1
1.682625E+4	6.449695E-1
1.682650E+4	4.016390E-1
1.682675E+4	2.225810E-1
1.682700E+4	1.392698E-1
1.682725E+4	2.784786E-1
1.682750E+4	2.796345E-1
1.682775E+4	2.881672E-1
1.682800E+4	3.558154E-1
1.682825E+4	4.716552E-1
1.682850E+4	5.339361E-1
1.682875E+4	4.612502E-1
1.682900E+4	2.376105E-1
1.682925E+4	1.134713E-1
1.682950E+4	4.038819E-1
1.682975E+4	4.073328E-1
1.683000E+4	3.008720E-1
1.683025E+4	1.644183E-1
1.683050E+4	1.949945E-1
1.683075E+4	4.672759E-1
1.683100E+4	4.582228E-1
1.683125E+4	3.160202E-1
1.683150E+4	1.681462E-1
1.683175E+4	6.189790E-2
1.683200E+4	2.334459E-1
1.683225E+4	6.419646E-1
1.683250E+4	7.590835E-1
1.683275E+4	7.683877E-1
1.683300E+4	7.198904E-1
1.683325E+4	3.789310E-1
1.683350E+4	6.344321E-2
1.683375E+4	1.135819E-1
1.683400E+4	1.801801E-1
1.683425E+4	3.350709E-1
1.683450E+4	5.375466E-1
1.683475E+4	4.974451E-1
1.683500E+4	3.375833E-1
1.683525E+4	1.494239E-1
1.683550E+4	3.467365E-1
1.683575E+4	5.621433E-1
1.683600E+4	4.872564E-1
1.683625E+4	2.610894E-1
1.683650E+4	1.553153E-2
1.683675E+4	1.493459E-1
1.683700E+4	4.072125E-1
1.683725E+4	3.933706E-1
1.683750E+4	1.466304E-1
1.683775E+4	2.106613E-1
1.683800E+4	3.096781E-1
1.683825E+4	2.266254E-1
1.683850E+4	1.997218E-1
1.683875E+4	6.389291E-1
1.683900E+4	8.253647E-1
1.683925E+4	6.832191E-1
1.683950E+4	3.147227E-1
1.683975E+4	2.809872E-1
1.684000E+4	6.412492E-1
1.684025E+4	7.335762E-1
1.684050E+4	4.439974E-1
1.684075E+4	1.098565E-1
1.684100E+4	1.186864E-1
1.684125E+4	3.163769E-1
1.684150E+4	3.941245E-1
1.684175E+4	7.929230E-2
1.684200E+4	4.064876E-2
1.684225E+4	1.840316E-1
1.684250E+4	4.040258E-1
1.684275E+4	7.189945E-1
1.684300E+4	3.130245E-1
1.684325E+4	2.156314E-1
1.684350E+4	3.721965E-1
1.684375E+4	5.274597E-1
1.684400E+4	4.166337E-1
1.684425E+4	2.512397E-1
1.684450E+4	2.011164E-1
1.684475E+4	3.700681E-1
1.684500E+4	5.782217E-1
1.684525E+4	5.969589E-1
1.684550E+4	5.706121E-1
1.684575E+4	5.193187E-1
1.684600E+4	3.503286E-1
1.684625E+4	2.327263E-1
1.684650E+4	3.758808E-1
1.684675E+4	6.303431E-1
1.684700E+4	7.025459E-1
1.684725E+4	4.191897E-1
1.684750E+4	1.075026E-1
1.684775E+4	4.959792E-2
1.684800E+4	1.747980E-1
1.684825E+4	2.249367E-1
1.684850E+4	2.155099E-1
1.684875E+4	2.377295E-1
1.684900E+4	3.794403E-1
1.684925E+4	5.676125E-1
1.684950E+4	6.344928E-1
1.684975E+4	6.757728E-1
1.685000E+4	6.900195E-1
1.685025E+4	6.387130E-1
1.685050E+4	5.002369E-1
1.685075E+4	3.356572E-1
1.685100E+4	3.797768E-1
1.685125E+4	4.175013E-1
1.685150E+4	3.458564E-1
1.685175E+4	4.376291E-1
1.685200E+4	6.324322E-1
1.685225E+4	6.141891E-1
1.685250E+4	4.119514E-1
1.685275E+4	9.938729E-2
1.685300E+4	9.057910E-2
1.685325E+4	4.573116E-1
1.685350E+4	5.972971E-1
1.685375E+4	5.535451E-1
1.685400E+4	4.984336E-1
1.685425E+4	5.531877E-1
1.685450E+4	5.787617E-1
1.685475E+4	5.555420E-1
1.685500E+4	3.609812E-1
1.685525E+4	1.812950E-3
1.685550E+4	9.139482E-2
1.685575E+4	1.232470E-1
1.685600E+4	6.076409E-2
1.685625E+4	2.032954E-2
1.685650E+4	1.606722E-1
1.685675E+4	3.194121E-1
1.685700E+4	3.741667E-1
1.685725E+4	3.218184E-1
1.685750E+4	1.850198E-1
1.685775E+4	4.983649E-2
1.685800E+4	4.223329E-4
1.685825E+4	7.293550E-2
1.685850E+4	2.977621E-1
1.685875E+4	5.385927E-1
1.685900E+4	5.482304E-1
1.685925E+4	4.211544E-1
1.685950E+4	5.202704E-1
1.685975E+4	6.885173E-1
1.686000E+4	7.386907E-1
1.686025E+4	6.866083E-1
1.686050E+4	5.535048E-1
1.686075E+4	5.305759E-1
1.686100E+4	6.322563E-1
1.686125E+4	5.482461E-1
1.686150E+4	3.130589E-1
1.686175E+4	1.848095E-1
1.686200E+4	5.110412E-1
1.686225E+4	5.366893E-1
1.686250E+4	2.822176E-1
1.686275E+4	3.478073E-2
1.686300E+4	9.794907E-2
1.686325E+4	3.645248E-1
1.686350E+4	5.423340E-1
1.686375E+4	4.451450E-1
1.686400E+4	3.639739E-1
1.686425E+4	4.101641E-1
1.686450E+4	3.328889E-1
1.686475E+4	1.757349E-1
1.686500E+4	4.478373E-1
1.686525E+4	5.769866E-1
1.686550E+4	5.402849E-1
1.686575E+4	3.688184E-1
1.686600E+4	5.768740E-2
1.686625E+4	4.111480E-1
1.686650E+4	4.238114E-1
1.686675E+4	1.877927E-1
1.686700E+4	7.233979E-2
1.686725E+4	3.479183E-1
1.686750E+4	5.045912E-1
1.686775E+4	5.300512E-1
1.686800E+4	5.039581E-1
1.686825E+4	4.871140E-1
1.686850E+4	4.739001E-1
1.686875E+4	3.995292E-1
1.686900E+4	2.805214E-1
1.686925E+4	1.228942E-1
1.686950E+4	8.213866E-2
1.686975E+4	2.469416E-1
1.687000E+4	4.037342E-1
1.687025E+4	5.679521E-1
1.687050E+4	7.111235E-1
1.687075E+4	7.765247E-1
1.687100E+4	8.211344E-1
1.687125E+4	8.707858E-1
1.687150E+4	7.579985E-1
1.687175E+4	5.638831E-1
1.687200E+4	5.855463E-1
1.687225E+4	5.991649E-1
1.687250E+4	3.084188E-1
1.687275E+4	1.568646E-1
1.687300E+4	4.759814E-1
1.687325E+4	6.954981E-1
1.687350E+4	8.290709E-1
1.687375E+4	7.119336E-1
1.687400E+4	3.595807E-1
1.687425E+4	2.870893E-1
1.687450E+4	3.202748E-1
1.687475E+4	3.078706E-1
1.687500E+4	2.194842E-1
1.687525E+4	2.372460E-1
1.687550E+4	4.131390E-1
1.687575E+4	5.547277E-1
1.687600E+4	5.602765E-1
1.687625E+4	4.177325E-1
1.687650E+4	3.427922E-1
1.687675E+4	3.654138E-1
1.687700E+4	4.024275E-1
1.687725E+4	3.374683E-1
1.687750E+4	1.917144E-1
1.687775E+4	1.584647E-1
1.687800E+4	2.254674E-1
1.687825E+4	3.298397E-1
1.687850E+4	3.612774E-1
1.687875E+4	3.082507E-1
1.687900E+4	3.145818E-1
1.687925E+4	3.538835E-1
1.687950E+4	3.608998E-1
1.687975E+4	2.800240E-1
1.688000E+4	3.064025E-1
1.688025E+4	4.172827E-1
1.688050E+4	4.530357E-1
1.688075E+4	3.909364E-1
1.688100E+4	2.664800E-1
1.688125E+4	2.700071E-1
1.688150E+4	2.453420E-1
1.688175E+4	1.527776E-1
1.688200E+4	1.143648E-1
1.688225E+4	3.036601E-1
1.688250E+4	4.975216E-1
1.688275E+4	4.979345E-1
1.688300E+4	1.743582E-1
1.688325E+4	5.725932E-2
1.688350E+4	2.953269E-1
1.688375E+4	3.568985E-1
1.688400E+4	4.090678E-1
1.688425E+4	7.208450E-1
1.688450E+4	8.943164E-1
1.688475E+4	8.581291E-1
1.688500E+4	4.589195E-1
1.688525E+4	2.312692E-1
1.688550E+4	4.688590E-1
1.688575E+4	6.633304E-1
1.688600E+4	7.424375E-1
1.688625E+4	5.203037E-1
1.688650E+4	1.857128E-2
1.688675E+4	1.899238E-1
1.688700E+4	4.462519E-1
1.688725E+4	3.391544E-1
1.688750E+4	5.883196E-2
1.688775E+4	2.192881E-1
1.688800E+4	3.343187E-1
1.688825E+4	3.582740E-1
1.688850E+4	4.065592E-1
1.688875E+4	5.590415E-1
1.688900E+4	6.147690E-1
1.688925E+4	4.966535E-1
1.688950E+4	1.118505E-1
1.688975E+4	3.755235E-1
1.689000E+4	6.433425E-1
1.689025E+4	7.515326E-1
1.689050E+4	7.727599E-1
1.689075E+4	6.108435E-1
1.689100E+4	5.982186E-1
1.689125E+4	6.437267E-1
1.689150E+4	5.908211E-1
1.689175E+4	4.835852E-1
1.689200E+4	3.803628E-1
1.689225E+4	3.175970E-1
1.689250E+4	2.434561E-1
1.689275E+4	3.258884E-1
1.689300E+4	5.558343E-1
1.689325E+4	6.468778E-1
1.689350E+4	4.573629E-1
1.689375E+4	1.247497E-1
1.689400E+4	1.162509E-1
1.689425E+4	4.114869E-1
1.689450E+4	6.211692E-1
1.689475E+4	6.352254E-1
1.689500E+4	5.412824E-1
1.689525E+4	4.657451E-1
1.689550E+4	2.873814E-1
1.689575E+4	1.000524E-1
1.689600E+4	1.968956E-1
1.689625E+4	5.488831E-1
1.689650E+4	8.145202E-1
1.689675E+4	8.221724E-1
1.689700E+4	4.086007E-1
1.689725E+4	2.908740E-1
1.689750E+4	7.728835E-1
1.689775E+4	8.525289E-1
1.689800E+4	8.061929E-1
1.689825E+4	6.521794E-1
1.689850E+4	2.829678E-1
1.689875E+4	3.653015E-1
1.689900E+4	5.630703E-1
1.689925E+4	6.936472E-1
1.689950E+4	7.585904E-1
1.689975E+4	6.909434E-1
1.690000E+4	5.941350E-1
1.690025E+4	5.247496E-1
1.690050E+4	4.558137E-1
1.690075E+4	5.002200E-1
1.690100E+4	6.408056E-1
1.690125E+4	7.326747E-1
1.690150E+4	7.158698E-1
1.690175E+4	4.460273E-1
1.690200E+4	1.617701E-1
1.690225E+4	1.355777E-1
1.690250E+4	2.702925E-1
1.690275E+4	4.395996E-1
1.690300E+4	5.013362E-1
1.690325E+4	4.463172E-1
1.690350E+4	3.986043E-1
1.690375E+4	4.265150E-1
1.690400E+4	4.962923E-1
1.690425E+4	5.500222E-1
1.690450E+4	5.082777E-1
1.690475E+4	3.686228E-1
1.690500E+4	3.693871E-1
1.690525E+4	5.144743E-1
1.690550E+4	5.980165E-1
1.690575E+4	4.445563E-1
1.690600E+4	3.009284E-1
1.690625E+4	3.948887E-1
1.690650E+4	6.893561E-1
1.690675E+4	7.809303E-1
1.690700E+4	3.808677E-1
1.690725E+4	8.737844E-2
1.690750E+4	3.258337E-1
1.690775E+4	7.429251E-1
1.690800E+4	8.289600E-1
1.690825E+4	6.786965E-1
1.690850E+4	3.505772E-1
1.690875E+4	2.122395E-1
1.690900E+4	4.772753E-1
1.690925E+4	5.437835E-1
1.690950E+4	4.776736E-1
1.690975E+4	3.787929E-1
1.691000E+4	3.076133E-1
1.691025E+4	2.178574E-1
1.691050E+4	1.239820E-1
1.691075E+4	3.089516E-1
1.691100E+4	6.811567E-1
1.691125E+4	8.067171E-1
1.691150E+4	7.485397E-1
1.691175E+4	5.041763E-1
1.691200E+4	2.702111E-1
1.691225E+4	2.217422E-1
1.691250E+4	1.972939E-1
1.691275E+4	2.003113E-1
1.691300E+4	5.628080E-1
1.691325E+4	8.062385E-1
1.691350E+4	7.665356E-1
1.691375E+4	6.786121E-1
1.691400E+4	5.631481E-1
1.691425E+4	3.860376E-1
1.691450E+4	2.887074E-1
1.691475E+4	3.090208E-1
1.691500E+4	3.772905E-1
1.691525E+4	4.577729E-1
1.691550E+4	5.001901E-1
1.691575E+4	4.033978E-1
1.691600E+4	3.049405E-1
1.691625E+4	2.890317E-1
1.691650E+4	2.745954E-1
1.691675E+4	2.975803E-1
1.691700E+4	4.334762E-1
1.691725E+4	5.597237E-1
1.691750E+4	5.754338E-1
1.691775E+4	4.747996E-1
1.691800E+4	3.339985E-1
1.691825E+4	3.502782E-1
1.691850E+4	3.917654E-1
1.691875E+4	4.299404E-1
1.691900E+4	5.138285E-1
1.691925E+4	5.714186E-1
1.691950E+4	5.462799E-1
1.691975E+4	3.385332E-1
1.692000E+4	2.303475E-1
1.692025E+4	5.352201E-1
1.692050E+4	6.010479E-1
1.692075E+4	4.827713E-1
1.692100E+4	2.137717E-1
1.692125E+4	3.813968E-1
1.692150E+4	5.877727E-1
1.692175E+4	5.649066E-1
1.692200E+4	3.981590E-1
1.692225E+4	3.284108E-1
1.692250E+4	4.780320E-1
1.692275E+4	6.563180E-1
1.692300E+4	7.025466E-1
1.692325E+4	5.740819E-1
1.692350E+4	4.330784E-1
1.692375E+4	3.367291E-1
1.692400E+4	2.875265E-1
1.692425E+4	5.100028E-1
1.692450E+4	8.319928E-1
1.692475E+4	8.905904E-1
1.692500E+4	8.735422E-1
1.692525E+4	8.435062E-1
1.692550E+4	7.812751E-1
1.692575E+4	5.776959E-1
1.692600E+4	2.991008E-1
1.692625E+4	4.872567E-1
1.692650E+4	5.864466E-1
1.692675E+4	5.863417E-1
1.692700E+4	5.852187E-1
1.692725E+4	7.195439E-1
1.692750E+4	7.501417E-1
1.692775E+4	6.479467E-1
1.692800E+4	5.760443E-1
1.692825E+4	6.702721E-1
1.692850E+4	7.871343E-1
1.692875E+4	6.605545E-1
1.692900E+4	2.435202E-1
1.692925E+4	3.440680E-1
1.692950E+4	5.809544E-1
1.692975E+4	6.693839E-1
1.693000E+4	5.605199E-1
1.693025E+4	3.650139E-1
1.693050E+4	5.966235E-1
1.693075E+4	6.280267E-1
1.693100E+4	4.472288E-1
1.693125E+4	3.116830E-1
1.693150E+4	4.792109E-1
1.693175E+4	6.330236E-1
1.693200E+4	7.150687E-1
1.693225E+4	7.975599E-1
1.693250E+4	7.364916E-1
1.693275E+4	6.064469E-1
1.693300E+4	4.460788E-1
1.693325E+4	2.528014E-1
1.693350E+4	2.622084E-1
1.693375E+4	5.741103E-1
1.693400E+4	5.386790E-1
1.693425E+4	2.946669E-1
1.693450E+4	1.220254E-1
1.693475E+4	4.600461E-1
1.693500E+4	8.002704E-1
1.693525E+4	7.756727E-1
1.693550E+4	6.040076E-1
1.693575E+4	6.329164E-1
1.693600E+4	7.084043E-1
1.693625E+4	6.081259E-1
1.693650E+4	4.592304E-1
1.693675E+4	5.199469E-1
1.693700E+4	8.653149E-1
1.693725E+4	8.919293E-1
1.693750E+4	7.621717E-1
1.693775E+4	5.786461E-1
1.693800E+4	5.171705E-1
1.693825E+4	4.797129E-1
1.693850E+4	4.026988E-1
1.693875E+4	3.761921E-1
1.693900E+4	6.043506E-1
1.693925E+4	7.134876E-1
1.693950E+4	6.397000E-1
1.693975E+4	5.628665E-1
1.694000E+4	5.464572E-1
1.694025E+4	5.134935E-1
1.694050E+4	4.287705E-1
1.694075E+4	3.736051E-1
1.694100E+4	3.934847E-1
1.694125E+4	4.624998E-1
1.694150E+4	5.103338E-1
1.694175E+4	6.161215E-1
1.694200E+4	7.427300E-1
1.694225E+4	8.000843E-1
1.694250E+4	8.044440E-1
1.694275E+4	7.434085E-1
1.694300E+4	6.240745E-1
1.694325E+4	5.858942E-1
1.694350E+4	5.712255E-1
1.694375E+4	4.509142E-1
1.694400E+4	3.288516E-1
1.694425E+4	5.018154E-1
1.694450E+4	6.273842E-1
1.694475E+4	6.583223E-1
1.694500E+4	5.166926E-1
1.694525E+4	1.739840E-1
1.694550E+4	3.120668E-1
1.694575E+4	5.723180E-1
1.694600E+4	7.045549E-1
1.694625E+4	5.956059E-1
1.694650E+4	5.354532E-1
1.694675E+4	6.286349E-1
1.694700E+4	7.492715E-1
1.694725E+4	7.608407E-1
1.694750E+4	6.403276E-1
1.694775E+4	5.499421E-1
1.694800E+4	6.342996E-1
1.694825E+4	7.111736E-1
1.694850E+4	5.551806E-1
1.694875E+4	3.169235E-1
1.694900E+4	2.969001E-1
1.694925E+4	4.906885E-1
1.694950E+4	6.778563E-1
1.694975E+4	5.856513E-1
1.695000E+4	9.652644E-2
1.695025E+4	2.266868E-1
1.695050E+4	4.120986E-1
1.695075E+4	4.036188E-1
1.695100E+4	2.705481E-1
1.695125E+4	3.499974E-1
1.695150E+4	4.272350E-1
1.695175E+4	4.191169E-1
1.695200E+4	4.324394E-1
1.695225E+4	6.243253E-1
1.695250E+4	7.229781E-1
1.695275E+4	7.797935E-1
1.695300E+4	6.930510E-1
1.695325E+4	4.909090E-1
1.695350E+4	5.308751E-1
1.695375E+4	6.305707E-1
1.695400E+4	6.938409E-1
1.695425E+4	4.060575E-1
1.695450E+4	1.161258E-1
1.695475E+4	2.803301E-1
1.695500E+4	6.954888E-1
1.695525E+4	6.256239E-1
1.695550E+4	4.318313E-1
1.695575E+4	2.591743E-1
1.695600E+4	7.902653E-2
1.695625E+4	6.931951E-1
1.695650E+4	7.912790E-1
1.695675E+4	7.068681E-1
1.695700E+4	6.484614E-1
1.695725E+4	6.187056E-1
1.695750E+4	5.851377E-1
1.695775E+4	5.120616E-1
1.695800E+4	4.509612E-1
1.695825E+4	4.621232E-1
1.695850E+4	5.284012E-1
1.695875E+4	4.892472E-1
1.695900E+4	3.609281E-1
1.695925E+4	1.927122E-1
1.695950E+4	2.857808E-1
1.695975E+4	5.812939E-1
1.696000E+4	7.609271E-1
1.696025E+4	8.141602E-1
1.696050E+4	5.370861E-1
1.696075E+4	2.992242E-1
1.696100E+4	4.066566E-1
1.696125E+4	4.661496E-1
1.696150E+4	3.509419E-1
1.696175E+4	1.381885E-1
1.696200E+4	3.297364E-1
1.696225E+4	6.333991E-1
1.696250E+4	8.029628E-1
1.696275E+4	6.032859E-1
1.696300E+4	2.309668E-1
1.696325E+4	4.184712E-1
1.696350E+4	5.830076E-1
1.696375E+4	5.664701E-1
1.696400E+4	3.624570E-1
1.696425E+4	2.871722E-1
1.696450E+4	3.814241E-1
1.696475E+4	4.610288E-1
1.696500E+4	5.451882E-1
1.696525E+4	7.644219E-1
1.696550E+4	8.342154E-1
1.696575E+4	7.940589E-1
1.696600E+4	5.798345E-1
1.696625E+4	3.142938E-1
1.696650E+4	4.260958E-1
1.696675E+4	6.302164E-1
1.696700E+4	7.013502E-1
1.696725E+4	5.910965E-1
1.696750E+4	5.876026E-1
1.696775E+4	6.929174E-1
1.696800E+4	7.820386E-1
1.696825E+4	7.832887E-1
1.696850E+4	6.973850E-1
1.696875E+4	5.681094E-1
1.696900E+4	3.769647E-1
1.696925E+4	3.107173E-1
1.696950E+4	4.240054E-1
1.696975E+4	4.403045E-1
1.697000E+4	2.755742E-1
1.697025E+4	1.721272E-1
1.697050E+4	4.148009E-1
1.697075E+4	5.586181E-1
1.697100E+4	5.128852E-1
1.697125E+4	9.164266E-2
1.697150E+4	3.477461E-1
1.697175E+4	6.103629E-1
1.697200E+4	6.536132E-1
1.697225E+4	5.006977E-1
1.697250E+4	3.696803E-1
1.697275E+4	5.078422E-1
1.697300E+4	6.570401E-1
1.697325E+4	7.546828E-1
1.697350E+4	6.904734E-1
1.697375E+4	5.272431E-1
1.697400E+4	4.021051E-1
1.697425E+4	3.853637E-1
1.697450E+4	4.993733E-1
1.697475E+4	4.835400E-1
1.697500E+4	3.257753E-1
1.697525E+4	3.152159E-1
1.697550E+4	5.897343E-1
1.697575E+4	7.477755E-1
1.697600E+4	6.032809E-1
1.697625E+4	1.494231E-1
1.697650E+4	3.376391E-2
1.697675E+4	3.172841E-1
1.697700E+4	5.802456E-1
1.697725E+4	7.096903E-1
1.697750E+4	6.181693E-1
1.697775E+4	4.812885E-1
1.697800E+4	5.320028E-1
1.697825E+4	6.459282E-1
1.697850E+4	7.076792E-1
1.697875E+4	6.929800E-1
1.697900E+4	4.983140E-1
1.697925E+4	1.238062E-1
1.697950E+4	4.056612E-1
1.697975E+4	5.285360E-1
1.698000E+4	5.747796E-1
1.698025E+4	6.353218E-1
1.698050E+4	7.536064E-1
1.698075E+4	7.640404E-1
1.698100E+4	7.461717E-1
1.698125E+4	7.391005E-1
1.698150E+4	7.284563E-1
1.698175E+4	6.805190E-1
1.698200E+4	5.898554E-1
1.698225E+4	4.715585E-1
1.698250E+4	4.915362E-1
1.698275E+4	7.615951E-1
1.698300E+4	8.854307E-1
1.698325E+4	8.637917E-1
1.698350E+4	7.820374E-1
1.698375E+4	6.764299E-1
1.698400E+4	5.644510E-1
1.698425E+4	4.881321E-1
1.698450E+4	4.651345E-1
1.698475E+4	4.078455E-1
1.698500E+4	3.043766E-1
1.698525E+4	5.277328E-1
1.698550E+4	7.617103E-1
1.698575E+4	8.071301E-1
1.698600E+4	7.095987E-1
1.698625E+4	4.791467E-1
1.698650E+4	5.983323E-1
1.698675E+4	6.740849E-1
1.698700E+4	6.523960E-1
1.698725E+4	4.963237E-1
1.698750E+4	7.013916E-1
1.698775E+4	8.740743E-1
1.698800E+4	8.824003E-1
1.698825E+4	8.132638E-1
1.698850E+4	6.794441E-1
1.698875E+4	7.100873E-1
1.698900E+4	7.490573E-1
1.698925E+4	7.422892E-1
1.698950E+4	6.741030E-1
1.698975E+4	6.672103E-1
1.699000E+4	6.949697E-1
1.699025E+4	7.093856E-1
1.699050E+4	7.052528E-1
1.699075E+4	6.538507E-1
1.699100E+4	5.436450E-1
1.699125E+4	4.201684E-1
1.699150E+4	4.478771E-1
1.699175E+4	5.951837E-1
1.699200E+4	6.479971E-1
1.699225E+4	6.105265E-1
1.699250E+4	6.533861E-1
1.699275E+4	6.905809E-1
1.699300E+4	6.848180E-1
1.699325E+4	6.540354E-1
1.699350E+4	6.609259E-1
1.699375E+4	7.791513E-1
1.699400E+4	8.087968E-1
1.699425E+4	7.552896E-1
1.699450E+4	6.957862E-1
1.699475E+4	7.362767E-1
1.699500E+4	6.847348E-1
1.699525E+4	5.217345E-1
1.699550E+4	2.056476E-1
1.699575E+4	2.212537E-1
1.699600E+4	5.482681E-1
1.699625E+4	6.872056E-1
1.699650E+4	7.334641E-1
1.699675E+4	7.541329E-1
1.699700E+4	7.504721E-1
1.699725E+4	7.684723E-1
1.699750E+4	8.126402E-1
1.699775E+4	8.511979E-1
1.699800E+4	8.488670E-1
1.699825E+4	8.004463E-1
1.699850E+4	6.910158E-1
1.699875E+4	5.026504E-1
1.699900E+4	5.023996E-1
1.699925E+4	5.725217E-1
1.699950E+4	6.040732E-1
1.699975E+4	6.789549E-1
1.700000E+4	7.324400E-1
1.700025E+4	6.336781E-1
1.700050E+4	5.813542E-1
1.700075E+4	7.154024E-1
1.700100E+4	8.518828E-1
1.700125E+4	8.275578E-1
1.700150E+4	6.494687E-1
1.700175E+4	5.230999E-1
1.700200E+4	5.534035E-1
1.700225E+4	6.256536E-1
1.700250E+4	6.609788E-1
1.700275E+4	6.101494E-1
1.700300E+4	5.119740E-1
1.700325E+4	4.250842E-1
1.700350E+4	3.854738E-1
1.700375E+4	5.078273E-1
1.700400E+4	7.044212E-1
1.700425E+4	8.126202E-1
1.700450E+4	8.284853E-1
1.700475E+4	7.747704E-1
1.700500E+4	7.336408E-1
1.700525E+4	7.090039E-1
1.700550E+4	5.966533E-1
1.700575E+4	3.634203E-1
1.700600E+4	2.449162E-1
1.700625E+4	4.722422E-1
1.700650E+4	5.147829E-1
1.700675E+4	3.788053E-1
1.700700E+4	1.930717E-1
1.700725E+4	4.352320E-1
1.700750E+4	7.127188E-1
1.700775E+4	5.214876E-1
1.700800E+4	1.556093E-1
1.700825E+4	1.969347E-1
1.700850E+4	5.225474E-1
1.700875E+4	6.706987E-1
1.700900E+4	5.906884E-1
1.700925E+4	4.869547E-1
1.700950E+4	6.063085E-1
1.700975E+4	7.615492E-1
1.701000E+4	8.101483E-1
1.701025E+4	6.866861E-1
1.701050E+4	5.810377E-1
1.701075E+4	6.276936E-1
1.701100E+4	6.525343E-1
1.701125E+4	5.483878E-1
1.701150E+4	4.790522E-1
1.701175E+4	6.638130E-1
1.701200E+4	8.610966E-1
1.701225E+4	6.708631E-1
1.701250E+4	3.490598E-1
1.701275E+4	3.068940E-1
1.701300E+4	3.271868E-1
1.701325E+4	3.287072E-1
1.701350E+4	4.008809E-1
1.701375E+4	4.913964E-1
1.701400E+4	5.353278E-1
1.701425E+4	5.972023E-1
1.701450E+4	7.667380E-1
1.701475E+4	8.612871E-1
1.701500E+4	8.051815E-1
1.701525E+4	8.168589E-1
1.701550E+4	8.823788E-1
1.701575E+4	8.631522E-1
1.701600E+4	6.707669E-1
1.701625E+4	2.838828E-1
1.701650E+4	3.804101E-2
1.701675E+4	2.808325E-1
1.701700E+4	5.082930E-1
1.701725E+4	5.813616E-1
1.701750E+4	4.803473E-1
1.701775E+4	4.917389E-1
1.701800E+4	5.647925E-1
1.701825E+4	5.082372E-1
1.701850E+4	3.539425E-1
1.701875E+4	2.828921E-1
1.701900E+4	4.338648E-1
1.701925E+4	6.230689E-1
1.701950E+4	7.514071E-1
1.701975E+4	7.160985E-1
1.702000E+4	6.072760E-1
1.702025E+4	6.363524E-1
1.702050E+4	7.101392E-1
1.702075E+4	7.422825E-1
1.702100E+4	5.366074E-1
1.702125E+4	4.421320E-1
1.702150E+4	6.585032E-1
1.702175E+4	7.897941E-1
1.702200E+4	8.073166E-1
1.702225E+4	6.078479E-1
1.702250E+4	1.131124E-1
1.702275E+4	2.840159E-1
1.702300E+4	5.165971E-1
1.702325E+4	5.712808E-1
1.702350E+4	5.758361E-1
1.702375E+4	6.192684E-1
1.702400E+4	6.673973E-1
1.702425E+4	6.345865E-1
1.702450E+4	4.950961E-1
1.702475E+4	5.311417E-1
1.702500E+4	4.279597E-1
1.702525E+4	1.975956E-1
1.702550E+4	7.365076E-2
1.702575E+4	3.724050E-1
1.702600E+4	7.216331E-1
1.702625E+4	7.983094E-1
1.702650E+4	4.743728E-1
1.702675E+4	3.809762E-1
1.702700E+4	6.821647E-1
1.702725E+4	8.015216E-1
1.702750E+4	6.821791E-1
1.702775E+4	4.954393E-1
1.702800E+4	6.031165E-1
1.702825E+4	6.523822E-1
1.702850E+4	5.628737E-1
1.702875E+4	4.690900E-1
1.702900E+4	7.211859E-1
1.702925E+4	7.975194E-1
1.702950E+4	6.572436E-1
1.702975E+4	3.500314E-1
1.703000E+4	2.882432E-1
1.703025E+4	5.557688E-1
1.703050E+4	6.912772E-1
1.703075E+4	6.300454E-1
1.703100E+4	4.455942E-1
1.703125E+4	5.224727E-1
1.703150E+4	5.368744E-1
1.703175E+4	3.580242E-1
1.703200E+4	2.066716E-1
1.703225E+4	2.919232E-1
1.703250E+4	3.726292E-1
1.703275E+4	3.333386E-1
1.703300E+4	4.364819E-1
1.703325E+4	6.757811E-1
1.703350E+4	7.303574E-1
1.703375E+4	6.885007E-1
1.703400E+4	5.650223E-1
1.703425E+4	5.193373E-1
1.703450E+4	6.579397E-1
1.703475E+4	7.432119E-1
1.703500E+4	7.753281E-1
1.703525E+4	7.253456E-1
1.703550E+4	6.013679E-1
1.703575E+4	4.383100E-1
1.703600E+4	2.167935E-1
1.703625E+4	1.025235E-1
1.703650E+4	1.318953E-1
1.703675E+4	1.819790E-1
1.703700E+4	1.897045E-1
1.703725E+4	1.000209E-1
1.703750E+4	8.943900E-3
1.703775E+4	1.633016E-1
1.703800E+4	2.660093E-1
1.703825E+4	3.452711E-1
1.703850E+4	4.748861E-1
1.703875E+4	6.551891E-1
1.703900E+4	5.309701E-1
1.703925E+4	2.529594E-1
1.703950E+4	1.937056E-1
1.703975E+4	3.341785E-1
1.704000E+4	3.854613E-1
1.704025E+4	3.943965E-1
1.704050E+4	5.598612E-1
1.704075E+4	6.565607E-1
1.704100E+4	4.802359E-1
1.704125E+4	1.509071E-1
1.704150E+4	1.521946E-1
1.704175E+4	6.717122E-1
1.704200E+4	8.777204E-1
1.704225E+4	8.274867E-1
1.704250E+4	6.364370E-1
1.704275E+4	5.835263E-1
1.704300E+4	7.362250E-1
1.704325E+4	7.184085E-1
1.704350E+4	5.561747E-1
1.704375E+4	3.599510E-1
1.704400E+4	4.279525E-1
1.704425E+4	6.693216E-1
1.704450E+4	7.809476E-1
1.704475E+4	7.304117E-1
1.704500E+4	5.953901E-1
1.704525E+4	5.357398E-1
1.704550E+4	6.201851E-1
1.704575E+4	7.385610E-1
1.704600E+4	8.150646E-1
1.704625E+4	8.233903E-1
1.704650E+4	7.203191E-1
1.704675E+4	6.828917E-1
1.704700E+4	6.995878E-1
1.704725E+4	6.744554E-1
1.704750E+4	6.565888E-1
1.704775E+4	7.358258E-1
1.704800E+4	8.070705E-1
1.704825E+4	7.300061E-1
1.704850E+4	5.283095E-1
1.704875E+4	4.497633E-1
1.704900E+4	5.134830E-1
1.704925E+4	5.225939E-1
1.704950E+4	4.868651E-1
1.704975E+4	7.175501E-1
1.705000E+4	8.734576E-1
1.705025E+4	9.453497E-1
1.705050E+4	9.585817E-1
1.705075E+4	7.864352E-1
1.705100E+4	5.271430E-1
1.705125E+4	5.743253E-1
1.705150E+4	4.647164E-1
1.705175E+4	3.045674E-1
1.705200E+4	4.455233E-1
1.705225E+4	6.364956E-1
1.705250E+4	7.226989E-1
1.705275E+4	7.249630E-1
1.705300E+4	6.907870E-1
1.705325E+4	6.575945E-1
1.705350E+4	6.034435E-1
1.705375E+4	5.094100E-1
1.705400E+4	4.229313E-1
1.705425E+4	3.826501E-1
1.705450E+4	3.964489E-1
1.705475E+4	4.610900E-1
1.705500E+4	5.414105E-1
1.705525E+4	6.144332E-1
1.705550E+4	6.178145E-1
1.705575E+4	4.164675E-1
1.705600E+4	4.327171E-1
1.705625E+4	5.265500E-1
1.705650E+4	6.073230E-1
1.705675E+4	8.441032E-1
1.705700E+4	9.054846E-1
1.705725E+4	8.964548E-1
1.705750E+4	8.443597E-1
1.705775E+4	5.905690E-1
1.705800E+4	3.712063E-1
1.705825E+4	5.560225E-1
1.705850E+4	7.391266E-1
1.705875E+4	7.924156E-1
1.705900E+4	6.185342E-1
1.705925E+4	5.127502E-1
1.705950E+4	5.693783E-1
1.705975E+4	7.029460E-1
1.706000E+4	8.654963E-1
1.706025E+4	8.522352E-1
1.706050E+4	7.333813E-1
1.706075E+4	5.624629E-1
1.706100E+4	3.811605E-1
1.706125E+4	5.246401E-1
1.706150E+4	7.132644E-1
1.706175E+4	7.810876E-1
1.706200E+4	7.828636E-1
1.706225E+4	7.627521E-1
1.706250E+4	7.410794E-1
1.706275E+4	6.608538E-1
1.706300E+4	3.126834E-1
1.706325E+4	3.814762E-1
1.706350E+4	7.137656E-1
1.706375E+4	8.428945E-1
1.706400E+4	8.017491E-1
1.706425E+4	4.526393E-1
1.706450E+4	2.420328E-1
1.706475E+4	3.527554E-1
1.706500E+4	4.955665E-1
1.706525E+4	6.178129E-1
1.706550E+4	6.572613E-1
1.706575E+4	5.569209E-1
1.706600E+4	4.884413E-1
1.706625E+4	4.876785E-1
1.706650E+4	5.454474E-1
1.706675E+4	6.546986E-1
1.706700E+4	7.127095E-1
1.706725E+4	7.398497E-1
1.706750E+4	7.413350E-1
1.706775E+4	6.174277E-1
1.706800E+4	3.335563E-1
1.706825E+4	1.856023E-1
1.706850E+4	2.376554E-1
1.706875E+4	3.275462E-1
1.706900E+4	3.890788E-1
1.706925E+4	4.516610E-1
1.706950E+4	6.083224E-1
1.706975E+4	7.827142E-1
1.707000E+4	8.242620E-1
1.707025E+4	8.291208E-1
1.707050E+4	8.564480E-1
1.707075E+4	8.846305E-1
1.707100E+4	8.067969E-1
1.707125E+4	6.652204E-1
1.707150E+4	6.351168E-1
1.707175E+4	7.221749E-1
1.707200E+4	7.143243E-1
1.707225E+4	6.280018E-1
1.707250E+4	5.139146E-1
1.707275E+4	3.743104E-1
1.707300E+4	2.953088E-1
1.707325E+4	4.315418E-1
1.707350E+4	6.659858E-1
1.707375E+4	7.484991E-1
1.707400E+4	6.150274E-1
1.707425E+4	3.688940E-1
1.707450E+4	2.300341E-1
1.707475E+4	4.856486E-1
1.707500E+4	8.208545E-1
1.707525E+4	8.215701E-1
1.707550E+4	6.249609E-1
1.707575E+4	6.234898E-1
1.707600E+4	8.247035E-1
1.707625E+4	8.347726E-1
1.707650E+4	5.284051E-1
1.707675E+4	1.471313E-1
1.707700E+4	2.688577E-1
1.707725E+4	4.259559E-1
1.707750E+4	3.865643E-1
1.707775E+4	9.351465E-2
1.707800E+4	2.320166E-1
1.707825E+4	5.344579E-1
1.707850E+4	5.420083E-1
1.707875E+4	3.656316E-1
1.707900E+4	2.355959E-1
1.707925E+4	5.858473E-1
1.707950E+4	7.684499E-1
1.707975E+4	7.728984E-1
1.708000E+4	6.134484E-1
1.708025E+4	4.514699E-1
1.708050E+4	4.767972E-1
1.708075E+4	4.494088E-1
1.708100E+4	2.765636E-1
1.708125E+4	2.008631E-1
1.708150E+4	6.313894E-1
1.708175E+4	6.884068E-1
1.708200E+4	5.893596E-1
1.708225E+4	3.513163E-1
1.708250E+4	7.713995E-2
1.708275E+4	3.624674E-1
1.708300E+4	7.021497E-1
1.708325E+4	7.579817E-1
1.708350E+4	6.328670E-1
1.708375E+4	3.078485E-1
1.708400E+4	2.603829E-1
1.708425E+4	5.096772E-1
1.708450E+4	5.335674E-1
1.708475E+4	4.293125E-1
1.708500E+4	2.767927E-1
1.708525E+4	2.145350E-1
1.708550E+4	1.935669E-1
1.708575E+4	1.479199E-1
1.708600E+4	2.166252E-1
1.708625E+4	3.836902E-1
1.708650E+4	4.902947E-1
1.708675E+4	5.196676E-1
1.708700E+4	5.407884E-1
1.708725E+4	6.015580E-1
1.708750E+4	5.162830E-1
1.708775E+4	3.707442E-1
1.708800E+4	2.636920E-1
1.708825E+4	3.390193E-1
1.708850E+4	3.430968E-1
1.708875E+4	1.316563E-1
1.708900E+4	6.610558E-2
1.708925E+4	4.575638E-1
1.708950E+4	6.612115E-1
1.708975E+4	4.950645E-1
1.709000E+4	1.217011E-1
1.709025E+4	1.413093E-1
1.709050E+4	6.640845E-1
1.709075E+4	6.551796E-1
1.709100E+4	4.636201E-1
1.709125E+4	3.763417E-1
1.709150E+4	4.904812E-1
1.709175E+4	6.499051E-1
1.709200E+4	7.256425E-1
1.709225E+4	5.812962E-1
1.709250E+4	3.647241E-1
1.709275E+4	2.110019E-1
1.709300E+4	4.009310E-2
1.709325E+4	1.653536E-1
1.709350E+4	6.841408E-1
1.709375E+4	9.280186E-1
1.709400E+4	8.477259E-1
1.709425E+4	6.595086E-1
1.709450E+4	5.908599E-1
1.709475E+4	5.567770E-1
1.709500E+4	3.420289E-1
1.709525E+4	5.453896E-2
1.709550E+4	1.493006E-1
1.709575E+4	3.340351E-1
1.709600E+4	2.248979E-1
1.709625E+4	3.031349E-2
1.709650E+4	2.702970E-1
1.709675E+4	4.494671E-1
1.709700E+4	4.886354E-1
1.709725E+4	3.523851E-1
1.709750E+4	6.595998E-2
1.709775E+4	1.406128E-1
1.709800E+4	3.071262E-1
1.709825E+4	3.589276E-1
1.709850E+4	3.380674E-1
1.709875E+4	5.197872E-1
1.709900E+4	6.922494E-1
1.709925E+4	6.559908E-1
1.709950E+4	5.568052E-1
1.709975E+4	5.768345E-1
1.710000E+4	7.049835E-1
1.710025E+4	7.437443E-1
1.710050E+4	6.899897E-1
1.710075E+4	6.003452E-1
1.710100E+4	6.243172E-1
1.710125E+4	6.052176E-1
1.710150E+4	4.692804E-1
1.710175E+4	2.712616E-1
1.710200E+4	1.983556E-1
1.710225E+4	1.462278E-1
1.710250E+4	1.101818E-1
1.710275E+4	3.582715E-1
1.710300E+4	6.072123E-1
1.710325E+4	6.176724E-1
1.710350E+4	3.815067E-1
1.710375E+4	9.898401E-2
1.710400E+4	6.875912E-2
1.710425E+4	8.119127E-2
1.710450E+4	6.246981E-2
1.710475E+4	1.358842E-1
1.710500E+4	1.631270E-1
1.710525E+4	1.250112E-1
1.710550E+4	4.070409E-2
1.710575E+4	4.897327E-2
1.710600E+4	2.220075E-1
1.710625E+4	7.514834E-2
1.710650E+4	1.010597E-1
1.710675E+4	5.274677E-1
1.710700E+4	7.603846E-1
1.710725E+4	7.871648E-1
1.710750E+4	7.082558E-1
1.710775E+4	5.846116E-1
1.710800E+4	5.484097E-1
1.710825E+4	4.702218E-1
1.710850E+4	3.177095E-1
1.710875E+4	3.847230E-1
1.710900E+4	7.164952E-1
1.710925E+4	7.842501E-1
1.710950E+4	6.828447E-1
1.710975E+4	3.241802E-1
1.711000E+4	5.503875E-1
1.711025E+4	6.556131E-1
1.711050E+4	6.316712E-1
1.711075E+4	5.468196E-1
1.711100E+4	3.554380E-1
1.711125E+4	3.798068E-1
1.711150E+4	3.770750E-1
1.711175E+4	2.705089E-1
1.711200E+4	2.818569E-1
1.711225E+4	4.544330E-1
1.711250E+4	5.891544E-1
1.711275E+4	5.283170E-1
1.711300E+4	4.228306E-1
1.711325E+4	5.377817E-1
1.711350E+4	6.532598E-1
1.711375E+4	7.090175E-1
1.711400E+4	7.105955E-1
1.711425E+4	5.609927E-1
1.711450E+4	3.235132E-1
1.711475E+4	4.240597E-1
1.711500E+4	5.249582E-1
1.711525E+4	4.911933E-1
1.711550E+4	3.609073E-1
1.711575E+4	2.923838E-1
1.711600E+4	4.359129E-1
1.711625E+4	6.287979E-1
1.711650E+4	5.414530E-1
1.711675E+4	9.452442E-2
1.711700E+4	1.298006E-1
1.711725E+4	4.402699E-1
1.711750E+4	5.275392E-1
1.711775E+4	2.757696E-1
1.711800E+4	1.910194E-1
1.711825E+4	3.217146E-1
1.711850E+4	3.762372E-1
1.711875E+4	1.806404E-1
1.711900E+4	2.906991E-1
1.711925E+4	5.074909E-1
1.711950E+4	5.144648E-1
1.711975E+4	3.415822E-1
1.712000E+4	1.397301E-2
1.712025E+4	3.850840E-1
1.712050E+4	4.814681E-1
1.712075E+4	2.076558E-1
1.712100E+4	1.477102E-2
1.712125E+4	1.637892E-1
1.712150E+4	4.890108E-1
1.712175E+4	5.874504E-1
1.712200E+4	3.994601E-1
1.712225E+4	4.501008E-1
1.712250E+4	5.969766E-1
1.712275E+4	5.575375E-1
1.712300E+4	2.977250E-1
1.712325E+4	3.291831E-1
1.712350E+4	5.177266E-1
1.712375E+4	7.056412E-1
1.712400E+4	7.019109E-1
1.712425E+4	4.928146E-1
1.712450E+4	5.997349E-1
1.712475E+4	6.449924E-1
1.712500E+4	5.576454E-1
1.712525E+4	3.279735E-1
1.712550E+4	1.946161E-1
1.712575E+4	5.955498E-1
1.712600E+4	6.180851E-1
1.712625E+4	2.399854E-1
1.712650E+4	1.177398E-2
1.712675E+4	2.425742E-1
1.712700E+4	7.719169E-1
1.712725E+4	7.157549E-1
1.712750E+4	4.152684E-1
1.712775E+4	3.095375E-1
1.712800E+4	5.226479E-1
1.712825E+4	6.806101E-1
1.712850E+4	6.097929E-1
1.712875E+4	4.057914E-1
1.712900E+4	6.669697E-2
1.712925E+4	2.007167E-1
1.712950E+4	3.297962E-1
1.712975E+4	2.919153E-1
1.713000E+4	3.082359E-1
1.713025E+4	3.531195E-1
1.713050E+4	3.154904E-1
1.713075E+4	2.138696E-1
1.713100E+4	1.791826E-1
1.713125E+4	3.704126E-1
1.713150E+4	3.924067E-1
1.713175E+4	1.154013E-1
1.713200E+4	2.963529E-1
1.713225E+4	5.919719E-1
1.713250E+4	7.864531E-1
1.713275E+4	8.831591E-1
1.713300E+4	8.640580E-1
1.713325E+4	7.813814E-1
1.713350E+4	7.838593E-1
1.713375E+4	7.155424E-1
1.713400E+4	5.031792E-1
1.713425E+4	2.179932E-1
1.713450E+4	2.709112E-1
1.713475E+4	3.305586E-1
1.713500E+4	1.938552E-1
1.713525E+4	2.477367E-1
1.713550E+4	3.908227E-1
1.713575E+4	4.060386E-1
1.713600E+4	3.512853E-1
1.713625E+4	2.686120E-1
1.713650E+4	2.973113E-1
1.713675E+4	3.705751E-1
1.713700E+4	2.922563E-1
1.713725E+4	3.076411E-1
1.713750E+4	4.615679E-1
1.713775E+4	6.352213E-1
1.713800E+4	5.550824E-1
1.713825E+4	1.491615E-1
1.713850E+4	2.059096E-1
1.713875E+4	5.942202E-1
1.713900E+4	7.252077E-1
1.713925E+4	6.441675E-1
1.713950E+4	5.127919E-1
1.713975E+4	3.952550E-1
1.714000E+4	3.466057E-1
1.714025E+4	4.521428E-1
1.714050E+4	5.538225E-1
1.714075E+4	6.062777E-1
1.714100E+4	6.503044E-1
1.714125E+4	6.471169E-1
1.714150E+4	4.885894E-1
1.714175E+4	2.295951E-1
1.714200E+4	7.602386E-3
1.714225E+4	3.743547E-1
1.714250E+4	8.400517E-1
1.714275E+4	9.155460E-1
1.714300E+4	8.659713E-1
1.714325E+4	6.879505E-1
1.714350E+4	3.919423E-1
1.714375E+4	3.218830E-1
1.714400E+4	3.792818E-1
1.714425E+4	5.693247E-1
1.714450E+4	7.021945E-1
1.714475E+4	6.631071E-1
1.714500E+4	5.167580E-1
1.714525E+4	3.434001E-1
1.714550E+4	3.566213E-1
1.714575E+4	3.835785E-1
1.714600E+4	2.413898E-1
1.714625E+4	1.024493E-1
1.714650E+4	2.820260E-1
1.714675E+4	5.136800E-1
1.714700E+4	5.429771E-1
1.714725E+4	3.680603E-1
1.714750E+4	1.111671E-1
1.714775E+4	7.490284E-1
1.714800E+4	8.460976E-1
1.714825E+4	7.468349E-1
1.714850E+4	5.882352E-1
1.714875E+4	4.274817E-1
1.714900E+4	4.229293E-1
1.714925E+4	4.093707E-1
1.714950E+4	3.326004E-1
1.714975E+4	2.059453E-1
1.715000E+4	4.130551E-2
1.715025E+4	8.101527E-2
1.715050E+4	3.443024E-1
1.715075E+4	2.434321E-1
1.715100E+4	4.722077E-2
1.715125E+4	1.205183E-1
1.715150E+4	4.664097E-1
1.715175E+4	5.854150E-1
1.715200E+4	4.703898E-1
1.715225E+4	2.823757E-1
1.715250E+4	2.898910E-1
1.715275E+4	4.471433E-1
1.715300E+4	5.448368E-1
1.715325E+4	6.008646E-1
1.715350E+4	6.268495E-1
1.715375E+4	5.498438E-1
1.715400E+4	3.422317E-1
1.715425E+4	1.557422E-1
1.715450E+4	2.751083E-1
1.715475E+4	5.633608E-1
1.715500E+4	7.160972E-1
1.715525E+4	6.938948E-1
1.715550E+4	6.723290E-1
1.715575E+4	6.873761E-1
1.715600E+4	5.857608E-1
1.715625E+4	3.358177E-1
1.715650E+4	5.501286E-2
1.715675E+4	1.705830E-1
1.715700E+4	5.845397E-1
1.715725E+4	6.390597E-1
1.715750E+4	5.588633E-1
1.715775E+4	5.184557E-1
1.715800E+4	4.891068E-1
1.715825E+4	4.030322E-1
1.715850E+4	2.342485E-1
1.715875E+4	3.462249E-1
1.715900E+4	4.438110E-1
1.715925E+4	2.681448E-1
1.715950E+4	7.316681E-2
1.715975E+4	2.721382E-1
1.716000E+4	4.440933E-1
1.716025E+4	3.709619E-1
1.716050E+4	1.973880E-2
1.716075E+4	3.515760E-1
1.716100E+4	5.456933E-1
1.716125E+4	5.220038E-1
1.716150E+4	2.579582E-1
1.716175E+4	5.501660E-1
1.716200E+4	7.404060E-1
1.716225E+4	6.504206E-1
1.716250E+4	2.550742E-1
1.716275E+4	1.839541E-1
1.716300E+4	5.469913E-1
1.716325E+4	6.524758E-1
1.716350E+4	5.213640E-1
1.716375E+4	3.065372E-1
1.716400E+4	1.680618E-1
1.716425E+4	1.096299E-1
1.716450E+4	2.164999E-1
1.716475E+4	5.779318E-1
1.716500E+4	6.706087E-1
1.716525E+4	5.370671E-1
1.716550E+4	1.765844E-1
1.716575E+4	2.629162E-1
1.716600E+4	6.640834E-1
1.716625E+4	6.765440E-1
1.716650E+4	5.388057E-1
1.716675E+4	2.904484E-1
1.716700E+4	3.087452E-1
1.716725E+4	4.847307E-1
1.716750E+4	5.026579E-1
1.716775E+4	4.790860E-1
1.716800E+4	5.847884E-1
1.716825E+4	6.891696E-1
1.716850E+4	6.404416E-1
1.716875E+4	3.962915E-1
1.716900E+4	4.567393E-1
1.716925E+4	5.331872E-1
1.716950E+4	4.763055E-1
1.716975E+4	3.292687E-1
1.717000E+4	2.270966E-1
1.717025E+4	2.439541E-1
1.717050E+4	3.659639E-1
1.717075E+4	5.756669E-1
1.717100E+4	7.129033E-1
1.717125E+4	7.131159E-1
1.717150E+4	5.446062E-1
1.717175E+4	2.386203E-2
1.717200E+4	3.304129E-1
1.717225E+4	3.168404E-1
1.717250E+4	1.560551E-1
1.717275E+4	1.255815E-2
1.717300E+4	2.938922E-1
1.717325E+4	5.031174E-1
1.717350E+4	4.560045E-1
1.717375E+4	3.747129E-1
1.717400E+4	4.152089E-1
1.717425E+4	5.041333E-1
1.717450E+4	4.908856E-1
1.717475E+4	3.092460E-1
1.717500E+4	2.576455E-1
1.717525E+4	4.396275E-1
1.717550E+4	4.275262E-1
1.717575E+4	2.519201E-1
1.717600E+4	5.459528E-2
1.717625E+4	3.308243E-1
1.717650E+4	7.656274E-1
1.717675E+4	7.986193E-1
1.717700E+4	5.518350E-1
1.717725E+4	9.059357E-2
1.717750E+4	1.755785E-1
1.717775E+4	4.823449E-1
1.717800E+4	4.792448E-1
1.717825E+4	3.542384E-1
1.717850E+4	1.897514E-1
1.717875E+4	9.896533E-2
1.717900E+4	2.124354E-1
1.717925E+4	3.002333E-1
1.717950E+4	3.005086E-1
1.717975E+4	3.202849E-1
1.718000E+4	3.374436E-1
1.718025E+4	3.233345E-1
1.718050E+4	3.208872E-1
1.718075E+4	3.983067E-1
1.718100E+4	4.150349E-1
1.718125E+4	3.502810E-1
1.718150E+4	2.326629E-1
1.718175E+4	2.581168E-1
1.718200E+4	4.185391E-1
1.718225E+4	4.122720E-1
1.718250E+4	3.409364E-1
1.718275E+4	2.940867E-1
1.718300E+4	3.110225E-1
1.718325E+4	3.227453E-1
1.718350E+4	2.448717E-1
1.718375E+4	2.186809E-1
1.718400E+4	5.415713E-1
1.718425E+4	5.622499E-1
1.718450E+4	4.507384E-1
1.718475E+4	4.226430E-1
1.718500E+4	5.106277E-1
1.718525E+4	5.486530E-1
1.718550E+4	5.139394E-1
1.718575E+4	5.364792E-1
1.718600E+4	6.695609E-1
1.718625E+4	6.899980E-1
1.718650E+4	6.021305E-1
1.718675E+4	3.033417E-1
1.718700E+4	3.048220E-2
1.718725E+4	3.522602E-1
1.718750E+4	4.793062E-1
1.718775E+4	4.267293E-1
1.718800E+4	1.839566E-1
1.718825E+4	2.129637E-1
1.718850E+4	3.378593E-1
1.718875E+4	3.131960E-1
1.718900E+4	2.972857E-1
1.718925E+4	3.923534E-1
1.718950E+4	4.682612E-1
1.718975E+4	4.177998E-1
1.719000E+4	1.969013E-1
1.719025E+4	2.409041E-1
1.719050E+4	6.347238E-1
1.719075E+4	7.803046E-1
1.719100E+4	6.882804E-1
1.719125E+4	2.911629E-1
1.719150E+4	1.109118E-1
1.719175E+4	5.329268E-1
1.719200E+4	7.085041E-1
1.719225E+4	7.066000E-1
1.719250E+4	6.615758E-1
1.719275E+4	6.553331E-1
1.719300E+4	6.931476E-1
1.719325E+4	5.407534E-1
1.719350E+4	2.814844E-1
1.719375E+4	4.055727E-1
1.719400E+4	4.659633E-1
1.719425E+4	4.056456E-1
1.719450E+4	3.588481E-1
1.719475E+4	4.793897E-1
1.719500E+4	5.928753E-1
1.719525E+4	4.939178E-1
1.719550E+4	2.731435E-1
1.719575E+4	2.402910E-1
1.719600E+4	4.867201E-1
1.719625E+4	7.061778E-1
1.719650E+4	6.296485E-1
1.719675E+4	1.680163E-1
1.719700E+4	5.165518E-1
1.719725E+4	7.663859E-1
1.719750E+4	7.564818E-1
1.719775E+4	4.382571E-1
1.719800E+4	1.362356E-1
1.719825E+4	3.963904E-1
1.719850E+4	5.561070E-1
1.719875E+4	5.102109E-1
1.719900E+4	3.198399E-1
1.719925E+4	5.103367E-1
1.719950E+4	6.854527E-1
1.719975E+4	6.077497E-1
1.720000E+4	3.420636E-1
1.720025E+4	2.191041E-1
1.720050E+4	3.213686E-1
1.720075E+4	4.394925E-1
1.720100E+4	4.680388E-1
1.720125E+4	3.462316E-1
1.720150E+4	1.869588E-1
1.720175E+4	3.432679E-1
1.720200E+4	6.624351E-1
1.720225E+4	7.895937E-1
1.720250E+4	5.427503E-1
1.720275E+4	7.447133E-2
1.720300E+4	3.938857E-1
1.720325E+4	7.448978E-1
1.720350E+4	7.469261E-1
1.720375E+4	5.990388E-1
1.720400E+4	6.246473E-1
1.720425E+4	6.882726E-1
1.720450E+4	7.146407E-1
1.720475E+4	6.685327E-1
1.720500E+4	5.329713E-1
1.720525E+4	5.411100E-1
1.720550E+4	4.530605E-1
1.720575E+4	2.525597E-1
1.720600E+4	7.638814E-2
1.720625E+4	3.288812E-1
1.720650E+4	6.770302E-1
1.720675E+4	7.371354E-1
1.720700E+4	3.594171E-1
1.720725E+4	6.007770E-2
1.720750E+4	3.927892E-1
1.720775E+4	4.800023E-1
1.720800E+4	4.179406E-1
1.720825E+4	4.119919E-1
1.720850E+4	4.859161E-1
1.720875E+4	4.524040E-1
1.720900E+4	3.562050E-1
1.720925E+4	3.061000E-1
1.720950E+4	3.872092E-1
1.720975E+4	2.923757E-1
1.721000E+4	1.042659E-1
1.721025E+4	1.650791E-2
1.721050E+4	5.539136E-2
1.721075E+4	1.553843E-1
1.721100E+4	2.983534E-1
1.721125E+4	4.600286E-1
1.721150E+4	4.967217E-1
1.721175E+4	2.995482E-1
1.721200E+4	1.792539E-1
1.721225E+4	2.703601E-1
1.721250E+4	3.687965E-1
1.721275E+4	3.620121E-1
1.721300E+4	4.395802E-2
1.721325E+4	5.178649E-1
1.721350E+4	7.157472E-1
1.721375E+4	7.094216E-1
1.721400E+4	6.066999E-1
1.721425E+4	5.157134E-1
1.721450E+4	6.943782E-1
1.721475E+4	8.079898E-1
1.721500E+4	7.898145E-1
1.721525E+4	6.886664E-1
1.721550E+4	5.289362E-1
1.721575E+4	3.036017E-1
1.721600E+4	9.099732E-2
1.721625E+4	9.087390E-2
1.721650E+4	2.838606E-1
1.721675E+4	4.708886E-1
1.721700E+4	5.106037E-1
1.721725E+4	4.636795E-1
1.721750E+4	5.674474E-1
1.721775E+4	6.715157E-1
1.721800E+4	6.898254E-1
1.721825E+4	6.010890E-1
1.721850E+4	4.133271E-1
1.721875E+4	2.704014E-1
1.721900E+4	2.815241E-1
1.721925E+4	2.833643E-1
1.721950E+4	1.979881E-1
1.721975E+4	8.669546E-2
1.722000E+4	1.591481E-1
1.722025E+4	3.321804E-1
1.722050E+4	3.600663E-1
1.722075E+4	2.684406E-1
1.722100E+4	2.263444E-1
1.722125E+4	4.073271E-1
1.722150E+4	5.199638E-1
1.722175E+4	4.786187E-1
1.722200E+4	3.374411E-1
1.722225E+4	1.872516E-1
1.722250E+4	3.518525E-1
1.722275E+4	4.191962E-1
1.722300E+4	3.275279E-1
1.722325E+4	4.187884E-1
1.722350E+4	6.550976E-1
1.722375E+4	7.874019E-1
1.722400E+4	8.182395E-1
1.722425E+4	8.224893E-1
1.722450E+4	7.319857E-1
1.722475E+4	4.553884E-2
1.722500E+4	1.006572E-1
1.722525E+4	1.908171E-1
1.722550E+4	2.676695E-1
1.722575E+4	4.291677E-1
1.722600E+4	4.086741E-1
1.722625E+4	2.642047E-1
1.722650E+4	2.179481E-1
1.722675E+4	2.015062E-1
1.722700E+4	2.379891E-1
1.722725E+4	3.182586E-1
1.722750E+4	3.468144E-1
1.722775E+4	4.223137E-1
1.722800E+4	5.467759E-1
1.722825E+4	5.453634E-1
1.722850E+4	3.721598E-1
1.722875E+4	1.363856E-1
1.722900E+4	6.469821E-2
1.722925E+4	4.182231E-1
1.722950E+4	5.759108E-1
1.722975E+4	5.900884E-1
1.723000E+4	6.050209E-1
1.723025E+4	7.148621E-1
1.723050E+4	8.153657E-1
1.723075E+4	8.541502E-1
1.723100E+4	8.620933E-1
1.723125E+4	7.299539E-1
1.723150E+4	6.334228E-1
1.723175E+4	6.119885E-1
1.723200E+4	5.319557E-1
1.723225E+4	3.553071E-1
1.723250E+4	3.862712E-1
1.723275E+4	5.149841E-1
1.723300E+4	5.050357E-1
1.723325E+4	3.270227E-1
1.723350E+4	2.482433E-1
1.723375E+4	4.072157E-1
1.723400E+4	5.050999E-1
1.723425E+4	3.856761E-1
1.723450E+4	5.813097E-2
1.723475E+4	2.692590E-1
1.723500E+4	5.510302E-1
1.723525E+4	6.425641E-1
1.723550E+4	5.668123E-1
1.723575E+4	5.072671E-1
1.723600E+4	4.508822E-1
1.723625E+4	3.591114E-1
1.723650E+4	4.404004E-1
1.723675E+4	5.693173E-1
1.723700E+4	6.084307E-1
1.723725E+4	5.764724E-1
1.723750E+4	3.476997E-1
1.723775E+4	2.388854E-1
1.723800E+4	3.859193E-1
1.723825E+4	4.341310E-1
1.723850E+4	4.743898E-1
1.723875E+4	5.502679E-1
1.723900E+4	5.242654E-1
1.723925E+4	2.825147E-1
1.723950E+4	8.470203E-2
1.723975E+4	2.939220E-1
1.724000E+4	5.477654E-1
1.724025E+4	7.172433E-1
1.724050E+4	7.667234E-1
1.724075E+4	5.366464E-1
1.724100E+4	6.088695E-1
1.724125E+4	7.302441E-1
1.724150E+4	6.929034E-1
1.724175E+4	3.151638E-1
1.724200E+4	3.030574E-1
1.724225E+4	3.517672E-1
1.724250E+4	2.444137E-1
1.724275E+4	4.328237E-2
1.724300E+4	1.495461E-1
1.724325E+4	4.397137E-1
1.724350E+4	6.370263E-1
1.724375E+4	6.089131E-1
1.724400E+4	5.305943E-2
1.724425E+4	3.034199E-1
1.724450E+4	3.909860E-1
1.724475E+4	2.851094E-1
1.724500E+4	4.501352E-2
1.724525E+4	3.912351E-1
1.724550E+4	6.466855E-1
1.724575E+4	5.694263E-1
1.724600E+4	2.782275E-1
1.724625E+4	5.820230E-3
1.724650E+4	1.540009E-1
1.724675E+4	3.547692E-1
1.724700E+4	2.681616E-1
1.724725E+4	1.919828E-1
1.724750E+4	3.209090E-1
1.724775E+4	4.711196E-1
1.724800E+4	5.255974E-1
1.724825E+4	3.876836E-1
1.724850E+4	5.162491E-2
1.724875E+4	1.231042E-1
1.724900E+4	3.379591E-1
1.724925E+4	3.289270E-1
1.724950E+4	2.696526E-1
1.724975E+4	2.403432E-1
1.725000E+4	2.407607E-1
1.725025E+4	2.270993E-1
1.725050E+4	2.094984E-1
1.725075E+4	4.048808E-1
1.725100E+4	5.430667E-1
1.725125E+4	5.872954E-1
1.725150E+4	5.640453E-1
1.725175E+4	4.061003E-1
1.725200E+4	3.798970E-2
1.725225E+4	3.230870E-1
1.725250E+4	5.082302E-1
1.725275E+4	5.326275E-1
1.725300E+4	3.527375E-1
1.725325E+4	1.168361E-1
1.725350E+4	2.664193E-1
1.725375E+4	3.306830E-1
1.725400E+4	3.552436E-1
1.725425E+4	4.001309E-1
1.725450E+4	4.704719E-1
1.725475E+4	2.242300E-1
1.725500E+4	1.785844E-3
1.725525E+4	1.375773E-1
1.725550E+4	2.921782E-1
1.725575E+4	2.923426E-1
1.725600E+4	1.440492E-1
1.725625E+4	2.012235E-2
1.725650E+4	1.794714E-1
1.725675E+4	3.389051E-1
1.725700E+4	4.317074E-1
1.725725E+4	6.202059E-1
1.725750E+4	7.000870E-1
1.725775E+4	4.522580E-1
1.725800E+4	6.280776E-2
1.725825E+4	6.532782E-2
1.725850E+4	3.292144E-1
1.725875E+4	4.910255E-1
1.725900E+4	4.158386E-1
1.725925E+4	1.993989E-2
1.725950E+4	4.440595E-1
1.725975E+4	7.304537E-1
1.726000E+4	6.727478E-1
1.726025E+4	3.827611E-1
1.726050E+4	4.991070E-1
1.726075E+4	6.904577E-1
1.726100E+4	7.702429E-1
1.726125E+4	5.511231E-1
1.726150E+4	4.415510E-1
1.726175E+4	6.554968E-1
1.726200E+4	6.697957E-1
1.726225E+4	5.256622E-1
1.726250E+4	3.937490E-1
1.726275E+4	6.398525E-1
1.726300E+4	7.673688E-1
1.726325E+4	8.143379E-1
1.726350E+4	8.178394E-1
1.726375E+4	7.339640E-1
1.726400E+4	5.636005E-1
1.726425E+4	4.465124E-1
1.726450E+4	5.359576E-1
1.726475E+4	6.671280E-1
1.726500E+4	7.053742E-1
1.726525E+4	5.683035E-1
1.726550E+4	1.823177E-1
1.726575E+4	4.130530E-1
1.726600E+4	7.203421E-1
1.726625E+4	8.370575E-1
1.726650E+4	8.357666E-1
1.726675E+4	7.566306E-1
1.726700E+4	6.618810E-1
1.726725E+4	5.158519E-1
1.726750E+4	2.885055E-1
1.726775E+4	3.674778E-1
1.726800E+4	4.177616E-1
1.726825E+4	3.298117E-1
1.726850E+4	1.964814E-1
1.726875E+4	4.230033E-1
1.726900E+4	5.553899E-1
1.726925E+4	5.499728E-1
1.726950E+4	4.743641E-1
1.726975E+4	3.103238E-1
1.727000E+4	3.869418E-2
1.727025E+4	3.282433E-1
1.727050E+4	7.655852E-1
1.727075E+4	7.610055E-1
1.727100E+4	6.263536E-1
1.727125E+4	5.605968E-1
1.727150E+4	7.525712E-1
1.727175E+4	8.515307E-1
1.727200E+4	7.136575E-1
1.727225E+4	3.493089E-1
1.727250E+4	2.082951E-1
1.727275E+4	4.164723E-1
1.727300E+4	5.166868E-1
1.727325E+4	2.873836E-1
1.727350E+4	3.106044E-2
1.727375E+4	8.396146E-2
1.727400E+4	1.846193E-1
1.727425E+4	3.485650E-1
1.727450E+4	5.873265E-1
1.727475E+4	6.787010E-1
1.727500E+4	6.473398E-1
1.727525E+4	2.201363E-1
1.727550E+4	1.695483E-1
1.727575E+4	3.273953E-1
1.727600E+4	2.688712E-1
1.727625E+4	1.204469E-1
1.727650E+4	2.349871E-1
1.727675E+4	5.277929E-1
1.727700E+4	6.435703E-1
1.727725E+4	5.710279E-1
1.727750E+4	2.740849E-1
1.727775E+4	2.973400E-2
1.727800E+4	7.111371E-2
1.727825E+4	1.651823E-1
1.727850E+4	3.234341E-1
1.727875E+4	6.695842E-1
1.727900E+4	7.660984E-1
1.727925E+4	6.163706E-1
1.727950E+4	3.773385E-1
1.727975E+4	5.823825E-1
1.728000E+4	8.535825E-1
1.728025E+4	8.129720E-1
1.728050E+4	5.957642E-1
1.728075E+4	3.560402E-1
1.728100E+4	4.579755E-1
1.728125E+4	5.622373E-1
1.728150E+4	4.931620E-1
1.728175E+4	3.378484E-1
1.728200E+4	3.722952E-1
1.728225E+4	6.453787E-1
1.728250E+4	5.808910E-1
1.728275E+4	2.677039E-1
1.728300E+4	6.873271E-2
1.728325E+4	3.629053E-3
1.728350E+4	1.537378E-1
1.728375E+4	4.683079E-1
1.728400E+4	5.879107E-1
1.728425E+4	6.079111E-1
1.728450E+4	6.291710E-1
1.728475E+4	5.684991E-1
1.728500E+4	4.454526E-1
1.728525E+4	3.642614E-1
1.728550E+4	3.226059E-1
1.728575E+4	3.519357E-1
1.728600E+4	4.018842E-1
1.728625E+4	2.878526E-1
1.728650E+4	1.762219E-1
1.728675E+4	3.119396E-1
1.728700E+4	4.838008E-1
1.728725E+4	4.064779E-1
1.728750E+4	1.610495E-1
1.728775E+4	2.903310E-2
1.728800E+4	3.935173E-1
1.728825E+4	7.951379E-1
1.728850E+4	7.904868E-1
1.728875E+4	5.774340E-1
1.728900E+4	3.230209E-1
1.728925E+4	4.090308E-2
1.728950E+4	2.619581E-1
1.728975E+4	7.116648E-1
1.729000E+4	7.347979E-1
1.729025E+4	5.975232E-1
1.729050E+4	2.432350E-1
1.729075E+4	6.486600E-2
1.729100E+4	5.100027E-1
1.729125E+4	6.745889E-1
1.729150E+4	6.644896E-1
1.729175E+4	5.885926E-1
1.729200E+4	7.840194E-1
1.729225E+4	8.848729E-1
1.729250E+4	8.172256E-1
1.729275E+4	5.966222E-1
1.729300E+4	1.582865E-1
1.729325E+4	4.490581E-1
1.729350E+4	7.896304E-1
1.729375E+4	6.514886E-1
1.729400E+4	5.080840E-1
1.729425E+4	4.327091E-1
1.729450E+4	3.147652E-1
1.729475E+4	1.282613E-1
1.729500E+4	4.808585E-2
1.729525E+4	1.275755E-1
1.729550E+4	2.426275E-1
1.729575E+4	3.209583E-1
1.729600E+4	4.281175E-1
1.729625E+4	6.055648E-1
1.729650E+4	6.976710E-1
1.729675E+4	3.483137E-1
1.729700E+4	1.929655E-1
1.729725E+4	2.676223E-1
1.729750E+4	3.174964E-1
1.729775E+4	1.494049E-1
1.729800E+4	6.522005E-2
1.729825E+4	2.814614E-1
1.729850E+4	4.862890E-1
1.729875E+4	5.906050E-1
1.729900E+4	4.866186E-1
1.729925E+4	3.779563E-1
1.729950E+4	4.241622E-1
1.729975E+4	4.939262E-1
1.730000E+4	3.599946E-1
1.730025E+4	2.302002E-1
1.730050E+4	3.510654E-1
1.730075E+4	5.133986E-1
1.730100E+4	5.851699E-1
1.730125E+4	5.173213E-1
1.730150E+4	4.085318E-1
1.730175E+4	3.745715E-1
1.730200E+4	3.511220E-1
1.730225E+4	3.316655E-1
1.730250E+4	4.859605E-1
1.730275E+4	6.191018E-1
1.730300E+4	5.672248E-1
1.730325E+4	3.877884E-1
1.730350E+4	1.271453E-1
1.730375E+4	2.679120E-2
1.730400E+4	2.781919E-1
1.730425E+4	4.102785E-1
1.730450E+4	4.296270E-1
1.730475E+4	4.351602E-1
1.730500E+4	3.237332E-1
1.730525E+4	2.500333E-1
1.730550E+4	2.777421E-1
1.730575E+4	3.472567E-1
1.730600E+4	3.549462E-1
1.730625E+4	2.089297E-1
1.730650E+4	3.671648E-2
1.730675E+4	4.489452E-2
1.730700E+4	1.172365E-1
1.730725E+4	9.610586E-2
1.730750E+4	1.352263E-1
1.730775E+4	3.974291E-1
1.730800E+4	5.956463E-1
1.730825E+4	6.002607E-1
1.730850E+4	3.969581E-1
1.730875E+4	5.304826E-1
1.730900E+4	7.550639E-1
1.730925E+4	6.803503E-1
1.730950E+4	1.860342E-1
1.730975E+4	3.866224E-1
1.731000E+4	6.944154E-1
1.731025E+4	6.963225E-1
1.731050E+4	5.513200E-1
1.731075E+4	3.160114E-1
1.731100E+4	4.903785E-1
1.731125E+4	7.292525E-1
1.731150E+4	6.264759E-1
1.731175E+4	1.738874E-1
1.731200E+4	4.047580E-1
1.731225E+4	7.380398E-1
1.731250E+4	7.207409E-1
1.731275E+4	6.760950E-1
1.731300E+4	7.155443E-1
1.731325E+4	7.242753E-1
1.731350E+4	5.620880E-1
1.731375E+4	1.813624E-1
1.731400E+4	5.583099E-2
1.731425E+4	3.902048E-1
1.731450E+4	6.113480E-1
1.731475E+4	5.968712E-1
1.731500E+4	3.159267E-1
1.731525E+4	2.968220E-2
1.731550E+4	6.136814E-2
1.731575E+4	2.816761E-1
1.731600E+4	5.444135E-1
1.731625E+4	6.704475E-1
1.731650E+4	5.061344E-1
1.731675E+4	1.247870E-1
1.731700E+4	8.539855E-2
1.731725E+4	4.632221E-1
1.731750E+4	5.344311E-1
1.731775E+4	4.187994E-1
1.731800E+4	3.007393E-1
1.731825E+4	1.983685E-1
1.731850E+4	9.189092E-2
1.731875E+4	3.267607E-1
1.731900E+4	5.324497E-1
1.731925E+4	3.465668E-1
1.731950E+4	1.803558E-1
1.731975E+4	1.087394E-1
1.732000E+4	5.298718E-1
1.732025E+4	4.805494E-1
1.732050E+4	2.694914E-1
1.732075E+4	1.791125E-1
1.732100E+4	1.920997E-1
1.732125E+4	2.708928E-1
1.732150E+4	5.923041E-1
1.732175E+4	8.499378E-1
1.732200E+4	7.111957E-1
1.732225E+4	5.329494E-1
1.732250E+4	4.132817E-1
1.732275E+4	6.130504E-1
1.732300E+4	6.871215E-1
1.732325E+4	4.794044E-1
1.732350E+4	1.500033E-2
1.732375E+4	5.123447E-1
1.732400E+4	8.160869E-1
1.732425E+4	8.114914E-1
1.732450E+4	6.814869E-1
1.732475E+4	4.763685E-1
1.732500E+4	5.811004E-1
1.732525E+4	7.433518E-1
1.732550E+4	6.538710E-1
1.732575E+4	1.885733E-1
1.732600E+4	4.397526E-1
1.732625E+4	7.291539E-1
1.732650E+4	6.499576E-1
1.732675E+4	4.452593E-1
1.732700E+4	3.886002E-1
1.732725E+4	5.917613E-1
1.732750E+4	4.505169E-1
1.732775E+4	7.586938E-2
1.732800E+4	1.274018E-1
1.732825E+4	3.005106E-1
1.732850E+4	2.643417E-1
1.732875E+4	2.183904E-2
1.732900E+4	3.743125E-1
1.732925E+4	7.417382E-1
1.732950E+4	8.546101E-1
1.732975E+4	7.159862E-1
1.733000E+4	3.495308E-1
1.733025E+4	5.151539E-1
1.733050E+4	5.715021E-1
1.733075E+4	3.726002E-1
1.733100E+4	6.034535E-2
1.733125E+4	4.452975E-1
1.733150E+4	6.400808E-1
1.733175E+4	5.692893E-1
1.733200E+4	2.924361E-1
1.733225E+4	3.541229E-1
1.733250E+4	6.066877E-1
1.733275E+4	7.549018E-1
1.733300E+4	8.270730E-1
1.733325E+4	7.379835E-1
1.733350E+4	3.476585E-1
1.733375E+4	1.626174E-1
1.733400E+4	3.129639E-1
1.733425E+4	5.441262E-1
1.733450E+4	7.035925E-1
1.733475E+4	5.478039E-1
1.733500E+4	4.019620E-1
1.733525E+4	4.102423E-1
1.733550E+4	4.338970E-1
1.733575E+4	4.175328E-1
1.733600E+4	4.313422E-1
1.733625E+4	4.211308E-1
1.733650E+4	3.061404E-1
1.733675E+4	1.355333E-1
1.733700E+4	8.610192E-2
1.733725E+4	2.424355E-1
1.733750E+4	3.985315E-1
1.733775E+4	3.757186E-1
1.733800E+4	1.633285E-1
1.733825E+4	2.880608E-1
1.733850E+4	4.471299E-1
1.733875E+4	5.003668E-1
1.733900E+4	4.483027E-1
1.733925E+4	4.918907E-1
1.733950E+4	6.207845E-1
1.733975E+4	5.429318E-1
1.734000E+4	2.684705E-1
1.734025E+4	2.772945E-1
1.734050E+4	4.013201E-1
1.734075E+4	4.135314E-1
1.734100E+4	2.585882E-1
1.734125E+4	1.434893E-1
1.734150E+4	3.369092E-1
1.734175E+4	4.196466E-1
1.734200E+4	2.950962E-1
1.734225E+4	2.203914E-1
1.734250E+4	2.585767E-1
1.734275E+4	2.811988E-1
1.734300E+4	2.034439E-1
1.734325E+4	6.154908E-2
1.734350E+4	7.936002E-2
1.734375E+4	2.674939E-1
1.734400E+4	5.363854E-1
1.734425E+4	5.086871E-1
1.734450E+4	2.362537E-1
1.734475E+4	1.244801E-1
1.734500E+4	2.674122E-1
1.734525E+4	4.899658E-1
1.734550E+4	3.487432E-1
1.734575E+4	2.401344E-1
1.734600E+4	4.620015E-1
1.734625E+4	6.765268E-1
1.734650E+4	6.925074E-1
1.734675E+4	5.331482E-1
1.734700E+4	1.580664E-1
1.734725E+4	1.090382E-1
1.734750E+4	5.546448E-1
1.734775E+4	6.379140E-1
1.734800E+4	5.055192E-1
1.734825E+4	5.412542E-1
1.734850E+4	6.409143E-1
1.734875E+4	6.609026E-1
1.734900E+4	4.681594E-1
1.734925E+4	1.021484E-1
1.734950E+4	3.023978E-1
1.734975E+4	3.677934E-1
1.735000E+4	3.109454E-1
1.735025E+4	2.016433E-1
1.735050E+4	4.084031E-1
1.735075E+4	6.679695E-1
1.735100E+4	6.228096E-1
1.735125E+4	5.424539E-1
1.735150E+4	5.554286E-1
1.735175E+4	6.102043E-1
1.735200E+4	5.589633E-1
1.735225E+4	3.875390E-1
1.735250E+4	2.035217E-1
1.735275E+4	4.325069E-2
1.735300E+4	9.015455E-2
1.735325E+4	3.792884E-1
1.735350E+4	5.089906E-1
1.735375E+4	5.483841E-1
1.735400E+4	5.951048E-1
1.735425E+4	6.499497E-1
1.735450E+4	5.689266E-1
1.735475E+4	2.749144E-1
1.735500E+4	2.511596E-1
1.735525E+4	4.053931E-1
1.735550E+4	4.647472E-1
1.735575E+4	2.776360E-1
1.735600E+4	9.321484E-2
1.735625E+4	4.475019E-1
1.735650E+4	6.331764E-1
1.735675E+4	6.705119E-1
1.735700E+4	4.830178E-1
1.735725E+4	2.007478E-1
1.735750E+4	3.247143E-1
1.735775E+4	4.902927E-1
1.735800E+4	5.666861E-1
1.735825E+4	2.784340E-1
1.735850E+4	3.944309E-2
1.735875E+4	4.064120E-1
1.735900E+4	7.409938E-1
1.735925E+4	7.996091E-1
1.735950E+4	5.795279E-1
1.735975E+4	1.933644E-1
1.736000E+4	1.236705E-1
1.736025E+4	5.626793E-1
1.736050E+4	6.682362E-1
1.736075E+4	5.667428E-1
1.736100E+4	3.278819E-1
1.736125E+4	1.083119E-1
1.736150E+4	2.533040E-1
1.736175E+4	4.420044E-1
1.736200E+4	5.223605E-1
1.736225E+4	6.259987E-1
1.736250E+4	6.451268E-1
1.736275E+4	5.867914E-1
1.736300E+4	4.734506E-1
1.736325E+4	3.522311E-1
1.736350E+4	2.601111E-1
1.736375E+4	7.618385E-2
1.736400E+4	1.949575E-1
1.736425E+4	6.599744E-1
1.736450E+4	7.585866E-1
1.736475E+4	7.714209E-1
1.736500E+4	7.385423E-1
1.736525E+4	5.175859E-1
1.736550E+4	3.800734E-1
1.736575E+4	3.758684E-1
1.736600E+4	3.258176E-1
1.736625E+4	2.405363E-1
1.736650E+4	3.722850E-1
1.736675E+4	6.434103E-1
1.736700E+4	5.930775E-1
1.736725E+4	3.579677E-1
1.736750E+4	2.746377E-1
1.736775E+4	4.133894E-1
1.736800E+4	5.448767E-1
1.736825E+4	6.438903E-1
1.736850E+4	6.613761E-1
1.736875E+4	5.159198E-1
1.736900E+4	2.283656E-1
1.736925E+4	1.117861E-1
1.736950E+4	2.569068E-1
1.736975E+4	2.753476E-1
1.737000E+4	1.540831E-1
1.737025E+4	9.905690E-2
1.737050E+4	3.219173E-1
1.737075E+4	6.225219E-1
1.737100E+4	7.670678E-1
1.737125E+4	7.489793E-1
1.737150E+4	6.566092E-1
1.737175E+4	5.515189E-1
1.737200E+4	4.311713E-1
1.737225E+4	3.569089E-1
1.737250E+4	4.051890E-1
1.737275E+4	4.461361E-1
1.737300E+4	3.506102E-1
1.737325E+4	2.214561E-1
1.737350E+4	1.637114E-1
1.737375E+4	1.544444E-1
1.737400E+4	1.267595E-1
1.737425E+4	1.189460E-1
1.737450E+4	1.786571E-1
1.737475E+4	2.887868E-1
1.737500E+4	4.069946E-1
1.737525E+4	4.879843E-1
1.737550E+4	5.263199E-1
1.737575E+4	5.589844E-1
1.737600E+4	6.219883E-1
1.737625E+4	7.124372E-1
1.737650E+4	7.285302E-1
1.737675E+4	5.150390E-1
1.737700E+4	1.591237E-1
1.737725E+4	9.519784E-2
1.737750E+4	4.075307E-1
1.737775E+4	6.199870E-1
1.737800E+4	3.514841E-1
1.737825E+4	1.901428E-1
1.737850E+4	1.911592E-1
1.737875E+4	2.424099E-1
1.737900E+4	2.510964E-1
1.737925E+4	2.674053E-1
1.737950E+4	3.525769E-1
1.737975E+4	4.117985E-1
1.738000E+4	3.962646E-1
1.738025E+4	8.245418E-2
1.738050E+4	3.120522E-1
1.738075E+4	4.469315E-1
1.738100E+4	4.911692E-1
1.738125E+4	3.648096E-1
1.738150E+4	1.744975E-1
1.738175E+4	3.856937E-1
1.738200E+4	6.018479E-1
1.738225E+4	6.559019E-1
1.738250E+4	2.931859E-1
1.738275E+4	3.070804E-2
1.738300E+4	2.578243E-1
1.738325E+4	4.561957E-1
1.738350E+4	5.047422E-1
1.738375E+4	4.194188E-1
1.738400E+4	3.863243E-1
1.738425E+4	5.016801E-1
1.738450E+4	4.809212E-1
1.738475E+4	2.759784E-1
1.738500E+4	1.203490E-1
1.738525E+4	1.816713E-1
1.738550E+4	2.605805E-1
1.738575E+4	2.148731E-1
1.738600E+4	3.780000E-1
1.738625E+4	5.928384E-1
1.738650E+4	6.259777E-1
1.738675E+4	5.230976E-1
1.738700E+4	1.840230E-1
1.738725E+4	3.720637E-1
1.738750E+4	6.213340E-1
1.738775E+4	5.539902E-1
1.738800E+4	3.698515E-1
1.738825E+4	2.233176E-1
1.738850E+4	6.490247E-1
1.738875E+4	6.610906E-1
1.738900E+4	3.535493E-1
1.738925E+4	6.590172E-2
1.738950E+4	2.827435E-1
1.738975E+4	4.789439E-1
1.739000E+4	3.567609E-1
1.739025E+4	2.708727E-1
1.739050E+4	6.613786E-1
1.739075E+4	7.501857E-1
1.739100E+4	6.317379E-1
1.739125E+4	3.565934E-1
1.739150E+4	7.078884E-2
1.739175E+4	1.710808E-1
1.739200E+4	1.271960E-1
1.739225E+4	4.364570E-2
1.739250E+4	1.788808E-1
1.739275E+4	5.785958E-1
1.739300E+4	6.228462E-1
1.739325E+4	4.203556E-1
1.739350E+4	2.185783E-1
1.739375E+4	5.697125E-2
1.739400E+4	7.086567E-2
1.739425E+4	2.498506E-1
1.739450E+4	3.198725E-1
1.739475E+4	2.194045E-1
1.739500E+4	2.260929E-2
1.739525E+4	7.297942E-2
1.739550E+4	2.477169E-1
1.739575E+4	3.144582E-1
1.739600E+4	2.416275E-1
1.739625E+4	2.838079E-1
1.739650E+4	4.372201E-1
1.739675E+4	6.088137E-1
1.739700E+4	7.638407E-1
1.739725E+4	8.266440E-1
1.739750E+4	7.581397E-1
1.739775E+4	6.272392E-1
1.739800E+4	4.286885E-1
1.739825E+4	6.789519E-2
1.739850E+4	2.435877E-1
1.739875E+4	4.669677E-1
1.739900E+4	4.681369E-1
1.739925E+4	4.498233E-1
1.739950E+4	6.296944E-1
1.739975E+4	6.759987E-1
1.740000E+4	5.497520E-1
1.740025E+4	4.054890E-1
1.740050E+4	4.435853E-1
1.740075E+4	4.623732E-1
1.740100E+4	4.087360E-1
1.740125E+4	2.298859E-1
1.740150E+4	1.117878E-1
1.740175E+4	3.597959E-1
1.740200E+4	4.578988E-1
1.740225E+4	3.569517E-1
1.740250E+4	1.188257E-1
1.740275E+4	2.899235E-1
1.740300E+4	2.540166E-1
1.740325E+4	8.072902E-2
1.740350E+4	8.313727E-2
1.740375E+4	5.133302E-1
1.740400E+4	5.681473E-1
1.740425E+4	4.294529E-1
1.740450E+4	1.638259E-1
1.740475E+4	8.147919E-2
1.740500E+4	5.404011E-1
1.740525E+4	5.638953E-1
1.740550E+4	5.464053E-1
1.740575E+4	6.217658E-1
1.740600E+4	7.399276E-1
1.740625E+4	5.696829E-1
1.740650E+4	3.501910E-1
1.740675E+4	3.223424E-1
1.740700E+4	3.406373E-1
1.740725E+4	2.360507E-1
1.740750E+4	1.082190E-1
1.740775E+4	4.829681E-1
1.740800E+4	6.516693E-1
1.740825E+4	6.971543E-1
1.740850E+4	4.000976E-1
1.740875E+4	2.185847E-3
1.740900E+4	1.774446E-1
1.740925E+4	2.586853E-1
1.740950E+4	1.944207E-1
1.740975E+4	9.799921E-2
1.741000E+4	2.053322E-1
1.741025E+4	3.412191E-1
1.741050E+4	3.149813E-1
1.741075E+4	9.675743E-2
1.741100E+4	2.323647E-1
1.741125E+4	6.383689E-1
1.741150E+4	6.228894E-1
1.741175E+4	5.300106E-1
1.741200E+4	4.194129E-1
1.741225E+4	3.194437E-1
1.741250E+4	2.695380E-1
1.741275E+4	2.023637E-1
1.741300E+4	1.242790E-1
1.741325E+4	8.102313E-2
1.741350E+4	9.505312E-2
1.741375E+4	1.267303E-1
1.741400E+4	1.739641E-1
1.741425E+4	2.788094E-1
1.741450E+4	3.468037E-1
1.741475E+4	2.814077E-1
1.741500E+4	9.026607E-2
1.741525E+4	2.259811E-1
1.741550E+4	5.059838E-1
1.741575E+4	6.402841E-1
1.741600E+4	6.815441E-1
1.741625E+4	7.088738E-1
1.741650E+4	7.588443E-1
1.741675E+4	7.718701E-1
1.741700E+4	5.228545E-1
1.741725E+4	9.309647E-2
1.741750E+4	2.217210E-1
1.741775E+4	3.681345E-1
1.741800E+4	4.407073E-1
1.741825E+4	4.325402E-1
1.741850E+4	4.914158E-1
1.741875E+4	5.477160E-1
1.741900E+4	5.572063E-1
1.741925E+4	4.955746E-1
1.741950E+4	4.622387E-1
1.741975E+4	5.301387E-1
1.742000E+4	5.372778E-1
1.742025E+4	4.398387E-1
1.742050E+4	2.539888E-1
1.742075E+4	4.458573E-1
1.742100E+4	5.676406E-1
1.742125E+4	5.581514E-1
1.742150E+4	2.942794E-1
1.742175E+4	3.267082E-2
1.742200E+4	1.870882E-1
1.742225E+4	2.268902E-1
1.742250E+4	1.673784E-1
1.742275E+4	1.610202E-1
1.742300E+4	2.437443E-1
1.742325E+4	2.570002E-1
1.742350E+4	2.489140E-1
1.742375E+4	3.684928E-1
1.742400E+4	6.469296E-1
1.742425E+4	6.302660E-1
1.742450E+4	7.938020E-2
1.742475E+4	4.600004E-2
1.742500E+4	1.939416E-1
1.742525E+4	2.877437E-1
1.742550E+4	1.811597E-1
1.742575E+4	1.850385E-1
1.742600E+4	2.630029E-1
1.742625E+4	3.316089E-1
1.742650E+4	4.356540E-1
1.742675E+4	5.964857E-1
1.742700E+4	6.501559E-1
1.742725E+4	4.891527E-1
1.742750E+4	3.230861E-1
1.742775E+4	5.776977E-1
1.742800E+4	7.252933E-1
1.742825E+4	6.982913E-1
1.742850E+4	6.110613E-1
1.742875E+4	5.071618E-1
1.742900E+4	3.721342E-1
1.742925E+4	9.981272E-2
1.742950E+4	2.230354E-1
1.742975E+4	6.126131E-1
1.743000E+4	7.002571E-1
1.743025E+4	6.652130E-1
1.743050E+4	4.540088E-1
1.743075E+4	3.643785E-1
1.743100E+4	6.651197E-1
1.743125E+4	7.414948E-1
1.743150E+4	6.425890E-1
1.743175E+4	2.909904E-1
1.743200E+4	1.925517E-1
1.743225E+4	5.946255E-1
1.743250E+4	6.350895E-1
1.743275E+4	5.160275E-1
1.743300E+4	4.389750E-1
1.743325E+4	7.949891E-1
1.743350E+4	6.347407E-1
1.743375E+4	2.899697E-1
1.743400E+4	2.147917E-1
1.743425E+4	4.607538E-1
1.743450E+4	6.975005E-1
1.743475E+4	6.485913E-1
1.743500E+4	3.254480E-1
1.743525E+4	1.855392E-1
1.743550E+4	3.405450E-1
1.743575E+4	3.893717E-1
1.743600E+4	3.954599E-1
1.743625E+4	5.776885E-1
1.743650E+4	7.864398E-1
1.743675E+4	8.105589E-1
1.743700E+4	6.012578E-1
1.743725E+4	3.408847E-1
1.743750E+4	4.556855E-1
1.743775E+4	6.533727E-1
1.743800E+4	6.676848E-1
1.743825E+4	5.083884E-1
1.743850E+4	2.712199E-1
1.743875E+4	1.983852E-1
1.743900E+4	3.527107E-1
1.743925E+4	5.204065E-1
1.743950E+4	6.117356E-1
1.743975E+4	6.031313E-1
1.744000E+4	4.638979E-1
1.744025E+4	1.995383E-1
1.744050E+4	2.935356E-2
1.744075E+4	7.826623E-2
1.744100E+4	9.083751E-2
1.744125E+4	1.318746E-1
1.744150E+4	2.816240E-1
1.744175E+4	4.403615E-1
1.744200E+4	5.221939E-1
1.744225E+4	5.010398E-1
1.744250E+4	4.903755E-1
1.744275E+4	5.053409E-1
1.744300E+4	4.853167E-1
1.744325E+4	3.699701E-1
1.744350E+4	3.068241E-1
1.744375E+4	3.877995E-1
1.744400E+4	4.275209E-1
1.744425E+4	5.862237E-1
1.744450E+4	7.604926E-1
1.744475E+4	8.242596E-1
1.744500E+4	8.006159E-1
1.744525E+4	4.839532E-1
1.744550E+4	3.231208E-1
1.744575E+4	4.435562E-1
1.744600E+4	5.222753E-1
1.744625E+4	5.716076E-1
1.744650E+4	5.672707E-1
1.744675E+4	4.678791E-1
1.744700E+4	3.021919E-1
1.744725E+4	2.453149E-1
1.744750E+4	5.140037E-1
1.744775E+4	6.779850E-1
1.744800E+4	7.184770E-1
1.744825E+4	6.606456E-1
1.744850E+4	3.026007E-1
1.744875E+4	6.700643E-2
1.744900E+4	3.364244E-1
1.744925E+4	2.671235E-1
1.744950E+4	1.219272E-1
1.744975E+4	4.637392E-1
1.745000E+4	6.716438E-1
1.745025E+4	7.856805E-1
1.745050E+4	7.649491E-1
1.745075E+4	3.371411E-1
1.745100E+4	1.095473E-1
1.745125E+4	5.264573E-2
1.745150E+4	2.377295E-1
1.745175E+4	7.104949E-1
1.745200E+4	7.253192E-1
1.745225E+4	5.392890E-1
1.745250E+4	3.116762E-1
1.745275E+4	2.563289E-1
1.745300E+4	4.364794E-1
1.745325E+4	4.971281E-1
1.745350E+4	4.165410E-1
1.745375E+4	3.063820E-1
1.745400E+4	2.548925E-1
1.745425E+4	2.633449E-1
1.745450E+4	3.801349E-1
1.745475E+4	5.845548E-1
1.745500E+4	7.328366E-1
1.745525E+4	7.715663E-1
1.745550E+4	6.603039E-1
1.745575E+4	2.979801E-1
1.745600E+4	9.156790E-2
1.745625E+4	1.413977E-1
1.745650E+4	8.812411E-2
1.745675E+4	2.205129E-2
1.745700E+4	5.696906E-2
1.745725E+4	2.829954E-1
1.745750E+4	6.030443E-1
1.745775E+4	5.977351E-1
1.745800E+4	2.734502E-1
1.745825E+4	2.415889E-2
1.745850E+4	8.813904E-2
1.745875E+4	3.800326E-1
1.745900E+4	5.407827E-1
1.745925E+4	5.380800E-1
1.745950E+4	4.922373E-1
1.745975E+4	4.395320E-1
1.746000E+4	3.681202E-1
1.746025E+4	2.712663E-1
1.746050E+4	2.817637E-1
1.746075E+4	6.534283E-1
1.746100E+4	6.763817E-1
1.746125E+4	5.501989E-1
1.746150E+4	3.566973E-1
1.746175E+4	1.831279E-1
1.746200E+4	3.748927E-1
1.746225E+4	6.635427E-1
1.746250E+4	6.513616E-1
1.746275E+4	2.616904E-1
1.746300E+4	1.202155E-1
1.746325E+4	3.803028E-1
1.746350E+4	5.040330E-1
1.746375E+4	3.064614E-1
1.746400E+4	1.408248E-1
1.746425E+4	3.244950E-1
1.746450E+4	4.490338E-1
1.746475E+4	4.115625E-1
1.746500E+4	2.815561E-1
1.746525E+4	4.864102E-1
1.746550E+4	7.228636E-1
1.746575E+4	7.297503E-1
1.746600E+4	5.880106E-1
1.746625E+4	4.002671E-1
1.746650E+4	5.145577E-1
1.746675E+4	6.601533E-1
1.746700E+4	6.268266E-1
1.746725E+4	4.985448E-1
1.746750E+4	3.062297E-1
1.746775E+4	3.722298E-1
1.746800E+4	4.430709E-1
1.746825E+4	5.067641E-1
1.746850E+4	6.045981E-1
1.746875E+4	5.410864E-1
1.746900E+4	2.132224E-1
1.746925E+4	3.661533E-1
1.746950E+4	6.030398E-1
1.746975E+4	7.001846E-1
1.747000E+4	5.621675E-1
1.747025E+4	2.159520E-1
1.747050E+4	2.320517E-1
1.747075E+4	5.857975E-1
1.747100E+4	6.613321E-1
1.747125E+4	5.650207E-1
1.747150E+4	3.898490E-1
1.747175E+4	2.553570E-1
1.747200E+4	2.763314E-1
1.747225E+4	3.452438E-1
1.747250E+4	4.202707E-1
1.747275E+4	4.527826E-1
1.747300E+4	3.340247E-1
1.747325E+4	1.019678E-1
1.747350E+4	1.370689E-1
1.747375E+4	4.404887E-1
1.747400E+4	6.037801E-1
1.747425E+4	6.186828E-1
1.747450E+4	5.426553E-1
1.747475E+4	4.533812E-1
1.747500E+4	4.361821E-1
1.747525E+4	4.589621E-1
1.747550E+4	4.879091E-1
1.747575E+4	4.524129E-1
1.747600E+4	3.177070E-1
1.747625E+4	2.845300E-1
1.747650E+4	4.434520E-1
1.747675E+4	7.010748E-1
1.747700E+4	6.018712E-1
1.747725E+4	3.706393E-1
1.747750E+4	4.023586E-1
1.747775E+4	6.452008E-1
1.747800E+4	8.602739E-1
1.747825E+4	8.992806E-1
1.747850E+4	6.556894E-1
1.747875E+4	1.934940E-1
1.747900E+4	5.326567E-1
1.747925E+4	5.862950E-1
1.747950E+4	4.813043E-1
1.747975E+4	3.283490E-1
1.748000E+4	6.453361E-1
1.748025E+4	7.555615E-1
1.748050E+4	6.599970E-1
1.748075E+4	4.432413E-1
1.748100E+4	1.825990E-1
1.748125E+4	5.304333E-1
1.748150E+4	7.248884E-1
1.748175E+4	5.048510E-1
1.748200E+4	1.269593E-1
1.748225E+4	3.213344E-1
1.748250E+4	6.038304E-1
1.748275E+4	7.219373E-1
1.748300E+4	4.530545E-1
1.748325E+4	3.057085E-1
1.748350E+4	5.230742E-1
1.748375E+4	6.131273E-1
1.748400E+4	5.526799E-1
1.748425E+4	5.068983E-1
1.748450E+4	6.020126E-1
1.748475E+4	6.426700E-1
1.748500E+4	6.099450E-1
1.748525E+4	4.959973E-1
1.748550E+4	3.204287E-1
1.748575E+4	2.514004E-1
1.748600E+4	2.085833E-1
1.748625E+4	1.506986E-1
1.748650E+4	1.430529E-1
1.748675E+4	2.657628E-1
1.748700E+4	4.364698E-1
1.748725E+4	3.247320E-1
1.748750E+4	1.986983E-1
1.748775E+4	2.250556E-1
1.748800E+4	4.874920E-1
1.748825E+4	7.917267E-1
1.748850E+4	8.186606E-1
1.748875E+4	7.262463E-1
1.748900E+4	6.559210E-1
1.748925E+4	6.892270E-1
1.748950E+4	8.025738E-1
1.748975E+4	8.441293E-1
1.749000E+4	7.484815E-1
1.749025E+4	5.283477E-1
1.749050E+4	4.961950E-1
1.749075E+4	5.332325E-1
1.749100E+4	3.132888E-1
1.749125E+4	1.646121E-1
1.749150E+4	5.629025E-1
1.749175E+4	6.144707E-1
1.749200E+4	5.117860E-1
1.749225E+4	3.185796E-1
1.749250E+4	2.259390E-1
1.749275E+4	6.234318E-1
1.749300E+4	7.830660E-1
1.749325E+4	2.468355E-1
1.749350E+4	4.164280E-2
1.749375E+4	3.491077E-1
1.749400E+4	6.502129E-1
1.749425E+4	7.849948E-1
1.749450E+4	5.870039E-1
1.749475E+4	4.556430E-1
1.749500E+4	6.361049E-1
1.749525E+4	7.480013E-1
1.749550E+4	7.014376E-1
1.749575E+4	3.723848E-1
1.749600E+4	1.794238E-1
1.749625E+4	4.145614E-1
1.749650E+4	6.148382E-1
1.749675E+4	6.769169E-1
1.749700E+4	4.742374E-1
1.749725E+4	1.848624E-1
1.749750E+4	4.477548E-1
1.749775E+4	5.784037E-1
1.749800E+4	5.762849E-1
1.749825E+4	4.975591E-1
1.749850E+4	4.361269E-1
1.749875E+4	5.153219E-1
1.749900E+4	5.934614E-1
1.749925E+4	5.734315E-1
1.749950E+4	4.192884E-1
1.749975E+4	4.570022E-1
1.750000E+4	6.536679E-1
1.750025E+4	6.797334E-1
1.750050E+4	6.559286E-1
1.750075E+4	5.705430E-1
1.750100E+4	3.527809E-1
1.750125E+4	1.930234E-1
1.750150E+4	5.924162E-1
1.750175E+4	6.784030E-1
1.750200E+4	5.207220E-1
1.750225E+4	3.450979E-1
1.750250E+4	2.935347E-1
1.750275E+4	3.909956E-1
1.750300E+4	4.366500E-1
1.750325E+4	4.000029E-1
1.750350E+4	5.621913E-1
1.750375E+4	7.585793E-1
1.750400E+4	7.701690E-1
1.750425E+4	4.942491E-1
1.750450E+4	3.233929E-1
1.750475E+4	6.504455E-1
1.750500E+4	7.948122E-1
1.750525E+4	6.899716E-1
1.750550E+4	4.540834E-1
1.750575E+4	6.545169E-1
1.750600E+4	8.199217E-1
1.750625E+4	7.645367E-1
1.750650E+4	5.069848E-1
1.750675E+4	8.605789E-2
1.750700E+4	1.988933E-1
1.750725E+4	4.683239E-1
1.750750E+4	5.532639E-1
1.750775E+4	5.994920E-1
1.750800E+4	6.742643E-1
1.750825E+4	6.423989E-1
1.750850E+4	5.451295E-1
1.750875E+4	4.595472E-1
1.750900E+4	3.565200E-1
1.750925E+4	1.596424E-1
1.750950E+4	2.021096E-2
1.750975E+4	3.634583E-1
1.751000E+4	6.962404E-1
1.751025E+4	7.308209E-1
1.751050E+4	5.133362E-1
1.751075E+4	2.474814E-1
1.751100E+4	4.524490E-1
1.751125E+4	4.206519E-1
1.751150E+4	2.649446E-1
1.751175E+4	1.450620E-1
1.751200E+4	2.718547E-1
1.751225E+4	5.098559E-1
1.751250E+4	5.807419E-1
1.751275E+4	5.560279E-1
1.751300E+4	6.802438E-1
1.751325E+4	7.394665E-1
1.751350E+4	6.701007E-1
1.751375E+4	4.567104E-1
1.751400E+4	1.602133E-1
1.751425E+4	2.398081E-1
1.751450E+4	3.977955E-1
1.751475E+4	4.059370E-1
1.751500E+4	3.731980E-1
1.751525E+4	3.366313E-1
1.751550E+4	2.466627E-1
1.751575E+4	6.135007E-2
1.751600E+4	2.270525E-1
1.751625E+4	4.222819E-1
1.751650E+4	3.959085E-1
1.751675E+4	3.181138E-1
1.751700E+4	2.046301E-1
1.751725E+4	9.668293E-2
1.751750E+4	8.264503E-2
1.751775E+4	1.058190E-1
1.751800E+4	1.408403E-1
1.751825E+4	2.480797E-1
1.751850E+4	4.333318E-1
1.751875E+4	2.426058E-1
1.751900E+4	6.971033E-2
1.751925E+4	1.785798E-1
1.751950E+4	4.252050E-1
1.751975E+4	5.119579E-1
1.752000E+4	3.192026E-1
1.752025E+4	3.379485E-1
1.752050E+4	4.061447E-1
1.752075E+4	3.602601E-1
1.752100E+4	2.049135E-1
1.752125E+4	2.173414E-1
1.752150E+4	4.598219E-1
1.752175E+4	5.754390E-1
1.752200E+4	4.748684E-1
1.752225E+4	1.321502E-1
1.752250E+4	1.119241E-1
1.752275E+4	3.010633E-1
1.752300E+4	3.363235E-1
1.752325E+4	1.995006E-1
1.752350E+4	1.471477E-1
1.752375E+4	4.265958E-1
1.752400E+4	4.215778E-1
1.752425E+4	2.806957E-1
1.752450E+4	8.428871E-2
1.752475E+4	5.183823E-2
1.752500E+4	1.474440E-1
1.752525E+4	1.447622E-1
1.752550E+4	9.292698E-2
1.752575E+4	2.906047E-1
1.752600E+4	5.618814E-1
1.752625E+4	6.337037E-1
1.752650E+4	5.622724E-1
1.752675E+4	4.262268E-1
1.752700E+4	3.556617E-1
1.752725E+4	3.074104E-1
1.752750E+4	2.497628E-1
1.752775E+4	2.419040E-1
1.752800E+4	2.822301E-1
1.752825E+4	2.759096E-1
1.752850E+4	2.451087E-1
1.752875E+4	2.102615E-1
1.752900E+4	2.111908E-1
1.752925E+4	3.620185E-1
1.752950E+4	5.455703E-1
1.752975E+4	7.084902E-1
1.753000E+4	7.314389E-1
1.753025E+4	4.806962E-1
1.753050E+4	1.497020E-1
1.753075E+4	1.081019E-1
1.753100E+4	4.847217E-1
1.753125E+4	7.451160E-1
1.753150E+4	6.258529E-1
1.753175E+4	3.876669E-1
1.753200E+4	3.089899E-1
1.753225E+4	4.413699E-1
1.753250E+4	5.356920E-1
1.753275E+4	5.493288E-1
1.753300E+4	5.563306E-1
1.753325E+4	5.482019E-1
1.753350E+4	4.454371E-1
1.753375E+4	3.669572E-1
1.753400E+4	4.048799E-1
1.753425E+4	5.060505E-1
1.753450E+4	6.101615E-1
1.753475E+4	6.550718E-1
1.753500E+4	6.057386E-1
1.753525E+4	6.480903E-1
1.753550E+4	7.720284E-1
1.753575E+4	8.556509E-1
1.753600E+4	8.501730E-1
1.753625E+4	7.160916E-1
1.753650E+4	4.717056E-1
1.753675E+4	3.479981E-1
1.753700E+4	4.663562E-1
1.753725E+4	5.435406E-1
1.753750E+4	4.922379E-1
1.753775E+4	4.774783E-1
1.753800E+4	6.440441E-1
1.753825E+4	7.345505E-1
1.753850E+4	6.462987E-1
1.753875E+4	4.123750E-1
1.753900E+4	2.174597E-1
1.753925E+4	2.730633E-1
1.753950E+4	3.221017E-1
1.753975E+4	2.999339E-1
1.754000E+4	3.359032E-1
1.754025E+4	4.661501E-1
1.754050E+4	5.383232E-1
1.754075E+4	5.308741E-1
1.754100E+4	5.413023E-1
1.754125E+4	6.389017E-1
1.754150E+4	7.765983E-1
1.754175E+4	8.443056E-1
1.754200E+4	7.102439E-1
1.754225E+4	5.138274E-1
1.754250E+4	4.482019E-1
1.754275E+4	4.717157E-1
1.754300E+4	5.950204E-1
1.754325E+4	7.013606E-1
1.754350E+4	6.181203E-1
1.754375E+4	5.334471E-1
1.754400E+4	4.351585E-1
1.754425E+4	3.658551E-1
1.754450E+4	4.778821E-1
1.754475E+4	6.136891E-1
1.754500E+4	7.044677E-1
1.754525E+4	7.077160E-1
1.754550E+4	5.817950E-1
1.754575E+4	3.845970E-1
1.754600E+4	3.284016E-1
1.754625E+4	5.902508E-1
1.754650E+4	6.991324E-1
1.754675E+4	7.268522E-1
1.754700E+4	7.508491E-1
1.754725E+4	7.567013E-1
1.754750E+4	6.671383E-1
1.754775E+4	4.699872E-1
1.754800E+4	3.673057E-1
1.754825E+4	5.781506E-1
1.754850E+4	7.734223E-1
1.754875E+4	7.973177E-1
1.754900E+4	7.742976E-1
1.754925E+4	7.553832E-1
1.754950E+4	7.583586E-1
1.754975E+4	7.662464E-1
1.755000E+4	7.509919E-1
1.755025E+4	6.144969E-1
1.755050E+4	2.171095E-1
1.755075E+4	1.059351E-1
1.755100E+4	2.024795E-1
1.755125E+4	4.096617E-1
1.755150E+4	8.404581E-1
1.755175E+4	8.199985E-1
1.755200E+4	7.743561E-1
1.755225E+4	7.227897E-1
1.755250E+4	5.847124E-1
1.755275E+4	2.001028E-1
1.755300E+4	4.267192E-1
1.755325E+4	6.995827E-1
1.755350E+4	6.426354E-1
1.755375E+4	4.223563E-1
1.755400E+4	2.513373E-1
1.755425E+4	3.777601E-1
1.755450E+4	5.799565E-1
1.755475E+4	6.256603E-1
1.755500E+4	6.561888E-1
1.755525E+4	8.130148E-1
1.755550E+4	9.473509E-1
1.755575E+4	8.627157E-1
1.755600E+4	5.185168E-1
1.755625E+4	2.827959E-1
1.755650E+4	4.834841E-1
1.755675E+4	6.651744E-1
1.755700E+4	5.686930E-1
1.755725E+4	3.053160E-1
1.755750E+4	2.245552E-1
1.755775E+4	4.794348E-1
1.755800E+4	6.598808E-1
1.755825E+4	6.977920E-1
1.755850E+4	6.667848E-1
1.755875E+4	6.568349E-1
1.755900E+4	7.209234E-1
1.755925E+4	7.686016E-1
1.755950E+4	8.022088E-1
1.755975E+4	8.279354E-1
1.756000E+4	8.075234E-1
1.756025E+4	7.006950E-1
1.756050E+4	6.366661E-1
1.756075E+4	6.502495E-1
1.756100E+4	7.161121E-1
1.756125E+4	8.125391E-1
1.756150E+4	8.734820E-1
1.756175E+4	7.399695E-1
1.756200E+4	4.136865E-1
1.756225E+4	3.785166E-1
1.756250E+4	5.393354E-1
1.756275E+4	7.159155E-1
1.756300E+4	7.617942E-1
1.756325E+4	5.951869E-1
1.756350E+4	6.715371E-1
1.756375E+4	7.868917E-1
1.756400E+4	8.225754E-1
1.756425E+4	5.694595E-1
1.756450E+4	9.335725E-2
1.756475E+4	2.338185E-1
1.756500E+4	4.808366E-1
1.756525E+4	5.442105E-1
1.756550E+4	4.006194E-1
1.756575E+4	5.209567E-1
1.756600E+4	7.120480E-1
1.756625E+4	5.771771E-1
1.756650E+4	3.711500E-1
1.756675E+4	2.327857E-1
1.756700E+4	2.651723E-1
1.756725E+4	4.730207E-1
1.756750E+4	6.216413E-1
1.756775E+4	5.797816E-1
1.756800E+4	5.223501E-1
1.756825E+4	5.643221E-1
1.756850E+4	6.038603E-1
1.756875E+4	6.250260E-1
1.756900E+4	6.920548E-1
1.756925E+4	8.054241E-1
1.756950E+4	8.483530E-1
1.756975E+4	7.790825E-1
1.757000E+4	6.657122E-1
1.757025E+4	5.346586E-1
1.757050E+4	3.615671E-1
1.757075E+4	2.128988E-1
1.757100E+4	2.965007E-1
1.757125E+4	5.057551E-1
1.757150E+4	6.372791E-1
1.757175E+4	7.033685E-1
1.757200E+4	7.304181E-1
1.757225E+4	6.128536E-1
1.757250E+4	3.011022E-1
1.757275E+4	7.070440E-2
1.757300E+4	7.623550E-2
1.757325E+4	2.295668E-1
1.757350E+4	3.762119E-1
1.757375E+4	4.206300E-1
1.757400E+4	4.325970E-1
1.757425E+4	6.105900E-1
1.757450E+4	7.629721E-1
1.757475E+4	7.471808E-1
1.757500E+4	4.793127E-1
1.757525E+4	2.523503E-1
1.757550E+4	3.922645E-1
1.757575E+4	5.515279E-1
1.757600E+4	4.759491E-1
1.757625E+4	1.965449E-1
1.757650E+4	2.262315E-1
1.757675E+4	3.300467E-1
1.757700E+4	3.306752E-1
1.757725E+4	1.716407E-1
1.757750E+4	8.690084E-2
1.757775E+4	2.160848E-1
1.757800E+4	3.781049E-1
1.757825E+4	4.847694E-1
1.757850E+4	3.811504E-1
1.757875E+4	2.217625E-1
1.757900E+4	2.278650E-1
1.757925E+4	4.080047E-1
1.757950E+4	5.606141E-1
1.757975E+4	5.590164E-1
1.758000E+4	5.049769E-1
1.758025E+4	3.718935E-1
1.758050E+4	2.241463E-1
1.758075E+4	2.708213E-1
1.758100E+4	3.521529E-1
1.758125E+4	3.636548E-1
1.758150E+4	3.357459E-1
1.758175E+4	4.300024E-1
1.758200E+4	5.427580E-1
1.758225E+4	5.847676E-1
1.758250E+4	4.890586E-1
1.758275E+4	3.136878E-1
1.758300E+4	4.102980E-1
1.758325E+4	5.819977E-1
1.758350E+4	5.949018E-1
1.758375E+4	5.042564E-1
1.758400E+4	3.949771E-1
1.758425E+4	2.951513E-1
1.758450E+4	2.657987E-1
1.758475E+4	3.198592E-1
1.758500E+4	3.418220E-1
1.758525E+4	3.352969E-1
1.758550E+4	3.765476E-1
1.758575E+4	5.055651E-1
1.758600E+4	6.548871E-1
1.758625E+4	6.795231E-1
1.758650E+4	5.496108E-1
1.758675E+4	5.493316E-1
1.758700E+4	6.721082E-1
1.758725E+4	7.782158E-1
1.758750E+4	7.218153E-1
1.758775E+4	5.610997E-1
1.758800E+4	4.976743E-1
1.758825E+4	5.529256E-1
1.758850E+4	6.418713E-1
1.758875E+4	6.197047E-1
1.758900E+4	5.616577E-1
1.758925E+4	5.214659E-1
1.758950E+4	4.403050E-1
1.758975E+4	3.451028E-1
1.759000E+4	3.841786E-1
1.759025E+4	5.752636E-1
1.759050E+4	7.806083E-1
1.759075E+4	8.165747E-1
1.759100E+4	4.657126E-1
1.759125E+4	2.846518E-1
1.759150E+4	6.374993E-1
1.759175E+4	7.805757E-1
1.759200E+4	7.355283E-1
1.759225E+4	4.902113E-1
1.759250E+4	4.392824E-1
1.759275E+4	5.308694E-1
1.759300E+4	5.530185E-1
1.759325E+4	5.159734E-1
1.759350E+4	4.366613E-1
1.759375E+4	3.641005E-1
1.759400E+4	2.801730E-1
1.759425E+4	3.590879E-1
1.759450E+4	7.300061E-1
1.759475E+4	8.379686E-1
1.759500E+4	7.941418E-1
1.759525E+4	6.352644E-1
1.759550E+4	3.933481E-1
1.759575E+4	5.758457E-1
1.759600E+4	7.077748E-1
1.759625E+4	7.420026E-1
1.759650E+4	7.555679E-1
1.759675E+4	8.046965E-1
1.759700E+4	7.831600E-1
1.759725E+4	6.651602E-1
1.759750E+4	4.612963E-1
1.759775E+4	1.720954E-1
1.759800E+4	1.118472E-1
1.759825E+4	3.549743E-1
1.759850E+4	5.299169E-1
1.759875E+4	5.865827E-1
1.759900E+4	5.885432E-1
1.759925E+4	6.331269E-1
1.759950E+4	7.156377E-1
1.759975E+4	7.289140E-1
1.760000E+4	6.339347E-1
1.760025E+4	3.969065E-1
1.760050E+4	5.245614E-1
1.760075E+4	6.382854E-1
1.760100E+4	6.134754E-1
1.760125E+4	5.120415E-1
1.760150E+4	4.541729E-1
1.760175E+4	6.560687E-1
1.760200E+4	7.103968E-1
1.760225E+4	6.397310E-1
1.760250E+4	5.955797E-1
1.760275E+4	6.894804E-1
1.760300E+4	8.045747E-1
1.760325E+4	7.634727E-1
1.760350E+4	3.438337E-1
1.760375E+4	4.028788E-1
1.760400E+4	7.470364E-1
1.760425E+4	8.560039E-1
1.760450E+4	7.987989E-1
1.760475E+4	5.772049E-1
1.760500E+4	5.972868E-1
1.760525E+4	6.657751E-1
1.760550E+4	7.101649E-1
1.760575E+4	7.989475E-1
1.760600E+4	8.924273E-1
1.760625E+4	8.584599E-1
1.760650E+4	6.898630E-1
1.760675E+4	5.445491E-1
1.760700E+4	5.241774E-1
1.760725E+4	4.639887E-1
1.760750E+4	3.214731E-1
1.760775E+4	5.663210E-1
1.760800E+4	7.473695E-1
1.760825E+4	7.852093E-1
1.760850E+4	6.483557E-1
1.760875E+4	4.721716E-1
1.760900E+4	5.704223E-1
1.760925E+4	7.331964E-1
1.760950E+4	6.871285E-1
1.760975E+4	4.628156E-1
1.761000E+4	5.258373E-1
1.761025E+4	6.836316E-1
1.761050E+4	7.486025E-1
1.761075E+4	6.101508E-1
1.761100E+4	3.732058E-1
1.761125E+4	5.465502E-1
1.761150E+4	7.600375E-1
1.761175E+4	7.230295E-1
1.761200E+4	5.399079E-1
1.761225E+4	4.434658E-1
1.761250E+4	7.093326E-1
1.761275E+4	8.497120E-1
1.761300E+4	7.832597E-1
1.761325E+4	7.021843E-1
1.761350E+4	6.573438E-1
1.761375E+4	7.090977E-1
1.761400E+4	7.441816E-1
1.761425E+4	7.291256E-1
1.761450E+4	7.446543E-1
1.761475E+4	7.768972E-1
1.761500E+4	7.473842E-1
1.761525E+4	6.687246E-1
1.761550E+4	7.259220E-1
1.761575E+4	8.170464E-1
1.761600E+4	8.641591E-1
1.761625E+4	8.719470E-1
1.761650E+4	7.628556E-1
1.761675E+4	6.325380E-1
1.761700E+4	7.170119E-1
1.761725E+4	7.766066E-1
1.761750E+4	7.733581E-1
1.761775E+4	6.080653E-1
1.761800E+4	5.113743E-1
1.761825E+4	5.123855E-1
1.761850E+4	5.186502E-1
1.761875E+4	6.450839E-1
1.761900E+4	8.673790E-1
1.761925E+4	8.142107E-1
1.761950E+4	7.196861E-1
1.761975E+4	6.298374E-1
1.762000E+4	6.489684E-1
1.762025E+4	7.169279E-1
1.762050E+4	6.770007E-1
1.762075E+4	4.854335E-1
1.762100E+4	3.492358E-1
1.762125E+4	6.505666E-1
1.762150E+4	7.717159E-1
1.762175E+4	7.579619E-1
1.762200E+4	7.004038E-1
1.762225E+4	7.588943E-1
1.762250E+4	8.904434E-1
1.762275E+4	8.963557E-1
1.762300E+4	7.988823E-1
1.762325E+4	6.176653E-1
1.762350E+4	5.032847E-1
1.762375E+4	6.741007E-1
1.762400E+4	8.038410E-1
1.762425E+4	7.661609E-1
1.762450E+4	5.397577E-1
1.762475E+4	5.638179E-1
1.762500E+4	7.833997E-1
1.762525E+4	8.815221E-1
1.762550E+4	9.034560E-1
1.762575E+4	8.447897E-1
1.762600E+4	6.485404E-1
1.762625E+4	4.189665E-1
1.762650E+4	3.761261E-1
1.762675E+4	4.744943E-1
1.762700E+4	6.559182E-1
1.762725E+4	8.437511E-1
1.762750E+4	8.988204E-1
1.762775E+4	7.414090E-1
1.762800E+4	5.074607E-1
1.762825E+4	4.072672E-1
1.762850E+4	5.750064E-1
1.762875E+4	7.784553E-1
1.762900E+4	7.801626E-1
1.762925E+4	7.398220E-1
1.762950E+4	6.879260E-1
1.762975E+4	6.140934E-1
1.763000E+4	5.538290E-1
1.763025E+4	5.094056E-1
1.763050E+4	5.015644E-1
1.763075E+4	6.413867E-1
1.763100E+4	7.760013E-1
1.763125E+4	8.313419E-1
1.763150E+4	8.408288E-1
1.763175E+4	7.444538E-1
1.763200E+4	5.744468E-1
1.763225E+4	4.886226E-1
1.763250E+4	4.952711E-1
1.763275E+4	5.451252E-1
1.763300E+4	5.611711E-1
1.763325E+4	5.516114E-1
1.763350E+4	5.410426E-1
1.763375E+4	5.586427E-1
1.763400E+4	6.596491E-1
1.763425E+4	7.463577E-1
1.763450E+4	7.766417E-1
1.763475E+4	7.490963E-1
1.763500E+4	6.941503E-1
1.763525E+4	6.799337E-1
1.763550E+4	6.762052E-1
1.763575E+4	5.105363E-1
1.763600E+4	3.634134E-1
1.763625E+4	3.718438E-1
1.763650E+4	3.988540E-1
1.763675E+4	4.302687E-1
1.763700E+4	4.740714E-1
1.763725E+4	4.984927E-1
1.763750E+4	4.499187E-1
1.763775E+4	4.298269E-1
1.763800E+4	4.739306E-1
1.763825E+4	5.354226E-1
1.763850E+4	5.735035E-1
1.763875E+4	5.900648E-1
1.763900E+4	6.303316E-1
1.763925E+4	6.604189E-1
1.763950E+4	6.062288E-1
1.763975E+4	5.762417E-1
1.764000E+4	5.535143E-1
1.764025E+4	4.668345E-1
1.764050E+4	4.492642E-1
1.764075E+4	6.602323E-1
1.764100E+4	7.834370E-1
1.764125E+4	8.579184E-1
1.764150E+4	7.250597E-1
1.764175E+4	3.072132E-1
1.764200E+4	4.138304E-1
1.764225E+4	6.015471E-1
1.764250E+4	7.234075E-1
1.764275E+4	7.121678E-1
1.764300E+4	6.490719E-1
1.764325E+4	6.890851E-1
1.764350E+4	7.002627E-1
1.764375E+4	6.324764E-1
1.764400E+4	5.251266E-1
1.764425E+4	5.208759E-1
1.764450E+4	6.171382E-1
1.764475E+4	6.416530E-1
1.764500E+4	5.300504E-1
1.764525E+4	4.918409E-1
1.764550E+4	5.559149E-1
1.764575E+4	5.426770E-1
1.764600E+4	4.409575E-1
1.764625E+4	4.896746E-1
1.764650E+4	6.515858E-1
1.764675E+4	8.034265E-1
1.764700E+4	7.603740E-1
1.764725E+4	4.123915E-1
1.764750E+4	2.235213E-1
1.764775E+4	2.787609E-1
1.764800E+4	3.413778E-1
1.764825E+4	3.353798E-1
1.764850E+4	3.806954E-1
1.764875E+4	5.805432E-1
1.764900E+4	7.587487E-1
1.764925E+4	7.663468E-1
1.764950E+4	7.163115E-1
1.764975E+4	7.551269E-1
1.765000E+4	8.677088E-1
1.765025E+4	8.664843E-1
1.765050E+4	6.984144E-1
1.765075E+4	4.494620E-1
1.765100E+4	4.466351E-1
1.765125E+4	6.722278E-1
1.765150E+4	7.247884E-1
1.765175E+4	6.974973E-1
1.765200E+4	6.873083E-1
1.765225E+4	7.316483E-1
1.765250E+4	7.365414E-1
1.765275E+4	6.799266E-1
1.765300E+4	6.051496E-1
1.765325E+4	5.284282E-1
1.765350E+4	4.819250E-1
1.765375E+4	4.914236E-1
1.765400E+4	5.375881E-1
1.765425E+4	5.729373E-1
1.765450E+4	5.226593E-1
1.765475E+4	4.353074E-1
1.765500E+4	4.576597E-1
1.765525E+4	5.208966E-1
1.765550E+4	5.529317E-1
1.765575E+4	4.897178E-1
1.765600E+4	4.718742E-1
1.765625E+4	6.998246E-1
1.765650E+4	8.095517E-1
1.765675E+4	8.368100E-1
1.765700E+4	7.961685E-1
1.765725E+4	7.855462E-1
1.765750E+4	8.128725E-1
1.765775E+4	7.970550E-1
1.765800E+4	6.346435E-1
1.765825E+4	4.858235E-1
1.765850E+4	6.526429E-1
1.765875E+4	7.872438E-1
1.765900E+4	8.283755E-1
1.765925E+4	7.961143E-1
1.765950E+4	7.798926E-1
1.765975E+4	8.185014E-1
1.766000E+4	8.208094E-1
1.766025E+4	7.612104E-1
1.766050E+4	6.673889E-1
1.766075E+4	6.170212E-1
1.766100E+4	6.721041E-1
1.766125E+4	7.445687E-1
1.766150E+4	7.281201E-1
1.766175E+4	6.890743E-1
1.766200E+4	7.098668E-1
1.766225E+4	7.515025E-1
1.766250E+4	7.938712E-1
1.766275E+4	8.482002E-1
1.766300E+4	8.929339E-1
1.766325E+4	8.962230E-1
1.766350E+4	8.365922E-1
1.766375E+4	6.375867E-1
1.766400E+4	4.055211E-1
1.766425E+4	4.207300E-1
1.766450E+4	5.261017E-1
1.766475E+4	6.479305E-1
1.766500E+4	7.203075E-1
1.766525E+4	6.909350E-1
1.766550E+4	6.402832E-1
1.766575E+4	5.428055E-1
1.766600E+4	3.996627E-1
1.766625E+4	4.566959E-1
1.766650E+4	6.170347E-1
1.766675E+4	6.945935E-1
1.766700E+4	7.283348E-1
1.766725E+4	7.669258E-1
1.766750E+4	7.830243E-1
1.766775E+4	7.665627E-1
1.766800E+4	7.220678E-1
1.766825E+4	7.512385E-1
1.766850E+4	8.424998E-1
1.766875E+4	8.755653E-1
1.766900E+4	8.632562E-1
1.766925E+4	8.083605E-1
1.766950E+4	7.295725E-1
1.766975E+4	6.548221E-1
1.767000E+4	6.690945E-1
1.767025E+4	7.637575E-1
1.767050E+4	8.082326E-1
1.767075E+4	8.090949E-1
1.767100E+4	7.579227E-1
1.767125E+4	6.737113E-1
1.767150E+4	7.141028E-1
1.767175E+4	7.303864E-1
1.767200E+4	6.874216E-1
1.767225E+4	6.919010E-1
1.767250E+4	8.120612E-1
1.767275E+4	8.357285E-1
1.767300E+4	7.792891E-1
1.767325E+4	6.791316E-1
1.767350E+4	7.392469E-1
1.767375E+4	8.376302E-1
1.767400E+4	8.444460E-1
1.767425E+4	7.191785E-1
1.767450E+4	6.724755E-1
1.767475E+4	8.738680E-1
1.767500E+4	9.211772E-1
1.767525E+4	8.671775E-1
1.767550E+4	5.388716E-1
1.767575E+4	4.811768E-1
1.767600E+4	6.983382E-1
1.767625E+4	7.666260E-1
1.767650E+4	7.493080E-1
1.767675E+4	7.410816E-1
1.767700E+4	7.629908E-1
1.767725E+4	7.581919E-1
1.767750E+4	7.221207E-1
1.767775E+4	7.252386E-1
1.767800E+4	8.019171E-1
1.767825E+4	8.094484E-1
1.767850E+4	7.757163E-1
1.767875E+4	7.960817E-1
1.767900E+4	8.841804E-1
1.767925E+4	9.344688E-1
1.767950E+4	9.462191E-1
1.767975E+4	9.350162E-1
1.768000E+4	9.089071E-1
1.768025E+4	8.883763E-1
1.768050E+4	8.765037E-1
1.768075E+4	8.597888E-1
1.768100E+4	8.264178E-1
1.768125E+4	7.724965E-1
1.768150E+4	7.548126E-1
1.768175E+4	7.944330E-1
1.768200E+4	8.138510E-1
1.768225E+4	7.696397E-1
1.768250E+4	7.015014E-1
1.768275E+4	8.327143E-1
1.768300E+4	8.964830E-1
1.768325E+4	8.865821E-1
1.768350E+4	7.860891E-1
1.768375E+4	6.031943E-1
1.768400E+4	6.450411E-1
1.768425E+4	7.720487E-1
1.768450E+4	7.363028E-1
1.768475E+4	5.258751E-1
1.768500E+4	5.120674E-1
1.768525E+4	5.763001E-1
1.768550E+4	6.075181E-1
1.768575E+4	6.077358E-1
1.768600E+4	6.768761E-1
1.768625E+4	7.664797E-1
1.768650E+4	7.619774E-1
1.768675E+4	7.267452E-1
1.768700E+4	7.785228E-1
1.768725E+4	8.907116E-1
1.768750E+4	9.431789E-1
1.768775E+4	9.136280E-1
1.768800E+4	7.925597E-1
1.768825E+4	7.083518E-1
1.768850E+4	6.413510E-1
1.768875E+4	4.983750E-1
1.768900E+4	3.513162E-1
1.768925E+4	4.596229E-1
1.768950E+4	6.794390E-1
1.768975E+4	7.103790E-1
1.769000E+4	5.050433E-1
1.769025E+4	3.936382E-1
1.769050E+4	4.589860E-1
1.769075E+4	5.682412E-1
1.769100E+4	6.613208E-1
1.769125E+4	7.233197E-1
1.769150E+4	7.617907E-1
1.769175E+4	7.100470E-1
1.769200E+4	3.818694E-1
1.769225E+4	1.282396E-1
1.769250E+4	2.928550E-1
1.769275E+4	5.083063E-1
1.769300E+4	7.285331E-1
1.769325E+4	6.015596E-1
1.769350E+4	5.515187E-1
1.769375E+4	6.141964E-1
1.769400E+4	7.002516E-1
1.769425E+4	6.945123E-1
1.769450E+4	4.900772E-1
1.769475E+4	3.224003E-1
1.769500E+4	1.261519E-1
1.769525E+4	2.217665E-1
1.769550E+4	5.979194E-1
1.769575E+4	6.522531E-1
1.769600E+4	2.025487E-1
1.769625E+4	2.144082E-1
1.769650E+4	4.252482E-1
1.769675E+4	5.110346E-1
1.769700E+4	5.411159E-1
1.769725E+4	5.317711E-1
1.769750E+4	5.559209E-1
1.769775E+4	6.194101E-1
1.769800E+4	6.336752E-1
1.769825E+4	6.290024E-1
1.769850E+4	6.697013E-1
1.769875E+4	8.331530E-1
1.769900E+4	7.506834E-1
1.769925E+4	6.551524E-1
1.769950E+4	4.408891E-1
1.769975E+4	1.678868E-1
1.770000E+4	3.009142E-1
1.770025E+4	4.967991E-1
1.770050E+4	6.555363E-1
1.770075E+4	7.965960E-1
1.770100E+4	7.795056E-1
1.770125E+4	5.648412E-1
1.770150E+4	2.769810E-1
1.770175E+4	2.930042E-1
1.770200E+4	5.509124E-1
1.770225E+4	6.624630E-1
1.770250E+4	6.445057E-1
1.770275E+4	6.269174E-1
1.770300E+4	7.287816E-1
1.770325E+4	7.652251E-1
1.770350E+4	7.278606E-1
1.770375E+4	5.990847E-1
1.770400E+4	4.516514E-1
1.770425E+4	5.516367E-1
1.770450E+4	7.065974E-1
1.770475E+4	7.092378E-1
1.770500E+4	6.159037E-1
1.770525E+4	5.159752E-1
1.770550E+4	4.058743E-1
1.770575E+4	2.416810E-1
1.770600E+4	1.937884E-1
1.770625E+4	4.209626E-1
1.770650E+4	5.890767E-1
1.770675E+4	6.185710E-1
1.770700E+4	5.478053E-1
1.770725E+4	5.326932E-1
1.770750E+4	6.915899E-1
1.770775E+4	7.792607E-1
1.770800E+4	6.334687E-1
1.770825E+4	2.119979E-1
1.770850E+4	2.564666E-1
1.770875E+4	5.899371E-1
1.770900E+4	6.993656E-1
1.770925E+4	6.390358E-1
1.770950E+4	4.441113E-1
1.770975E+4	4.809746E-1
1.771000E+4	6.773570E-1
1.771025E+4	7.645873E-1
1.771050E+4	7.852053E-1
1.771075E+4	6.928273E-1
1.771100E+4	5.443630E-1
1.771125E+4	3.785107E-1
1.771150E+4	1.728816E-1
1.771175E+4	2.559498E-1
1.771200E+4	6.846504E-1
1.771225E+4	7.980078E-1
1.771250E+4	7.556656E-1
1.771275E+4	7.258873E-1
1.771300E+4	7.324061E-1
1.771325E+4	6.389209E-1
1.771350E+4	4.369490E-1
1.771375E+4	3.391656E-1
1.771400E+4	5.101960E-1
1.771425E+4	6.761173E-1
1.771450E+4	7.315426E-1
1.771475E+4	7.185730E-1
1.771500E+4	7.969871E-1
1.771525E+4	8.266255E-1
1.771550E+4	8.382049E-1
1.771575E+4	8.448600E-1
1.771600E+4	7.523402E-1
1.771625E+4	5.809860E-1
1.771650E+4	4.808592E-1
1.771675E+4	4.527010E-1
1.771700E+4	5.649994E-1
1.771725E+4	7.528244E-1
1.771750E+4	5.691340E-1
1.771775E+4	4.603028E-1
1.771800E+4	5.917404E-1
1.771825E+4	6.412318E-1
1.771850E+4	4.858608E-1
1.771875E+4	1.711196E-1
1.771900E+4	3.498243E-1
1.771925E+4	7.514065E-1
1.771950E+4	6.978638E-1
1.771975E+4	5.304749E-1
1.772000E+4	5.114517E-1
1.772025E+4	4.931787E-1
1.772050E+4	3.271575E-1
1.772075E+4	1.917542E-1
1.772100E+4	3.126147E-1
1.772125E+4	6.012630E-1
1.772150E+4	6.557534E-1
1.772175E+4	3.459249E-1
1.772200E+4	3.081744E-1
1.772225E+4	5.467588E-1
1.772250E+4	6.408727E-1
1.772275E+4	5.336197E-1
1.772300E+4	2.813468E-1
1.772325E+4	4.518978E-1
1.772350E+4	6.462206E-1
1.772375E+4	5.970197E-1
1.772400E+4	5.188597E-1
1.772425E+4	6.220066E-1
1.772450E+4	6.720306E-1
1.772475E+4	4.875998E-1
1.772500E+4	2.847078E-1
1.772525E+4	3.556151E-1
1.772550E+4	4.975544E-1
1.772575E+4	4.096499E-1
1.772600E+4	1.932348E-1
1.772625E+4	5.186343E-1
1.772650E+4	7.808967E-1
1.772675E+4	8.294737E-1
1.772700E+4	8.173818E-1
1.772725E+4	7.984847E-1
1.772750E+4	6.726496E-1
1.772775E+4	4.330995E-1
1.772800E+4	2.735161E-1
1.772825E+4	4.716191E-1
1.772850E+4	8.099282E-1
1.772875E+4	7.914355E-1
1.772900E+4	3.225629E-1
1.772925E+4	7.427009E-2
1.772950E+4	6.228230E-1
1.772975E+4	7.477063E-1
1.773000E+4	6.432198E-1
1.773025E+4	5.038891E-1
1.773050E+4	5.663114E-1
1.773075E+4	8.068250E-1
1.773100E+4	8.042817E-1
1.773125E+4	7.515743E-1
1.773150E+4	7.079968E-1
1.773175E+4	5.770653E-1
1.773200E+4	4.216833E-1
1.773225E+4	5.690311E-1
1.773250E+4	6.713980E-1
1.773275E+4	6.506349E-1
1.773300E+4	4.106982E-1
1.773325E+4	2.639045E-1
1.773350E+4	5.390739E-1
1.773375E+4	6.329994E-1
1.773400E+4	5.623707E-1
1.773425E+4	4.378440E-1
1.773450E+4	4.607510E-1
1.773475E+4	4.790430E-1
1.773500E+4	3.794357E-1
1.773525E+4	2.403810E-1
1.773550E+4	3.816033E-1
1.773575E+4	5.202637E-1
1.773600E+4	4.418150E-1
1.773625E+4	3.610516E-1
1.773650E+4	5.860770E-1
1.773675E+4	8.498109E-1
1.773700E+4	8.556875E-1
1.773725E+4	6.917420E-1
1.773750E+4	5.352930E-1
1.773775E+4	5.837611E-1
1.773800E+4	5.877638E-1
1.773825E+4	5.038947E-1
1.773850E+4	4.664033E-1
1.773875E+4	5.997477E-1
1.773900E+4	5.438513E-1
1.773925E+4	4.405514E-1
1.773950E+4	4.838744E-1
1.773975E+4	6.511387E-1
1.774000E+4	7.058681E-1
1.774025E+4	6.640482E-1
1.774050E+4	6.438357E-1
1.774075E+4	6.968620E-1
1.774100E+4	6.771081E-1
1.774125E+4	5.195712E-1
1.774150E+4	4.346134E-1
1.774175E+4	5.203120E-1
1.774200E+4	6.905897E-1
1.774225E+4	7.417772E-1
1.774250E+4	6.741709E-1
1.774275E+4	5.353967E-1
1.774300E+4	2.694923E-1
1.774325E+4	1.980369E-2
1.774350E+4	2.790053E-1
1.774375E+4	5.019201E-1
1.774400E+4	5.365512E-1
1.774425E+4	4.994525E-1
1.774450E+4	5.391105E-1
1.774475E+4	7.683004E-1
1.774500E+4	9.307743E-1
1.774525E+4	8.938574E-1
1.774550E+4	8.175383E-1
1.774575E+4	8.093877E-1
1.774600E+4	8.300922E-1
1.774625E+4	7.718251E-1
1.774650E+4	6.984427E-1
1.774675E+4	6.534867E-1
1.774700E+4	5.741649E-1
1.774725E+4	4.108390E-1
1.774750E+4	3.498583E-1
1.774775E+4	5.700881E-1
1.774800E+4	7.474735E-1
1.774825E+4	8.025362E-1
1.774850E+4	7.374743E-1
1.774875E+4	6.474519E-1
1.774900E+4	7.460796E-1
1.774925E+4	7.904494E-1
1.774950E+4	7.210898E-1
1.774975E+4	4.660683E-1
1.775000E+4	3.800823E-1
1.775025E+4	7.401704E-1
1.775050E+4	8.086357E-1
1.775075E+4	5.919076E-1
1.775100E+4	3.556346E-1
1.775125E+4	4.692725E-1
1.775150E+4	6.404258E-1
1.775175E+4	6.290218E-1
1.775200E+4	4.169315E-1
1.775225E+4	3.839743E-1
1.775250E+4	5.150057E-1
1.775275E+4	6.550083E-1
1.775300E+4	6.330677E-1
1.775325E+4	5.511663E-1
1.775350E+4	6.695161E-1
1.775375E+4	7.459020E-1
1.775400E+4	8.138047E-1
1.775425E+4	9.174976E-1
1.775450E+4	9.690037E-1
1.775475E+4	9.421316E-1
1.775500E+4	7.680185E-1
1.775525E+4	3.213611E-1
1.775550E+4	2.081061E-1
1.775575E+4	3.514108E-1
1.775600E+4	3.753706E-1
1.775625E+4	3.438011E-1
1.775650E+4	5.241810E-1
1.775675E+4	8.027018E-1
1.775700E+4	8.026528E-1
1.775725E+4	4.769722E-1
1.775750E+4	2.953713E-1
1.775775E+4	3.678859E-1
1.775800E+4	4.610839E-1
1.775825E+4	4.955546E-1
1.775850E+4	5.322505E-1
1.775875E+4	6.895157E-1
1.775900E+4	6.702010E-1
1.775925E+4	4.590167E-1
1.775950E+4	8.879180E-2
1.775975E+4	3.475318E-1
1.776000E+4	5.269912E-1
1.776025E+4	4.886836E-1
1.776050E+4	2.844103E-1
1.776075E+4	3.728422E-1
1.776100E+4	7.441795E-1
1.776125E+4	8.042670E-1
1.776150E+4	6.555371E-1
1.776175E+4	3.476168E-1
1.776200E+4	4.928769E-1
1.776225E+4	6.550080E-1
1.776250E+4	7.062828E-1
1.776275E+4	6.936045E-1
1.776300E+4	5.120341E-1
1.776325E+4	4.501944E-1
1.776350E+4	4.939642E-1
1.776375E+4	5.252752E-1
1.776400E+4	6.219076E-1
1.776425E+4	7.655217E-1
1.776450E+4	6.788899E-1
1.776475E+4	5.521561E-1
1.776500E+4	4.677979E-1
1.776525E+4	4.116471E-1
1.776550E+4	3.918650E-1
1.776575E+4	4.057619E-1
1.776600E+4	4.361825E-1
1.776625E+4	4.806552E-1
1.776650E+4	5.376848E-1
1.776675E+4	5.746652E-1
1.776700E+4	5.804957E-1
1.776725E+4	5.792694E-1
1.776750E+4	5.621602E-1
1.776775E+4	5.064106E-1
1.776800E+4	4.302194E-1
1.776825E+4	3.393908E-1
1.776850E+4	2.749174E-1
1.776875E+4	3.560821E-1
1.776900E+4	5.417596E-1
1.776925E+4	6.772372E-1
1.776950E+4	6.616459E-1
1.776975E+4	5.106052E-1
1.777000E+4	3.545933E-1
1.777025E+4	2.615862E-1
1.777050E+4	3.404520E-1
1.777075E+4	5.352873E-1
1.777100E+4	5.068261E-1
1.777125E+4	3.337401E-1
1.777150E+4	1.231968E-1
1.777175E+4	1.703990E-1
1.777200E+4	4.120264E-1
1.777225E+4	4.817361E-1
1.777250E+4	4.552196E-1
1.777275E+4	5.001640E-1
1.777300E+4	6.330182E-1
1.777325E+4	5.246853E-1
1.777350E+4	3.992812E-1
1.777375E+4	3.631925E-1
1.777400E+4	4.722525E-1
1.777425E+4	5.298887E-1
1.777450E+4	3.904074E-1
1.777475E+4	1.699907E-1
1.777500E+4	2.648645E-1
1.777525E+4	4.659658E-1
1.777550E+4	5.985215E-1
1.777575E+4	6.795006E-1
1.777600E+4	6.235961E-1
1.777625E+4	4.654692E-1
1.777650E+4	3.179461E-1
1.777675E+4	1.484910E-1
1.777700E+4	1.065620E-1
1.777725E+4	3.223509E-1
1.777750E+4	5.679978E-1
1.777775E+4	7.436954E-1
1.777800E+4	7.179157E-1
1.777825E+4	6.460361E-1
1.777850E+4	6.063167E-1
1.777875E+4	5.435800E-1
1.777900E+4	3.985613E-1
1.777925E+4	3.415314E-1
1.777950E+4	7.217232E-1
1.777975E+4	6.051642E-1
1.778000E+4	3.156164E-1
1.778025E+4	1.036088E-1
1.778050E+4	1.523881E-1
1.778075E+4	3.001282E-1
1.778100E+4	3.321323E-1
1.778125E+4	2.081551E-1
1.778150E+4	9.401504E-2
1.778175E+4	8.493975E-2
1.778200E+4	1.237849E-1
1.778225E+4	1.877526E-1
1.778250E+4	2.801494E-1
1.778275E+4	3.721206E-1
1.778300E+4	3.789184E-1
1.778325E+4	1.778077E-1
1.778350E+4	2.157453E-2
1.778375E+4	9.961228E-2
1.778400E+4	2.474208E-1
1.778425E+4	3.247344E-1
1.778450E+4	1.556935E-1
1.778475E+4	2.468590E-1
1.778500E+4	3.536601E-1
1.778525E+4	4.038288E-1
1.778550E+4	3.245474E-1
1.778575E+4	1.292547E-1
1.778600E+4	7.285290E-2
1.778625E+4	2.693587E-1
1.778650E+4	4.756351E-1
1.778675E+4	4.572869E-1
1.778700E+4	3.590239E-1
1.778725E+4	3.363848E-1
1.778750E+4	4.627237E-1
1.778775E+4	6.848591E-1
1.778800E+4	4.863649E-1
1.778825E+4	4.549599E-2
1.778850E+4	1.782544E-1
1.778875E+4	5.580333E-1
1.778900E+4	7.817339E-1
1.778925E+4	5.396541E-1
1.778950E+4	9.689689E-2
1.778975E+4	6.148428E-2
1.779000E+4	2.332502E-1
1.779025E+4	3.363813E-1
1.779050E+4	4.164021E-1
1.779075E+4	5.202345E-1
1.779100E+4	5.600316E-1
1.779125E+4	4.111582E-1
1.779150E+4	3.960204E-1
1.779175E+4	5.633308E-1
1.779200E+4	6.319309E-1
1.779225E+4	5.274087E-1
1.779250E+4	2.939503E-1
1.779275E+4	2.897599E-1
1.779300E+4	5.442639E-1
1.779325E+4	6.946522E-1
1.779350E+4	5.088831E-1
1.779375E+4	3.569307E-2
1.779400E+4	6.294083E-1
1.779425E+4	6.959363E-1
1.779450E+4	4.394678E-1
1.779475E+4	3.352789E-1
1.779500E+4	5.019638E-1
1.779525E+4	6.019768E-1
1.779550E+4	5.029906E-1
1.779575E+4	3.848744E-1
1.779600E+4	3.986629E-1
1.779625E+4	4.440719E-1
1.779650E+4	3.291917E-1
1.779675E+4	1.069666E-1
1.779700E+4	4.152364E-1
1.779725E+4	6.888518E-1
1.779750E+4	6.811097E-1
1.779775E+4	3.443876E-1
1.779800E+4	4.417799E-2
1.779825E+4	1.866328E-1
1.779850E+4	2.845744E-1
1.779875E+4	1.647462E-1
1.779900E+4	1.837976E-1
1.779925E+4	2.619305E-1
1.779950E+4	2.423516E-1
1.779975E+4	3.532836E-2
1.780000E+4	2.193483E-1
1.780025E+4	4.853506E-1
1.780050E+4	6.465451E-1
1.780075E+4	7.596834E-1
1.780100E+4	8.152636E-1
1.780125E+4	7.480239E-1
1.780150E+4	6.576655E-1
1.780175E+4	6.595396E-1
1.780200E+4	6.029777E-1
1.780225E+4	4.875629E-1
1.780250E+4	4.877274E-1
1.780275E+4	5.931701E-1
1.780300E+4	6.537427E-1
1.780325E+4	1.611716E-1
1.780350E+4	3.130747E-1
1.780375E+4	6.538014E-1
1.780400E+4	7.582279E-1
1.780425E+4	6.873524E-1
1.780450E+4	4.003942E-1
1.780475E+4	3.472384E-2
1.780500E+4	2.086467E-1
1.780525E+4	5.891910E-1
1.780550E+4	7.432760E-1
1.780575E+4	6.908948E-1
1.780600E+4	4.366256E-1
1.780625E+4	1.241621E-1
1.780650E+4	4.822593E-1
1.780675E+4	5.786097E-1
1.780700E+4	5.222824E-1
1.780725E+4	3.677631E-1
1.780750E+4	1.464659E-1
1.780775E+4	1.887314E-1
1.780800E+4	3.739839E-1
1.780825E+4	5.045718E-1
1.780850E+4	4.630064E-1
1.780875E+4	1.028618E-1
1.780900E+4	6.919880E-2
1.780925E+4	2.871683E-1
1.780950E+4	4.148137E-1
1.780975E+4	4.310218E-1
1.781000E+4	4.387414E-1
1.781025E+4	4.517645E-1
1.781050E+4	3.613668E-1
1.781075E+4	1.589602E-1
1.781100E+4	7.275062E-2
1.781125E+4	3.715858E-1
1.781150E+4	5.748782E-1
1.781175E+4	5.095258E-1
1.781200E+4	3.405362E-1
1.781225E+4	4.386935E-1
1.781250E+4	6.191281E-1
1.781275E+4	6.359358E-1
1.781300E+4	4.853683E-1
1.781325E+4	2.053991E-1
1.781350E+4	1.711613E-1
1.781375E+4	5.442221E-1
1.781400E+4	7.062093E-1
1.781425E+4	6.600885E-1
1.781450E+4	4.227198E-1
1.781475E+4	3.006709E-1
1.781500E+4	4.680987E-1
1.781525E+4	4.675459E-1
1.781550E+4	3.573177E-1
1.781575E+4	4.381505E-1
1.781600E+4	6.177172E-1
1.781625E+4	5.373211E-1
1.781650E+4	3.671752E-1
1.781675E+4	2.543000E-1
1.781700E+4	3.014506E-1
1.781725E+4	4.156852E-1
1.781750E+4	3.836916E-1
1.781775E+4	1.860259E-1
1.781800E+4	2.894854E-1
1.781825E+4	4.659290E-1
1.781850E+4	4.917527E-1
1.781875E+4	3.356475E-1
1.781900E+4	5.333516E-1
1.781925E+4	7.885070E-1
1.781950E+4	8.536241E-1
1.781975E+4	6.343335E-1
1.782000E+4	2.591534E-1
1.782025E+4	1.865447E-1
1.782050E+4	1.870149E-1
1.782075E+4	1.085540E-1
1.782100E+4	1.512508E-1
1.782125E+4	3.491695E-1
1.782150E+4	4.749302E-1
1.782175E+4	4.166300E-1
1.782200E+4	2.481956E-1
1.782225E+4	5.056674E-1
1.782250E+4	5.704811E-1
1.782275E+4	5.484875E-1
1.782300E+4	4.240349E-1
1.782325E+4	3.761669E-1
1.782350E+4	4.250129E-1
1.782375E+4	4.225915E-1
1.782400E+4	4.178175E-1
1.782425E+4	4.830407E-1
1.782450E+4	4.302075E-1
1.782475E+4	2.313002E-1
1.782500E+4	6.934356E-2
1.782525E+4	1.312659E-1
1.782550E+4	2.442167E-1
1.782575E+4	2.906024E-1
1.782600E+4	3.843514E-1
1.782625E+4	5.873783E-1
1.782650E+4	6.750129E-1
1.782675E+4	5.215698E-1
1.782700E+4	3.977305E-1
1.782725E+4	4.172688E-1
1.782750E+4	4.562801E-1
1.782775E+4	4.528240E-1
1.782800E+4	4.275647E-1
1.782825E+4	4.497245E-1
1.782850E+4	4.220532E-1
1.782875E+4	3.220918E-1
1.782900E+4	4.272998E-1
1.782925E+4	6.251179E-1
1.782950E+4	7.048620E-1
1.782975E+4	7.190550E-1
1.783000E+4	4.617479E-1
1.783025E+4	3.724296E-1
1.783050E+4	4.860893E-1
1.783075E+4	5.126550E-1
1.783100E+4	5.263049E-1
1.783125E+4	6.537982E-1
1.783150E+4	6.838599E-1
1.783175E+4	6.450427E-1
1.783200E+4	5.468445E-1
1.783225E+4	3.645202E-1
1.783250E+4	6.061544E-1
1.783275E+4	5.853040E-1
1.783300E+4	3.744034E-1
1.783325E+4	2.431103E-1
1.783350E+4	5.253406E-1
1.783375E+4	5.969059E-1
1.783400E+4	4.505822E-1
1.783425E+4	2.881609E-1
1.783450E+4	3.402734E-1
1.783475E+4	5.111317E-1
1.783500E+4	5.078372E-1
1.783525E+4	1.457760E-1
1.783550E+4	2.456908E-2
1.783575E+4	1.245374E-1
1.783600E+4	2.663174E-1
1.783625E+4	3.873773E-1
1.783650E+4	2.812427E-1
1.783675E+4	1.886323E-1
1.783700E+4	2.336853E-1
1.783725E+4	3.975085E-1
1.783750E+4	5.869638E-1
1.783775E+4	5.922559E-1
1.783800E+4	4.458194E-1
1.783825E+4	4.503094E-1
1.783850E+4	5.083874E-1
1.783875E+4	5.333682E-1
1.783900E+4	5.598901E-1
1.783925E+4	6.387275E-1
1.783950E+4	7.380213E-1
1.783975E+4	8.237740E-1
1.784000E+4	8.179152E-1
1.784025E+4	6.823959E-1
1.784050E+4	5.778186E-1
1.784075E+4	4.796693E-1
1.784100E+4	2.893230E-1
1.784125E+4	7.915559E-2
1.784150E+4	8.589135E-2
1.784175E+4	1.288750E-1
1.784200E+4	3.058111E-1
1.784225E+4	5.579313E-1
1.784250E+4	6.830657E-1
1.784275E+4	6.659792E-1
1.784300E+4	4.650682E-1
1.784325E+4	3.073430E-1
1.784350E+4	6.752156E-1
1.784375E+4	7.607213E-1
1.784400E+4	7.305864E-1
1.784425E+4	6.020122E-1
1.784450E+4	4.336553E-1
1.784475E+4	5.445824E-1
1.784500E+4	7.330819E-1
1.784525E+4	8.222806E-1
1.784550E+4	7.759615E-1
1.784575E+4	6.445948E-1
1.784600E+4	4.690455E-1
1.784625E+4	2.871085E-1
1.784650E+4	3.235043E-1
1.784675E+4	5.892262E-1
1.784700E+4	7.109377E-1
1.784725E+4	7.031941E-1
1.784750E+4	5.975209E-1
1.784775E+4	4.093947E-1
1.784800E+4	3.371838E-1
1.784825E+4	5.163107E-1
1.784850E+4	6.284287E-1
1.784875E+4	4.813121E-1
1.784900E+4	1.561444E-1
1.784925E+4	5.633231E-1
1.784950E+4	6.658172E-1
1.784975E+4	5.584301E-1
1.785000E+4	2.252247E-1
1.785025E+4	8.891165E-2
1.785050E+4	6.072807E-1
1.785075E+4	6.509729E-1
1.785100E+4	4.455985E-1
1.785125E+4	4.440589E-1
1.785150E+4	8.676991E-1
1.785175E+4	7.115285E-1
1.785200E+4	3.386037E-1
1.785225E+4	1.208967E-1
1.785250E+4	5.222995E-1
1.785275E+4	8.571862E-1
1.785300E+4	8.610084E-1
1.785325E+4	6.209292E-1
1.785350E+4	4.317808E-1
1.785375E+4	5.691011E-1
1.785400E+4	6.032812E-1
1.785425E+4	4.679248E-1
1.785450E+4	4.192019E-1
1.785475E+4	5.159665E-1
1.785500E+4	3.884975E-1
1.785525E+4	1.593199E-1
1.785550E+4	6.253626E-2
1.785575E+4	1.877903E-1
1.785600E+4	3.285960E-1
1.785625E+4	3.302448E-1
1.785650E+4	3.835858E-1
1.785675E+4	4.736648E-1
1.785700E+4	5.214568E-1
1.785725E+4	5.246156E-1
1.785750E+4	5.611150E-1
1.785775E+4	5.635332E-1
1.785800E+4	3.349956E-1
1.785825E+4	1.030559E-1
1.785850E+4	1.904996E-1
1.785875E+4	4.282795E-1
1.785900E+4	5.074057E-1
1.785925E+4	1.565694E-1
1.785950E+4	1.100289E-1
1.785975E+4	2.683079E-1
1.786000E+4	5.157397E-1
1.786025E+4	7.045254E-1
1.786050E+4	5.206376E-1
1.786075E+4	3.408502E-1
1.786100E+4	2.806215E-1
1.786125E+4	3.049087E-1
1.786150E+4	4.129570E-1
1.786175E+4	5.000570E-1
1.786200E+4	5.589216E-1
1.786225E+4	6.214963E-1
1.786250E+4	6.276548E-1
1.786275E+4	4.963539E-1
1.786300E+4	4.234775E-1
1.786325E+4	4.344966E-1
1.786350E+4	4.079112E-1
1.786375E+4	3.032908E-1
1.786400E+4	7.869257E-2
1.786425E+4	6.016356E-1
1.786450E+4	7.518000E-1
1.786475E+4	4.691210E-1
1.786500E+4	1.840338E-1
1.786525E+4	3.525915E-2
1.786550E+4	1.974462E-1
1.786575E+4	3.342150E-1
1.786600E+4	2.994022E-1
1.786625E+4	2.370207E-1
1.786650E+4	4.838696E-1
1.786675E+4	6.434380E-1
1.786700E+4	5.974642E-1
1.786725E+4	6.592957E-1
1.786750E+4	7.532822E-1
1.786775E+4	6.954954E-1
1.786800E+4	3.238629E-1
1.786825E+4	1.478058E-1
1.786850E+4	6.327579E-1
1.786875E+4	8.118050E-1
1.786900E+4	6.905161E-1
1.786925E+4	2.993823E-1
1.786950E+4	3.552337E-1
1.786975E+4	5.350047E-1
1.787000E+4	5.799758E-1
1.787025E+4	4.238764E-1
1.787050E+4	4.054452E-1
1.787075E+4	5.391268E-1
1.787100E+4	5.142129E-1
1.787125E+4	2.250061E-1
1.787150E+4	6.314338E-1
1.787175E+4	8.906148E-1
1.787200E+4	8.033622E-1
1.787225E+4	5.145593E-1
1.787250E+4	1.463228E-1
1.787275E+4	5.275619E-1
1.787300E+4	7.309670E-1
1.787325E+4	7.299092E-1
1.787350E+4	4.018569E-1
1.787375E+4	2.438427E-1
1.787400E+4	5.637775E-1
1.787425E+4	6.768347E-1
1.787450E+4	5.505483E-1
1.787475E+4	2.644798E-1
1.787500E+4	2.151475E-1
1.787525E+4	2.482374E-1
1.787550E+4	1.701286E-1
1.787575E+4	8.289661E-2
1.787600E+4	4.815247E-2
1.787625E+4	1.906829E-2
1.787650E+4	4.581712E-2
1.787675E+4	1.724973E-1
1.787700E+4	3.473784E-1
1.787725E+4	4.155106E-1
1.787750E+4	2.653134E-1
1.787775E+4	4.555653E-2
1.787800E+4	5.574622E-2
1.787825E+4	1.782290E-1
1.787850E+4	2.025454E-1
1.787875E+4	1.152713E-1
1.787900E+4	5.028974E-1
1.787925E+4	7.681342E-1
1.787950E+4	7.502090E-1
1.787975E+4	5.573017E-1
1.788000E+4	1.880088E-1
1.788025E+4	7.514218E-2
1.788050E+4	3.039685E-1
1.788075E+4	4.380739E-1
1.788100E+4	3.890514E-1
1.788125E+4	2.032559E-1
1.788150E+4	1.557402E-1
1.788175E+4	3.718858E-1
1.788200E+4	3.886204E-1
1.788225E+4	1.591664E-1
1.788250E+4	1.036130E-2
1.788275E+4	2.856735E-1
1.788300E+4	6.371655E-1
1.788325E+4	6.440391E-1
1.788350E+4	2.725458E-1
1.788375E+4	1.493513E-1
1.788400E+4	4.316008E-1
1.788425E+4	5.663166E-1
1.788450E+4	4.929771E-1
1.788475E+4	2.859111E-1
1.788500E+4	1.907194E-1
1.788525E+4	2.683210E-1
1.788550E+4	3.257342E-1
1.788575E+4	2.948903E-1
1.788600E+4	2.198331E-1
1.788625E+4	2.208776E-1
1.788650E+4	2.726109E-1
1.788675E+4	2.838059E-1
1.788700E+4	2.706817E-1
1.788725E+4	5.533113E-1
1.788750E+4	5.652279E-1
1.788775E+4	4.516339E-1
1.788800E+4	3.047753E-1
1.788825E+4	1.667563E-1
1.788850E+4	2.755399E-1
1.788875E+4	5.313082E-1
1.788900E+4	6.837303E-1
1.788925E+4	7.422056E-1
1.788950E+4	7.128994E-1
1.788975E+4	5.925995E-1
1.789000E+4	4.239351E-1
1.789025E+4	2.691328E-1
1.789050E+4	2.260601E-1
1.789075E+4	3.955319E-1
1.789100E+4	6.083694E-1
1.789125E+4	6.266231E-1
1.789150E+4	4.781409E-1
1.789175E+4	2.407529E-1
1.789200E+4	3.332234E-2
1.789225E+4	6.691177E-2
1.789250E+4	3.257672E-1
1.789275E+4	5.852295E-1
1.789300E+4	6.936045E-1
1.789325E+4	6.205271E-1
1.789350E+4	5.922339E-1
1.789375E+4	6.752863E-1
1.789400E+4	7.086107E-1
1.789425E+4	5.756554E-1
1.789450E+4	4.544904E-1
1.789475E+4	3.799975E-1
1.789500E+4	2.834595E-1
1.789525E+4	1.284455E-1
1.789550E+4	3.980530E-1
1.789575E+4	4.986221E-1
1.789600E+4	4.915530E-1
1.789625E+4	3.667209E-1
1.789650E+4	5.165695E-2
1.789675E+4	1.680827E-1
1.789700E+4	3.425414E-1
1.789725E+4	4.895476E-1
1.789750E+4	5.579727E-1
1.789775E+4	4.755496E-1
1.789800E+4	3.351408E-1
1.789825E+4	2.137649E-1
1.789850E+4	2.636797E-1
1.789875E+4	4.949820E-1
1.789900E+4	5.021076E-1
1.789925E+4	4.773121E-1
1.789950E+4	5.490549E-1
1.789975E+4	6.904707E-1
1.790000E+4	7.314563E-1
1.790025E+4	4.150797E-1
1.790050E+4	1.115465E-1
1.790075E+4	4.716611E-1
1.790100E+4	7.180737E-1
1.790125E+4	6.885839E-1
1.790150E+4	4.075745E-1
1.790175E+4	2.880740E-1
1.790200E+4	4.112577E-1
1.790225E+4	4.207176E-1
1.790250E+4	3.205653E-1
1.790275E+4	2.333262E-1
1.790300E+4	2.444783E-1
1.790325E+4	2.609787E-1
1.790350E+4	1.071305E-1
1.790375E+4	5.766633E-2
1.790400E+4	1.242817E-1
1.790425E+4	2.425276E-1
1.790450E+4	4.076993E-1
1.790475E+4	4.125104E-1
1.790500E+4	2.686197E-1
1.790525E+4	5.374328E-2
1.790550E+4	1.276894E-1
1.790575E+4	4.384568E-1
1.790600E+4	4.842113E-1
1.790625E+4	3.716298E-1
1.790650E+4	1.412115E-1
1.790675E+4	1.392291E-1
1.790700E+4	3.518982E-1
1.790725E+4	3.152924E-1
1.790750E+4	9.018190E-2
1.790775E+4	1.377791E-1
1.790800E+4	4.169010E-1
1.790825E+4	6.533589E-1
1.790850E+4	7.642192E-1
1.790875E+4	5.009820E-1
1.790900E+4	1.325957E-1
1.790925E+4	7.171765E-2
1.790950E+4	7.623106E-2
1.790975E+4	1.354754E-2
1.791000E+4	7.457563E-2
1.791025E+4	1.526741E-1
1.791050E+4	1.756970E-1
1.791075E+4	2.453352E-1
1.791100E+4	5.114094E-1
1.791125E+4	8.279859E-1
1.791150E+4	7.793632E-1
1.791175E+4	4.943762E-1
1.791200E+4	9.009740E-2
1.791225E+4	1.367633E-1
1.791250E+4	5.138654E-1
1.791275E+4	5.982091E-1
1.791300E+4	2.900932E-1
1.791325E+4	5.347054E-2
1.791350E+4	2.510316E-1
1.791375E+4	3.590026E-1
1.791400E+4	4.216368E-1
1.791425E+4	4.982881E-1
1.791450E+4	5.677256E-1
1.791475E+4	4.361105E-1
1.791500E+4	2.544995E-1
1.791525E+4	1.604559E-1
1.791550E+4	9.769456E-2
1.791575E+4	2.446347E-2
1.791600E+4	6.446692E-2
1.791625E+4	4.656432E-1
1.791650E+4	5.254444E-1
1.791675E+4	4.749709E-1
1.791700E+4	5.797305E-1
1.791725E+4	7.643153E-1
1.791750E+4	7.819261E-1
1.791775E+4	7.431102E-1
1.791800E+4	6.557941E-1
1.791825E+4	3.494773E-1
1.791850E+4	9.081334E-2
1.791875E+4	4.132854E-1
1.791900E+4	4.523988E-1
1.791925E+4	3.923819E-1
1.791950E+4	3.686900E-1
1.791975E+4	5.372393E-1
1.792000E+4	6.033665E-1
1.792025E+4	5.746292E-1
1.792050E+4	5.320480E-1
1.792075E+4	5.133665E-1
1.792100E+4	4.065540E-1
1.792125E+4	2.380933E-1
1.792150E+4	7.292439E-2
1.792175E+4	1.466643E-1
1.792200E+4	2.812324E-1
1.792225E+4	1.810053E-1
1.792250E+4	2.858923E-2
1.792275E+4	1.966713E-1
1.792300E+4	6.707739E-1
1.792325E+4	7.100679E-1
1.792350E+4	4.926799E-1
1.792375E+4	2.283807E-1
1.792400E+4	2.730354E-1
1.792425E+4	4.563635E-1
1.792450E+4	4.724135E-1
1.792475E+4	4.425659E-1
1.792500E+4	4.449579E-1
1.792525E+4	4.568853E-1
1.792550E+4	4.182494E-1
1.792575E+4	3.714210E-1
1.792600E+4	3.209582E-1
1.792625E+4	2.143305E-1
1.792650E+4	6.678508E-2
1.792675E+4	2.335483E-1
1.792700E+4	4.921502E-1
1.792725E+4	5.198732E-1
1.792750E+4	3.953589E-1
1.792775E+4	2.538569E-1
1.792800E+4	2.293856E-1
1.792825E+4	2.511512E-1
1.792850E+4	1.969897E-1
1.792875E+4	6.547189E-2
1.792900E+4	2.481262E-2
1.792925E+4	2.949447E-2
1.792950E+4	8.866205E-3
1.792975E+4	1.430946E-1
1.793000E+4	5.228883E-1
1.793025E+4	5.664391E-1
1.793050E+4	4.461841E-1
1.793075E+4	2.474816E-1
1.793100E+4	1.479218E-1
1.793125E+4	3.762752E-1
1.793150E+4	5.263297E-1
1.793175E+4	4.611022E-1
1.793200E+4	1.915917E-1
1.793225E+4	2.776425E-2
1.793250E+4	3.113371E-2
1.793275E+4	1.187951E-1
1.793300E+4	2.505571E-1
1.793325E+4	3.291602E-1
1.793350E+4	2.767956E-1
1.793375E+4	1.473306E-1
1.793400E+4	1.122127E-1
1.793425E+4	1.154497E-1
1.793450E+4	4.973303E-2
1.793475E+4	1.775129E-1
1.793500E+4	3.750488E-1
1.793525E+4	4.313915E-1
1.793550E+4	4.710782E-1
1.793575E+4	4.403795E-1
1.793600E+4	1.115595E-1
1.793625E+4	1.102436E-1
1.793650E+4	1.124458E-1
1.793675E+4	8.930805E-2
1.793700E+4	4.813715E-2
1.793725E+4	2.146796E-2
1.793750E+4	5.775703E-2
1.793775E+4	6.053918E-2
1.793800E+4	3.445800E-2
1.793825E+4	5.931000E-2
1.793850E+4	2.007352E-1
1.793875E+4	2.200752E-1
1.793900E+4	7.672703E-2
1.793925E+4	6.455013E-2
1.793950E+4	2.021979E-1
1.793975E+4	2.943363E-1
1.794000E+4	2.428353E-1
1.794025E+4	8.825904E-2
1.794050E+4	1.421018E-1
1.794075E+4	2.340770E-1
1.794100E+4	2.330718E-1
1.794125E+4	2.034826E-1
1.794150E+4	1.881294E-1
1.794175E+4	1.937753E-1
1.794200E+4	2.355903E-1
1.794225E+4	2.574917E-1
1.794250E+4	1.729440E-1
1.794275E+4	7.094211E-2
1.794300E+4	5.544449E-3
1.794325E+4	1.247352E-1
1.794350E+4	3.242792E-1
1.794375E+4	3.776527E-1
1.794400E+4	3.142772E-1
1.794425E+4	1.976522E-1
1.794450E+4	1.843946E-1
1.794475E+4	1.957527E-1
1.794500E+4	1.510014E-1
1.794525E+4	1.358963E-1
1.794550E+4	2.829858E-1
1.794575E+4	6.870972E-1
1.794600E+4	8.192246E-1
1.794625E+4	1.965950E-1
1.794650E+4	4.414694E-1
1.794675E+4	6.291180E-1
1.794700E+4	7.063776E-1
1.794725E+4	6.626011E-1
1.794750E+4	3.772621E-1
1.794775E+4	2.373274E-3
1.794800E+4	3.198338E-1
1.794825E+4	5.943910E-1
1.794850E+4	4.555421E-1
1.794875E+4	2.559687E-1
1.794900E+4	2.035205E-1
1.794925E+4	2.315612E-1
1.794950E+4	3.357848E-1
1.794975E+4	4.240389E-1
1.795000E+4	1.905078E-1
1.795025E+4	8.205032E-2
1.795050E+4	2.615002E-1
1.795075E+4	4.604871E-1
1.795100E+4	5.575682E-1
1.795125E+4	5.174601E-1
1.795150E+4	3.695759E-1
1.795175E+4	5.170783E-1
1.795200E+4	7.462282E-1
1.795225E+4	7.304508E-1
1.795250E+4	5.542777E-1
1.795275E+4	2.816328E-1
1.795300E+4	4.222232E-2
1.795325E+4	1.239729E-2
1.795350E+4	4.294493E-2
1.795375E+4	6.066467E-3
1.795400E+4	3.514871E-2
1.795425E+4	1.930661E-1
1.795450E+4	3.317583E-1
1.795475E+4	4.208319E-1
1.795500E+4	5.192472E-1
1.795525E+4	5.674018E-1
1.795550E+4	4.288428E-1
1.795575E+4	2.467388E-1
1.795600E+4	1.158152E-1
1.795625E+4	3.490188E-2
1.795650E+4	7.393200E-3
1.795675E+4	5.979088E-3
1.795700E+4	7.784696E-3
1.795725E+4	3.098644E-2
1.795750E+4	8.576888E-2
1.795775E+4	1.015479E-1
1.795800E+4	7.716229E-2
1.795825E+4	1.236243E-1
1.795850E+4	1.982166E-1
1.795875E+4	2.575150E-1
1.795900E+4	2.291346E-1
1.795925E+4	9.482898E-2
1.795950E+4	1.376431E-1
1.795975E+4	2.348727E-1
1.796000E+4	3.023360E-1
1.796025E+4	2.803116E-1
1.796050E+4	1.126093E-1
1.796075E+4	2.961340E-2
1.796100E+4	2.422165E-2
1.796125E+4	9.763302E-3
1.796150E+4	3.534087E-2
1.796175E+4	1.552060E-1
1.796200E+4	1.981974E-1
1.796225E+4	1.058283E-1
1.796250E+4	1.212197E-2
1.796275E+4	5.090836E-3
1.796300E+4	1.385692E-2
1.796325E+4	6.476723E-2
1.796350E+4	1.999800E-1
1.796375E+4	2.557342E-1
1.796400E+4	2.525271E-1
1.796425E+4	1.861639E-1
1.796450E+4	3.182256E-2
1.796475E+4	2.851356E-1
1.796500E+4	4.170569E-1
1.796525E+4	4.777339E-1
1.796550E+4	5.251281E-1
1.796575E+4	5.234577E-1
1.796600E+4	4.663992E-1
1.796625E+4	3.551990E-1
1.796650E+4	2.186671E-1
1.796675E+4	1.790776E-1
1.796700E+4	2.046992E-1
1.796725E+4	1.752710E-1
1.796750E+4	3.293933E-2
1.796775E+4	1.561880E-1
1.796800E+4	5.123907E-1
1.796825E+4	4.335923E-1
1.796850E+4	4.219328E-2
1.796875E+4	3.057777E-2
1.796900E+4	1.315787E-1
1.796925E+4	2.598137E-1
1.796950E+4	4.306473E-1
1.796975E+4	6.101948E-1
1.797000E+4	6.711345E-1
1.797025E+4	6.065127E-1
1.797050E+4	3.552807E-1
1.797075E+4	9.008851E-2
1.797100E+4	1.024173E-1
1.797125E+4	1.977536E-1
1.797150E+4	3.032310E-1
1.797175E+4	1.724314E-1
1.797200E+4	6.562263E-2
1.797225E+4	1.045511E-1
1.797250E+4	1.595424E-1
1.797275E+4	2.293512E-1
1.797300E+4	2.958956E-1
1.797325E+4	3.036547E-1
1.797350E+4	3.433799E-1
1.797375E+4	3.826465E-1
1.797400E+4	3.454098E-1
1.797425E+4	2.226690E-1
1.797450E+4	1.427047E-1
1.797475E+4	2.366843E-1
1.797500E+4	4.222368E-1
1.797525E+4	4.538235E-1
1.797550E+4	3.477484E-1
1.797575E+4	1.843222E-1
1.797600E+4	4.769098E-2
1.797625E+4	1.403164E-2
1.797650E+4	6.542344E-2
1.797675E+4	1.042614E-1
1.797700E+4	8.509098E-2
1.797725E+4	7.209489E-2
1.797750E+4	1.025908E-1
1.797775E+4	1.816743E-1
1.797800E+4	2.771250E-1
1.797825E+4	3.261330E-1
1.797850E+4	3.306078E-1
1.797875E+4	3.172582E-1
1.797900E+4	2.462292E-1
1.797925E+4	1.226864E-1
1.797950E+4	3.361271E-2
1.797975E+4	9.812275E-3
1.798000E+4	4.976962E-2
1.798025E+4	5.391440E-2
1.798050E+4	2.463465E-2
1.798075E+4	2.738393E-2
1.798100E+4	6.855728E-2
1.798125E+4	1.752272E-1
1.798150E+4	3.871379E-1
1.798175E+4	6.291741E-1
1.798200E+4	6.186191E-1
1.798225E+4	3.189204E-1
1.798250E+4	1.507538E-2
1.798275E+4	1.912989E-1
1.798300E+4	5.543732E-1
1.798325E+4	7.094908E-1
1.798350E+4	7.352578E-1
1.798375E+4	5.957453E-1
1.798400E+4	3.390562E-1
1.798425E+4	2.121772E-1
1.798450E+4	2.133621E-1
1.798475E+4	2.563809E-1
1.798500E+4	2.844299E-1
1.798525E+4	3.020513E-1
1.798550E+4	3.384068E-1
1.798575E+4	3.257021E-1
1.798600E+4	1.552825E-1
1.798625E+4	1.301188E-1
1.798650E+4	2.249225E-1
1.798675E+4	3.385417E-1
1.798700E+4	4.276994E-1
1.798725E+4	3.415951E-1
1.798750E+4	2.180744E-4
1.798775E+4	2.207792E-1
1.798800E+4	3.499501E-1
1.798825E+4	2.520550E-1
1.798850E+4	5.309736E-2
1.798875E+4	4.739970E-3
1.798900E+4	6.007816E-2
1.798925E+4	9.982833E-2
1.798950E+4	2.062992E-1
1.798975E+4	6.572178E-1
1.799000E+4	6.943609E-1
1.799025E+4	6.199520E-1
1.799050E+4	4.813203E-1
1.799075E+4	2.963951E-1
1.799100E+4	2.411969E-1
1.799125E+4	3.040252E-1
1.799150E+4	3.896692E-1
1.799175E+4	4.344840E-1
1.799200E+4	4.021220E-1
1.799225E+4	3.260110E-1
1.799250E+4	2.475611E-1
1.799275E+4	1.234679E-1
1.799300E+4	2.857168E-3
1.799325E+4	6.281657E-2
1.799350E+4	1.586028E-1
1.799375E+4	2.572502E-1
1.799400E+4	2.222213E-1
1.799425E+4	4.213337E-2
1.799450E+4	4.980036E-3
1.799475E+4	6.382184E-2
1.799500E+4	1.232653E-1
1.799525E+4	8.549694E-2
1.799550E+4	1.372774E-2
1.799575E+4	1.575556E-1
1.799600E+4	3.387284E-1
1.799625E+4	4.224527E-1
1.799650E+4	4.171027E-1
1.799675E+4	3.361975E-1
1.799700E+4	1.777791E-1
1.799725E+4	1.767459E-1
1.799750E+4	4.785336E-1
1.799775E+4	5.876792E-1
1.799800E+4	6.061601E-1
1.799825E+4	5.090309E-1
1.799850E+4	3.235221E-1
1.799875E+4	2.898854E-1
1.799900E+4	2.976089E-1
1.799925E+4	2.981722E-1
1.799950E+4	2.796233E-1
1.799975E+4	2.230597E-1
1.800000E+4	1.614078E-1
1.800025E+4	1.792248E-1
1.800050E+4	1.668094E-1
1.800075E+4	8.827536E-2
1.800100E+4	1.422375E-2
1.800125E+4	3.937130E-3
1.800150E+4	1.507178E-2
1.800175E+4	3.331823E-1
1.800200E+4	4.490894E-1
1.800225E+4	2.777616E-1
1.800250E+4	1.187844E-1
1.800275E+4	7.407863E-4
1.800300E+4	3.089058E-1
1.800325E+4	7.143455E-1
1.800350E+4	7.787808E-1
1.800375E+4	7.082098E-1
1.800400E+4	4.538055E-1
1.800425E+4	1.280353E-2
1.800450E+4	2.477503E-1
1.800475E+4	5.164009E-1
1.800500E+4	5.298590E-1
1.800525E+4	2.319124E-1
1.800550E+4	6.420545E-2
1.800575E+4	1.238823E-1
1.800600E+4	1.108026E-1
1.800625E+4	6.800942E-2
1.800650E+4	3.912979E-2
1.800675E+4	2.163132E-2
1.800700E+4	4.908680E-3
1.800725E+4	8.290589E-2
1.800750E+4	2.021460E-1
1.800775E+4	2.834903E-1
1.800800E+4	3.492025E-1
1.800825E+4	3.290164E-1
1.800850E+4	1.213394E-1
1.800875E+4	2.049941E-1
1.800900E+4	5.130626E-1
1.800925E+4	6.136092E-1
1.800950E+4	3.763176E-1
1.800975E+4	6.774235E-2
1.801000E+4	7.608627E-2
1.801025E+4	4.197313E-1
1.801050E+4	5.494016E-1
1.801075E+4	4.660855E-1
1.801100E+4	3.119269E-1
1.801125E+4	2.271849E-1
1.801150E+4	2.713305E-1
1.801175E+4	2.464841E-1
1.801200E+4	1.177081E-1
1.801225E+4	5.861106E-2
1.801250E+4	2.133241E-1
1.801275E+4	3.162801E-1
1.801300E+4	3.054603E-1
1.801325E+4	1.500394E-1
1.801350E+4	3.153618E-2
1.801375E+4	2.866432E-1
1.801400E+4	4.778117E-1
1.801425E+4	4.051287E-1
1.801450E+4	1.139857E-1
1.801475E+4	6.555365E-2
1.801500E+4	9.161366E-2
1.801525E+4	2.049452E-1
1.801550E+4	5.259605E-1
1.801575E+4	7.754995E-1
1.801600E+4	7.685314E-1
1.801625E+4	6.102191E-1
1.801650E+4	2.742133E-1
1.801675E+4	2.059687E-1
1.801700E+4	3.092285E-1
1.801725E+4	2.911156E-1
1.801750E+4	1.141723E-1
1.801775E+4	5.997593E-2
1.801800E+4	3.333222E-1
1.801825E+4	5.247970E-1
1.801850E+4	6.253335E-1
1.801875E+4	4.749293E-1
1.801900E+4	1.427467E-2
1.801925E+4	1.111565E-1
1.801950E+4	2.082734E-1
1.801975E+4	3.050887E-1
1.802000E+4	3.785656E-1
1.802025E+4	2.850417E-1
1.802050E+4	1.456415E-1
1.802075E+4	4.991069E-2
1.802100E+4	1.213114E-2
1.802125E+4	2.271106E-2
1.802150E+4	1.836563E-1
1.802175E+4	3.101794E-1
1.802200E+4	2.841848E-1
1.802225E+4	2.410136E-1
1.802250E+4	1.532563E-1
1.802275E+4	2.505207E-2
1.802300E+4	7.433194E-2
1.802325E+4	4.184234E-1
1.802350E+4	6.321481E-1
1.802375E+4	6.634886E-1
1.802400E+4	4.888295E-1
1.802425E+4	2.752020E-1
1.802450E+4	3.289883E-1
1.802475E+4	3.691367E-1
1.802500E+4	2.366383E-1
1.802525E+4	2.024803E-1
1.802550E+4	3.047414E-1
1.802575E+4	4.086257E-1
1.802600E+4	5.382713E-1
1.802625E+4	5.776043E-1
1.802650E+4	4.242586E-1
1.802675E+4	3.282490E-1
1.802700E+4	2.401673E-1
1.802725E+4	1.200146E-1
1.802750E+4	1.933808E-1
1.802775E+4	2.935452E-1
1.802800E+4	2.437255E-1
1.802825E+4	1.222751E-1
1.802850E+4	5.358494E-2
1.802875E+4	5.212908E-2
1.802900E+4	4.516824E-2
1.802925E+4	7.077811E-2
1.802950E+4	1.861810E-1
1.802975E+4	2.947285E-1
1.803000E+4	2.191308E-1
1.803025E+4	7.569264E-2
1.803050E+4	2.695973E-1
1.803075E+4	3.296315E-1
1.803100E+4	3.143297E-1
1.803125E+4	2.655104E-1
1.803150E+4	2.192671E-1
1.803175E+4	2.110756E-1
1.803200E+4	1.454581E-1
1.803225E+4	2.525620E-2
1.803250E+4	6.577475E-2
1.803275E+4	2.285639E-1
1.803300E+4	3.955638E-1
1.803325E+4	5.508690E-1
1.803350E+4	5.925050E-1
1.803375E+4	3.879437E-1
1.803400E+4	3.150914E-1
1.803425E+4	3.180644E-1
1.803450E+4	2.811706E-1
1.803475E+4	7.312965E-2
1.803500E+4	3.461704E-2
1.803525E+4	6.410296E-2
1.803550E+4	5.135954E-2
1.803575E+4	8.361945E-3
1.803600E+4	9.490917E-2
1.803625E+4	1.158760E-1
1.803650E+4	2.942258E-2
1.803675E+4	2.414420E-3
1.803700E+4	9.687336E-2
1.803725E+4	3.280093E-1
1.803750E+4	4.784992E-1
1.803775E+4	4.097875E-1
1.803800E+4	2.516314E-1
1.803825E+4	1.663579E-1
1.803850E+4	2.075686E-1
1.803875E+4	2.442549E-1
1.803900E+4	2.009911E-1
1.803925E+4	1.849024E-1
1.803950E+4	2.793654E-1
1.803975E+4	2.513768E-1
1.804000E+4	1.597342E-1
1.804025E+4	3.112389E-1
1.804050E+4	4.102598E-1
1.804075E+4	4.190277E-1
1.804100E+4	3.767082E-1
1.804125E+4	2.615085E-1
1.804150E+4	6.575563E-2
1.804175E+4	2.642804E-1
1.804200E+4	4.046023E-1
1.804225E+4	5.369061E-1
1.804250E+4	6.943633E-1
1.804275E+4	4.723535E-1
1.804300E+4	9.875636E-2
1.804325E+4	5.738626E-2
1.804350E+4	2.481244E-1
1.804375E+4	5.674730E-1
1.804400E+4	5.992873E-1
1.804425E+4	1.510717E-1
1.804450E+4	1.076751E-1
1.804475E+4	2.580984E-1
1.804500E+4	2.198485E-1
1.804525E+4	9.055780E-2
1.804550E+4	4.360556E-2
1.804575E+4	1.094918E-1
1.804600E+4	1.749926E-1
1.804625E+4	1.177154E-1
1.804650E+4	5.634303E-2
1.804675E+4	1.067415E-1
1.804700E+4	1.455725E-1
1.804725E+4	1.368381E-1
1.804750E+4	1.299133E-1
1.804775E+4	1.738806E-1
1.804800E+4	2.180449E-1
1.804825E+4	2.651816E-1
1.804850E+4	3.789898E-1
1.804875E+4	4.993236E-1
1.804900E+4	4.173606E-1
1.804925E+4	3.328589E-1
1.804950E+4	3.351922E-1
1.804975E+4	3.794936E-1
1.805000E+4	4.064259E-1
1.805025E+4	2.389937E-1
1.805050E+4	2.428263E-1
1.805075E+4	3.129405E-1
1.805100E+4	3.194831E-1
1.805125E+4	2.723444E-1
1.805150E+4	3.010229E-1
1.805175E+4	3.539106E-1
1.805200E+4	2.433699E-1
1.805225E+4	7.493278E-2
1.805250E+4	1.160180E-2
1.805275E+4	3.043294E-1
1.805300E+4	6.096345E-1
1.805325E+4	5.731389E-1
1.805350E+4	3.578656E-1
1.805375E+4	3.599525E-1
1.805400E+4	5.406485E-1
1.805425E+4	6.210922E-1
1.805450E+4	4.854658E-1
1.805475E+4	1.801159E-1
1.805500E+4	4.947493E-2
1.805525E+4	2.651536E-1
1.805550E+4	5.957159E-1
1.805575E+4	3.319625E-1
1.805600E+4	2.017239E-1
1.805625E+4	1.595790E-1
1.805650E+4	1.738894E-1
1.805675E+4	2.212500E-1
1.805700E+4	2.156808E-1
1.805725E+4	7.051050E-2
1.805750E+4	1.245506E-2
1.805775E+4	1.802656E-1
1.805800E+4	3.711981E-1
1.805825E+4	4.779166E-1
1.805850E+4	4.349874E-1
1.805875E+4	9.783334E-2
1.805900E+4	1.345189E-1
1.805925E+4	1.788959E-1
1.805950E+4	5.112895E-2
1.805975E+4	1.581509E-2
1.806000E+4	2.013705E-1
1.806025E+4	4.078324E-1
1.806050E+4	4.038826E-1
1.806075E+4	2.308635E-1
1.806100E+4	6.331689E-2
1.806125E+4	7.960798E-2
1.806150E+4	3.124676E-1
1.806175E+4	2.824591E-1
1.806200E+4	1.559372E-1
1.806225E+4	7.910516E-2
1.806250E+4	3.688178E-2
1.806275E+4	1.990379E-2
1.806300E+4	1.707729E-2
1.806325E+4	3.004455E-2
1.806350E+4	9.213987E-2
1.806375E+4	2.205478E-1
1.806400E+4	3.997984E-1
1.806425E+4	5.514447E-1
1.806450E+4	2.220851E-1
1.806475E+4	1.314897E-1
1.806500E+4	4.075376E-1
1.806525E+4	6.097920E-1
1.806550E+4	6.842460E-1
1.806575E+4	4.412661E-1
1.806600E+4	5.632193E-2
1.806625E+4	2.455264E-1
1.806650E+4	5.498813E-1
1.806675E+4	7.365299E-1
1.806700E+4	7.684104E-1
1.806725E+4	5.578369E-1
1.806750E+4	1.900983E-1
1.806775E+4	4.665038E-2
1.806800E+4	5.761412E-2
1.806825E+4	7.843687E-2
1.806850E+4	5.742747E-2
1.806875E+4	9.115170E-2
1.806900E+4	2.842802E-1
1.806925E+4	5.442656E-1
1.806950E+4	6.265868E-1
1.806975E+4	3.329149E-1
1.807000E+4	3.552085E-2
1.807025E+4	5.337726E-2
1.807050E+4	3.770294E-1
1.807075E+4	7.523760E-1
1.807100E+4	7.685129E-1
1.807125E+4	3.607056E-1
1.807150E+4	6.402557E-2
1.807175E+4	4.413847E-1
1.807200E+4	5.226980E-1
1.807225E+4	4.297532E-1
1.807250E+4	2.132692E-1
1.807275E+4	6.016391E-2
1.807300E+4	1.776718E-1
1.807325E+4	3.054558E-1
1.807350E+4	3.985476E-1
1.807375E+4	4.495106E-1
1.807400E+4	3.698827E-1
1.807425E+4	1.970601E-1
1.807450E+4	1.744318E-1
1.807475E+4	1.839916E-1
1.807500E+4	2.128045E-1
1.807525E+4	4.224415E-1
1.807550E+4	7.051508E-1
1.807575E+4	7.795022E-1
1.807600E+4	5.910237E-1
1.807625E+4	4.241354E-1
1.807650E+4	5.161042E-1
1.807675E+4	5.159655E-1
1.807700E+4	3.094272E-1
1.807725E+4	1.539504E-1
1.807750E+4	1.480927E-1
1.807775E+4	2.250782E-1
1.807800E+4	2.420642E-1
1.807825E+4	7.753302E-2
1.807850E+4	1.268007E-1
1.807875E+4	2.128118E-1
1.807900E+4	1.990338E-1
1.807925E+4	1.166872E-1
1.807950E+4	1.827285E-1
1.807975E+4	2.987454E-1
1.808000E+4	3.103571E-1
1.808025E+4	1.804347E-1
1.808050E+4	5.987533E-2
1.808075E+4	2.944384E-1
1.808100E+4	4.290561E-1
1.808125E+4	2.797303E-1
1.808150E+4	7.569884E-2
1.808175E+4	3.298137E-2
1.808200E+4	5.629888E-2
1.808225E+4	7.495622E-2
1.808250E+4	1.278381E-1
1.808275E+4	1.894489E-1
1.808300E+4	1.733255E-1
1.808325E+4	5.311539E-2
1.808350E+4	1.956778E-1
1.808375E+4	6.574979E-1
1.808400E+4	6.862892E-1
1.808425E+4	4.226708E-1
1.808450E+4	4.420898E-2
1.808475E+4	7.968739E-2
1.808500E+4	2.159600E-1
1.808525E+4	1.441793E-1
1.808550E+4	1.494978E-2
1.808575E+4	4.860069E-2
1.808600E+4	1.205175E-1
1.808625E+4	8.278881E-2
1.808650E+4	1.436975E-2
1.808675E+4	3.577131E-1
1.808700E+4	4.198166E-1
1.808725E+4	2.645113E-1
1.808750E+4	8.079137E-2
1.808775E+4	2.192344E-2
1.808800E+4	1.566085E-1
1.808825E+4	4.396657E-1
1.808850E+4	6.897793E-1
1.808875E+4	5.487892E-1
1.808900E+4	3.122652E-1
1.808925E+4	1.439311E-1
1.808950E+4	6.629768E-2
1.808975E+4	1.112686E-1
1.809000E+4	1.129847E-1
1.809025E+4	4.502096E-2
1.809050E+4	5.722635E-2
1.809075E+4	2.113026E-1
1.809100E+4	4.056609E-1
1.809125E+4	5.220847E-1
1.809150E+4	4.560301E-1
1.809175E+4	2.831330E-1
1.809200E+4	2.348888E-1
1.809225E+4	1.427328E-1
1.809250E+4	5.052950E-2
1.809275E+4	3.068564E-1
1.809300E+4	6.002170E-1
1.809325E+4	6.925252E-1
1.809350E+4	5.514994E-1
1.809375E+4	1.281135E-1
1.809400E+4	1.988328E-1
1.809425E+4	2.752152E-1
1.809450E+4	1.927056E-1
1.809475E+4	1.026138E-1
1.809500E+4	1.825603E-1
1.809525E+4	2.355135E-1
1.809550E+4	2.389007E-1
1.809575E+4	2.035514E-1
1.809600E+4	6.624481E-2
1.809625E+4	7.479535E-3
1.809650E+4	4.851409E-2
1.809675E+4	9.501332E-2
1.809700E+4	1.344997E-1
1.809725E+4	1.041360E-1
1.809750E+4	4.043018E-3
1.809775E+4	5.245418E-2
1.809800E+4	1.150469E-1
1.809825E+4	1.321962E-1
1.809850E+4	1.149594E-1
1.809875E+4	1.233740E-1
1.809900E+4	1.858261E-1
1.809925E+4	1.298398E-1
1.809950E+4	4.335535E-2
1.809975E+4	1.338925E-1
1.810000E+4	3.685886E-1
1.810025E+4	5.478089E-1
1.810050E+4	4.509157E-1
1.810075E+4	3.494824E-2
1.810100E+4	6.986997E-2
1.810125E+4	1.473582E-1
1.810150E+4	1.688399E-1
1.810175E+4	1.535621E-1
1.810200E+4	1.047285E-1
1.810225E+4	3.558579E-2
1.810250E+4	2.470884E-3
1.810275E+4	1.325179E-1
1.810300E+4	4.153317E-1
1.810325E+4	4.724606E-1
1.810350E+4	3.560542E-1
1.810375E+4	2.543186E-1
1.810400E+4	2.405209E-1
1.810425E+4	2.685146E-1
1.810450E+4	2.100814E-1
1.810475E+4	2.126096E-1
1.810500E+4	4.309338E-1
1.810525E+4	5.702950E-1
1.810550E+4	6.456054E-1
1.810575E+4	6.941279E-1
1.810600E+4	6.117961E-1
1.810625E+4	5.031846E-1
1.810650E+4	4.422393E-1
1.810675E+4	4.185124E-1
1.810700E+4	4.145617E-1
1.810725E+4	1.442234E-1
1.810750E+4	1.158444E-1
1.810775E+4	2.576792E-1
1.810800E+4	3.000097E-1
1.810825E+4	2.082982E-1
1.810850E+4	3.852317E-2
1.810875E+4	1.529251E-1
1.810900E+4	3.376031E-1
1.810925E+4	4.380750E-1
1.810950E+4	4.697431E-1
1.810975E+4	4.470948E-1
1.811000E+4	3.480661E-1
1.811025E+4	3.046120E-1
1.811050E+4	4.873892E-1
1.811075E+4	5.505541E-1
1.811100E+4	5.341401E-1
1.811125E+4	4.048860E-1
1.811150E+4	8.168937E-2
1.811175E+4	4.485920E-2
1.811200E+4	1.667406E-1
1.811225E+4	1.976245E-1
1.811250E+4	1.965329E-1
1.811275E+4	2.246440E-1
1.811300E+4	2.806956E-1
1.811325E+4	1.669904E-1
1.811350E+4	8.576899E-2
1.811375E+4	1.578783E-1
1.811400E+4	2.883055E-1
1.811425E+4	4.408509E-1
1.811450E+4	5.417716E-1
1.811475E+4	5.323406E-1
1.811500E+4	4.954220E-1
1.811525E+4	4.241520E-1
1.811550E+4	2.516355E-1
1.811575E+4	2.101708E-1
1.811600E+4	2.990336E-1
1.811625E+4	3.181869E-1
1.811650E+4	3.124116E-1
1.811675E+4	3.082596E-1
1.811700E+4	3.098246E-1
1.811725E+4	2.697801E-1
1.811750E+4	1.864980E-1
1.811775E+4	1.464018E-1
1.811800E+4	1.496720E-1
1.811825E+4	1.825160E-1
1.811850E+4	2.150506E-1
1.811875E+4	1.526405E-1
1.811900E+4	6.861832E-2
1.811925E+4	1.208198E-1
1.811950E+4	2.020105E-1
1.811975E+4	1.845907E-1
1.812000E+4	1.335460E-1
1.812025E+4	4.197145E-2
1.812050E+4	2.124091E-2
1.812075E+4	9.596064E-2
1.812100E+4	1.442818E-1
1.812125E+4	1.554980E-1
1.812150E+4	8.769524E-2
1.812175E+4	1.096855E-2
1.812200E+4	3.199063E-2
1.812225E+4	5.015489E-2
1.812250E+4	3.147646E-2
1.812275E+4	3.494508E-2
1.812300E+4	9.069875E-2
1.812325E+4	1.184609E-1
1.812350E+4	1.222374E-1
1.812375E+4	1.384003E-1
1.812400E+4	1.574754E-1
1.812425E+4	1.506550E-1
1.812450E+4	8.166844E-2
1.812475E+4	1.310900E-1
1.812500E+4	3.103321E-1
1.812525E+4	3.264817E-1
1.812550E+4	3.692236E-1
1.812575E+4	4.793043E-1
1.812600E+4	5.385286E-1
1.812625E+4	1.498672E-1
1.812650E+4	7.126663E-2
1.812675E+4	2.648483E-1
1.812700E+4	3.717269E-1
1.812725E+4	4.020275E-1
1.812750E+4	3.834492E-1
1.812775E+4	3.310871E-1
1.812800E+4	3.115817E-1
1.812825E+4	2.828179E-1
1.812850E+4	1.179985E-1
1.812875E+4	3.172194E-2
1.812900E+4	3.017316E-1
1.812925E+4	3.031180E-1
1.812950E+4	2.234093E-1
1.812975E+4	3.145437E-1
1.813000E+4	5.279212E-1
1.813025E+4	6.892214E-1
1.813050E+4	6.887053E-1
1.813075E+4	1.427667E-1
1.813100E+4	1.246213E-1
1.813125E+4	3.823714E-1
1.813150E+4	5.457830E-1
1.813175E+4	5.494995E-1
1.813200E+4	1.274007E-1
1.813225E+4	5.973511E-2
1.813250E+4	1.409291E-1
1.813275E+4	2.076899E-1
1.813300E+4	2.806698E-1
1.813325E+4	3.578727E-1
1.813350E+4	4.315563E-1
1.813375E+4	5.580246E-1
1.813400E+4	6.567510E-1
1.813425E+4	4.889733E-1
1.813450E+4	3.181783E-1
1.813475E+4	1.573698E-1
1.813500E+4	1.266032E-2
1.813525E+4	8.801819E-2
1.813550E+4	1.567887E-1
1.813575E+4	8.287633E-2
1.813600E+4	1.339407E-2
1.813625E+4	8.825929E-2
1.813650E+4	1.976245E-1
1.813675E+4	1.741334E-1
1.813700E+4	9.771457E-2
1.813725E+4	2.379844E-2
1.813750E+4	2.533637E-2
1.813775E+4	2.231615E-1
1.813800E+4	4.698933E-1
1.813825E+4	5.209509E-1
1.813850E+4	4.098008E-1
1.813875E+4	3.881592E-1
1.813900E+4	6.703322E-1
1.813925E+4	8.267069E-1
1.813950E+4	8.158906E-1
1.813975E+4	6.984643E-1
1.814000E+4	5.031511E-1
1.814025E+4	4.934656E-1
1.814050E+4	4.900242E-1
1.814075E+4	3.518548E-1
1.814100E+4	1.556758E-1
1.814125E+4	1.976781E-2
1.814150E+4	1.065856E-1
1.814175E+4	2.776910E-1
1.814200E+4	2.358647E-1
1.814225E+4	3.084993E-2
1.814250E+4	1.109291E-1
1.814275E+4	2.486755E-1
1.814300E+4	3.197755E-1
1.814325E+4	3.586884E-1
1.814350E+4	3.384792E-1
1.814375E+4	2.398487E-1
1.814400E+4	2.534830E-1
1.814425E+4	2.595017E-1
1.814450E+4	2.514589E-1
1.814475E+4	2.690625E-1
1.814500E+4	3.040937E-1
1.814525E+4	2.647223E-1
1.814550E+4	1.529003E-1
1.814575E+4	6.040555E-2
1.814600E+4	4.510256E-1
1.814625E+4	5.327801E-1
1.814650E+4	5.030740E-1
1.814675E+4	4.781261E-1
1.814700E+4	5.726097E-1
1.814725E+4	6.556406E-1
1.814750E+4	6.117910E-1
1.814775E+4	3.211080E-1
1.814800E+4	5.949153E-2
1.814825E+4	2.357982E-1
1.814850E+4	2.992971E-1
1.814875E+4	1.681849E-1
1.814900E+4	2.501854E-1
1.814925E+4	4.987474E-1
1.814950E+4	6.600369E-1
1.814975E+4	6.312463E-1
1.815000E+4	4.503407E-1
1.815025E+4	4.490422E-1
1.815050E+4	4.678359E-1
1.815075E+4	2.476607E-1
1.815100E+4	5.006075E-2
1.815125E+4	3.271176E-1
1.815150E+4	6.299425E-1
1.815175E+4	7.687746E-1
1.815200E+4	7.418653E-1
1.815225E+4	5.867464E-1
1.815250E+4	2.882089E-1
1.815275E+4	2.047416E-1
1.815300E+4	3.506889E-1
1.815325E+4	3.505988E-1
1.815350E+4	2.918386E-1
1.815375E+4	1.507543E-1
1.815400E+4	1.076542E-1
1.815425E+4	2.395091E-1
1.815450E+4	2.499768E-1
1.815475E+4	2.135667E-1
1.815500E+4	2.565736E-1
1.815525E+4	3.878666E-1
1.815550E+4	4.229175E-1
1.815575E+4	3.821696E-1
1.815600E+4	2.538304E-1
1.815625E+4	8.006446E-2
1.815650E+4	2.993430E-3
1.815675E+4	1.035918E-1
1.815700E+4	3.402488E-1
1.815725E+4	4.643273E-1
1.815750E+4	4.002063E-1
1.815775E+4	3.283459E-1
1.815800E+4	3.487622E-1
1.815825E+4	3.691396E-1
1.815850E+4	3.095195E-1
1.815875E+4	1.732996E-1
1.815900E+4	2.681742E-1
1.815925E+4	5.954983E-1
1.815950E+4	6.887849E-1
1.815975E+4	5.662949E-1
1.816000E+4	3.047322E-1
1.816025E+4	8.637074E-2
1.816050E+4	1.369541E-2
1.816075E+4	2.183892E-2
1.816100E+4	8.926104E-2
1.816125E+4	1.430462E-1
1.816150E+4	1.590100E-1
1.816175E+4	1.501772E-1
1.816200E+4	1.515675E-1
1.816225E+4	2.129162E-1
1.816250E+4	3.062371E-1
1.816275E+4	4.178633E-1
1.816300E+4	4.573623E-1
1.816325E+4	3.127719E-1
1.816350E+4	8.125899E-2
1.816375E+4	1.791058E-2
1.816400E+4	2.753511E-1
1.816425E+4	5.344351E-1
1.816450E+4	6.468568E-1
1.816475E+4	5.633308E-1
1.816500E+4	1.393071E-1
1.816525E+4	2.841710E-1
1.816550E+4	3.138029E-1
1.816575E+4	2.553604E-1
1.816600E+4	2.473473E-1
1.816625E+4	5.510986E-1
1.816650E+4	4.726033E-1
1.816675E+4	3.142208E-1
1.816700E+4	2.230544E-1
1.816725E+4	2.208125E-1
1.816750E+4	2.819374E-1
1.816775E+4	3.714142E-1
1.816800E+4	4.763221E-1
1.816825E+4	5.320144E-1
1.816850E+4	4.902125E-1
1.816875E+4	2.768998E-1
1.816900E+4	2.243823E-2
1.816925E+4	9.452570E-2
1.816950E+4	1.952667E-1
1.816975E+4	1.696874E-1
1.817000E+4	8.992296E-2
1.817025E+4	1.757097E-1
1.817050E+4	3.650124E-1
1.817075E+4	5.371576E-1
1.817100E+4	6.598402E-1
1.817125E+4	5.401626E-1
1.817150E+4	3.101768E-1
1.817175E+4	2.011348E-1
1.817200E+4	1.843158E-1
1.817225E+4	3.734492E-1
1.817250E+4	5.959470E-1
1.817275E+4	6.859927E-1
1.817300E+4	6.634267E-1
1.817325E+4	5.460986E-1
1.817350E+4	3.458472E-1
1.817375E+4	8.620108E-2
1.817400E+4	4.691065E-2
1.817425E+4	2.240755E-1
1.817450E+4	2.505739E-1
1.817475E+4	3.282722E-1
1.817500E+4	5.609717E-1
1.817525E+4	6.581640E-1
1.817550E+4	5.043402E-1
1.817575E+4	2.641781E-1
1.817600E+4	4.894865E-1
1.817625E+4	5.894938E-1
1.817650E+4	5.220728E-1
1.817675E+4	3.843903E-1
1.817700E+4	1.967628E-1
1.817725E+4	4.242815E-2
1.817750E+4	7.754405E-2
1.817775E+4	1.287529E-1
1.817800E+4	2.481435E-1
1.817825E+4	4.627206E-1
1.817850E+4	5.603317E-1
1.817875E+4	4.860880E-1
1.817900E+4	3.965687E-1
1.817925E+4	5.182270E-1
1.817950E+4	6.776598E-1
1.817975E+4	6.629470E-1
1.818000E+4	4.268154E-1
1.818025E+4	6.650298E-3
1.818050E+4	5.139521E-1
1.818075E+4	5.143942E-1
1.818100E+4	3.105150E-1
1.818125E+4	1.655333E-1
1.818150E+4	2.343776E-1
1.818175E+4	1.510854E-1
1.818200E+4	2.203984E-3
1.818225E+4	2.553009E-1
1.818250E+4	5.363790E-1
1.818275E+4	5.893459E-1
1.818300E+4	4.099304E-1
1.818325E+4	7.585368E-2
1.818350E+4	1.114989E-1
1.818375E+4	3.573078E-1
1.818400E+4	4.990982E-1
1.818425E+4	5.973624E-1
1.818450E+4	5.736599E-1
1.818475E+4	3.974509E-1
1.818500E+4	1.511241E-1
1.818525E+4	1.678106E-1
1.818550E+4	5.329830E-1
1.818575E+4	4.855716E-1
1.818600E+4	3.201879E-1
1.818625E+4	3.889094E-1
1.818650E+4	5.961111E-1
1.818675E+4	6.484876E-1
1.818700E+4	5.971413E-1
1.818725E+4	5.970779E-1
1.818750E+4	7.112328E-1
1.818775E+4	5.443207E-1
1.818800E+4	3.022965E-1
1.818825E+4	2.254350E-1
1.818850E+4	3.745441E-1
1.818875E+4	5.461124E-1
1.818900E+4	4.384311E-1
1.818925E+4	2.163388E-1
1.818950E+4	2.781473E-1
1.818975E+4	3.869874E-1
1.819000E+4	3.363962E-1
1.819025E+4	2.945053E-1
1.819050E+4	5.224089E-1
1.819075E+4	5.545206E-1
1.819100E+4	3.893431E-1
1.819125E+4	2.773516E-1
1.819150E+4	4.449142E-1
1.819175E+4	6.514154E-1
1.819200E+4	5.431595E-1
1.819225E+4	4.436527E-1
1.819250E+4	5.607094E-1
1.819275E+4	7.481085E-1
1.819300E+4	6.964157E-1
1.819325E+4	3.612473E-1
1.819350E+4	2.271767E-1
1.819375E+4	4.925453E-1
1.819400E+4	7.060979E-1
1.819425E+4	6.381383E-1
1.819450E+4	6.834651E-1
1.819475E+4	7.915848E-1
1.819500E+4	7.971938E-1
1.819525E+4	5.019310E-1
1.819550E+4	1.486017E-1
1.819575E+4	5.565818E-1
1.819600E+4	6.163589E-1
1.819625E+4	3.877420E-1
1.819650E+4	8.413653E-2
1.819675E+4	5.053279E-1
1.819700E+4	7.874589E-1
1.819725E+4	6.591010E-1
1.819750E+4	3.152612E-1
1.819775E+4	2.328927E-2
1.819800E+4	2.249640E-1
1.819825E+4	5.146576E-1
1.819850E+4	5.775197E-1
1.819875E+4	6.107779E-1
1.819900E+4	6.446675E-1
1.819925E+4	6.396549E-1
1.819950E+4	6.369767E-1
1.819975E+4	6.635988E-1
1.820000E+4	5.103309E-1
1.820025E+4	1.663284E-1
1.820050E+4	1.623570E-1
1.820075E+4	2.971091E-1
1.820100E+4	4.063239E-1
1.820125E+4	3.884480E-1
1.820150E+4	2.052709E-1
1.820175E+4	2.007154E-1
1.820200E+4	3.638952E-1
1.820225E+4	4.215770E-1
1.820250E+4	4.077094E-1
1.820275E+4	3.939455E-1
1.820300E+4	3.883721E-1
1.820325E+4	3.512583E-1
1.820350E+4	4.893651E-1
1.820375E+4	7.611993E-1
1.820400E+4	9.077222E-1
1.820425E+4	8.900609E-1
1.820450E+4	6.228546E-1
1.820475E+4	3.413045E-1
1.820500E+4	4.148251E-1
1.820525E+4	4.653251E-1
1.820550E+4	2.475892E-1
1.820575E+4	9.153266E-2
1.820600E+4	3.173594E-1
1.820625E+4	5.400804E-1
1.820650E+4	5.628686E-1
1.820675E+4	2.932890E-1
1.820700E+4	9.489091E-2
1.820725E+4	2.921673E-1
1.820750E+4	4.497473E-1
1.820775E+4	4.514202E-1
1.820800E+4	4.392338E-1
1.820825E+4	4.966150E-1
1.820850E+4	4.861533E-1
1.820875E+4	2.153812E-1
1.820900E+4	3.517868E-1
1.820925E+4	6.799015E-1
1.820950E+4	8.004234E-1
1.820975E+4	6.713426E-1
1.821000E+4	4.750625E-1
1.821025E+4	4.883298E-1
1.821050E+4	5.921188E-1
1.821075E+4	5.803189E-1
1.821100E+4	3.475225E-1
1.821125E+4	3.116899E-1
1.821150E+4	4.502013E-1
1.821175E+4	3.360077E-1
1.821200E+4	2.276129E-1
1.821225E+4	3.244529E-1
1.821250E+4	5.450109E-1
1.821275E+4	8.144404E-1
1.821300E+4	3.801157E-1
1.821325E+4	1.349458E-1
1.821350E+4	2.899739E-1
1.821375E+4	4.572034E-1
1.821400E+4	6.175226E-1
1.821425E+4	7.169879E-1
1.821450E+4	7.293126E-1
1.821475E+4	6.959503E-1
1.821500E+4	5.410683E-1
1.821525E+4	3.913433E-1
1.821550E+4	3.779704E-1
1.821575E+4	3.990456E-1
1.821600E+4	3.662899E-1
1.821625E+4	3.334652E-1
1.821650E+4	3.986217E-1
1.821675E+4	4.692360E-1
1.821700E+4	4.514097E-1
1.821725E+4	3.169884E-1
1.821750E+4	3.167864E-1
1.821775E+4	3.827417E-1
1.821800E+4	4.753283E-1
1.821825E+4	6.139068E-1
1.821850E+4	6.949268E-1
1.821875E+4	6.392317E-1
1.821900E+4	5.090274E-1
1.821925E+4	4.754655E-1
1.821950E+4	5.958932E-1
1.821975E+4	6.671329E-1
1.822000E+4	6.669874E-1
1.822025E+4	6.327637E-1
1.822050E+4	5.747129E-1
1.822075E+4	4.201568E-1
1.822100E+4	1.359529E-1
1.822125E+4	3.251211E-1
1.822150E+4	4.875853E-1
1.822175E+4	5.046692E-1
1.822200E+4	4.840536E-1
1.822225E+4	5.092695E-1
1.822250E+4	6.617278E-1
1.822275E+4	7.776340E-1
1.822300E+4	6.499758E-1
1.822325E+4	6.649467E-1
1.822350E+4	7.557144E-1
1.822375E+4	7.944152E-1
1.822400E+4	6.156391E-1
1.822425E+4	4.132323E-1
1.822450E+4	5.654269E-1
1.822475E+4	7.059486E-1
1.822500E+4	6.082688E-1
1.822525E+4	2.657087E-1
1.822550E+4	6.002268E-3
1.822575E+4	4.344987E-1
1.822600E+4	7.869959E-1
1.822625E+4	6.577496E-1
1.822650E+4	5.345175E-1
1.822675E+4	5.748660E-1
1.822700E+4	7.115023E-1
1.822725E+4	5.861587E-1
1.822750E+4	3.229774E-1
1.822775E+4	2.229184E-1
1.822800E+4	2.540480E-1
1.822825E+4	3.453011E-1
1.822850E+4	4.327794E-1
1.822875E+4	4.981297E-1
1.822900E+4	5.338402E-1
1.822925E+4	5.018604E-1
1.822950E+4	3.722676E-1
1.822975E+4	3.390235E-1
1.823000E+4	4.443193E-1
1.823025E+4	5.076223E-1
1.823050E+4	5.347632E-1
1.823075E+4	5.663033E-1
1.823100E+4	5.356099E-1
1.823125E+4	4.901318E-1
1.823150E+4	4.459892E-1
1.823175E+4	4.212407E-1
1.823200E+4	5.203021E-1
1.823225E+4	6.506476E-1
1.823250E+4	7.190602E-1
1.823275E+4	7.440639E-1
1.823300E+4	5.908639E-1
1.823325E+4	3.596310E-1
1.823350E+4	2.754793E-1
1.823375E+4	2.174889E-1
1.823400E+4	1.098033E-1
1.823425E+4	2.166160E-1
1.823450E+4	6.336462E-1
1.823475E+4	7.578010E-1
1.823500E+4	7.057170E-1
1.823525E+4	5.384816E-1
1.823550E+4	4.081643E-1
1.823575E+4	2.803693E-1
1.823600E+4	8.294773E-2
1.823625E+4	5.910671E-3
1.823650E+4	6.848260E-2
1.823675E+4	1.234950E-1
1.823700E+4	1.261089E-1
1.823725E+4	1.329746E-1
1.823750E+4	2.800157E-1
1.823775E+4	4.072095E-1
1.823800E+4	5.045264E-1
1.823825E+4	5.284415E-1
1.823850E+4	3.827837E-1
1.823875E+4	2.558231E-1
1.823900E+4	2.334393E-1
1.823925E+4	2.847068E-1
1.823950E+4	3.573365E-1
1.823975E+4	2.690205E-1
1.824000E+4	1.383210E-1
1.824025E+4	1.266443E-1
1.824050E+4	2.165638E-1
1.824075E+4	3.349347E-1
1.824100E+4	4.193123E-1
1.824125E+4	3.588442E-1
1.824150E+4	1.910606E-1
1.824175E+4	1.046446E-1
1.824200E+4	1.875072E-1
1.824225E+4	4.352824E-1
1.824250E+4	5.609246E-1
1.824275E+4	6.233558E-1
1.824300E+4	7.205436E-1
1.824325E+4	7.833609E-1
1.824350E+4	3.074031E-1
1.824375E+4	2.530790E-1
1.824400E+4	4.073533E-1
1.824425E+4	5.660260E-1
1.824450E+4	5.821803E-1
1.824475E+4	3.660773E-1
1.824500E+4	1.779549E-1
1.824525E+4	3.705106E-1
1.824550E+4	6.837029E-1
1.824575E+4	7.551703E-1
1.824600E+4	6.137313E-1
1.824625E+4	3.247217E-1
1.824650E+4	4.239890E-1
1.824675E+4	5.675135E-1
1.824700E+4	5.664755E-1
1.824725E+4	4.767008E-1
1.824750E+4	3.272420E-1
1.824775E+4	4.148693E-1
1.824800E+4	5.234789E-1
1.824825E+4	5.510801E-1
1.824850E+4	4.467865E-1
1.824875E+4	1.641354E-1
1.824900E+4	2.673370E-2
1.824925E+4	2.872344E-1
1.824950E+4	7.636581E-1
1.824975E+4	7.019212E-1
1.825000E+4	4.122968E-1
1.825025E+4	3.180571E-1
1.825050E+4	3.658417E-1
1.825075E+4	4.149071E-1
1.825100E+4	3.432637E-1
1.825125E+4	2.941951E-1
1.825150E+4	4.675649E-1
1.825175E+4	6.048105E-1
1.825200E+4	4.505424E-1
1.825225E+4	2.064956E-1
1.825250E+4	2.630859E-1
1.825275E+4	4.356355E-1
1.825300E+4	5.488535E-1
1.825325E+4	5.328848E-1
1.825350E+4	4.272465E-1
1.825375E+4	6.598805E-1
1.825400E+4	7.868465E-1
1.825425E+4	6.942373E-1
1.825450E+4	4.486573E-1
1.825475E+4	2.386611E-1
1.825500E+4	2.253276E-1
1.825525E+4	3.532871E-1
1.825550E+4	5.378079E-1
1.825575E+4	6.252199E-1
1.825600E+4	4.839431E-1
1.825625E+4	3.655718E-1
1.825650E+4	3.702248E-1
1.825675E+4	4.508476E-1
1.825700E+4	5.414103E-1
1.825725E+4	5.827891E-1
1.825750E+4	6.022316E-1
1.825775E+4	6.245181E-1
1.825800E+4	6.075021E-1
1.825825E+4	5.477454E-1
1.825850E+4	5.335994E-1
1.825875E+4	6.104959E-1
1.825900E+4	6.318171E-1
1.825925E+4	3.559173E-1
1.825950E+4	2.023847E-1
1.825975E+4	3.347945E-1
1.826000E+4	4.969417E-1
1.826025E+4	5.878383E-1
1.826050E+4	5.083294E-1
1.826075E+4	4.826144E-1
1.826100E+4	5.316368E-1
1.826125E+4	5.524881E-1
1.826150E+4	4.624869E-1
1.826175E+4	3.434275E-1
1.826200E+4	3.789984E-1
1.826225E+4	4.360026E-1
1.826250E+4	4.569313E-1
1.826275E+4	4.192570E-1
1.826300E+4	2.704112E-1
1.826325E+4	6.234700E-2
1.826350E+4	7.737427E-2
1.826375E+4	2.429296E-1
1.826400E+4	4.365680E-1
1.826425E+4	6.295588E-1
1.826450E+4	7.849966E-1
1.826475E+4	8.291423E-1
1.826500E+4	7.573155E-1
1.826525E+4	6.703806E-1
1.826550E+4	6.198850E-1
1.826575E+4	5.871121E-1
1.826600E+4	5.019579E-1
1.826625E+4	3.754338E-1
1.826650E+4	3.473792E-1
1.826675E+4	3.417192E-1
1.826700E+4	3.088726E-1
1.826725E+4	2.515158E-1
1.826750E+4	2.356032E-1
1.826775E+4	2.616640E-1
1.826800E+4	3.627135E-1
1.826825E+4	5.941699E-1
1.826850E+4	8.309301E-1
1.826875E+4	8.648675E-1
1.826900E+4	6.902431E-1
1.826925E+4	3.935371E-1
1.826950E+4	1.774001E-1
1.826975E+4	3.541137E-1
1.827000E+4	4.412165E-1
1.827025E+4	4.516113E-1
1.827050E+4	5.230723E-1
1.827075E+4	6.033793E-1
1.827100E+4	5.516945E-1
1.827125E+4	8.687666E-2
1.827150E+4	3.489426E-1
1.827175E+4	6.853002E-1
1.827200E+4	7.806570E-1
1.827225E+4	5.990466E-1
1.827250E+4	5.351081E-1
1.827275E+4	5.912643E-1
1.827300E+4	5.719030E-1
1.827325E+4	3.421921E-1
1.827350E+4	4.205970E-1
1.827375E+4	7.761022E-1
1.827400E+4	8.291574E-1
1.827425E+4	7.417022E-1
1.827450E+4	4.622963E-1
1.827475E+4	2.853688E-1
1.827500E+4	4.022019E-1
1.827525E+4	4.213875E-1
1.827550E+4	3.810655E-1
1.827575E+4	4.466230E-1
1.827600E+4	4.991610E-1
1.827625E+4	3.932862E-1
1.827650E+4	1.042231E-1
1.827675E+4	2.501717E-1
1.827700E+4	5.815275E-1
1.827725E+4	6.665512E-1
1.827750E+4	6.954789E-1
1.827775E+4	8.185279E-1
1.827800E+4	8.332087E-1
1.827825E+4	7.499539E-1
1.827850E+4	6.328636E-1
1.827875E+4	5.640367E-1
1.827900E+4	6.642841E-1
1.827925E+4	7.076279E-1
1.827950E+4	5.751191E-1
1.827975E+4	5.128541E-1
1.828000E+4	7.138598E-1
1.828025E+4	8.274360E-1
1.828050E+4	7.722773E-1
1.828075E+4	6.177385E-1
1.828100E+4	4.162604E-1
1.828125E+4	2.578402E-1
1.828150E+4	1.693108E-1
1.828175E+4	9.220234E-2
1.828200E+4	1.781953E-1
1.828225E+4	4.806734E-1
1.828250E+4	7.320409E-1
1.828275E+4	7.957585E-1
1.828300E+4	5.208834E-1
1.828325E+4	2.208659E-1
1.828350E+4	2.900143E-1
1.828375E+4	4.305702E-1
1.828400E+4	5.351698E-1
1.828425E+4	4.654697E-1
1.828450E+4	2.465884E-1
1.828475E+4	3.564181E-1
1.828500E+4	3.475859E-1
1.828525E+4	2.459992E-1
1.828550E+4	9.362656E-2
1.828575E+4	2.619374E-1
1.828600E+4	7.536648E-1
1.828625E+4	9.087696E-1
1.828650E+4	8.471972E-1
1.828675E+4	6.220259E-1
1.828700E+4	6.315085E-1
1.828725E+4	6.054166E-1
1.828750E+4	4.782661E-1
1.828775E+4	2.944869E-1
1.828800E+4	2.234946E-1
1.828825E+4	3.681414E-1
1.828850E+4	4.806498E-1
1.828875E+4	4.639599E-1
1.828900E+4	4.161456E-1
1.828925E+4	4.563384E-1
1.828950E+4	4.521392E-1
1.828975E+4	3.676929E-1
1.829000E+4	1.934622E-1
1.829025E+4	2.031047E-1
1.829050E+4	4.972545E-1
1.829075E+4	4.510790E-1
1.829100E+4	3.312385E-1
1.829125E+4	1.993008E-1
1.829150E+4	6.467268E-2
1.829175E+4	2.389818E-2
1.829200E+4	2.596843E-1
1.829225E+4	3.405233E-1
1.829250E+4	2.982829E-1
1.829275E+4	2.597388E-1
1.829300E+4	2.775460E-1
1.829325E+4	3.342747E-1
1.829350E+4	3.338051E-1
1.829375E+4	2.699341E-1
1.829400E+4	4.353019E-1
1.829425E+4	6.001377E-1
1.829450E+4	5.213474E-1
1.829475E+4	3.066359E-1
1.829500E+4	2.072821E-2
1.829525E+4	4.355495E-1
1.829550E+4	5.550130E-1
1.829575E+4	4.706252E-1
1.829600E+4	1.860710E-1
1.829625E+4	7.234476E-2
1.829650E+4	2.525074E-1
1.829675E+4	3.647999E-1
1.829700E+4	3.675978E-1
1.829725E+4	2.164969E-1
1.829750E+4	5.268476E-2
1.829775E+4	2.558138E-1
1.829800E+4	3.372338E-1
1.829825E+4	1.469332E-1
1.829850E+4	2.647082E-2
1.829875E+4	1.766522E-1
1.829900E+4	3.112437E-1
1.829925E+4	2.762070E-1
1.829950E+4	9.029670E-2
1.829975E+4	3.592671E-1
1.830000E+4	5.009865E-1
1.830025E+4	4.976814E-1
1.830050E+4	1.597636E-1
1.830075E+4	4.780146E-2
1.830100E+4	2.968277E-1
1.830125E+4	5.345315E-1
1.830150E+4	7.625270E-1
1.830175E+4	7.984520E-1
1.830200E+4	7.230002E-1
1.830225E+4	6.827786E-1
1.830250E+4	6.572844E-1
1.830275E+4	6.047166E-1
1.830300E+4	6.048370E-1
1.830325E+4	6.679292E-1
1.830350E+4	7.422745E-1
1.830375E+4	3.500091E-1
1.830400E+4	2.467754E-2
1.830425E+4	7.967084E-2
1.830450E+4	3.488227E-1
1.830475E+4	6.446089E-1
1.830500E+4	4.898881E-1
1.830525E+4	2.412025E-1
1.830550E+4	5.095744E-2
1.830575E+4	2.019277E-2
1.830600E+4	2.002875E-1
1.830625E+4	2.699987E-1
1.830650E+4	8.448643E-2
1.830675E+4	7.945839E-2
1.830700E+4	3.215027E-1
1.830725E+4	3.166551E-1
1.830750E+4	2.128815E-1
1.830775E+4	8.070456E-2
1.830800E+4	3.306160E-1
1.830825E+4	4.832617E-1
1.830850E+4	3.758261E-1
1.830875E+4	3.031186E-1
1.830900E+4	3.158195E-1
1.830925E+4	4.334400E-1
1.830950E+4	1.335892E-1
1.830975E+4	2.984408E-2
1.831000E+4	1.419056E-1
1.831025E+4	4.555986E-1
1.831050E+4	5.444730E-1
1.831075E+4	2.803581E-1
1.831100E+4	8.617461E-2
1.831125E+4	3.311492E-2
1.831150E+4	1.141594E-1
1.831175E+4	1.929095E-1
1.831200E+4	1.712302E-1
1.831225E+4	1.647409E-1
1.831250E+4	2.347808E-1
1.831275E+4	3.550501E-1
1.831300E+4	3.727588E-1
1.831325E+4	2.540646E-1
1.831350E+4	1.564568E-1
1.831375E+4	1.616665E-1
1.831400E+4	2.706256E-1
1.831425E+4	2.503079E-1
1.831450E+4	6.755272E-2
1.831475E+4	4.563878E-2
1.831500E+4	2.806997E-1
1.831525E+4	3.753942E-1
1.831550E+4	1.997977E-1
1.831575E+4	1.529792E-1
1.831600E+4	1.429622E-1
1.831625E+4	9.281030E-2
1.831650E+4	8.956721E-3
1.831675E+4	1.136374E-1
1.831700E+4	3.592077E-1
1.831725E+4	4.565116E-1
1.831750E+4	1.549776E-1
1.831775E+4	2.214161E-2
1.831800E+4	2.052333E-1
1.831825E+4	3.141719E-1
1.831850E+4	1.518070E-1
1.831875E+4	1.756038E-1
1.831900E+4	4.327136E-1
1.831925E+4	4.386538E-1
1.831950E+4	9.230130E-2
1.831975E+4	6.811319E-2
1.832000E+4	2.486447E-1
1.832025E+4	4.030482E-1
1.832050E+4	4.201119E-1
1.832075E+4	2.518004E-1
1.832100E+4	5.189067E-2
1.832125E+4	1.396048E-2
1.832150E+4	7.582413E-2
1.832175E+4	1.387946E-1
1.832200E+4	2.197740E-1
1.832225E+4	1.913122E-1
1.832250E+4	7.792969E-2
1.832275E+4	6.437395E-3
1.832300E+4	1.841041E-2
1.832325E+4	8.352359E-2
1.832350E+4	1.235077E-1
1.832375E+4	2.625938E-2
1.832400E+4	9.788948E-2
1.832425E+4	2.480529E-1
1.832450E+4	3.312763E-1
1.832475E+4	1.976278E-1
1.832500E+4	5.683450E-2
1.832525E+4	8.700863E-2
1.832550E+4	1.119177E-1
1.832575E+4	7.117175E-2
1.832600E+4	6.084174E-2
1.832625E+4	1.285831E-1
1.832650E+4	1.759723E-1
1.832675E+4	1.649455E-1
1.832700E+4	9.729419E-2
1.832725E+4	6.327105E-2
1.832750E+4	7.114861E-2
1.832775E+4	4.641410E-2
1.832800E+4	2.395854E-2
1.832825E+4	1.952068E-2
1.832850E+4	2.532242E-2
1.832875E+4	2.129871E-2
1.832900E+4	3.447416E-2
1.832925E+4	7.087697E-2
1.832950E+4	1.336487E-1
1.832975E+4	2.746618E-1
1.833000E+4	3.016889E-1
1.833025E+4	1.742322E-1
1.833050E+4	1.110803E-1
1.833075E+4	7.198915E-2
1.833100E+4	5.810774E-2
1.833125E+4	5.735052E-2
1.833150E+4	4.099597E-2
1.833175E+4	2.538618E-2
1.833200E+4	6.921517E-2
1.833225E+4	7.276403E-2
1.833250E+4	4.920089E-2
1.833275E+4	5.548851E-2
1.833300E+4	1.272823E-1
1.833325E+4	2.212768E-1
1.833350E+4	1.940333E-1
1.833375E+4	8.224473E-2
1.833400E+4	1.953322E-1
1.833425E+4	3.592163E-1
1.833450E+4	3.490862E-1
1.833475E+4	1.542602E-1
1.833500E+4	7.334559E-3
1.833525E+4	1.577990E-1
1.833550E+4	4.368724E-1
1.833575E+4	6.023124E-1
1.833600E+4	4.283398E-1
1.833625E+4	1.730216E-1
1.833650E+4	1.218219E-1
1.833675E+4	1.743086E-1
1.833700E+4	2.541026E-1
1.833725E+4	2.673749E-1
1.833750E+4	8.605749E-2
1.833775E+4	8.914027E-2
1.833800E+4	2.499369E-1
1.833825E+4	2.187633E-1
1.833850E+4	1.309710E-1
1.833875E+4	9.886938E-2
1.833900E+4	2.156988E-1
1.833925E+4	3.182907E-1
1.833950E+4	2.807610E-1
1.833975E+4	1.647046E-1
1.834000E+4	6.306284E-2
1.834025E+4	2.434226E-1
1.834050E+4	3.400152E-1
1.834075E+4	2.358287E-1
1.834100E+4	1.333842E-1
1.834125E+4	5.593523E-2
1.834150E+4	1.483414E-3
1.834175E+4	1.088443E-1
1.834200E+4	5.271863E-1
1.834225E+4	7.481666E-1
1.834250E+4	6.927001E-1
1.834275E+4	5.809848E-1
1.834300E+4	5.275577E-1
1.834325E+4	5.079457E-1
1.834350E+4	3.987773E-1
1.834375E+4	2.060786E-1
1.834400E+4	1.649405E-1
1.834425E+4	5.437805E-1
1.834450E+4	4.093992E-1
1.834475E+4	1.462365E-1
1.834500E+4	1.998890E-1
1.834525E+4	4.028323E-1
1.834550E+4	4.021871E-1
1.834575E+4	1.775831E-1
1.834600E+4	7.835303E-2
1.834625E+4	1.682356E-1
1.834650E+4	2.287954E-1
1.834675E+4	1.957352E-1
1.834700E+4	1.133305E-1
1.834725E+4	5.190712E-1
1.834750E+4	6.514956E-1
1.834775E+4	5.083276E-1
1.834800E+4	3.288250E-1
1.834825E+4	2.741746E-1
1.834850E+4	3.790851E-1
1.834875E+4	3.246096E-1
1.834900E+4	2.047999E-1
1.834925E+4	9.022414E-2
1.834950E+4	1.410123E-1
1.834975E+4	2.230709E-1
1.835000E+4	1.762172E-1
1.835025E+4	7.518234E-2
1.835050E+4	1.708800E-2
1.835075E+4	8.086883E-2
1.835100E+4	1.532759E-1
1.835125E+4	2.092440E-1
1.835150E+4	1.933733E-1
1.835175E+4	6.902359E-2
1.835200E+4	1.282311E-1
1.835225E+4	3.388708E-1
1.835250E+4	4.413123E-1
1.835275E+4	3.499231E-1
1.835300E+4	4.811153E-2
1.835325E+4	1.447171E-1
1.835350E+4	3.671729E-1
1.835375E+4	4.320947E-1
1.835400E+4	4.016965E-1
1.835425E+4	4.225193E-1
1.835450E+4	5.641765E-1
1.835475E+4	4.940517E-1
1.835500E+4	2.030558E-1
1.835525E+4	1.894673E-2
1.835550E+4	3.223291E-1
1.835575E+4	5.073719E-1
1.835600E+4	3.801880E-1
1.835625E+4	8.309529E-2
1.835650E+4	5.878546E-2
1.835675E+4	2.133781E-1
1.835700E+4	3.277926E-1
1.835725E+4	3.051527E-1
1.835750E+4	1.663397E-1
1.835775E+4	1.138028E-1
1.835800E+4	1.842412E-1
1.835825E+4	3.335601E-1
1.835850E+4	3.431444E-1
1.835875E+4	3.442720E-2
1.835900E+4	1.216072E-2
1.835925E+4	3.735866E-2
1.835950E+4	6.063459E-2
1.835975E+4	1.114909E-1
1.836000E+4	1.910676E-1
1.836025E+4	3.273267E-1
1.836050E+4	2.127706E-1
1.836075E+4	2.225217E-3
1.836100E+4	3.534851E-2
1.836125E+4	8.484904E-2
1.836150E+4	1.279572E-1
1.836175E+4	7.688814E-2
1.836200E+4	2.030221E-2
1.836225E+4	8.264998E-3
1.836250E+4	1.861010E-2
1.836275E+4	5.903833E-2
1.836300E+4	1.832744E-1
1.836325E+4	4.199673E-1
1.836350E+4	4.272991E-1
1.836375E+4	2.840211E-1
1.836400E+4	1.898171E-1
1.836425E+4	1.499604E-1
1.836450E+4	1.533001E-1
1.836475E+4	1.243906E-1
1.836500E+4	9.484398E-2
1.836525E+4	8.787295E-2
1.836550E+4	1.024800E-1
1.836575E+4	1.104784E-1
1.836600E+4	7.856022E-2
1.836625E+4	2.271984E-2
1.836650E+4	1.874162E-2
1.836675E+4	1.823985E-1
1.836700E+4	2.885999E-1
1.836725E+4	3.318630E-1
1.836750E+4	3.495439E-1
1.836775E+4	2.893077E-1
1.836800E+4	1.350529E-1
1.836825E+4	4.484212E-2
1.836850E+4	3.868649E-2
1.836875E+4	3.845725E-2
1.836900E+4	1.792083E-2
1.836925E+4	4.208889E-2
1.836950E+4	1.072122E-1
1.836975E+4	4.747415E-2
1.837000E+4	6.047824E-3
1.837025E+4	2.421927E-2
1.837050E+4	2.372125E-1
1.837075E+4	3.204065E-1
1.837100E+4	2.597141E-1
1.837125E+4	2.223057E-1
1.837150E+4	1.946610E-1
1.837175E+4	1.091458E-1
1.837200E+4	2.281788E-2
1.837225E+4	8.380551E-3
1.837250E+4	1.647173E-2
1.837275E+4	2.585963E-2
1.837300E+4	6.029289E-2
1.837325E+4	1.433272E-1
1.837350E+4	2.635621E-1
1.837375E+4	3.431116E-1
1.837400E+4	6.271693E-2
1.837425E+4	1.966600E-1
1.837450E+4	4.054178E-1
1.837475E+4	3.639328E-1
1.837500E+4	2.071794E-1
1.837525E+4	5.228325E-2
1.837550E+4	4.145300E-2
1.837575E+4	1.806171E-1
1.837600E+4	2.273096E-1
1.837625E+4	1.218227E-1
1.837650E+4	1.219625E-2
1.837675E+4	4.933088E-2
1.837700E+4	1.122594E-1
1.837725E+4	8.003506E-2
1.837750E+4	1.315048E-2
1.837775E+4	2.136004E-2
1.837800E+4	1.878077E-1
1.837825E+4	3.999808E-1
1.837850E+4	2.841631E-1
1.837875E+4	1.286947E-1
1.837900E+4	9.181485E-2
1.837925E+4	1.755797E-1
1.837950E+4	3.000037E-1
1.837975E+4	2.588234E-1
1.838000E+4	2.470101E-1
1.838025E+4	3.048285E-1
1.838050E+4	4.146397E-1
1.838075E+4	4.099762E-1
1.838100E+4	1.963921E-1
1.838125E+4	1.728447E-1
1.838150E+4	4.629760E-1
1.838175E+4	5.746375E-1
1.838200E+4	4.171888E-1
1.838225E+4	1.803797E-1
1.838250E+4	4.156555E-2
1.838275E+4	1.631679E-1
1.838300E+4	3.468453E-1
1.838325E+4	4.248072E-1
1.838350E+4	2.782626E-1
1.838375E+4	6.958948E-2
1.838400E+4	3.044674E-1
1.838425E+4	3.964972E-1
1.838450E+4	2.789579E-1
1.838475E+4	6.537868E-2
1.838500E+4	1.283292E-2
1.838525E+4	1.264486E-1
1.838550E+4	2.386356E-1
1.838575E+4	6.678832E-2
1.838600E+4	3.010998E-2
1.838625E+4	8.646013E-2
1.838650E+4	1.869934E-1
1.838675E+4	2.086087E-1
1.838700E+4	1.098527E-1
1.838725E+4	1.097596E-1
1.838750E+4	1.371875E-1
1.838775E+4	1.572784E-1
1.838800E+4	7.120096E-2
1.838825E+4	8.472379E-3
1.838850E+4	4.952095E-2
1.838875E+4	5.133257E-2
1.838900E+4	2.625633E-2
1.838925E+4	2.329945E-2
1.838950E+4	5.574289E-2
1.838975E+4	1.463010E-1
1.839000E+4	2.531734E-1
1.839025E+4	3.228652E-1
1.839050E+4	3.784292E-1
1.839075E+4	4.164721E-1
1.839100E+4	3.658585E-1
1.839125E+4	1.925938E-1
1.839150E+4	2.965138E-2
1.839175E+4	1.232804E-2
1.839200E+4	9.625936E-2
1.839225E+4	1.223240E-1
1.839250E+4	3.765410E-2
1.839275E+4	1.089071E-2
1.839300E+4	1.380981E-1
1.839325E+4	3.341223E-1
1.839350E+4	5.303926E-1
1.839375E+4	6.146581E-1
1.839400E+4	5.393646E-1
1.839425E+4	3.452400E-1
1.839450E+4	1.170844E-1
1.839475E+4	1.101571E-1
1.839500E+4	1.360509E-1
1.839525E+4	1.546170E-1
1.839550E+4	1.486938E-1
1.839575E+4	9.269300E-2
1.839600E+4	5.759381E-2
1.839625E+4	4.703857E-2
1.839650E+4	4.491788E-2
1.839675E+4	1.251544E-1
1.839700E+4	1.982756E-1
1.839725E+4	8.775637E-2
1.839750E+4	2.510162E-2
1.839775E+4	9.311866E-2
1.839800E+4	2.307593E-1
1.839825E+4	2.584151E-1
1.839850E+4	2.822787E-1
1.839875E+4	3.272538E-1
1.839900E+4	3.400562E-1
1.839925E+4	2.790131E-1
1.839950E+4	1.598800E-1
1.839975E+4	9.307475E-3
1.840000E+4	3.899934E-2
1.840025E+4	7.771067E-2
1.840050E+4	8.945283E-2
1.840075E+4	1.195651E-1
1.840100E+4	2.358228E-1
1.840125E+4	3.739451E-1
1.840150E+4	4.791127E-1
1.840175E+4	5.439042E-1
1.840200E+4	5.540793E-1
1.840225E+4	4.641372E-1
1.840250E+4	1.535726E-1
1.840275E+4	3.248892E-2
1.840300E+4	7.534086E-2
1.840325E+4	6.612108E-2
1.840350E+4	1.859897E-1
1.840375E+4	4.002778E-1
1.840400E+4	3.607030E-1
1.840425E+4	1.957792E-1
1.840450E+4	6.461770E-2
1.840475E+4	3.081410E-1
1.840500E+4	5.780404E-1
1.840525E+4	5.034371E-1
1.840550E+4	3.460724E-1
1.840575E+4	1.410911E-1
1.840600E+4	1.023745E-1
1.840625E+4	1.199118E-1
1.840650E+4	8.833893E-2
1.840675E+4	8.015142E-2
1.840700E+4	8.742173E-2
1.840725E+4	3.948307E-2
1.840750E+4	7.442604E-2
1.840775E+4	3.053990E-1
1.840800E+4	5.967896E-1
1.840825E+4	6.965565E-1
1.840850E+4	3.726481E-1
1.840875E+4	4.193454E-2
1.840900E+4	5.207505E-1
1.840925E+4	7.125773E-1
1.840950E+4	4.265376E-1
1.840975E+4	1.939855E-1
1.841000E+4	1.338589E-1
1.841025E+4	1.402130E-1
1.841050E+4	1.647286E-1
1.841075E+4	4.480109E-1
1.841100E+4	6.384172E-1
1.841125E+4	6.228427E-1
1.841150E+4	3.055473E-1
1.841175E+4	1.186392E-2
1.841200E+4	3.132356E-1
1.841225E+4	5.028396E-1
1.841250E+4	5.225221E-1
1.841275E+4	4.122477E-1
1.841300E+4	3.505083E-1
1.841325E+4	5.500401E-1
1.841350E+4	2.450731E-1
1.841375E+4	7.598373E-3
1.841400E+4	1.149975E-1
1.841425E+4	4.699455E-1
1.841450E+4	7.487498E-1
1.841475E+4	6.721678E-1
1.841500E+4	4.790331E-1
1.841525E+4	3.908677E-1
1.841550E+4	3.377238E-1
1.841575E+4	3.037715E-1
1.841600E+4	3.301560E-1
1.841625E+4	3.260711E-1
1.841650E+4	2.461235E-1
1.841675E+4	7.527841E-2
1.841700E+4	1.729605E-2
1.841725E+4	2.347911E-1
1.841750E+4	3.992177E-1
1.841775E+4	3.661156E-1
1.841800E+4	1.707717E-1
1.841825E+4	7.354531E-2
1.841850E+4	1.740075E-1
1.841875E+4	1.893236E-1
1.841900E+4	7.881499E-2
1.841925E+4	1.578722E-2
1.841950E+4	1.005186E-2
1.841975E+4	2.210448E-2
1.842000E+4	4.888041E-2
1.842025E+4	7.800526E-2
1.842050E+4	1.316552E-1
1.842075E+4	2.430004E-1
1.842100E+4	3.225301E-1
1.842125E+4	3.042391E-1
1.842150E+4	2.354358E-1
1.842175E+4	3.271737E-1
1.842200E+4	6.386842E-1
1.842225E+4	6.241735E-1
1.842250E+4	4.400993E-1
1.842275E+4	2.146870E-1
1.842300E+4	4.386069E-1
1.842325E+4	8.519910E-1
1.842350E+4	8.409247E-1
1.842375E+4	6.088487E-1
1.842400E+4	2.009897E-1
1.842425E+4	7.812519E-2
1.842450E+4	6.283950E-1
1.842475E+4	8.231801E-1
1.842500E+4	5.324660E-1
1.842525E+4	2.075938E-1
1.842550E+4	2.417385E-1
1.842575E+4	3.488450E-1
1.842600E+4	3.586806E-1
1.842625E+4	2.760827E-1
1.842650E+4	9.688823E-2
1.842675E+4	7.965199E-2
1.842700E+4	3.192655E-1
1.842725E+4	4.884692E-1
1.842750E+4	6.018384E-1
1.842775E+4	6.229182E-1
1.842800E+4	4.524638E-1
1.842825E+4	3.441935E-1
1.842850E+4	4.746686E-1
1.842875E+4	6.588370E-1
1.842900E+4	7.979391E-1
1.842925E+4	6.572666E-1
1.842950E+4	2.697628E-1
1.842975E+4	1.460431E-1
1.843000E+4	2.182767E-1
1.843025E+4	3.305472E-1
1.843050E+4	3.423483E-1
1.843075E+4	2.103131E-1
1.843100E+4	6.563442E-2
1.843125E+4	2.118053E-2
1.843150E+4	5.807984E-2
1.843175E+4	6.020179E-2
1.843200E+4	2.052910E-2
1.843225E+4	2.391481E-1
1.843250E+4	5.142390E-1
1.843275E+4	6.360552E-1
1.843300E+4	5.387365E-1
1.843325E+4	2.372804E-1
1.843350E+4	1.675614E-1
1.843375E+4	2.767355E-1
1.843400E+4	2.447423E-1
1.843425E+4	9.229296E-2
1.843450E+4	4.332149E-2
1.843475E+4	3.610196E-1
1.843500E+4	5.610762E-1
1.843525E+4	5.197148E-1
1.843550E+4	3.648117E-1
1.843575E+4	1.559851E-1
1.843600E+4	2.539335E-1
1.843625E+4	3.241790E-1
1.843650E+4	3.298161E-1
1.843675E+4	3.891140E-1
1.843700E+4	4.602766E-1
1.843725E+4	4.069310E-1
1.843750E+4	2.793709E-1
1.843775E+4	1.437027E-1
1.843800E+4	5.845648E-2
1.843825E+4	1.097327E-1
1.843850E+4	1.877532E-1
1.843875E+4	1.937698E-1
1.843900E+4	1.915308E-1
1.843925E+4	2.049426E-1
1.843950E+4	1.547773E-1
1.843975E+4	2.571281E-2
1.844000E+4	2.733007E-2
1.844025E+4	9.801601E-2
1.844050E+4	1.035084E-1
1.844075E+4	5.823177E-2
1.844100E+4	4.002450E-3
1.844125E+4	7.242676E-2
1.844150E+4	3.092965E-1
1.844175E+4	4.008896E-1
1.844200E+4	4.276214E-1
1.844225E+4	4.253166E-1
1.844250E+4	3.808321E-1
1.844275E+4	3.078434E-1
1.844300E+4	2.707505E-1
1.844325E+4	2.460675E-1
1.844350E+4	1.332288E-1
1.844375E+4	2.492304E-2
1.844400E+4	1.488915E-1
1.844425E+4	3.094627E-1
1.844450E+4	3.512058E-1
1.844475E+4	2.938454E-1
1.844500E+4	3.116347E-1
1.844525E+4	4.603231E-1
1.844550E+4	5.121177E-1
1.844575E+4	4.337943E-1
1.844600E+4	2.480928E-1
1.844625E+4	4.873513E-2
1.844650E+4	8.150186E-2
1.844675E+4	3.224325E-1
1.844700E+4	3.977209E-1
1.844725E+4	3.856647E-1
1.844750E+4	3.768560E-1
1.844775E+4	3.589028E-1
1.844800E+4	3.114936E-1
1.844825E+4	2.339965E-1
1.844850E+4	1.824306E-1
1.844875E+4	1.470535E-1
1.844900E+4	1.085678E-1
1.844925E+4	8.158445E-2
1.844950E+4	1.236743E-1
1.844975E+4	2.985163E-1
1.845000E+4	4.708467E-1
1.845025E+4	5.170121E-1
1.845050E+4	4.634022E-1
1.845075E+4	3.592613E-1
1.845100E+4	3.686248E-1
1.845125E+4	5.397180E-1
1.845150E+4	5.737754E-1
1.845175E+4	4.730540E-1
1.845200E+4	4.355509E-1
1.845225E+4	4.755937E-1
1.845250E+4	4.754830E-1
1.845275E+4	3.038481E-1
1.845300E+4	2.218892E-1
1.845325E+4	3.050643E-1
1.845350E+4	4.100719E-1
1.845375E+4	4.802491E-1
1.845400E+4	1.118554E-1
1.845425E+4	1.117768E-1
1.845450E+4	2.061280E-1
1.845475E+4	2.408814E-1
1.845500E+4	2.123328E-1
1.845525E+4	9.263957E-2
1.845550E+4	9.320891E-3
1.845575E+4	2.420725E-3
1.845600E+4	3.127816E-2
1.845625E+4	8.083504E-2
1.845650E+4	9.361780E-2
1.845675E+4	2.748404E-2
1.845700E+4	3.279839E-2
1.845725E+4	1.527570E-1
1.845750E+4	1.943694E-1
1.845775E+4	1.776053E-1
1.845800E+4	1.752927E-1
1.845825E+4	2.053024E-1
1.845850E+4	1.656028E-1
1.845875E+4	4.334603E-2
1.845900E+4	4.303721E-2
1.845925E+4	2.060233E-1
1.845950E+4	3.220909E-1
1.845975E+4	2.902073E-1
1.846000E+4	1.634513E-1
1.846025E+4	1.911055E-1
1.846050E+4	4.116650E-1
1.846075E+4	4.649355E-1
1.846100E+4	3.781691E-1
1.846125E+4	2.845299E-1
1.846150E+4	2.822473E-1
1.846175E+4	2.715222E-1
1.846200E+4	1.570203E-1
1.846225E+4	4.324668E-2
1.846250E+4	1.426585E-1
1.846275E+4	4.915897E-1
1.846300E+4	7.261978E-1
1.846325E+4	7.997011E-1
1.846350E+4	6.903071E-1
1.846375E+4	3.446237E-1
1.846400E+4	7.857527E-2
1.846425E+4	1.514955E-2
1.846450E+4	4.341836E-2
1.846475E+4	1.159040E-1
1.846500E+4	2.622417E-2
1.846525E+4	1.826615E-2
1.846550E+4	6.064055E-2
1.846575E+4	9.600793E-2
1.846600E+4	9.242764E-2
1.846625E+4	8.422318E-2
1.846650E+4	1.066095E-1
1.846675E+4	1.425059E-1
1.846700E+4	1.355834E-1
1.846725E+4	1.336296E-1
1.846750E+4	1.878664E-1
1.846775E+4	3.099235E-1
1.846800E+4	3.764067E-1
1.846825E+4	2.259165E-1
1.846850E+4	9.428077E-2
1.846875E+4	2.479803E-2
1.846900E+4	1.989746E-2
1.846925E+4	7.411315E-2
1.846950E+4	9.500600E-2
1.846975E+4	9.082377E-2
1.847000E+4	1.436778E-1
1.847025E+4	2.051260E-1
1.847050E+4	1.897185E-1
1.847075E+4	1.636532E-1
1.847100E+4	1.375392E-1
1.847125E+4	1.062308E-1
1.847150E+4	6.652327E-2
1.847175E+4	3.042462E-2
1.847200E+4	1.987112E-2
1.847225E+4	3.449811E-2
1.847250E+4	5.112183E-2
1.847275E+4	4.570828E-2
1.847300E+4	2.394747E-2
1.847325E+4	3.830736E-2
1.847350E+4	7.895454E-2
1.847375E+4	1.133178E-1
1.847400E+4	1.046141E-1
1.847425E+4	3.645389E-2
1.847450E+4	4.013059E-2
1.847475E+4	4.680290E-1
1.847500E+4	5.542819E-1
1.847525E+4	1.741935E-1
1.847550E+4	2.261476E-2
1.847575E+4	3.872232E-1
1.847600E+4	6.488437E-1
1.847625E+4	7.336155E-1
1.847650E+4	7.540464E-1
1.847675E+4	7.363457E-1
1.847700E+4	5.925903E-1
1.847725E+4	1.180688E-1
1.847750E+4	9.283329E-2
1.847775E+4	2.765310E-1
1.847800E+4	3.321482E-1
1.847825E+4	2.484625E-1
1.847850E+4	4.859726E-2
1.847875E+4	1.162113E-1
1.847900E+4	4.469279E-1
1.847925E+4	4.269579E-1
1.847950E+4	2.423573E-1
1.847975E+4	1.393361E-1
1.848000E+4	9.607104E-2
1.848025E+4	3.670826E-2
1.848050E+4	4.218690E-2
1.848075E+4	8.462205E-2
1.848100E+4	1.107921E-1
1.848125E+4	9.950346E-2
1.848150E+4	1.784915E-1
1.848175E+4	2.990343E-1
1.848200E+4	4.063393E-1
1.848225E+4	4.060722E-1
1.848250E+4	2.416536E-1
1.848275E+4	1.339108E-1
1.848300E+4	9.684663E-2
1.848325E+4	4.486052E-2
1.848350E+4	5.630282E-3
1.848375E+4	1.931419E-2
1.848400E+4	9.051249E-2
1.848425E+4	2.083199E-1
1.848450E+4	2.672191E-1
1.848475E+4	3.036660E-1
1.848500E+4	3.963524E-1
1.848525E+4	4.454356E-1
1.848550E+4	3.526698E-1
1.848575E+4	1.812329E-1
1.848600E+4	1.696562E-1
1.848625E+4	2.902016E-1
1.848650E+4	3.367714E-1
1.848675E+4	2.614500E-1
1.848700E+4	1.385156E-1
1.848725E+4	1.835299E-1
1.848750E+4	2.605800E-1
1.848775E+4	1.798190E-1
1.848800E+4	4.006263E-2
1.848825E+4	2.610796E-1
1.848850E+4	4.423200E-1
1.848875E+4	3.844841E-1
1.848900E+4	2.595146E-1
1.848925E+4	1.520408E-1
1.848950E+4	1.991577E-1
1.848975E+4	2.760734E-1
1.849000E+4	1.836932E-1
1.849025E+4	4.320005E-3
1.849050E+4	1.081274E-1
1.849075E+4	2.205071E-1
1.849100E+4	2.592826E-1
1.849125E+4	2.826780E-1
1.849150E+4	3.268301E-1
1.849175E+4	3.783962E-1
1.849200E+4	2.922502E-1
1.849225E+4	2.442159E-1
1.849250E+4	2.172057E-1
1.849275E+4	1.617555E-1
1.849300E+4	8.381208E-2
1.849325E+4	2.399731E-2
1.849350E+4	1.729673E-3
1.849375E+4	1.155804E-2
1.849400E+4	9.500363E-2
1.849425E+4	2.555467E-1
1.849450E+4	3.709661E-1
1.849475E+4	4.460482E-1
1.849500E+4	5.443297E-1
1.849525E+4	6.475570E-1
1.849550E+4	6.327940E-1
1.849575E+4	4.876536E-1
1.849600E+4	3.262317E-1
1.849625E+4	2.128526E-1
1.849650E+4	1.443980E-1
1.849675E+4	1.834776E-1
1.849700E+4	4.111654E-1
1.849725E+4	5.773780E-1
1.849750E+4	5.077860E-1
1.849775E+4	2.649719E-1
1.849800E+4	4.842400E-2
1.849825E+4	2.156421E-1
1.849850E+4	3.987949E-1
1.849875E+4	3.375977E-1
1.849900E+4	9.819305E-2
1.849925E+4	8.060184E-2
1.849950E+4	5.612066E-1
1.849975E+4	6.232660E-1
1.850000E+4	2.674950E-1
1.850025E+4	1.694378E-2
1.850050E+4	2.542373E-1
1.850075E+4	4.482118E-1
1.850100E+4	3.708601E-1
1.850125E+4	7.307702E-2
1.850150E+4	1.076575E-1
1.850175E+4	4.381246E-1
1.850200E+4	5.045742E-1
1.850225E+4	4.035189E-1
1.850250E+4	2.751844E-1
1.850275E+4	1.394445E-1
1.850300E+4	5.061696E-2
1.850325E+4	4.440636E-1
1.850350E+4	5.614829E-1
1.850375E+4	5.038314E-1
1.850400E+4	3.000625E-1
1.850425E+4	6.164865E-2
1.850450E+4	1.338704E-1
1.850475E+4	2.156000E-1
1.850500E+4	1.681638E-1
1.850525E+4	1.488939E-1
1.850550E+4	4.141490E-1
1.850575E+4	5.775574E-1
1.850600E+4	5.279855E-1
1.850625E+4	3.100214E-1
1.850650E+4	9.462982E-2
1.850675E+4	7.790630E-2
1.850700E+4	2.148978E-1
1.850725E+4	3.738981E-1
1.850750E+4	4.725621E-1
1.850775E+4	5.506860E-1
1.850800E+4	6.116088E-1
1.850825E+4	5.740061E-1
1.850850E+4	2.672385E-1
1.850875E+4	2.754162E-1
1.850900E+4	2.777047E-1
1.850925E+4	1.328062E-1
1.850950E+4	1.072080E-2
1.850975E+4	2.568458E-1
1.851000E+4	6.589288E-1
1.851025E+4	5.985485E-1
1.851050E+4	2.119041E-1
1.851075E+4	8.059763E-2
1.851100E+4	1.220309E-1
1.851125E+4	1.748960E-1
1.851150E+4	1.442285E-1
1.851175E+4	3.716873E-2
1.851200E+4	7.825650E-2
1.851225E+4	4.962297E-1
1.851250E+4	5.456478E-1
1.851275E+4	4.591190E-1
1.851300E+4	3.303665E-1
1.851325E+4	6.250149E-2
1.851350E+4	2.095038E-1
1.851375E+4	4.202162E-1
1.851400E+4	4.715207E-1
1.851425E+4	4.686558E-1
1.851450E+4	3.046859E-1
1.851475E+4	1.171855E-1
1.851500E+4	2.316491E-1
1.851525E+4	2.196652E-1
1.851550E+4	6.492751E-2
1.851575E+4	1.810339E-2
1.851600E+4	1.210886E-1
1.851625E+4	3.404674E-1
1.851650E+4	5.982501E-1
1.851675E+4	2.463198E-1
1.851700E+4	1.098700E-1
1.851725E+4	1.282854E-1
1.851750E+4	2.311468E-1
1.851775E+4	4.190472E-1
1.851800E+4	4.597617E-1
1.851825E+4	2.826855E-1
1.851850E+4	2.528887E-1
1.851875E+4	1.988685E-1
1.851900E+4	9.086140E-2
1.851925E+4	3.559364E-3
1.851950E+4	6.647375E-2
1.851975E+4	2.518023E-1
1.852000E+4	3.014147E-1
1.852025E+4	1.717140E-1
1.852050E+4	1.027312E-1
1.852075E+4	2.905605E-1
1.852100E+4	4.221756E-1
1.852125E+4	3.382044E-1
1.852150E+4	6.959112E-2
1.852175E+4	3.974080E-1
1.852200E+4	4.463174E-1
1.852225E+4	4.090614E-1
1.852250E+4	3.023661E-1
1.852275E+4	1.036324E-1
1.852300E+4	8.080433E-2
1.852325E+4	2.196153E-1
1.852350E+4	2.103541E-1
1.852375E+4	1.556818E-1
1.852400E+4	1.953602E-1
1.852425E+4	2.540748E-1
1.852450E+4	2.035050E-1
1.852475E+4	3.883951E-2
1.852500E+4	9.074457E-2
1.852525E+4	2.695318E-1
1.852550E+4	3.789869E-1
1.852575E+4	3.436557E-1
1.852600E+4	1.168289E-1
1.852625E+4	1.076658E-1
1.852650E+4	2.889972E-1
1.852675E+4	4.010400E-1
1.852700E+4	3.564004E-1
1.852725E+4	1.757518E-1
1.852750E+4	2.761815E-2
1.852775E+4	7.018122E-3
1.852800E+4	3.998957E-2
1.852825E+4	2.150222E-3
1.852850E+4	4.498353E-2
1.852875E+4	1.439119E-1
1.852900E+4	2.888404E-1
1.852925E+4	4.526516E-1
1.852950E+4	4.200747E-1
1.852975E+4	1.791058E-1
1.853000E+4	1.116348E-1
1.853025E+4	1.602087E-1
1.853050E+4	1.739837E-1
1.853075E+4	1.017658E-1
1.853100E+4	1.542994E-2
1.853125E+4	9.076522E-2
1.853150E+4	2.744502E-1
1.853175E+4	2.209854E-1
1.853200E+4	1.412063E-1
1.853225E+4	2.616421E-1
1.853250E+4	3.504476E-1
1.853275E+4	3.223816E-1
1.853300E+4	1.659359E-1
1.853325E+4	9.328420E-4
1.853350E+4	2.502297E-1
1.853375E+4	4.073154E-1
1.853400E+4	3.841309E-1
1.853425E+4	3.334563E-1
1.853450E+4	3.853454E-1
1.853475E+4	5.110468E-1
1.853500E+4	5.396366E-1
1.853525E+4	2.582421E-1
1.853550E+4	7.925925E-2
1.853575E+4	2.435190E-1
1.853600E+4	2.495096E-1
1.853625E+4	1.920815E-1
1.853650E+4	1.343332E-1
1.853675E+4	1.171828E-1
1.853700E+4	1.389686E-1
1.853725E+4	1.349095E-1
1.853750E+4	5.979179E-2
1.853775E+4	2.739197E-2
1.853800E+4	6.458800E-2
1.853825E+4	7.115671E-2
1.853850E+4	3.205591E-2
1.853875E+4	5.924589E-2
1.853900E+4	2.173390E-1
1.853925E+4	2.761553E-1
1.853950E+4	1.145150E-1
1.853975E+4	2.382106E-2
1.854000E+4	1.732679E-1
1.854025E+4	3.462691E-1
1.854050E+4	4.048284E-1
1.854075E+4	2.781514E-1
1.854100E+4	6.727182E-2
1.854125E+4	1.612610E-1
1.854150E+4	2.913634E-1
1.854175E+4	3.285686E-1
1.854200E+4	2.840946E-1
1.854225E+4	1.569238E-1
1.854250E+4	5.386507E-2
1.854275E+4	1.033119E-1
1.854300E+4	1.394304E-1
1.854325E+4	1.358508E-1
1.854350E+4	1.404101E-1
1.854375E+4	1.508931E-1
1.854400E+4	1.274371E-1
1.854425E+4	1.730136E-2
1.854450E+4	1.476215E-1
1.854475E+4	3.546388E-1
1.854500E+4	4.294616E-1
1.854525E+4	4.683993E-1
1.854550E+4	4.880075E-1
1.854575E+4	4.119877E-1
1.854600E+4	4.133310E-1
1.854625E+4	4.346627E-1
1.854650E+4	4.560796E-1
1.854675E+4	4.592467E-1
1.854700E+4	3.188753E-1
1.854725E+4	1.010766E-1
1.854750E+4	1.147901E-2
1.854775E+4	1.440281E-1
1.854800E+4	3.601309E-1
1.854825E+4	3.929822E-1
1.854850E+4	2.040788E-1
1.854875E+4	6.954977E-2
1.854900E+4	1.567450E-1
1.854925E+4	3.367395E-1
1.854950E+4	4.574435E-1
1.854975E+4	3.594386E-1
1.855000E+4	1.963732E-1
1.855025E+4	2.077253E-1
1.855050E+4	3.002030E-1
1.855075E+4	3.878886E-1
1.855100E+4	3.789823E-1
1.855125E+4	2.659500E-1
1.855150E+4	1.300907E-1
1.855175E+4	4.624920E-2
1.855200E+4	4.421551E-2
1.855225E+4	2.232161E-2
1.855250E+4	5.661730E-3
1.855275E+4	8.373742E-2
1.855300E+4	1.872954E-1
1.855325E+4	2.951536E-1
1.855350E+4	4.397638E-1
1.855375E+4	5.651285E-1
1.855400E+4	5.160477E-1
1.855425E+4	4.273685E-1
1.855450E+4	3.595565E-1
1.855475E+4	2.850657E-1
1.855500E+4	1.350664E-1
1.855525E+4	1.894708E-1
1.855550E+4	2.247263E-1
1.855575E+4	2.952211E-1
1.855600E+4	5.038023E-1
1.855625E+4	7.333857E-1
1.855650E+4	7.151406E-1
1.855675E+4	5.120626E-1
1.855700E+4	1.939459E-1
1.855725E+4	1.807928E-1
1.855750E+4	5.140301E-1
1.855775E+4	6.316069E-1
1.855800E+4	6.590755E-1
1.855825E+4	6.359238E-1
1.855850E+4	4.177919E-1
1.855875E+4	8.092558E-2
1.855900E+4	1.167477E-1
1.855925E+4	1.873249E-1
1.855950E+4	2.284029E-1
1.855975E+4	2.580312E-1
1.856000E+4	2.635036E-1
1.856025E+4	2.538031E-1
1.856050E+4	2.767792E-1
1.856075E+4	3.100879E-1
1.856100E+4	3.391326E-1
1.856125E+4	3.430760E-1
1.856150E+4	2.823590E-1
1.856175E+4	1.631900E-1
1.856200E+4	1.217209E-1
1.856225E+4	1.435708E-1
1.856250E+4	1.367569E-1
1.856275E+4	1.029695E-1
1.856300E+4	1.348103E-1
1.856325E+4	2.705740E-1
1.856350E+4	3.787009E-1
1.856375E+4	2.909554E-1
1.856400E+4	1.281472E-1
1.856425E+4	2.308426E-1
1.856450E+4	4.331558E-1
1.856475E+4	5.608366E-1
1.856500E+4	5.050426E-1
1.856525E+4	2.847556E-1
1.856550E+4	2.742495E-1
1.856575E+4	3.834952E-1
1.856600E+4	4.421728E-1
1.856625E+4	3.764855E-1
1.856650E+4	1.714180E-1
1.856675E+4	6.292749E-2
1.856700E+4	9.245371E-2
1.856725E+4	2.577937E-1
1.856750E+4	5.254281E-1
1.856775E+4	6.986054E-1
1.856800E+4	5.862894E-1
1.856825E+4	1.666212E-1
1.856850E+4	2.320328E-1
1.856875E+4	6.051431E-1
1.856900E+4	6.929802E-1
1.856925E+4	5.212186E-1
1.856950E+4	1.522581E-1
1.856975E+4	5.881565E-2
1.857000E+4	3.896762E-1
1.857025E+4	4.832873E-1
1.857050E+4	3.314999E-1
1.857075E+4	1.002554E-1
1.857100E+4	1.181950E-2
1.857125E+4	1.128954E-1
1.857150E+4	2.414215E-1
1.857175E+4	3.477678E-1
1.857200E+4	4.383923E-1
1.857225E+4	4.625873E-1
1.857250E+4	4.723238E-1
1.857275E+4	5.636405E-1
1.857300E+4	6.113580E-1
1.857325E+4	4.975134E-1
1.857350E+4	1.516988E-1
1.857375E+4	1.253577E-2
1.857400E+4	2.414736E-1
1.857425E+4	5.487356E-1
1.857450E+4	6.771281E-1
1.857475E+4	5.743072E-1
1.857500E+4	4.932971E-1
1.857525E+4	4.484631E-1
1.857550E+4	4.181489E-1
1.857575E+4	4.560689E-1
1.857600E+4	4.473926E-1
1.857625E+4	3.453980E-1
1.857650E+4	2.212551E-1
1.857675E+4	9.988864E-2
1.857700E+4	4.805698E-2
1.857725E+4	3.440889E-1
1.857750E+4	5.512793E-1
1.857775E+4	3.699733E-1
1.857800E+4	1.841142E-1
1.857825E+4	5.293573E-2
1.857850E+4	1.694405E-2
1.857875E+4	8.150495E-2
1.857900E+4	2.173794E-1
1.857925E+4	3.447570E-1
1.857950E+4	2.596393E-1
1.857975E+4	4.293259E-2
1.858000E+4	8.886476E-2
1.858025E+4	4.853828E-1
1.858050E+4	5.286629E-1
1.858075E+4	1.679825E-1
1.858100E+4	2.239844E-2
1.858125E+4	5.015264E-3
1.858150E+4	3.455502E-2
1.858175E+4	3.331538E-2
1.858200E+4	3.030960E-2
1.858225E+4	8.236024E-2
1.858250E+4	1.609415E-1
1.858275E+4	1.745110E-1
1.858300E+4	1.037451E-1
1.858325E+4	1.500422E-1
1.858350E+4	3.127253E-1
1.858375E+4	3.503681E-1
1.858400E+4	2.997065E-1
1.858425E+4	1.470210E-1
1.858450E+4	2.752301E-1
1.858475E+4	3.868025E-1
1.858500E+4	3.930546E-1
1.858525E+4	2.574272E-1
1.858550E+4	7.046799E-3
1.858575E+4	2.277614E-1
1.858600E+4	3.084297E-1
1.858625E+4	2.761890E-1
1.858650E+4	1.451702E-1
1.858675E+4	3.944669E-2
1.858700E+4	1.980678E-1
1.858725E+4	3.614160E-1
1.858750E+4	3.124837E-1
1.858775E+4	2.266924E-2
1.858800E+4	2.324626E-1
1.858825E+4	2.819865E-1
1.858850E+4	1.704899E-1
1.858875E+4	4.984906E-2
1.858900E+4	1.233840E-1
1.858925E+4	3.323544E-1
1.858950E+4	5.529650E-1
1.858975E+4	6.864219E-1
1.859000E+4	4.328423E-1
1.859025E+4	2.840789E-1
1.859050E+4	3.346920E-1
1.859075E+4	3.493032E-1
1.859100E+4	3.353368E-1
1.859125E+4	2.876514E-1
1.859150E+4	1.556283E-1
1.859175E+4	3.056049E-2
1.859200E+4	3.006273E-2
1.859225E+4	3.108598E-2
1.859250E+4	2.996071E-2
1.859275E+4	2.818504E-1
1.859300E+4	3.005068E-1
1.859325E+4	2.594726E-1
1.859350E+4	2.226022E-1
1.859375E+4	1.738165E-1
1.859400E+4	1.707703E-1
1.859425E+4	3.094486E-1
1.859450E+4	4.262597E-1
1.859475E+4	5.844553E-1
1.859500E+4	5.022386E-1
1.859525E+4	6.061251E-2
1.859550E+4	5.974333E-2
1.859575E+4	2.838931E-1
1.859600E+4	4.207472E-1
1.859625E+4	3.676857E-1
1.859650E+4	1.891105E-1
1.859675E+4	2.314454E-2
1.859700E+4	2.361874E-2
1.859725E+4	7.646006E-2
1.859750E+4	4.459887E-2
1.859775E+4	1.424654E-2
1.859800E+4	6.652986E-2
1.859825E+4	1.995286E-1
1.859850E+4	1.740208E-1
1.859875E+4	3.366769E-2
1.859900E+4	5.226031E-2
1.859925E+4	1.767284E-1
1.859950E+4	3.045698E-1
1.859975E+4	3.503175E-1
1.860000E+4	4.988891E-1
1.860025E+4	5.122692E-1
1.860050E+4	2.757900E-1
1.860075E+4	4.285808E-2
1.860100E+4	1.810413E-1
1.860125E+4	3.329778E-1
1.860150E+4	3.090252E-1
1.860175E+4	2.248741E-1
1.860200E+4	2.259825E-1
1.860225E+4	3.530668E-1
1.860250E+4	3.440928E-1
1.860275E+4	1.091462E-1
1.860300E+4	1.351730E-1
1.860325E+4	3.146461E-1
1.860350E+4	2.859732E-1
1.860375E+4	8.465841E-2
1.860400E+4	1.256292E-1
1.860425E+4	3.017547E-1
1.860450E+4	3.289558E-1
1.860475E+4	1.424299E-1
1.860500E+4	4.441734E-1
1.860525E+4	6.405823E-1
1.860550E+4	7.623137E-1
1.860575E+4	7.700410E-1
1.860600E+4	5.431448E-1
1.860625E+4	4.527950E-1
1.860650E+4	7.402949E-1
1.860675E+4	7.584573E-1
1.860700E+4	5.176508E-1
1.860725E+4	3.325036E-1
1.860750E+4	2.890097E-1
1.860775E+4	5.618544E-2
1.860800E+4	7.592555E-2
1.860825E+4	2.417557E-1
1.860850E+4	3.061871E-1
1.860875E+4	2.420937E-1
1.860900E+4	1.950632E-1
1.860925E+4	3.575808E-1
1.860950E+4	4.560039E-1
1.860975E+4	3.971374E-1
1.861000E+4	2.529354E-1
1.861025E+4	1.458015E-1
1.861050E+4	1.162124E-1
1.861075E+4	5.731837E-2
1.861100E+4	2.451909E-2
1.861125E+4	1.506283E-1
1.861150E+4	3.228335E-1
1.861175E+4	4.766591E-1
1.861200E+4	3.799319E-1
1.861225E+4	4.646724E-2
1.861250E+4	9.688705E-2
1.861275E+4	1.120306E-1
1.861300E+4	6.033600E-2
1.861325E+4	2.626232E-1
1.861350E+4	4.700528E-1
1.861375E+4	6.575273E-1
1.861400E+4	5.357246E-1
1.861425E+4	1.500772E-1
1.861450E+4	1.118742E-1
1.861475E+4	1.426274E-1
1.861500E+4	2.017686E-1
1.861525E+4	3.484988E-1
1.861550E+4	5.160864E-1
1.861575E+4	4.529020E-1
1.861600E+4	1.965617E-1
1.861625E+4	6.701416E-3
1.861650E+4	1.169376E-1
1.861675E+4	2.644266E-1
1.861700E+4	1.278152E-1
1.861725E+4	9.982937E-2
1.861750E+4	3.050971E-1
1.861775E+4	4.137041E-1
1.861800E+4	4.138857E-1
1.861825E+4	2.699944E-1
1.861850E+4	3.193729E-1
1.861875E+4	4.878068E-1
1.861900E+4	4.741974E-1
1.861925E+4	2.989233E-1
1.861950E+4	4.052749E-2
1.861975E+4	2.326160E-1
1.862000E+4	4.225716E-1
1.862025E+4	3.774257E-1
1.862050E+4	1.213551E-1
1.862075E+4	6.865110E-2
1.862100E+4	2.090946E-1
1.862125E+4	1.311872E-1
1.862150E+4	5.556636E-3
1.862175E+4	9.619655E-2
1.862200E+4	3.534658E-1
1.862225E+4	5.579121E-1
1.862250E+4	5.144934E-1
1.862275E+4	3.737350E-1
1.862300E+4	3.779246E-1
1.862325E+4	4.114785E-1
1.862350E+4	3.267696E-1
1.862375E+4	1.412136E-1
1.862400E+4	3.510584E-1
1.862425E+4	5.227142E-1
1.862450E+4	5.635553E-1
1.862475E+4	4.586658E-1
1.862500E+4	2.336578E-1
1.862525E+4	1.650166E-1
1.862550E+4	4.775412E-1
1.862575E+4	5.698161E-1
1.862600E+4	5.228462E-1
1.862625E+4	4.592378E-1
1.862650E+4	3.359915E-1
1.862675E+4	1.953934E-1
1.862700E+4	2.280555E-1
1.862725E+4	4.898460E-1
1.862750E+4	7.940642E-1
1.862775E+4	6.767861E-1
1.862800E+4	2.718350E-1
1.862825E+4	8.757979E-2
1.862850E+4	1.149005E-1
1.862875E+4	2.295839E-1
1.862900E+4	2.903297E-1
1.862925E+4	3.871188E-1
1.862950E+4	5.453031E-1
1.862975E+4	5.776095E-1
1.863000E+4	4.343681E-1
1.863025E+4	2.346464E-1
1.863050E+4	5.280155E-2
1.863075E+4	1.247742E-2
1.863100E+4	1.522412E-1
1.863125E+4	2.559667E-1
1.863150E+4	1.712298E-1
1.863175E+4	2.422982E-2
1.863200E+4	5.943312E-2
1.863225E+4	1.571216E-1
1.863250E+4	1.541241E-1
1.863275E+4	5.892079E-2
1.863300E+4	1.384812E-1
1.863325E+4	1.573705E-1
1.863350E+4	1.390473E-1
1.863375E+4	2.111307E-1
1.863400E+4	4.620581E-1
1.863425E+4	6.274223E-1
1.863450E+4	7.174969E-1
1.863475E+4	2.318466E-1
1.863500E+4	1.512309E-1
1.863525E+4	2.694256E-1
1.863550E+4	2.779407E-1
1.863575E+4	1.337890E-1
1.863600E+4	1.109634E-1
1.863625E+4	2.086986E-1
1.863650E+4	2.693219E-1
1.863675E+4	2.912367E-1
1.863700E+4	2.300256E-1
1.863725E+4	1.926685E-1
1.863750E+4	2.878558E-1
1.863775E+4	3.239099E-1
1.863800E+4	2.876293E-1
1.863825E+4	1.789074E-1
1.863850E+4	7.340075E-2
1.863875E+4	2.763462E-2
1.863900E+4	2.571946E-1
1.863925E+4	4.840616E-1
1.863950E+4	4.250690E-1
1.863975E+4	2.697196E-1
1.864000E+4	8.137886E-2
1.864025E+4	4.220132E-1
1.864050E+4	7.297739E-1
1.864075E+4	6.166052E-1
1.864100E+4	4.323226E-1
1.864125E+4	1.914079E-1
1.864150E+4	1.251766E-2
1.864175E+4	1.489065E-1
1.864200E+4	2.789434E-1
1.864225E+4	3.793223E-1
1.864250E+4	5.415391E-1
1.864275E+4	6.804060E-1
1.864300E+4	6.217578E-1
1.864325E+4	5.000241E-1
1.864350E+4	4.090927E-1
1.864375E+4	3.459188E-1
1.864400E+4	3.174506E-1
1.864425E+4	3.085282E-1
1.864450E+4	3.243232E-1
1.864475E+4	4.225681E-1
1.864500E+4	5.416407E-1
1.864525E+4	5.196994E-1
1.864550E+4	4.246896E-1
1.864575E+4	2.810305E-1
1.864600E+4	7.803338E-2
1.864625E+4	2.973914E-2
1.864650E+4	1.377901E-1
1.864675E+4	2.222762E-1
1.864700E+4	3.296929E-1
1.864725E+4	3.347747E-1
1.864750E+4	2.561118E-1
1.864775E+4	1.415386E-1
1.864800E+4	1.339238E-2
1.864825E+4	5.546996E-2
1.864850E+4	1.285028E-1
1.864875E+4	7.935429E-2
1.864900E+4	1.634035E-2
1.864925E+4	1.538084E-1
1.864950E+4	4.404175E-1
1.864975E+4	5.961738E-1
1.865000E+4	6.019980E-1
1.865025E+4	3.302824E-1
1.865050E+4	8.673873E-2
1.865075E+4	5.962471E-1
1.865100E+4	8.156480E-1
1.865125E+4	7.415616E-1
1.865150E+4	3.613155E-1
1.865175E+4	1.847123E-1
1.865200E+4	4.315856E-1
1.865225E+4	7.055213E-1
1.865250E+4	5.148949E-1
1.865275E+4	4.997982E-2
1.865300E+4	9.653780E-2
1.865325E+4	3.117019E-1
1.865350E+4	4.611198E-1
1.865375E+4	4.170398E-1
1.865400E+4	1.699994E-1
1.865425E+4	3.450234E-1
1.865450E+4	4.281417E-1
1.865475E+4	3.069014E-1
1.865500E+4	1.488555E-1
1.865525E+4	4.728722E-2
1.865550E+4	3.127220E-3
1.865575E+4	4.408676E-2
1.865600E+4	1.019963E-1
1.865625E+4	1.116361E-1
1.865650E+4	7.331369E-2
1.865675E+4	2.872322E-2
1.865700E+4	7.485957E-2
1.865725E+4	1.775002E-1
1.865750E+4	1.859703E-1
1.865775E+4	7.947749E-2
1.865800E+4	4.306583E-3
1.865825E+4	1.818198E-1
1.865850E+4	3.425337E-1
1.865875E+4	3.086960E-1
1.865900E+4	3.009850E-1
1.865925E+4	5.434655E-1
1.865950E+4	6.535901E-1
1.865975E+4	6.116962E-1
1.866000E+4	3.776207E-1
1.866025E+4	7.590375E-2
1.866050E+4	2.547843E-1
1.866075E+4	3.308698E-1
1.866100E+4	2.666912E-1
1.866125E+4	8.344450E-2
1.866150E+4	2.069545E-1
1.866175E+4	3.299848E-1
1.866200E+4	2.750590E-1
1.866225E+4	1.868026E-1
1.866250E+4	1.036019E-1
1.866275E+4	5.782926E-2
1.866300E+4	1.138256E-1
1.866325E+4	2.328235E-1
1.866350E+4	2.968097E-1
1.866375E+4	3.045201E-1
1.866400E+4	2.549757E-1
1.866425E+4	1.730436E-1
1.866450E+4	9.836607E-2
1.866475E+4	9.107686E-2
1.866500E+4	1.998474E-1
1.866525E+4	2.679212E-1
1.866550E+4	2.247846E-1
1.866575E+4	1.154739E-1
1.866600E+4	4.122921E-2
1.866625E+4	2.198286E-1
1.866650E+4	3.796886E-1
1.866675E+4	3.900140E-1
1.866700E+4	3.845733E-1
1.866725E+4	4.200169E-1
1.866750E+4	1.276577E-1
1.866775E+4	1.410852E-2
1.866800E+4	4.878175E-2
1.866825E+4	1.552066E-1
1.866850E+4	3.426727E-1
1.866875E+4	5.789478E-1
1.866900E+4	6.635165E-1
1.866925E+4	5.582026E-1
1.866950E+4	4.297949E-1
1.866975E+4	2.875516E-1
1.867000E+4	2.469236E-1
1.867025E+4	3.465543E-1
1.867050E+4	3.315237E-1
1.867075E+4	1.525776E-1
1.867100E+4	1.268121E-1
1.867125E+4	5.986565E-1
1.867150E+4	5.515706E-1
1.867175E+4	3.757483E-1
1.867200E+4	1.744172E-1
1.867225E+4	1.310408E-1
1.867250E+4	4.081293E-1
1.867275E+4	6.531754E-1
1.867300E+4	6.324946E-1
1.867325E+4	4.209213E-1
1.867350E+4	2.804997E-1
1.867375E+4	2.264409E-1
1.867400E+4	1.240576E-1
1.867425E+4	9.853762E-2
1.867450E+4	6.073968E-1
1.867475E+4	6.967439E-1
1.867500E+4	5.281197E-1
1.867525E+4	3.254412E-1
1.867550E+4	1.212615E-1
1.867575E+4	2.038665E-1
1.867600E+4	4.048051E-1
1.867625E+4	2.118297E-1
1.867650E+4	6.152859E-2
1.867675E+4	2.947885E-1
1.867700E+4	4.050146E-1
1.867725E+4	3.673414E-1
1.867750E+4	2.504493E-1
1.867775E+4	1.090131E-1
1.867800E+4	3.205815E-1
1.867825E+4	6.035445E-1
1.867850E+4	6.663509E-1
1.867875E+4	5.392660E-1
1.867900E+4	2.829215E-1
1.867925E+4	2.986329E-1
1.867950E+4	3.997883E-1
1.867975E+4	3.634074E-1
1.868000E+4	6.603541E-2
1.868025E+4	2.724616E-1
1.868050E+4	6.492208E-1
1.868075E+4	6.928552E-1
1.868100E+4	4.736629E-1
1.868125E+4	1.729809E-1
1.868150E+4	5.482277E-2
1.868175E+4	1.190537E-1
1.868200E+4	2.001092E-1
1.868225E+4	1.967936E-1
1.868250E+4	1.884446E-1
1.868275E+4	1.829971E-1
1.868300E+4	9.761409E-2
1.868325E+4	5.334890E-2
1.868350E+4	3.087995E-1
1.868375E+4	4.196311E-1
1.868400E+4	3.944443E-1
1.868425E+4	2.728962E-1
1.868450E+4	1.544252E-1
1.868475E+4	8.053824E-2
1.868500E+4	4.643532E-2
1.868525E+4	1.402661E-1
1.868550E+4	2.628051E-1
1.868575E+4	2.620913E-1
1.868600E+4	2.227102E-1
1.868625E+4	3.886623E-1
1.868650E+4	4.117931E-1
1.868675E+4	2.359729E-1
1.868700E+4	2.776140E-2
1.868725E+4	1.091748E-1
1.868750E+4	3.982574E-1
1.868775E+4	5.270551E-1
1.868800E+4	5.296928E-1
1.868825E+4	5.248784E-1
1.868850E+4	6.172625E-1
1.868875E+4	5.623384E-1
1.868900E+4	2.346761E-1
1.868925E+4	2.180117E-2
1.868950E+4	2.816081E-2
1.868975E+4	1.468935E-1
1.869000E+4	2.472301E-1
1.869025E+4	2.677381E-1
1.869050E+4	2.481208E-1
1.869075E+4	2.836792E-1
1.869100E+4	2.741280E-1
1.869125E+4	1.437725E-1
1.869150E+4	1.381998E-1
1.869175E+4	4.142935E-1
1.869200E+4	6.611039E-1
1.869225E+4	5.360136E-1
1.869250E+4	2.743731E-1
1.869275E+4	1.056022E-1
1.869300E+4	3.601103E-2
1.869325E+4	8.060371E-2
1.869350E+4	2.367109E-1
1.869375E+4	4.632030E-1
1.869400E+4	6.739860E-1
1.869425E+4	6.157385E-1
1.869450E+4	2.706225E-1
1.869475E+4	5.656095E-1
1.869500E+4	7.353928E-1
1.869525E+4	6.469119E-1
1.869550E+4	4.588175E-1
1.869575E+4	2.389191E-1
1.869600E+4	6.022606E-2
1.869625E+4	9.371579E-2
1.869650E+4	1.805150E-1
1.869675E+4	2.109333E-1
1.869700E+4	1.669198E-1
1.869725E+4	5.241589E-2
1.869750E+4	2.421889E-2
1.869775E+4	3.615768E-2
1.869800E+4	5.557895E-2
1.869825E+4	7.334853E-2
1.869850E+4	7.690396E-2
1.869875E+4	1.275944E-1
1.869900E+4	2.378670E-1
1.869925E+4	3.953565E-1
1.869950E+4	4.555389E-1
1.869975E+4	2.980213E-1
1.870000E+4	4.446192E-1
1.870025E+4	6.427557E-1
1.870050E+4	6.280733E-1
1.870075E+4	3.008739E-1
1.870100E+4	7.581577E-2
1.870125E+4	2.793457E-1
1.870150E+4	5.212754E-1
1.870175E+4	5.543705E-1
1.870200E+4	3.805626E-1
1.870225E+4	1.630978E-1
1.870250E+4	2.430959E-1
1.870275E+4	4.401947E-1
1.870300E+4	4.170897E-1
1.870325E+4	1.342206E-1
1.870350E+4	1.071325E-1
1.870375E+4	1.920344E-1
1.870400E+4	1.223075E-1
1.870425E+4	3.477079E-1
1.870450E+4	6.147003E-1
1.870475E+4	6.579512E-1
1.870500E+4	5.248180E-1
1.870525E+4	1.935347E-1
1.870550E+4	6.584713E-2
1.870575E+4	4.818351E-1
1.870600E+4	7.394880E-1
1.870625E+4	6.683669E-1
1.870650E+4	3.983427E-1
1.870675E+4	5.623767E-1
1.870700E+4	5.506911E-1
1.870725E+4	2.514908E-1
1.870750E+4	1.036651E-2
1.870775E+4	1.954926E-1
1.870800E+4	4.352843E-1
1.870825E+4	5.000318E-1
1.870850E+4	2.122699E-1
1.870875E+4	8.081551E-3
1.870900E+4	1.386238E-2
1.870925E+4	1.629602E-2
1.870950E+4	4.943673E-2
1.870975E+4	3.349454E-1
1.871000E+4	2.679497E-1
1.871025E+4	8.699623E-2
1.871050E+4	5.943496E-3
1.871075E+4	1.443874E-1
1.871100E+4	3.627320E-1
1.871125E+4	5.282819E-1
1.871150E+4	5.089304E-1
1.871175E+4	1.310857E-1
1.871200E+4	3.801196E-2
1.871225E+4	3.702524E-2
1.871250E+4	7.570653E-3
1.871275E+4	1.610537E-1
1.871300E+4	4.020091E-1
1.871325E+4	5.986546E-1
1.871350E+4	6.453014E-1
1.871375E+4	2.382159E-1
1.871400E+4	1.626575E-3
1.871425E+4	1.198046E-1
1.871450E+4	2.455171E-1
1.871475E+4	1.851156E-1
1.871500E+4	7.867635E-2
1.871525E+4	2.064950E-2
1.871550E+4	2.624233E-2
1.871575E+4	2.127881E-1
1.871600E+4	3.359403E-1
1.871625E+4	3.928933E-1
1.871650E+4	4.209880E-1
1.871675E+4	4.185025E-1
1.871700E+4	3.355668E-1
1.871725E+4	1.090740E-1
1.871750E+4	2.045866E-2
1.871775E+4	8.790709E-2
1.871800E+4	1.722354E-1
1.871825E+4	3.038841E-1
1.871850E+4	4.505268E-1
1.871875E+4	4.593823E-1
1.871900E+4	1.774348E-1
1.871925E+4	3.948675E-2
1.871950E+4	2.411844E-1
1.871975E+4	3.508485E-1
1.872000E+4	1.007566E-1
1.872025E+4	3.166342E-2
1.872050E+4	1.672864E-1
1.872075E+4	3.014713E-1
1.872100E+4	4.020298E-1
1.872125E+4	4.047178E-1
1.872150E+4	2.487818E-1
1.872175E+4	2.260107E-1
1.872200E+4	2.554565E-1
1.872225E+4	3.210751E-1
1.872250E+4	4.079060E-1
1.872275E+4	4.407456E-1
1.872300E+4	2.429532E-1
1.872325E+4	2.366982E-2
1.872350E+4	3.071475E-1
1.872375E+4	5.328587E-1
1.872400E+4	5.683066E-1
1.872425E+4	3.417588E-1
1.872450E+4	2.829245E-1
1.872475E+4	5.340064E-1
1.872500E+4	7.149909E-1
1.872525E+4	7.746511E-1
1.872550E+4	5.339605E-1
1.872575E+4	2.171973E-1
1.872600E+4	4.682840E-1
1.872625E+4	5.789096E-1
1.872650E+4	6.059067E-1
1.872675E+4	5.798690E-1
1.872700E+4	4.508844E-1
1.872725E+4	2.439810E-1
1.872750E+4	8.611543E-2
1.872775E+4	1.040911E-2
1.872800E+4	6.376171E-2
1.872825E+4	8.672030E-2
1.872850E+4	4.441579E-2
1.872875E+4	7.445646E-2
1.872900E+4	2.178923E-1
1.872925E+4	4.016161E-1
1.872950E+4	4.439387E-1
1.872975E+4	3.483452E-1
1.873000E+4	4.120601E-1
1.873025E+4	4.711706E-1
1.873050E+4	3.606091E-1
1.873075E+4	1.921893E-1
1.873100E+4	3.590430E-2
1.873125E+4	1.904148E-1
1.873150E+4	6.140883E-1
1.873175E+4	6.602006E-1
1.873200E+4	5.306109E-1
1.873225E+4	3.984602E-1
1.873250E+4	4.218753E-1
1.873275E+4	5.881367E-1
1.873300E+4	6.934613E-1
1.873325E+4	4.297771E-1
1.873350E+4	4.358813E-2
1.873375E+4	8.274771E-2
1.873400E+4	2.409451E-1
1.873425E+4	3.680534E-1
1.873450E+4	4.061930E-1
1.873475E+4	3.698696E-1
1.873500E+4	3.633980E-1
1.873525E+4	3.922985E-1
1.873550E+4	2.678977E-1
1.873575E+4	1.399481E-2
1.873600E+4	1.497305E-1
1.873625E+4	2.987449E-1
1.873650E+4	3.195813E-1
1.873675E+4	1.540007E-1
1.873700E+4	2.321547E-2
1.873725E+4	1.748758E-1
1.873750E+4	4.128869E-1
1.873775E+4	5.111428E-1
1.873800E+4	4.373032E-1
1.873825E+4	2.013690E-1
1.873850E+4	1.159649E-1
1.873875E+4	4.675172E-1
1.873900E+4	5.515233E-1
1.873925E+4	4.734733E-1
1.873950E+4	3.411701E-1
1.873975E+4	2.913254E-1
1.874000E+4	4.248987E-1
1.874025E+4	5.201804E-1
1.874050E+4	4.862695E-1
1.874075E+4	4.287010E-1
1.874100E+4	4.394310E-1
1.874125E+4	4.487737E-1
1.874150E+4	3.567139E-1
1.874175E+4	1.451910E-1
1.874200E+4	3.376002E-2
1.874225E+4	7.031557E-2
1.874250E+4	5.059199E-2
1.874275E+4	4.051975E-2
1.874300E+4	1.543361E-1
1.874325E+4	3.955682E-1
1.874350E+4	5.336884E-1
1.874375E+4	2.147966E-1
1.874400E+4	9.703324E-2
1.874425E+4	2.182173E-1
1.874450E+4	3.055969E-1
1.874475E+4	3.268569E-1
1.874500E+4	3.322550E-1
1.874525E+4	3.870789E-1
1.874550E+4	4.474477E-1
1.874575E+4	2.382141E-1
1.874600E+4	2.881748E-2
1.874625E+4	5.400231E-3
1.874650E+4	2.981373E-2
1.874675E+4	4.644917E-2
1.874700E+4	1.639697E-2
1.874725E+4	2.263896E-2
1.874750E+4	1.430212E-1
1.874775E+4	3.341770E-1
1.874800E+4	5.378506E-1
1.874825E+4	6.186287E-1
1.874850E+4	6.158426E-1
1.874875E+4	6.199815E-1
1.874900E+4	6.316082E-1
1.874925E+4	5.535893E-1
1.874950E+4	3.732066E-1
1.874975E+4	1.518950E-1
1.875000E+4	1.085748E-2
1.875025E+4	1.916916E-1
1.875050E+4	1.658820E-1
1.875075E+4	2.329303E-2
1.875100E+4	1.584141E-1
1.875125E+4	6.848099E-1
1.875150E+4	8.404804E-1
1.875175E+4	8.183209E-1
1.875200E+4	7.663683E-1
1.875225E+4	6.841122E-1
1.875250E+4	4.965612E-1
1.875275E+4	2.257127E-1
1.875300E+4	8.978479E-2
1.875325E+4	5.446673E-2
1.875350E+4	1.197365E-1
1.875375E+4	2.395673E-1
1.875400E+4	3.781525E-1
1.875425E+4	5.027502E-1
1.875450E+4	2.962122E-1
1.875475E+4	2.147211E-2
1.875500E+4	1.919120E-1
1.875525E+4	3.452781E-1
1.875550E+4	3.916132E-1
1.875575E+4	2.617629E-1
1.875600E+4	4.711115E-2
1.875625E+4	2.924975E-2
1.875650E+4	1.221464E-1
1.875675E+4	1.566757E-1
1.875700E+4	8.457043E-2
1.875725E+4	1.065645E-2
1.875750E+4	3.542233E-1
1.875775E+4	5.614146E-1
1.875800E+4	5.708293E-1
1.875825E+4	5.318568E-1
1.875850E+4	4.638118E-1
1.875875E+4	3.584211E-1
1.875900E+4	2.332833E-1
1.875925E+4	1.434080E-1
1.875950E+4	1.470940E-1
1.875975E+4	1.494560E-1
1.876000E+4	2.858474E-2
1.876025E+4	8.607317E-2
1.876050E+4	3.078180E-1
1.876075E+4	5.125723E-1
1.876100E+4	4.985985E-1
1.876125E+4	1.099110E-1
1.876150E+4	4.739766E-2
1.876175E+4	1.906406E-1
1.876200E+4	3.151197E-1
1.876225E+4	3.693068E-1
1.876250E+4	2.587504E-1
1.876275E+4	2.552983E-1
1.876300E+4	2.942717E-1
1.876325E+4	2.786705E-1
1.876350E+4	1.781212E-1
1.876375E+4	2.277803E-2
1.876400E+4	1.000970E-1
1.876425E+4	2.232755E-1
1.876450E+4	1.975924E-1
1.876475E+4	1.051645E-1
1.876500E+4	9.533686E-2
1.876525E+4	3.357223E-1
1.876550E+4	6.896276E-1
1.876575E+4	6.590882E-1
1.876600E+4	3.541719E-1
1.876625E+4	1.275817E-1
1.876650E+4	3.788181E-2
1.876675E+4	4.992680E-2
1.876700E+4	9.633777E-2
1.876725E+4	9.841337E-2
1.876750E+4	6.046349E-2
1.876775E+4	2.667025E-2
1.876800E+4	8.701893E-3
1.876825E+4	8.420194E-3
1.876850E+4	4.263553E-2
1.876875E+4	1.008478E-1
1.876900E+4	1.592633E-1
1.876925E+4	2.103921E-1
1.876950E+4	2.307949E-1
1.876975E+4	1.129619E-1
1.877000E+4	9.936089E-3
1.877025E+4	5.889874E-2
1.877050E+4	1.098215E-1
1.877075E+4	1.465110E-1
1.877100E+4	1.610430E-1
1.877125E+4	1.223481E-1
1.877150E+4	7.327616E-2
1.877175E+4	2.239317E-2
1.877200E+4	8.915636E-3
1.877225E+4	6.577559E-2
1.877250E+4	9.026464E-2
1.877275E+4	6.367379E-2
1.877300E+4	3.619646E-2
1.877325E+4	3.990298E-2
1.877350E+4	7.923207E-2
1.877375E+4	1.043896E-1
1.877400E+4	1.071370E-1
1.877425E+4	1.193009E-1
1.877450E+4	1.380034E-1
1.877475E+4	1.358890E-1
1.877500E+4	1.160034E-1
1.877525E+4	1.047842E-1
1.877550E+4	9.155606E-2
1.877575E+4	1.251850E-1
1.877600E+4	2.710686E-1
1.877625E+4	2.983876E-1
1.877650E+4	2.760474E-1
1.877675E+4	2.569391E-1
1.877700E+4	2.454806E-1
1.877725E+4	2.288189E-1
1.877750E+4	1.340913E-1
1.877775E+4	5.362168E-2
1.877800E+4	2.747913E-1
1.877825E+4	4.796917E-1
1.877850E+4	5.190902E-1
1.877875E+4	2.805309E-1
1.877900E+4	6.997389E-2
1.877925E+4	1.158967E-1
1.877950E+4	2.534869E-1
1.877975E+4	3.378273E-1
1.878000E+4	3.185760E-1
1.878025E+4	2.899001E-1
1.878050E+4	3.462768E-1
1.878075E+4	4.314239E-1
1.878100E+4	4.460291E-1
1.878125E+4	3.459157E-1
1.878150E+4	2.899663E-1
1.878175E+4	2.203595E-1
1.878200E+4	5.163537E-2
1.878225E+4	6.465268E-2
1.878250E+4	4.099085E-1
1.878275E+4	6.287307E-1
1.878300E+4	5.815782E-1
1.878325E+4	2.750730E-1
1.878350E+4	7.271675E-2
1.878375E+4	1.656136E-1
1.878400E+4	2.843567E-1
1.878425E+4	2.036601E-1
1.878450E+4	3.680438E-3
1.878475E+4	8.303111E-2
1.878500E+4	1.794392E-1
1.878525E+4	1.792554E-1
1.878550E+4	1.318128E-1
1.878575E+4	1.026088E-1
1.878600E+4	1.074115E-1
1.878625E+4	1.661340E-1
1.878650E+4	2.755407E-1
1.878675E+4	3.484372E-1
1.878700E+4	3.247428E-1
1.878725E+4	1.569621E-1
1.878750E+4	2.268870E-1
1.878775E+4	3.775495E-1
1.878800E+4	3.410826E-1
1.878825E+4	1.908051E-1
1.878850E+4	3.557901E-2
1.878875E+4	5.911228E-2
1.878900E+4	2.456937E-1
1.878925E+4	3.434799E-1
1.878950E+4	1.456424E-1
1.878975E+4	2.548165E-2
1.879000E+4	2.141871E-1
1.879025E+4	4.284928E-1
1.879050E+4	5.617461E-1
1.879075E+4	5.825837E-1
1.879100E+4	4.108875E-1
1.879125E+4	1.047287E-1
1.879150E+4	7.146559E-2
1.879175E+4	1.592508E-1
1.879200E+4	2.123173E-1
1.879225E+4	1.178964E-1
1.879250E+4	2.105286E-2
1.879275E+4	1.413286E-1
1.879300E+4	1.807138E-1
1.879325E+4	1.408620E-1
1.879350E+4	3.639866E-2
1.879375E+4	2.421228E-2
1.879400E+4	1.134417E-1
1.879425E+4	1.036058E-1
1.879450E+4	2.943269E-2
1.879475E+4	1.549400E-1
1.879500E+4	2.985548E-1
1.879525E+4	2.711429E-1
1.879550E+4	1.048880E-1
1.879575E+4	6.920774E-2
1.879600E+4	3.320474E-1
1.879625E+4	4.691015E-1
1.879650E+4	3.762162E-1
1.879675E+4	8.017392E-2
1.879700E+4	9.291058E-2
1.879725E+4	3.721525E-1
1.879750E+4	5.812541E-1
1.879775E+4	6.722568E-1
1.879800E+4	6.422457E-1
1.879825E+4	5.494088E-1
1.879850E+4	4.159240E-1
1.879875E+4	5.494364E-2
1.879900E+4	1.126990E-2
1.879925E+4	3.377058E-2
1.879950E+4	9.813241E-2
1.879975E+4	3.084653E-1
1.880000E+4	5.714929E-1
1.880025E+4	4.676701E-1
1.880050E+4	2.352617E-1
1.880075E+4	1.354358E-1
1.880100E+4	1.415633E-1
1.880125E+4	1.407729E-1
1.880150E+4	7.671369E-2
1.880175E+4	1.821850E-1
1.880200E+4	3.419187E-1
1.880225E+4	4.037200E-1
1.880250E+4	3.670988E-1
1.880275E+4	2.826271E-1
1.880300E+4	2.811589E-1
1.880325E+4	3.486990E-1
1.880350E+4	3.258894E-1
1.880375E+4	1.973929E-1
1.880400E+4	1.562182E-1
1.880425E+4	1.835643E-1
1.880450E+4	1.839820E-1
1.880475E+4	2.294679E-1
1.880500E+4	3.410366E-1
1.880525E+4	3.898711E-1
1.880550E+4	3.871630E-1
1.880575E+4	3.668197E-1
1.880600E+4	3.179614E-1
1.880625E+4	1.827159E-1
1.880650E+4	7.910239E-2
1.880675E+4	7.853858E-2
1.880700E+4	1.428697E-1
1.880725E+4	2.200662E-1
1.880750E+4	2.153614E-1
1.880775E+4	1.264963E-1
1.880800E+4	5.177881E-2
1.880825E+4	2.468575E-2
1.880850E+4	3.771864E-2
1.880875E+4	1.272657E-1
1.880900E+4	2.185809E-1
1.880925E+4	2.298475E-1
1.880950E+4	1.770685E-1
1.880975E+4	8.805255E-2
1.881000E+4	4.144059E-2
1.881025E+4	1.051669E-1
1.881050E+4	1.907958E-1
1.881075E+4	2.235755E-1
1.881100E+4	1.979105E-1
1.881125E+4	1.399130E-1
1.881150E+4	1.169631E-1
1.881175E+4	1.532690E-1
1.881200E+4	2.331823E-1
1.881225E+4	3.411314E-1
1.881250E+4	4.249221E-1
1.881275E+4	3.676317E-1
1.881300E+4	2.871196E-1
1.881325E+4	2.902631E-1
1.881350E+4	3.105207E-1
1.881375E+4	2.722616E-1
1.881400E+4	1.102433E-1
1.881425E+4	1.015948E-1
1.881450E+4	1.927063E-1
1.881475E+4	2.601524E-1
1.881500E+4	2.840072E-1
1.881525E+4	1.807883E-1
1.881550E+4	8.611257E-3
1.881575E+4	4.247303E-2
1.881600E+4	1.250776E-1
1.881625E+4	1.772909E-1
1.881650E+4	1.895739E-1
1.881675E+4	1.711277E-1
1.881700E+4	1.216766E-1
1.881725E+4	5.854378E-2
1.881750E+4	2.377399E-2
1.881775E+4	1.112999E-2
1.881800E+4	2.791611E-2
1.881825E+4	9.651543E-2
1.881850E+4	1.790285E-1
1.881875E+4	1.577962E-1
1.881900E+4	1.026638E-1
1.881925E+4	8.827587E-2
1.881950E+4	1.517118E-1
1.881975E+4	2.169512E-1
1.882000E+4	2.238111E-1
1.882025E+4	1.990587E-1
1.882050E+4	1.480474E-1
1.882075E+4	8.582083E-2
1.882100E+4	4.312097E-2
1.882125E+4	5.751657E-2
1.882150E+4	1.043339E-1
1.882175E+4	1.143617E-1
1.882200E+4	8.221139E-2
1.882225E+4	2.053953E-2
1.882250E+4	6.068203E-2
1.882275E+4	2.602957E-1
1.882300E+4	2.755668E-1
1.882325E+4	2.254245E-1
1.882350E+4	1.551181E-1
1.882375E+4	1.115924E-1
1.882400E+4	1.671463E-1
1.882425E+4	1.835129E-1
1.882450E+4	1.248932E-1
1.882475E+4	1.172502E-1
1.882500E+4	2.642528E-1
1.882525E+4	4.394589E-1
1.882550E+4	4.757482E-1
1.882575E+4	2.516699E-1
1.882600E+4	1.336453E-1
1.882625E+4	1.007778E-1
1.882650E+4	2.782189E-2
1.882675E+4	2.924470E-1
1.882700E+4	4.820168E-1
1.882725E+4	5.020108E-1
1.882750E+4	4.877454E-1
1.882775E+4	4.122315E-1
1.882800E+4	2.032197E-1
1.882825E+4	9.032497E-2
1.882850E+4	1.293148E-1
1.882875E+4	1.433696E-1
1.882900E+4	1.122047E-1
1.882925E+4	8.834088E-2
1.882950E+4	9.234427E-2
1.882975E+4	9.591270E-2
1.883000E+4	8.596863E-2
1.883025E+4	5.940326E-2
1.883050E+4	2.502907E-2
1.883075E+4	1.131033E-2
1.883100E+4	3.859212E-2
1.883125E+4	5.642218E-2
1.883150E+4	1.643196E-2
1.883175E+4	1.517592E-2
1.883200E+4	1.164100E-1
1.883225E+4	2.964940E-1
1.883250E+4	5.767573E-1
1.883275E+4	7.331709E-1
1.883300E+4	2.760360E-1
1.883325E+4	7.022231E-2
1.883350E+4	1.288449E-2
1.883375E+4	9.177904E-3
1.883400E+4	9.341796E-2
1.883425E+4	1.820650E-1
1.883450E+4	1.198724E-1
1.883475E+4	6.730900E-2
1.883500E+4	1.418725E-1
1.883525E+4	2.082397E-1
1.883550E+4	1.864951E-1
1.883575E+4	1.219281E-1
1.883600E+4	8.218336E-2
1.883625E+4	1.181948E-1
1.883650E+4	2.419457E-1
1.883675E+4	4.259237E-1
1.883700E+4	2.687540E-1
1.883725E+4	3.813082E-2
1.883750E+4	9.386979E-2
1.883775E+4	2.353952E-1
1.883800E+4	3.922060E-1
1.883825E+4	1.450807E-1
1.883850E+4	2.145993E-2
1.883875E+4	4.560261E-3
1.883900E+4	3.562484E-2
1.883925E+4	1.382262E-1
1.883950E+4	2.280886E-1
1.883975E+4	8.821090E-2
1.884000E+4	1.243552E-3
1.884025E+4	1.660895E-1
1.884050E+4	3.911493E-1
1.884075E+4	3.264809E-1
1.884100E+4	1.495428E-1
1.884125E+4	3.721784E-2
1.884150E+4	1.177973E-1
1.884175E+4	1.516624E-1
1.884200E+4	1.135338E-1
1.884225E+4	7.845697E-2
1.884250E+4	6.833283E-2
1.884275E+4	1.215722E-1
1.884300E+4	1.945037E-1
1.884325E+4	1.457991E-1
1.884350E+4	8.624624E-2
1.884375E+4	5.457981E-2
1.884400E+4	7.441346E-2
1.884425E+4	1.207061E-1
1.884450E+4	1.122257E-1
1.884475E+4	2.830589E-2
1.884500E+4	6.373244E-2
1.884525E+4	1.784803E-1
1.884550E+4	2.390618E-1
1.884575E+4	2.000556E-1
1.884600E+4	5.087019E-2
1.884625E+4	2.813343E-1
1.884650E+4	4.836662E-1
1.884675E+4	4.633313E-1
1.884700E+4	3.362933E-1
1.884725E+4	1.027467E-1
1.884750E+4	1.568786E-1
1.884775E+4	7.136670E-1
1.884800E+4	3.602530E-1
1.884825E+4	3.428206E-2
1.884850E+4	5.795476E-2
1.884875E+4	2.479120E-1
1.884900E+4	4.832607E-1
1.884925E+4	7.124087E-1
1.884950E+4	6.849451E-1
1.884975E+4	4.274102E-1
1.885000E+4	2.094507E-1
1.885025E+4	4.274014E-2
1.885050E+4	3.438743E-2
1.885075E+4	2.712099E-1
1.885100E+4	3.801308E-1
1.885125E+4	3.409968E-1
1.885150E+4	2.637962E-1
1.885175E+4	1.884925E-1
1.885200E+4	1.177426E-1
1.885225E+4	6.944829E-2
1.885250E+4	5.068534E-2
1.885275E+4	1.976656E-2
1.885300E+4	1.952327E-4
1.885325E+4	2.421773E-2
1.885350E+4	4.278187E-2
1.885375E+4	1.860383E-2
1.885400E+4	3.302385E-3
1.885425E+4	9.744200E-2
1.885450E+4	2.533491E-1
1.885475E+4	3.101842E-1
1.885500E+4	2.490912E-1
1.885525E+4	1.191366E-1
1.885550E+4	9.989392E-3
1.885575E+4	2.101546E-2
1.885600E+4	6.618661E-2
1.885625E+4	7.842111E-2
1.885650E+4	1.052697E-1
1.885675E+4	1.417564E-1
1.885700E+4	1.187608E-1
1.885725E+4	6.244177E-2
1.885750E+4	4.587225E-2
1.885775E+4	9.262778E-2
1.885800E+4	1.863267E-1
1.885825E+4	2.989612E-1
1.885850E+4	3.977174E-1
1.885875E+4	4.221680E-1
1.885900E+4	3.021139E-1
1.885925E+4	1.309735E-1
1.885950E+4	1.816528E-1
1.885975E+4	3.450521E-1
1.886000E+4	3.811484E-1
1.886025E+4	2.592944E-1
1.886050E+4	1.405208E-1
1.886075E+4	8.367595E-2
1.886100E+4	4.189488E-2
1.886125E+4	5.004205E-2
1.886150E+4	3.586780E-1
1.886175E+4	5.483901E-1
1.886200E+4	5.697960E-1
1.886225E+4	5.160492E-1
1.886250E+4	4.049962E-1
1.886275E+4	3.419985E-1
1.886300E+4	3.436239E-1
1.886325E+4	3.400511E-1
1.886350E+4	2.842275E-1
1.886375E+4	1.559255E-1
1.886400E+4	6.237000E-2
1.886425E+4	2.281153E-2
1.886450E+4	5.650910E-2
1.886475E+4	2.248439E-1
1.886500E+4	4.199899E-1
1.886525E+4	5.534390E-1
1.886550E+4	5.991859E-1
1.886575E+4	4.001842E-1
1.886600E+4	6.932528E-2
1.886625E+4	1.875390E-3
1.886650E+4	9.403899E-3
1.886675E+4	5.099871E-2
1.886700E+4	1.669153E-1
1.886725E+4	2.100047E-1
1.886750E+4	1.389518E-1
1.886775E+4	5.371522E-2
1.886800E+4	1.110526E-1
1.886825E+4	3.945738E-1
1.886850E+4	5.148560E-1
1.886875E+4	4.871290E-1
1.886900E+4	3.871086E-1
1.886925E+4	1.980222E-1
1.886950E+4	4.460436E-2
1.886975E+4	3.054131E-3
1.887000E+4	1.380852E-2
1.887025E+4	8.180501E-2
1.887050E+4	1.551326E-1
1.887075E+4	1.598413E-1
1.887100E+4	1.350581E-1
1.887125E+4	1.063202E-1
1.887150E+4	1.091990E-1
1.887175E+4	2.370254E-1
1.887200E+4	4.076809E-1
1.887225E+4	3.832943E-1
1.887250E+4	3.331820E-1
1.887275E+4	3.445660E-1
1.887300E+4	3.755779E-1
1.887325E+4	3.090056E-1
1.887350E+4	1.797909E-1
1.887375E+4	1.607307E-1
1.887400E+4	2.392069E-1
1.887425E+4	2.752943E-1
1.887450E+4	2.725299E-1
1.887475E+4	3.135817E-1
1.887500E+4	3.636673E-1
1.887525E+4	3.140379E-1
1.887550E+4	1.375224E-1
1.887575E+4	6.797846E-2
1.887600E+4	1.167484E-1
1.887625E+4	1.360919E-1
1.887650E+4	7.019412E-2
1.887675E+4	1.059789E-2
1.887700E+4	5.517855E-2
1.887725E+4	1.407729E-1
1.887750E+4	2.235720E-1
1.887775E+4	2.860518E-1
1.887800E+4	3.082296E-1
1.887825E+4	2.873622E-1
1.887850E+4	2.042908E-1
1.887875E+4	4.191747E-2
1.887900E+4	2.463127E-1
1.887925E+4	3.142783E-1
1.887950E+4	1.441144E-1
1.887975E+4	9.126905E-3
1.888000E+4	5.432184E-2
1.888025E+4	2.538321E-1
1.888050E+4	4.578594E-1
1.888075E+4	5.893513E-1
1.888100E+4	5.586684E-1
1.888125E+4	3.111008E-1
1.888150E+4	1.524307E-1
1.888175E+4	9.315042E-2
1.888200E+4	4.327311E-2
1.888225E+4	3.279319E-2
1.888250E+4	2.184840E-1
1.888275E+4	3.459307E-1
1.888300E+4	2.450110E-1
1.888325E+4	9.580101E-2
1.888350E+4	1.391563E-1
1.888375E+4	3.381022E-1
1.888400E+4	4.486102E-1
1.888425E+4	4.234856E-1
1.888450E+4	2.526890E-1
1.888475E+4	2.169888E-1
1.888500E+4	3.103533E-1
1.888525E+4	3.512234E-1
1.888550E+4	3.328232E-1
1.888575E+4	2.416438E-1
1.888600E+4	9.363434E-2
1.888625E+4	1.981819E-1
1.888650E+4	2.607191E-1
1.888675E+4	2.396725E-1
1.888700E+4	2.161097E-1
1.888725E+4	1.775296E-1
1.888750E+4	1.092622E-1
1.888775E+4	6.421978E-2
1.888800E+4	1.011360E-1
1.888825E+4	1.997851E-1
1.888850E+4	2.835154E-1
1.888875E+4	2.664437E-1
1.888900E+4	1.347111E-1
1.888925E+4	3.857260E-2
1.888950E+4	4.474619E-2
1.888975E+4	1.378724E-1
1.889000E+4	2.476790E-1
1.889025E+4	2.959474E-1
1.889050E+4	2.535054E-1
1.889075E+4	1.476247E-1
1.889100E+4	1.145575E-1
1.889125E+4	1.932190E-1
1.889150E+4	1.906594E-1
1.889175E+4	6.420098E-2
1.889200E+4	5.381685E-2
1.889225E+4	1.389052E-1
1.889250E+4	2.006922E-1
1.889275E+4	2.074512E-1
1.889300E+4	1.317164E-1
1.889325E+4	1.132785E-2
1.889350E+4	6.426204E-2
1.889375E+4	1.160241E-1
1.889400E+4	1.012728E-1
1.889425E+4	5.006263E-2
1.889450E+4	1.117088E-2
1.889475E+4	2.540513E-2
1.889500E+4	8.470190E-2
1.889525E+4	1.789131E-1
1.889550E+4	2.630838E-1
1.889575E+4	2.832222E-1
1.889600E+4	3.055147E-1
1.889625E+4	3.519760E-1
1.889650E+4	3.981793E-1
1.889675E+4	4.207026E-1
1.889700E+4	3.962023E-1
1.889725E+4	3.112611E-1
1.889750E+4	1.995569E-1
1.889775E+4	1.039421E-1
1.889800E+4	2.896808E-2
1.889825E+4	2.450716E-3
1.889850E+4	1.065271E-1
1.889875E+4	3.074339E-1
1.889900E+4	4.041817E-1
1.889925E+4	3.519303E-1
1.889950E+4	1.824930E-1
1.889975E+4	3.402734E-2
1.890000E+4	3.781886E-3
1.890025E+4	1.095500E-2
1.890050E+4	1.968781E-2
1.890075E+4	3.080495E-2
1.890100E+4	5.802131E-2
1.890125E+4	1.378181E-1
1.890150E+4	3.041777E-1
1.890175E+4	3.816069E-1
1.890200E+4	2.595203E-1
1.890225E+4	1.076012E-1
1.890250E+4	1.444122E-2
1.890275E+4	9.317837E-3
1.890300E+4	8.496787E-2
1.890325E+4	1.875434E-1
1.890350E+4	2.560422E-1
1.890375E+4	2.952798E-1
1.890400E+4	3.126071E-1
1.890425E+4	2.776200E-1
1.890450E+4	1.444902E-1
1.890475E+4	6.069881E-3
1.890500E+4	9.589531E-2
1.890525E+4	2.528039E-1
1.890550E+4	3.523961E-1
1.890575E+4	3.659638E-1
1.890600E+4	2.258107E-1
1.890625E+4	6.311110E-2
1.890650E+4	7.509371E-2
1.890675E+4	1.985592E-1
1.890700E+4	3.808203E-1
1.890725E+4	4.214294E-1
1.890750E+4	2.503089E-1
1.890775E+4	1.100243E-1
1.890800E+4	6.809761E-2
1.890825E+4	9.819594E-2
1.890850E+4	1.549907E-1
1.890875E+4	5.986034E-2
1.890900E+4	1.779293E-2
1.890925E+4	6.431660E-2
1.890950E+4	5.067743E-2
1.890975E+4	1.020022E-2
1.891000E+4	7.516705E-2
1.891025E+4	3.864434E-1
1.891050E+4	7.187237E-1
1.891075E+4	5.036638E-1
1.891100E+4	3.481512E-2
1.891125E+4	8.996711E-2
1.891150E+4	3.480383E-1
1.891175E+4	5.467327E-1
1.891200E+4	5.992478E-1
1.891225E+4	4.584743E-1
1.891250E+4	2.048485E-1
1.891275E+4	7.583340E-2
1.891300E+4	2.160306E-1
1.891325E+4	4.462146E-1
1.891350E+4	4.120276E-1
1.891375E+4	2.205974E-1
1.891400E+4	8.231472E-2
1.891425E+4	3.680558E-2
1.891450E+4	7.291765E-2
1.891475E+4	1.627435E-1
1.891500E+4	1.477014E-1
1.891525E+4	1.776613E-2
1.891550E+4	3.288045E-1
1.891575E+4	7.209707E-1
1.891600E+4	8.670912E-1
1.891625E+4	6.648773E-1
1.891650E+4	3.649446E-1
1.891675E+4	1.495965E-1
1.891700E+4	3.457776E-2
1.891725E+4	2.181359E-2
1.891750E+4	8.164590E-2
1.891775E+4	8.433997E-2
1.891800E+4	6.342790E-2
1.891825E+4	5.727176E-2
1.891850E+4	9.678392E-2
1.891875E+4	2.264933E-1
1.891900E+4	1.017462E-1
1.891925E+4	1.474123E-2
1.891950E+4	4.605222E-2
1.891975E+4	1.699264E-1
1.892000E+4	2.789092E-1
1.892025E+4	3.053099E-1
1.892050E+4	2.712533E-1
1.892075E+4	1.745273E-1
1.892100E+4	4.866182E-2
1.892125E+4	1.196371E-2
1.892150E+4	2.999373E-2
1.892175E+4	7.892492E-2
1.892200E+4	1.793544E-1
1.892225E+4	2.478589E-1
1.892250E+4	1.174329E-1
1.892275E+4	3.258078E-2
1.892300E+4	3.602918E-2
1.892325E+4	6.026374E-2
1.892350E+4	5.993312E-2
1.892375E+4	1.487688E-3
1.892400E+4	8.050960E-2
1.892425E+4	1.639757E-1
1.892450E+4	1.997810E-1
1.892475E+4	1.315457E-1
1.892500E+4	1.498257E-2
1.892525E+4	2.186564E-2
1.892550E+4	5.624335E-2
1.892575E+4	1.218807E-1
1.892600E+4	2.485067E-1
1.892625E+4	3.792886E-1
1.892650E+4	3.955292E-1
1.892675E+4	2.799909E-1
1.892700E+4	1.866905E-1
1.892725E+4	2.946451E-1
1.892750E+4	4.040051E-1
1.892775E+4	3.940958E-1
1.892800E+4	2.083960E-1
1.892825E+4	3.714908E-3
1.892850E+4	3.462321E-1
1.892875E+4	6.183347E-1
1.892900E+4	6.410756E-1
1.892925E+4	4.523572E-1
1.892950E+4	1.585684E-1
1.892975E+4	1.335632E-2
1.893000E+4	1.171460E-1
1.893025E+4	3.515257E-1
1.893050E+4	5.723583E-1
1.893075E+4	6.741477E-1
1.893100E+4	5.786051E-1
1.893125E+4	3.135720E-1
1.893150E+4	1.862920E-1
1.893175E+4	2.570296E-1
1.893200E+4	3.956064E-1
1.893225E+4	5.473431E-1
1.893250E+4	6.583496E-1
1.893275E+4	5.494249E-1
1.893300E+4	2.021061E-1
1.893325E+4	2.295650E-2
1.893350E+4	8.521536E-3
1.893375E+4	9.162884E-2
1.893400E+4	2.452000E-1
1.893425E+4	3.234699E-1
1.893450E+4	2.866519E-1
1.893475E+4	2.164796E-1
1.893500E+4	1.785366E-1
1.893525E+4	2.105967E-1
1.893550E+4	2.816428E-1
1.893575E+4	1.845615E-1
1.893600E+4	1.557502E-2
1.893625E+4	3.274430E-2
1.893650E+4	1.657768E-1
1.893675E+4	2.100769E-1
1.893700E+4	2.308500E-2
1.893725E+4	4.094268E-2
1.893750E+4	1.299851E-1
1.893775E+4	1.456912E-1
1.893800E+4	8.273603E-2
1.893825E+4	3.060907E-2
1.893850E+4	1.203573E-1
1.893875E+4	3.816699E-1
1.893900E+4	4.360371E-1
1.893925E+4	3.674772E-1
1.893950E+4	3.388850E-1
1.893975E+4	3.761933E-1
1.894000E+4	4.468417E-1
1.894025E+4	1.117195E-1
1.894050E+4	1.130726E-2
1.894075E+4	6.486111E-2
1.894100E+4	1.426813E-1
1.894125E+4	2.105587E-1
1.894150E+4	2.026186E-1
1.894175E+4	1.437818E-1
1.894200E+4	9.114665E-2
1.894225E+4	4.756650E-2
1.894250E+4	2.268553E-2
1.894275E+4	6.098545E-2
1.894300E+4	6.857561E-2
1.894325E+4	5.099151E-2
1.894350E+4	6.163907E-2
1.894375E+4	1.562810E-1
1.894400E+4	3.691352E-1
1.894425E+4	5.843513E-1
1.894450E+4	4.319007E-1
1.894475E+4	5.603085E-2
1.894500E+4	4.351805E-2
1.894525E+4	2.364083E-1
1.894550E+4	3.358454E-1
1.894575E+4	2.527803E-1
1.894600E+4	1.000139E-1
1.894625E+4	1.327247E-1
1.894650E+4	2.587906E-1
1.894675E+4	2.586728E-1
1.894700E+4	2.205430E-1
1.894725E+4	2.043345E-1
1.894750E+4	1.779119E-1
1.894775E+4	9.494773E-2
1.894800E+4	1.471423E-1
1.894825E+4	3.748675E-1
1.894850E+4	5.255766E-1
1.894875E+4	5.173053E-1
1.894900E+4	3.542893E-1
1.894925E+4	2.985803E-1
1.894950E+4	5.246127E-1
1.894975E+4	7.059743E-1
1.895000E+4	7.183606E-1
1.895025E+4	5.507757E-1
1.895050E+4	2.490734E-1
1.895075E+4	2.573930E-1
1.895100E+4	3.377720E-1
1.895125E+4	3.664907E-1
1.895150E+4	3.671354E-1
1.895175E+4	3.328978E-1
1.895200E+4	2.594974E-1
1.895225E+4	1.794330E-1
1.895250E+4	1.560801E-1
1.895275E+4	1.666029E-1
1.895300E+4	1.505481E-1
1.895325E+4	1.957705E-1
1.895350E+4	2.993974E-1
1.895375E+4	3.384081E-1
1.895400E+4	1.955689E-1
1.895425E+4	1.232677E-1
1.895450E+4	3.584152E-1
1.895475E+4	6.736790E-1
1.895500E+4	5.619067E-1
1.895525E+4	8.069750E-2
1.895550E+4	8.090371E-2
1.895575E+4	1.340814E-1
1.895600E+4	1.917089E-1
1.895625E+4	2.905216E-1
1.895650E+4	4.486860E-1
1.895675E+4	6.415777E-1
1.895700E+4	7.388626E-1
1.895725E+4	5.968122E-1
1.895750E+4	3.702403E-1
1.895775E+4	2.329818E-1
1.895800E+4	1.659943E-1
1.895825E+4	8.826135E-2
1.895850E+4	2.466930E-1
1.895875E+4	3.088463E-1
1.895900E+4	2.337423E-1
1.895925E+4	1.168734E-1
1.895950E+4	2.983860E-2
1.895975E+4	2.697351E-1
1.896000E+4	3.631683E-1
1.896025E+4	2.581947E-1
1.896050E+4	1.649262E-1
1.896075E+4	1.947485E-1
1.896100E+4	3.894600E-1
1.896125E+4	1.771859E-1
1.896150E+4	5.000224E-2
1.896175E+4	9.108890E-3
1.896200E+4	3.971926E-3
1.896225E+4	9.597991E-4
1.896250E+4	1.348670E-2
1.896275E+4	3.788789E-2
1.896300E+4	7.285564E-2
1.896325E+4	1.294210E-1
1.896350E+4	2.090210E-1
1.896375E+4	2.448044E-1
1.896400E+4	1.991596E-1
1.896425E+4	6.566088E-2
1.896450E+4	7.646572E-3
1.896475E+4	1.453595E-1
1.896500E+4	3.264820E-1
1.896525E+4	3.614858E-1
1.896550E+4	2.949773E-1
1.896575E+4	2.617173E-1
1.896600E+4	2.741294E-1
1.896625E+4	2.213349E-1
1.896650E+4	4.711713E-2
1.896675E+4	1.724133E-3
1.896700E+4	1.984215E-3
1.896725E+4	2.430660E-3
1.896750E+4	1.748322E-2
1.896775E+4	7.494648E-2
1.896800E+4	1.379789E-1
1.896825E+4	1.915802E-1
1.896850E+4	2.420630E-1
1.896875E+4	2.464167E-1
1.896900E+4	2.115089E-1
1.896925E+4	2.558425E-1
1.896950E+4	3.652322E-1
1.896975E+4	4.165598E-1
1.897000E+4	3.144830E-1
1.897025E+4	8.442609E-2
1.897050E+4	3.755415E-1
1.897075E+4	4.620086E-1
1.897100E+4	4.770800E-1
1.897125E+4	4.911246E-1
1.897150E+4	6.335253E-1
1.897175E+4	5.841511E-1
1.897200E+4	4.055523E-1
1.897225E+4	2.107777E-1
1.897250E+4	2.771282E-2
1.897275E+4	2.063721E-1
1.897300E+4	4.900320E-1
1.897325E+4	4.442307E-1
1.897350E+4	2.187067E-1
1.897375E+4	9.709092E-2
1.897400E+4	2.536481E-1
1.897425E+4	4.515165E-1
1.897450E+4	4.029128E-1
1.897475E+4	1.820453E-1
1.897500E+4	3.850047E-2
1.897525E+4	2.505626E-3
1.897550E+4	1.497446E-1
1.897575E+4	5.468464E-1
1.897600E+4	5.483326E-1
1.897625E+4	4.050363E-1
1.897650E+4	2.050374E-1
1.897675E+4	3.997097E-2
1.897700E+4	1.033907E-1
1.897725E+4	1.508237E-1
1.897750E+4	1.138363E-1
1.897775E+4	6.593433E-2
1.897800E+4	1.604880E-1
1.897825E+4	3.996350E-1
1.897850E+4	5.842089E-1
1.897875E+4	5.400276E-1
1.897900E+4	2.171607E-1
1.897925E+4	1.289903E-1
1.897950E+4	2.444253E-1
1.897975E+4	3.365628E-1
1.898000E+4	3.815660E-1
1.898025E+4	3.996790E-1
1.898050E+4	3.134426E-1
1.898075E+4	1.096720E-1
1.898100E+4	8.109077E-2
1.898125E+4	4.903162E-2
1.898150E+4	9.729439E-3
1.898175E+4	2.692056E-2
1.898200E+4	1.645186E-1
1.898225E+4	1.429356E-1
1.898250E+4	9.943813E-2
1.898275E+4	6.977875E-2
1.898300E+4	5.351491E-2
1.898325E+4	4.032465E-2
1.898350E+4	2.279411E-2
1.898375E+4	3.007314E-2
1.898400E+4	1.114796E-1
1.898425E+4	1.310299E-1
1.898450E+4	1.317606E-1
1.898475E+4	1.344938E-1
1.898500E+4	1.029803E-1
1.898525E+4	5.607274E-2
1.898550E+4	2.811985E-2
1.898575E+4	1.331293E-2
1.898600E+4	1.478699E-2
1.898625E+4	5.064315E-2
1.898650E+4	2.227165E-2
1.898675E+4	5.315032E-4
1.898700E+4	3.665684E-2
1.898725E+4	2.017729E-1
1.898750E+4	3.708244E-1
1.898775E+4	3.518652E-1
1.898800E+4	2.301564E-1
1.898825E+4	9.666094E-2
1.898850E+4	1.548487E-1
1.898875E+4	3.819847E-1
1.898900E+4	6.136758E-1
1.898925E+4	7.661043E-1
1.898950E+4	7.089140E-1
1.898975E+4	4.134816E-1
1.899000E+4	9.654593E-2
1.899025E+4	6.615760E-2
1.899050E+4	2.125239E-1
1.899075E+4	3.523290E-1
1.899100E+4	4.716974E-1
1.899125E+4	5.532311E-1
1.899150E+4	4.784322E-1
1.899175E+4	1.109644E-1
1.899200E+4	9.621724E-2
1.899225E+4	4.979865E-1
1.899250E+4	4.380300E-1
1.899275E+4	2.134858E-1
1.899300E+4	1.307453E-1
1.899325E+4	1.330162E-1
1.899350E+4	8.867528E-2
1.899375E+4	4.577773E-2
1.899400E+4	2.050262E-1
1.899425E+4	5.131480E-1
1.899450E+4	7.597286E-1
1.899475E+4	7.912599E-1
1.899500E+4	5.037121E-1
1.899525E+4	7.424448E-2
1.899550E+4	7.121851E-2
1.899575E+4	1.398769E-1
1.899600E+4	1.470821E-1
1.899625E+4	1.315726E-1
1.899650E+4	1.584750E-1
1.899675E+4	2.525906E-1
1.899700E+4	3.595658E-1
1.899725E+4	4.406657E-1
1.899750E+4	4.285005E-1
1.899775E+4	2.690624E-1
1.899800E+4	8.109278E-2
1.899825E+4	5.431372E-3
1.899850E+4	1.023420E-1
1.899875E+4	1.841985E-1
1.899900E+4	2.065174E-1
1.899925E+4	2.101538E-1
1.899950E+4	2.049057E-1
1.899975E+4	1.688644E-1
1.900000E+4	7.877644E-2
1.900025E+4	2.992530E-2
1.900050E+4	1.300607E-2
1.900075E+4	1.980202E-2
1.900100E+4	1.042053E-1
1.900125E+4	2.895737E-1
1.900150E+4	4.208341E-1
1.900175E+4	3.942069E-1
1.900200E+4	2.652931E-1
1.900225E+4	2.384789E-1
1.900250E+4	4.434017E-1
1.900275E+4	4.528021E-1
1.900300E+4	3.897550E-1
1.900325E+4	3.061432E-1
1.900350E+4	2.147596E-1
1.900375E+4	1.817104E-1
1.900400E+4	2.641236E-1
1.900425E+4	2.964308E-1
1.900450E+4	1.839955E-1
1.900475E+4	1.459108E-1
1.900500E+4	2.786990E-1
1.900525E+4	3.399483E-1
1.900550E+4	3.380508E-1
1.900575E+4	2.573296E-1
1.900600E+4	1.094144E-1
1.900625E+4	2.266040E-2
1.900650E+4	2.316117E-3
1.900675E+4	9.693955E-3
1.900700E+4	2.587801E-2
1.900725E+4	3.268160E-2
1.900750E+4	2.567799E-2
1.900775E+4	1.604211E-2
1.900800E+4	1.481467E-2
1.900825E+4	9.145273E-2
1.900850E+4	2.635315E-1
1.900875E+4	3.868333E-1
1.900900E+4	4.504763E-1
1.900925E+4	3.702833E-1
1.900950E+4	1.379682E-1
1.900975E+4	1.372970E-2
1.901000E+4	4.571833E-2
1.901025E+4	1.449253E-1
1.901050E+4	2.513197E-1
1.901075E+4	2.813580E-1
1.901100E+4	2.801194E-1
1.901125E+4	2.700714E-1
1.901150E+4	2.088900E-1
1.901175E+4	6.514526E-3
1.901200E+4	1.947934E-1
1.901225E+4	2.707397E-1
1.901250E+4	2.484437E-1
1.901275E+4	1.689655E-1
1.901300E+4	7.007435E-2
1.901325E+4	4.062232E-2
1.901350E+4	1.303621E-1
1.901375E+4	3.019529E-1
1.901400E+4	2.115622E-1
1.901425E+4	1.135954E-1
1.901450E+4	1.190964E-1
1.901475E+4	1.440130E-1
1.901500E+4	9.531616E-2
1.901525E+4	1.680654E-2
1.901550E+4	1.121174E-1
1.901575E+4	2.663931E-1
1.901600E+4	3.313070E-1
1.901625E+4	2.940437E-1
1.901650E+4	2.008960E-1
1.901675E+4	9.894806E-2
1.901700E+4	2.394375E-2
1.901725E+4	1.795151E-3
1.901750E+4	2.532220E-2
1.901775E+4	6.340550E-2
1.901800E+4	1.205387E-1
1.901825E+4	1.941018E-1
1.901850E+4	2.686910E-1
1.901875E+4	2.404806E-1
1.901900E+4	3.988822E-2
1.901925E+4	2.642262E-1
1.901950E+4	3.997960E-1
1.901975E+4	4.741116E-1
1.902000E+4	3.732446E-1
1.902025E+4	1.078553E-1
1.902050E+4	1.782450E-2
1.902075E+4	3.188618E-2
1.902100E+4	1.037418E-1
1.902125E+4	2.463366E-1
1.902150E+4	2.623268E-1
1.902175E+4	9.892456E-2
1.902200E+4	3.347192E-2
1.902225E+4	3.520859E-2
1.902250E+4	7.546672E-2
1.902275E+4	2.024325E-1
1.902300E+4	4.058328E-1
1.902325E+4	3.442413E-1
1.902350E+4	2.287214E-1
1.902375E+4	1.410777E-1
1.902400E+4	6.738172E-2
1.902425E+4	5.384795E-2
1.902450E+4	1.550349E-1
1.902475E+4	7.812253E-2
1.902500E+4	4.348420E-2
1.902525E+4	4.064605E-2
1.902550E+4	5.552628E-2
1.902575E+4	9.644955E-2
1.902600E+4	2.063447E-1
1.902625E+4	3.409309E-1
1.902650E+4	4.334874E-1
1.902675E+4	5.265561E-1
1.902700E+4	4.300498E-1
1.902725E+4	2.404692E-1
1.902750E+4	1.982073E-1
1.902775E+4	1.892012E-1
1.902800E+4	1.466524E-1
1.902825E+4	5.380930E-2
1.902850E+4	5.731316E-2
1.902875E+4	8.136486E-2
1.902900E+4	9.487801E-2
1.902925E+4	9.557214E-2
1.902950E+4	7.162847E-2
1.902975E+4	3.644545E-2
1.903000E+4	1.844712E-2
1.903025E+4	1.110679E-1
1.903050E+4	4.108068E-1
1.903075E+4	6.030225E-1
1.903100E+4	6.284736E-1
1.903125E+4	4.358127E-1
1.903150E+4	1.801131E-1
1.903175E+4	8.249218E-2
1.903200E+4	1.254443E-1
1.903225E+4	2.226316E-1
1.903250E+4	3.005165E-1
1.903275E+4	3.691579E-1
1.903300E+4	4.551870E-1
1.903325E+4	4.939947E-1
1.903350E+4	3.563970E-1
1.903375E+4	8.136496E-2
1.903400E+4	3.851496E-2
1.903425E+4	3.902606E-1
1.903450E+4	5.338894E-1
1.903475E+4	3.313721E-1
1.903500E+4	1.066036E-1
1.903525E+4	5.397367E-3
1.903550E+4	6.920270E-2
1.903575E+4	2.136200E-1
1.903600E+4	2.838591E-1
1.903625E+4	2.739891E-1
1.903650E+4	2.540872E-1
1.903675E+4	2.859943E-1
1.903700E+4	3.446237E-1
1.903725E+4	3.498888E-1
1.903750E+4	2.473919E-1
1.903775E+4	5.177868E-2
1.903800E+4	5.278874E-2
1.903825E+4	1.781145E-1
1.903850E+4	2.292502E-1
1.903875E+4	2.281306E-1
1.903900E+4	3.678273E-1
1.903925E+4	4.976656E-1
1.903950E+4	4.447899E-1
1.903975E+4	2.933139E-1
1.904000E+4	8.166610E-2
1.904025E+4	1.318483E-1
1.904050E+4	3.588830E-1
1.904075E+4	2.982457E-1
1.904100E+4	1.334796E-1
1.904125E+4	7.329867E-2
1.904150E+4	2.163754E-1
1.904175E+4	3.108435E-1
1.904200E+4	1.771842E-1
1.904225E+4	4.104880E-2
1.904250E+4	5.558043E-2
1.904275E+4	1.486412E-1
1.904300E+4	1.861574E-1
1.904325E+4	2.834498E-1
1.904350E+4	4.830838E-1
1.904375E+4	5.430299E-1
1.904400E+4	4.073480E-1
1.904425E+4	1.328607E-1
1.904450E+4	3.566698E-1
1.904475E+4	5.642275E-1
1.904500E+4	5.908879E-1
1.904525E+4	3.914914E-1
1.904550E+4	2.373997E-1
1.904575E+4	3.075938E-1
1.904600E+4	2.995074E-1
1.904625E+4	2.036540E-1
1.904650E+4	9.779167E-2
1.904675E+4	5.004050E-2
1.904700E+4	8.018575E-2
1.904725E+4	1.599587E-1
1.904750E+4	2.177868E-1
1.904775E+4	2.035602E-1
1.904800E+4	8.874193E-2
1.904825E+4	8.164869E-4
1.904850E+4	1.167945E-1
1.904875E+4	3.286778E-1
1.904900E+4	4.904872E-1
1.904925E+4	4.725108E-1
1.904950E+4	3.099457E-1
1.904975E+4	1.938038E-1
1.905000E+4	1.442453E-1
1.905025E+4	1.166467E-1
1.905050E+4	1.084977E-1
1.905075E+4	1.850724E-1
1.905100E+4	1.589495E-1
1.905125E+4	4.338765E-2
1.905150E+4	9.215290E-2
1.905175E+4	2.268341E-1
1.905200E+4	2.534572E-1
1.905225E+4	1.279430E-1
1.905250E+4	6.784590E-2
1.905275E+4	3.124706E-1
1.905300E+4	4.913295E-1
1.905325E+4	4.267113E-1
1.905350E+4	1.784154E-1
1.905375E+4	8.132522E-3
1.905400E+4	7.796468E-2
1.905425E+4	2.256985E-1
1.905450E+4	1.674837E-1
1.905475E+4	1.039277E-1
1.905500E+4	2.073713E-1
1.905525E+4	3.346962E-1
1.905550E+4	4.398408E-1
1.905575E+4	4.848827E-1
1.905600E+4	4.041793E-1
1.905625E+4	2.004100E-1
1.905650E+4	7.884446E-2
1.905675E+4	1.757047E-1
1.905700E+4	2.875062E-1
1.905725E+4	3.209613E-1
1.905750E+4	2.903990E-1
1.905775E+4	2.019676E-1
1.905800E+4	6.547298E-2
1.905825E+4	4.924154E-2
1.905850E+4	1.539816E-1
1.905875E+4	1.992257E-1
1.905900E+4	2.065830E-1
1.905925E+4	1.545727E-1
1.905950E+4	3.136963E-2
1.905975E+4	9.831355E-4
1.906000E+4	1.998077E-2
1.906025E+4	5.655192E-2
1.906050E+4	8.965664E-2
1.906075E+4	6.004943E-2
1.906100E+4	2.007948E-2
1.906125E+4	1.420026E-2
1.906150E+4	3.163576E-2
1.906175E+4	5.233744E-2
1.906200E+4	4.882450E-2
1.906225E+4	4.726639E-2
1.906250E+4	8.632374E-2
1.906275E+4	1.358405E-1
1.906300E+4	1.270767E-1
1.906325E+4	8.261066E-2
1.906350E+4	3.271494E-2
1.906375E+4	1.486408E-2
1.906400E+4	3.762344E-2
1.906425E+4	5.168774E-2
1.906450E+4	2.950152E-2
1.906475E+4	6.299452E-2
1.906500E+4	3.462308E-1
1.906525E+4	4.839603E-1
1.906550E+4	4.799387E-1
1.906575E+4	3.564392E-1
1.906600E+4	2.085941E-1
1.906625E+4	2.433904E-1
1.906650E+4	3.677019E-1
1.906675E+4	4.858577E-1
1.906700E+4	5.016780E-1
1.906725E+4	2.205721E-1
1.906750E+4	1.644440E-2
1.906775E+4	1.525679E-2
1.906800E+4	1.256308E-2
1.906825E+4	3.624623E-3
1.906850E+4	6.685396E-2
1.906875E+4	1.605558E-1
1.906900E+4	1.432234E-1
1.906925E+4	2.461816E-2
1.906950E+4	7.033403E-2
1.906975E+4	2.269231E-1
1.907000E+4	2.814820E-1
1.907025E+4	1.323977E-1
1.907050E+4	3.160981E-2
1.907075E+4	8.320569E-2
1.907100E+4	1.674233E-1
1.907125E+4	2.139463E-1
1.907150E+4	1.831141E-1
1.907175E+4	1.065557E-1
1.907200E+4	6.392457E-2
1.907225E+4	8.403840E-2
1.907250E+4	1.422196E-1
1.907275E+4	1.792607E-1
1.907300E+4	1.937320E-1
1.907325E+4	1.954446E-1
1.907350E+4	1.779303E-1
1.907375E+4	1.262382E-1
1.907400E+4	1.389456E-1
1.907425E+4	3.833161E-1
1.907450E+4	5.165784E-1
1.907475E+4	5.039032E-1
1.907500E+4	4.280568E-1
1.907525E+4	3.014962E-1
1.907550E+4	1.786660E-1
1.907575E+4	1.942920E-1
1.907600E+4	2.485769E-1
1.907625E+4	2.755519E-1
1.907650E+4	2.803737E-1
1.907675E+4	2.632239E-1
1.907700E+4	2.059591E-1
1.907725E+4	1.164287E-1
1.907750E+4	1.484573E-1
1.907775E+4	2.470237E-1
1.907800E+4	2.850144E-1
1.907825E+4	2.830518E-1
1.907850E+4	2.911797E-1
1.907875E+4	3.234900E-1
1.907900E+4	3.639389E-1
1.907925E+4	3.455150E-1
1.907950E+4	2.035905E-1
1.907975E+4	2.694274E-1
1.908000E+4	4.166091E-1
1.908025E+4	3.481127E-1
1.908050E+4	1.749378E-1
1.908075E+4	7.375220E-2
1.908100E+4	2.179794E-2
1.908125E+4	2.409063E-2
1.908150E+4	1.477783E-1
1.908175E+4	3.100053E-1
1.908200E+4	4.166966E-1
1.908225E+4	4.961097E-1
1.908250E+4	5.535039E-1
1.908275E+4	3.017388E-1
1.908300E+4	5.214752E-2
1.908325E+4	8.698793E-2
1.908350E+4	1.085481E-1
1.908375E+4	7.714148E-2
1.908400E+4	1.932835E-2
1.908425E+4	1.056559E-2
1.908450E+4	6.293502E-3
1.908475E+4	9.568930E-3
1.908500E+4	4.991770E-2
1.908525E+4	1.198955E-1
1.908550E+4	1.807840E-1
1.908575E+4	2.345103E-1
1.908600E+4	2.746312E-1
1.908625E+4	2.552067E-1
1.908650E+4	1.240090E-1
1.908675E+4	3.148913E-4
1.908700E+4	1.260069E-1
1.908725E+4	1.492885E-1
1.908750E+4	6.619228E-2
1.908775E+4	3.298683E-2
1.908800E+4	1.216528E-1
1.908825E+4	2.456999E-1
1.908850E+4	2.125598E-1
1.908875E+4	1.048426E-1
1.908900E+4	1.606990E-1
1.908925E+4	3.351813E-1
1.908950E+4	4.951078E-1
1.908975E+4	5.680434E-1
1.909000E+4	5.281993E-1
1.909025E+4	5.229897E-1
1.909050E+4	5.991456E-1
1.909075E+4	6.975950E-1
1.909100E+4	8.259846E-1
1.909125E+4	9.585749E-1
1.909150E+4	7.339070E-1
1.909175E+4	1.280553E-1
1.909200E+4	1.251403E-2
1.909225E+4	7.433821E-2
1.909250E+4	1.426302E-1
1.909275E+4	1.832168E-1
1.909300E+4	1.851411E-1
1.909325E+4	1.812040E-1
1.909350E+4	1.835191E-1
1.909375E+4	1.700446E-1
1.909400E+4	1.284970E-1
1.909425E+4	6.500706E-2
1.909450E+4	1.945205E-2
1.909475E+4	1.741162E-2
1.909500E+4	3.629608E-2
1.909525E+4	5.327605E-2
1.909550E+4	8.343904E-2
1.909575E+4	1.440878E-1
1.909600E+4	1.710984E-1
1.909625E+4	1.239429E-1
1.909650E+4	6.395683E-2
1.909675E+4	1.445069E-1
1.909700E+4	2.465555E-1
1.909725E+4	2.599311E-1
1.909750E+4	1.372495E-1
1.909775E+4	2.060896E-3
1.909800E+4	2.124981E-1
1.909825E+4	4.644831E-1
1.909850E+4	6.267745E-1
1.909875E+4	6.298145E-1
1.909900E+4	5.989613E-2
1.909925E+4	2.479432E-1
1.909950E+4	5.256767E-1
1.909975E+4	6.509086E-1
1.910000E+4	5.953115E-1
1.910025E+4	2.268894E-1
1.910050E+4	1.728734E-1
1.910075E+4	3.229207E-1
1.910100E+4	3.562804E-1
1.910125E+4	3.094343E-1
1.910150E+4	1.834901E-1
1.910175E+4	6.115317E-2
1.910200E+4	2.179005E-1
1.910225E+4	2.077030E-1
1.910250E+4	1.551407E-1
1.910275E+4	8.827141E-2
1.910300E+4	4.843283E-2
1.910325E+4	1.762637E-1
1.910350E+4	2.721495E-1
1.910375E+4	6.142588E-2
1.910400E+4	6.132431E-2
1.910425E+4	1.338133E-1
1.910450E+4	1.702986E-1
1.910475E+4	1.708200E-1
1.910500E+4	1.669477E-1
1.910525E+4	2.009397E-1
1.910550E+4	2.004356E-1
1.910575E+4	2.095300E-1
1.910600E+4	4.045893E-1
1.910625E+4	6.442375E-1
1.910650E+4	6.197557E-1
1.910675E+4	5.083796E-1
1.910700E+4	3.362480E-1
1.910725E+4	1.017009E-1
1.910750E+4	1.661823E-2
1.910775E+4	2.526497E-1
1.910800E+4	5.132745E-1
1.910825E+4	4.943487E-1
1.910850E+4	3.019967E-1
1.910875E+4	1.477504E-1
1.910900E+4	1.882594E-2
1.910925E+4	1.636375E-1
1.910950E+4	1.872304E-1
1.910975E+4	9.741678E-2
1.911000E+4	1.451682E-2
1.911025E+4	4.509413E-2
1.911050E+4	2.807714E-1
1.911075E+4	4.816387E-1
1.911100E+4	5.369130E-1
1.911125E+4	4.997609E-1
1.911150E+4	3.997109E-1
1.911175E+4	3.220178E-1
1.911200E+4	3.521381E-1
1.911225E+4	3.148736E-1
1.911250E+4	2.691255E-1
1.911275E+4	3.021442E-1
1.911300E+4	3.527626E-1
1.911325E+4	3.232707E-1
1.911350E+4	2.717477E-1
1.911375E+4	2.253724E-1
1.911400E+4	1.745849E-1
1.911425E+4	1.547690E-1
1.911450E+4	4.262496E-1
1.911475E+4	4.608410E-1
1.911500E+4	4.470433E-1
1.911525E+4	4.367412E-1
1.911550E+4	3.229524E-1
1.911575E+4	1.784297E-1
1.911600E+4	1.885145E-1
1.911625E+4	3.311449E-1
1.911650E+4	5.369731E-1
1.911675E+4	5.317545E-1
1.911700E+4	3.049370E-1
1.911725E+4	4.938365E-2
1.911750E+4	8.124249E-2
1.911775E+4	2.354360E-1
1.911800E+4	1.812617E-1
1.911825E+4	7.517920E-2
1.911850E+4	1.780013E-2
1.911875E+4	1.450472E-1
1.911900E+4	3.323270E-1
1.911925E+4	3.740289E-1
1.911950E+4	3.701124E-1
1.911975E+4	3.981824E-1
1.912000E+4	3.929658E-1
1.912025E+4	2.233812E-1
1.912050E+4	1.548572E-2
1.912075E+4	1.653249E-1
1.912100E+4	6.323145E-1
1.912125E+4	7.820944E-1
1.912150E+4	6.633642E-1
1.912175E+4	4.373344E-1
1.912200E+4	1.878735E-1
1.912225E+4	3.182514E-2
1.912250E+4	2.948522E-3
1.912275E+4	7.250286E-3
1.912300E+4	1.193600E-2
1.912325E+4	2.877598E-2
1.912350E+4	4.097313E-2
1.912375E+4	1.834098E-2
1.912400E+4	1.731106E-2
1.912425E+4	9.476237E-2
1.912450E+4	1.084228E-1
1.912475E+4	9.224352E-2
1.912500E+4	8.083569E-2
1.912525E+4	1.673945E-1
1.912550E+4	3.871051E-1
1.912575E+4	4.067398E-1
1.912600E+4	2.868404E-1
1.912625E+4	1.367449E-1
1.912650E+4	1.437519E-2
1.912675E+4	3.955633E-2
1.912700E+4	1.274168E-1
1.912725E+4	1.755882E-1
1.912750E+4	2.098775E-1
1.912775E+4	2.273516E-1
1.912800E+4	1.792603E-1
1.912825E+4	5.315463E-2
1.912850E+4	1.600748E-1
1.912875E+4	4.632119E-1
1.912900E+4	4.908473E-1
1.912925E+4	2.272050E-1
1.912950E+4	2.526151E-2
1.912975E+4	2.263360E-1
1.913000E+4	3.245019E-1
1.913025E+4	2.647083E-1
1.913050E+4	1.386108E-1
1.913075E+4	2.822385E-2
1.913100E+4	5.621231E-3
1.913125E+4	9.139307E-2
1.913150E+4	1.994584E-1
1.913175E+4	2.341567E-1
1.913200E+4	2.448169E-1
1.913225E+4	2.503786E-1
1.913250E+4	2.460340E-1
1.913275E+4	2.261686E-1
1.913300E+4	1.443475E-1
1.913325E+4	2.070445E-2
1.913350E+4	3.405458E-2
1.913375E+4	2.235938E-1
1.913400E+4	5.869744E-1
1.913425E+4	7.613997E-1
1.913450E+4	4.703674E-1
1.913475E+4	2.622349E-1
1.913500E+4	2.500026E-1
1.913525E+4	3.952094E-1
1.913550E+4	5.694275E-1
1.913575E+4	2.349382E-1
1.913600E+4	5.126863E-2
1.913625E+4	8.812809E-3
1.913650E+4	1.050635E-2
1.913675E+4	8.901449E-2
1.913700E+4	3.386266E-1
1.913725E+4	4.016946E-1
1.913750E+4	2.411264E-1
1.913775E+4	1.418435E-1
1.913800E+4	1.666078E-1
1.913825E+4	3.376138E-1
1.913850E+4	4.426696E-1
1.913875E+4	2.761387E-1
1.913900E+4	5.927822E-2
1.913925E+4	1.041756E-1
1.913950E+4	1.728880E-1
1.913975E+4	1.271590E-1
1.914000E+4	3.880546E-2
1.914025E+4	2.284298E-1
1.914050E+4	6.005006E-1
1.914075E+4	6.089319E-1
1.914100E+4	5.194300E-1
1.914125E+4	3.853475E-1
1.914150E+4	1.004286E-1
1.914175E+4	1.276383E-1
1.914200E+4	2.660844E-1
1.914225E+4	2.755219E-1
1.914250E+4	2.514872E-1
1.914275E+4	2.214560E-1
1.914300E+4	2.000300E-1
1.914325E+4	1.925131E-1
1.914350E+4	1.948592E-1
1.914375E+4	1.961574E-1
1.914400E+4	1.871112E-1
1.914425E+4	1.810750E-1
1.914450E+4	1.612117E-1
1.914475E+4	9.446381E-2
1.914500E+4	1.189081E-2
1.914525E+4	7.021652E-2
1.914550E+4	2.555741E-1
1.914575E+4	4.398626E-1
1.914600E+4	5.325673E-1
1.914625E+4	4.797947E-1
1.914650E+4	3.894325E-1
1.914675E+4	3.988686E-1
1.914700E+4	4.045526E-1
1.914725E+4	2.419553E-1
1.914750E+4	1.087579E-1
1.914775E+4	9.644047E-2
1.914800E+4	1.245901E-1
1.914825E+4	6.561444E-2
1.914850E+4	4.666610E-2
1.914875E+4	2.848003E-1
1.914900E+4	5.152776E-1
1.914925E+4	7.244248E-1
1.914950E+4	8.518653E-1
1.914975E+4	7.110137E-1
1.915000E+4	4.009598E-1
1.915025E+4	2.340481E-1
1.915050E+4	9.959831E-2
1.915075E+4	3.407820E-2
1.915100E+4	2.697699E-1
1.915125E+4	4.906821E-1
1.915150E+4	5.768873E-1
1.915175E+4	4.913830E-1
1.915200E+4	2.159218E-1
1.915225E+4	4.687477E-3
1.915250E+4	4.386347E-1
1.915275E+4	5.700321E-1
1.915300E+4	3.904383E-1
1.915325E+4	2.392281E-1
1.915350E+4	1.582132E-1
1.915375E+4	1.145759E-1
1.915400E+4	6.787272E-2
1.915425E+4	2.289394E-2
1.915450E+4	2.892918E-3
1.915475E+4	4.873582E-2
1.915500E+4	2.447033E-1
1.915525E+4	4.695990E-1
1.915550E+4	4.441428E-1
1.915575E+4	2.867877E-1
1.915600E+4	9.546214E-2
1.915625E+4	4.996351E-2
1.915650E+4	1.992094E-1
1.915675E+4	2.121882E-1
1.915700E+4	1.702913E-1
1.915725E+4	1.101045E-1
1.915750E+4	3.758365E-2
1.915775E+4	3.514447E-3
1.915800E+4	1.838090E-1
1.915825E+4	4.211285E-1
1.915850E+4	3.440487E-1
1.915875E+4	2.218229E-1
1.915900E+4	1.497479E-1
1.915925E+4	1.317560E-1
1.915950E+4	1.812100E-1
1.915975E+4	2.909033E-1
1.916000E+4	3.709864E-1
1.916025E+4	4.699926E-1
1.916050E+4	5.945496E-1
1.916075E+4	6.480109E-1
1.916100E+4	3.293409E-1
1.916125E+4	4.642700E-2
1.916150E+4	1.071448E-1
1.916175E+4	1.984386E-1
1.916200E+4	2.001507E-1
1.916225E+4	2.235875E-1
1.916250E+4	2.430555E-1
1.916275E+4	1.691709E-1
1.916300E+4	6.808870E-2
1.916325E+4	7.166255E-2
1.916350E+4	1.228348E-1
1.916375E+4	1.374088E-1
1.916400E+4	4.540195E-2
1.916425E+4	2.552263E-1
1.916450E+4	4.794995E-1
1.916475E+4	4.101840E-1
1.916500E+4	2.810300E-1
1.916525E+4	9.515092E-2
1.916550E+4	2.590346E-2
1.916575E+4	4.181740E-1
1.916600E+4	3.428992E-1
1.916625E+4	1.008823E-1
1.916650E+4	5.872190E-2
1.916675E+4	2.042930E-1
1.916700E+4	3.639426E-1
1.916725E+4	2.572652E-1
1.916750E+4	1.595074E-2
1.916775E+4	6.152118E-2
1.916800E+4	2.620066E-1
1.916825E+4	4.321704E-1
1.916850E+4	1.483574E-1
1.916875E+4	1.456813E-2
1.916900E+4	1.211382E-1
1.916925E+4	1.959978E-1
1.916950E+4	2.006850E-1
1.916975E+4	1.384053E-1
1.917000E+4	7.766179E-2
1.917025E+4	7.360865E-2
1.917050E+4	3.624113E-2
1.917075E+4	1.894926E-2
1.917100E+4	4.647617E-2
1.917125E+4	1.149475E-1
1.917150E+4	1.901967E-1
1.917175E+4	1.946231E-1
1.917200E+4	1.462682E-1
1.917225E+4	1.026566E-1
1.917250E+4	8.388368E-2
1.917275E+4	6.595354E-2
1.917300E+4	3.365877E-2
1.917325E+4	2.887999E-2
1.917350E+4	5.574641E-2
1.917375E+4	1.078785E-1
1.917400E+4	1.464628E-1
1.917425E+4	9.045095E-2
1.917450E+4	2.784235E-2
1.917475E+4	2.430031E-1
1.917500E+4	2.740580E-1
1.917525E+4	1.818943E-1
1.917550E+4	4.307269E-2
1.917575E+4	5.591516E-2
1.917600E+4	3.498499E-1
1.917625E+4	4.580907E-1
1.917650E+4	4.334201E-1
1.917675E+4	4.054696E-1
1.917700E+4	4.025289E-1
1.917725E+4	2.997953E-1
1.917750E+4	1.637574E-1
1.917775E+4	1.435599E-1
1.917800E+4	1.807016E-1
1.917825E+4	2.559997E-1
1.917850E+4	3.354985E-1
1.917875E+4	2.018638E-1
1.917900E+4	1.562823E-2
1.917925E+4	4.612620E-2
1.917950E+4	1.457830E-1
1.917975E+4	2.058534E-1
1.918000E+4	1.345765E-1
1.918025E+4	4.940871E-2
1.918050E+4	6.714525E-2
1.918075E+4	1.594372E-1
1.918100E+4	2.318723E-1
1.918125E+4	2.387036E-1
1.918150E+4	2.189684E-1
1.918175E+4	2.468543E-1
1.918200E+4	2.829226E-1
1.918225E+4	3.127004E-1
1.918250E+4	3.410686E-1
1.918275E+4	3.129400E-1
1.918300E+4	1.945959E-1
1.918325E+4	1.294524E-1
1.918350E+4	2.157422E-1
1.918375E+4	4.437525E-1
1.918400E+4	6.438255E-1
1.918425E+4	6.136663E-1
1.918450E+4	2.753711E-1
1.918475E+4	9.494301E-3
1.918500E+4	1.982304E-1
1.918525E+4	4.521422E-1
1.918550E+4	4.524149E-1
1.918575E+4	2.445927E-1
1.918600E+4	2.366089E-1
1.918625E+4	3.356400E-1
1.918650E+4	3.910200E-1
1.918675E+4	3.270168E-1
1.918700E+4	1.693575E-1
1.918725E+4	1.596947E-1
1.918750E+4	3.282126E-1
1.918775E+4	3.237093E-1
1.918800E+4	5.870170E-2
1.918825E+4	4.417745E-3
1.918850E+4	5.856858E-2
1.918875E+4	1.085821E-1
1.918900E+4	1.116846E-1
1.918925E+4	5.370790E-2
1.918950E+4	9.587098E-2
1.918975E+4	2.530403E-1
1.919000E+4	2.916146E-1
1.919025E+4	1.905554E-1
1.919050E+4	6.824933E-2
1.919075E+4	8.608131E-2
1.919100E+4	1.749137E-1
1.919125E+4	2.200890E-1
1.919150E+4	1.276106E-1
1.919175E+4	7.411687E-2
1.919200E+4	1.568695E-1
1.919225E+4	2.835822E-1
1.919250E+4	2.699708E-1
1.919275E+4	1.037726E-2
1.919300E+4	1.176474E-2
1.919325E+4	2.079164E-2
1.919350E+4	1.132588E-1
1.919375E+4	5.828657E-1
1.919400E+4	4.073600E-1
1.919425E+4	2.715687E-1
1.919450E+4	1.138162E-1
1.919475E+4	5.294398E-2
1.919500E+4	1.451894E-1
1.919525E+4	1.228006E-1
1.919550E+4	3.008884E-2
1.919575E+4	1.463489E-1
1.919600E+4	2.640990E-1
1.919625E+4	2.705323E-1
1.919650E+4	2.139203E-1
1.919675E+4	9.703647E-2
1.919700E+4	1.007800E-2
1.919725E+4	1.765993E-1
1.919750E+4	3.386282E-1
1.919775E+4	3.729417E-1
1.919800E+4	3.086104E-1
1.919825E+4	1.487719E-1
1.919850E+4	1.429310E-1
1.919875E+4	2.450751E-1
1.919900E+4	1.037471E-1
1.919925E+4	4.406521E-3
1.919950E+4	1.313506E-1
1.919975E+4	3.117041E-1
1.920000E+4	9.483175E-2
1.920025E+4	5.091161E-2
1.920050E+4	1.059146E-1
1.920075E+4	1.612106E-1
1.920100E+4	2.514995E-1
1.920125E+4	4.360984E-1
1.920150E+4	4.316750E-1
1.920175E+4	3.379312E-1
1.920200E+4	2.136962E-1
1.920225E+4	1.164632E-1
1.920250E+4	2.375591E-1
1.920275E+4	3.258287E-1
1.920300E+4	2.981265E-1
1.920325E+4	1.266281E-1
1.920350E+4	1.865266E-1
1.920375E+4	4.351761E-1
1.920400E+4	6.906344E-1
1.920425E+4	7.889595E-1
1.920450E+4	3.611144E-1
1.920475E+4	5.014390E-2
1.920500E+4	6.072663E-2
1.920525E+4	1.329504E-1
1.920550E+4	1.709805E-1
1.920575E+4	3.300871E-1
1.920600E+4	4.950013E-1
1.920625E+4	4.888608E-1
1.920650E+4	3.981412E-1
1.920675E+4	2.558440E-1
1.920700E+4	1.469402E-1
1.920725E+4	2.084075E-1
1.920750E+4	2.687423E-1
1.920775E+4	1.977968E-1
1.920800E+4	5.231295E-2
1.920825E+4	1.501430E-1
1.920850E+4	2.950225E-1
1.920875E+4	2.663033E-1
1.920900E+4	3.227506E-1
1.920925E+4	4.348769E-1
1.920950E+4	4.915455E-1
1.920975E+4	4.331939E-1
1.921000E+4	2.504055E-1
1.921025E+4	2.721651E-1
1.921050E+4	4.736368E-1
1.921075E+4	4.139854E-1
1.921100E+4	9.164113E-2
1.921125E+4	1.920998E-1
1.921150E+4	4.556077E-1
1.921175E+4	4.393167E-1
1.921200E+4	3.220590E-1
1.921225E+4	2.727338E-1
1.921250E+4	4.314573E-1
1.921275E+4	4.849744E-1
1.921300E+4	3.491900E-1
1.921325E+4	1.063067E-1
1.921350E+4	9.930645E-2
1.921375E+4	2.147769E-1
1.921400E+4	2.352649E-1
1.921425E+4	2.714422E-1
1.921450E+4	3.481620E-1
1.921475E+4	4.187729E-1
1.921500E+4	4.184769E-1
1.921525E+4	1.516139E-1
1.921550E+4	8.749902E-2
1.921575E+4	1.849864E-1
1.921600E+4	2.065051E-1
1.921625E+4	2.140396E-1
1.921650E+4	2.429753E-1
1.921675E+4	2.168788E-1
1.921700E+4	3.562583E-2
1.921725E+4	4.353082E-2
1.921750E+4	1.501508E-1
1.921775E+4	2.237982E-1
1.921800E+4	2.302274E-1
1.921825E+4	1.022181E-1
1.921850E+4	5.398670E-2
1.921875E+4	1.186404E-1
1.921900E+4	1.665495E-1
1.921925E+4	3.266948E-1
1.921950E+4	5.213113E-1
1.921975E+4	6.079858E-1
1.922000E+4	6.106210E-1
1.922025E+4	5.920022E-1
1.922050E+4	6.548061E-1
1.922075E+4	7.645146E-1
1.922100E+4	8.330651E-1
1.922125E+4	8.398307E-1
1.922150E+4	6.677900E-1
1.922175E+4	2.853985E-1
1.922200E+4	1.921510E-1
1.922225E+4	2.323000E-1
1.922250E+4	1.947834E-1
1.922275E+4	9.955760E-2
1.922300E+4	9.761392E-3
1.922325E+4	1.215571E-1
1.922350E+4	5.226466E-1
1.922375E+4	4.802649E-1
1.922400E+4	3.190568E-1
1.922425E+4	3.233999E-1
1.922450E+4	4.974537E-1
1.922475E+4	5.277754E-1
1.922500E+4	2.198568E-1
1.922525E+4	4.139567E-2
1.922550E+4	3.884445E-1
1.922575E+4	5.752795E-1
1.922600E+4	4.521750E-1
1.922625E+4	1.748531E-1
1.922650E+4	1.944326E-1
1.922675E+4	6.232926E-1
1.922700E+4	8.213319E-1
1.922725E+4	7.143614E-1
1.922750E+4	2.322263E-1
1.922775E+4	1.733029E-1
1.922800E+4	5.311841E-1
1.922825E+4	3.975443E-1
1.922850E+4	3.723726E-2
1.922875E+4	1.745169E-1
1.922900E+4	4.644833E-1
1.922925E+4	5.348725E-1
1.922950E+4	4.758008E-1
1.922975E+4	3.275304E-1
1.923000E+4	1.690841E-1
1.923025E+4	9.600983E-2
1.923050E+4	2.570051E-2
1.923075E+4	1.189865E-2
1.923100E+4	1.423782E-1
1.923125E+4	3.042938E-1
1.923150E+4	4.279173E-1
1.923175E+4	5.103475E-1
1.923200E+4	5.167043E-1
1.923225E+4	5.013719E-1
1.923250E+4	5.280873E-1
1.923275E+4	5.627146E-1
1.923300E+4	4.281350E-1
1.923325E+4	9.459557E-2
1.923350E+4	2.904316E-1
1.923375E+4	4.395463E-1
1.923400E+4	5.424560E-1
1.923425E+4	5.794846E-1
1.923450E+4	6.075388E-1
1.923475E+4	6.849171E-1
1.923500E+4	7.474147E-1
1.923525E+4	6.615603E-1
1.923550E+4	2.914980E-1
1.923575E+4	1.159297E-1
1.923600E+4	3.842180E-1
1.923625E+4	5.865834E-1
1.923650E+4	5.362985E-1
1.923675E+4	3.429042E-1
1.923700E+4	1.184995E-1
1.923725E+4	4.860076E-2
1.923750E+4	1.412412E-1
1.923775E+4	2.317419E-1
1.923800E+4	3.787319E-1
1.923825E+4	6.963536E-1
1.923850E+4	7.551400E-1
1.923875E+4	7.419713E-1
1.923900E+4	7.018038E-1
1.923925E+4	5.121591E-1
1.923950E+4	2.110531E-1
1.923975E+4	2.078178E-1
1.924000E+4	2.469697E-1
1.924025E+4	1.886935E-1
1.924050E+4	7.385646E-2
1.924075E+4	1.339885E-1
1.924100E+4	2.280593E-1
1.924125E+4	2.032823E-1
1.924150E+4	1.445632E-1
1.924175E+4	1.655583E-1
1.924200E+4	2.431127E-1
1.924225E+4	2.586765E-1
1.924250E+4	1.968817E-1
1.924275E+4	2.511093E-1
1.924300E+4	4.510844E-1
1.924325E+4	5.452319E-1
1.924350E+4	4.788685E-1
1.924375E+4	3.614885E-1
1.924400E+4	3.708622E-1
1.924425E+4	4.803069E-1
1.924450E+4	4.952287E-1
1.924475E+4	4.166231E-1
1.924500E+4	3.553450E-1
1.924525E+4	4.283098E-1
1.924550E+4	4.952581E-1
1.924575E+4	4.051219E-1
1.924600E+4	3.187218E-1
1.924625E+4	4.312649E-1
1.924650E+4	4.976732E-1
1.924675E+4	3.409694E-1
1.924700E+4	1.030222E-1
1.924725E+4	7.003980E-3
1.924750E+4	1.524098E-1
1.924775E+4	2.984816E-1
1.924800E+4	2.699030E-1
1.924825E+4	1.912148E-1
1.924850E+4	2.061686E-1
1.924875E+4	2.834060E-1
1.924900E+4	4.114420E-1
1.924925E+4	5.913696E-1
1.924950E+4	5.622993E-1
1.924975E+4	4.976307E-1
1.925000E+4	3.816714E-1
1.925025E+4	2.033876E-1
1.925050E+4	3.990438E-1
1.925075E+4	5.838086E-1
1.925100E+4	6.823603E-1
1.925125E+4	7.328709E-1
1.925150E+4	5.512345E-1
1.925175E+4	1.945632E-1
1.925200E+4	2.513828E-1
1.925225E+4	3.637307E-1
1.925250E+4	4.307205E-1
1.925275E+4	3.974790E-1
1.925300E+4	3.242214E-1
1.925325E+4	4.761534E-1
1.925350E+4	4.944471E-1
1.925375E+4	3.753270E-1
1.925400E+4	1.776618E-1
1.925425E+4	1.292801E-1
1.925450E+4	2.419375E-1
1.925475E+4	2.326466E-1
1.925500E+4	7.731281E-2
1.925525E+4	1.420181E-1
1.925550E+4	2.540371E-1
1.925575E+4	2.368194E-1
1.925600E+4	6.001442E-2
1.925625E+4	1.071708E-2
1.925650E+4	9.283803E-2
1.925675E+4	1.338188E-1
1.925700E+4	9.524818E-2
1.925725E+4	2.327257E-2
1.925750E+4	9.813096E-2
1.925775E+4	2.133844E-1
1.925800E+4	2.771728E-1
1.925825E+4	3.488565E-1
1.925850E+4	4.638998E-1
1.925875E+4	2.850115E-1
1.925900E+4	5.368393E-3
1.925925E+4	1.684929E-1
1.925950E+4	4.329459E-1
1.925975E+4	6.659740E-1
1.926000E+4	6.048959E-1
1.926025E+4	1.944482E-1
1.926050E+4	2.085152E-1
1.926075E+4	3.044217E-1
1.926100E+4	2.703463E-1
1.926125E+4	5.439247E-2
1.926150E+4	3.521959E-1
1.926175E+4	5.028041E-1
1.926200E+4	5.864655E-1
1.926225E+4	6.174472E-1
1.926250E+4	4.980225E-1
1.926275E+4	4.832220E-1
1.926300E+4	5.579019E-1
1.926325E+4	5.625342E-1
1.926350E+4	3.811406E-1
1.926375E+4	1.624380E-1
1.926400E+4	7.405444E-2
1.926425E+4	6.159027E-2
1.926450E+4	1.250101E-1
1.926475E+4	2.229664E-1
1.926500E+4	3.327941E-1
1.926525E+4	5.101315E-1
1.926550E+4	6.469067E-1
1.926575E+4	5.203085E-1
1.926600E+4	2.023637E-1
1.926625E+4	1.733617E-1
1.926650E+4	6.189371E-1
1.926675E+4	6.958445E-1
1.926700E+4	6.501827E-1
1.926725E+4	5.969296E-1
1.926750E+4	6.420779E-1
1.926775E+4	6.972385E-1
1.926800E+4	5.568093E-1
1.926825E+4	2.197124E-1
1.926850E+4	2.825158E-1
1.926875E+4	5.191796E-1
1.926900E+4	5.671345E-1
1.926925E+4	4.127779E-1
1.926950E+4	6.239251E-2
1.926975E+4	2.344071E-1
1.927000E+4	3.494878E-1
1.927025E+4	3.156854E-1
1.927050E+4	1.516538E-1
1.927075E+4	3.793219E-2
1.927100E+4	2.646190E-1
1.927125E+4	1.474263E-1
1.927150E+4	3.131394E-2
1.927175E+4	2.429992E-1
1.927200E+4	4.970918E-1
1.927225E+4	4.185375E-1
1.927250E+4	4.118858E-1
1.927275E+4	5.761915E-1
1.927300E+4	6.854137E-1
1.927325E+4	6.611742E-1
1.927350E+4	5.897567E-1
1.927375E+4	6.849919E-1
1.927400E+4	7.440622E-1
1.927425E+4	6.942990E-1
1.927450E+4	2.642497E-1
1.927475E+4	2.654455E-1
1.927500E+4	4.601987E-1
1.927525E+4	2.867682E-1
1.927550E+4	3.483028E-2
1.927575E+4	3.296171E-1
1.927600E+4	6.675408E-1
1.927625E+4	8.436394E-1
1.927650E+4	8.819228E-1
1.927675E+4	3.830602E-1
1.927700E+4	3.586002E-1
1.927725E+4	4.631367E-1
1.927750E+4	4.628761E-1
1.927775E+4	3.421964E-1
1.927800E+4	7.916585E-2
1.927825E+4	1.965561E-1
1.927850E+4	5.623408E-1
1.927875E+4	6.575201E-1
1.927900E+4	5.655651E-1
1.927925E+4	1.808163E-1
1.927950E+4	2.769249E-1
1.927975E+4	6.852990E-1
1.928000E+4	6.784664E-1
1.928025E+4	4.814625E-1
1.928050E+4	1.840342E-1
1.928075E+4	7.866144E-1
1.928100E+4	8.972660E-1
1.928125E+4	8.132929E-1
1.928150E+4	6.278224E-1
1.928175E+4	3.429306E-1
1.928200E+4	4.457899E-1
1.928225E+4	7.879128E-1
1.928250E+4	8.484378E-1
1.928275E+4	8.074385E-1
1.928300E+4	7.201478E-1
1.928325E+4	5.022208E-1
1.928350E+4	1.014865E-1
1.928375E+4	1.586407E-1
1.928400E+4	5.570882E-1
1.928425E+4	6.752969E-1
1.928450E+4	4.872428E-1
1.928475E+4	1.089311E-1
1.928500E+4	1.401125E-1
1.928525E+4	2.353007E-1
1.928550E+4	1.073304E-1
1.928575E+4	9.346233E-2
1.928600E+4	5.952992E-1
1.928625E+4	8.490646E-1
1.928650E+4	7.878948E-1
1.928675E+4	5.525993E-1
1.928700E+4	4.595701E-1
1.928725E+4	4.769275E-1
1.928750E+4	3.497690E-1
1.928775E+4	7.899584E-2
1.928800E+4	6.303596E-1
1.928825E+4	7.907748E-1
1.928850E+4	7.614395E-1
1.928875E+4	5.822739E-1
1.928900E+4	2.913731E-1
1.928925E+4	1.835055E-1
1.928950E+4	2.828613E-1
1.928975E+4	3.896911E-1
1.929000E+4	4.754517E-1
1.929025E+4	5.359600E-1
1.929050E+4	5.419620E-1
1.929075E+4	4.330554E-1
1.929100E+4	2.713585E-1
1.929125E+4	3.589799E-1
1.929150E+4	4.624606E-1
1.929175E+4	4.809995E-1
1.929200E+4	4.709450E-1
1.929225E+4	6.002896E-1
1.929250E+4	8.016482E-1
1.929275E+4	8.647942E-1
1.929300E+4	6.807391E-1
1.929325E+4	3.714016E-1
1.929350E+4	2.974902E-1
1.929375E+4	3.674463E-1
1.929400E+4	4.201202E-1
1.929425E+4	3.830653E-1
1.929450E+4	3.696153E-1
1.929475E+4	5.024759E-1
1.929500E+4	6.236493E-1
1.929525E+4	5.354240E-1
1.929550E+4	1.530628E-1
1.929575E+4	1.056802E-1
1.929600E+4	2.601473E-1
1.929625E+4	3.262177E-1
1.929650E+4	1.553469E-1
1.929675E+4	2.701966E-1
1.929700E+4	5.155498E-1
1.929725E+4	5.408630E-1
1.929750E+4	3.828845E-1
1.929775E+4	7.745389E-2
1.929800E+4	3.387588E-2
1.929825E+4	1.873820E-1
1.929850E+4	2.218011E-1
1.929875E+4	2.616437E-1
1.929900E+4	5.437539E-1
1.929925E+4	7.087114E-1
1.929950E+4	7.641075E-1
1.929975E+4	6.600836E-1
1.930000E+4	5.029404E-1
1.930025E+4	7.717340E-1
1.930050E+4	8.822726E-1
1.930075E+4	8.372399E-1
1.930100E+4	4.901445E-1
1.930125E+4	1.037300E-1
1.930150E+4	1.348825E-1
1.930175E+4	2.627185E-1
1.930200E+4	3.538622E-1
1.930225E+4	3.815958E-1
1.930250E+4	3.547753E-1
1.930275E+4	3.392506E-1
1.930300E+4	3.500552E-1
1.930325E+4	3.613075E-1
1.930350E+4	3.324507E-1
1.930375E+4	2.829549E-1
1.930400E+4	3.271381E-1
1.930425E+4	4.858869E-1
1.930450E+4	6.275531E-1
1.930475E+4	6.719023E-1
1.930500E+4	6.824444E-1
1.930525E+4	6.980257E-1
1.930550E+4	7.098021E-1
1.930575E+4	6.840895E-1
1.930600E+4	6.071215E-1
1.930625E+4	5.642882E-1
1.930650E+4	4.509620E-1
1.930675E+4	1.860768E-1
1.930700E+4	1.962506E-1
1.930725E+4	2.910790E-1
1.930750E+4	3.265807E-1
1.930775E+4	3.768622E-1
1.930800E+4	5.204808E-1
1.930825E+4	5.408473E-1
1.930850E+4	4.735750E-1
1.930875E+4	2.908956E-1
1.930900E+4	7.009845E-2
1.930925E+4	1.551141E-1
1.930950E+4	3.566300E-1
1.930975E+4	4.258274E-1
1.931000E+4	2.867234E-1
1.931025E+4	1.495022E-1
1.931050E+4	1.409714E-1
1.931075E+4	1.144221E-1
1.931100E+4	5.948353E-2
1.931125E+4	7.534633E-2
1.931150E+4	1.168903E-1
1.931175E+4	1.471749E-1
1.931200E+4	1.831763E-1
1.931225E+4	2.091567E-1
1.931250E+4	1.862084E-1
1.931275E+4	1.375672E-1
1.931300E+4	1.635860E-1
1.931325E+4	2.933144E-1
1.931350E+4	4.442167E-1
1.931375E+4	5.893088E-1
1.931400E+4	6.207609E-1
1.931425E+4	1.329507E-1
1.931450E+4	6.163223E-3
1.931475E+4	9.822144E-2
1.931500E+4	3.438636E-1
1.931525E+4	4.580461E-1
1.931550E+4	3.084965E-1
1.931575E+4	1.138137E-1
1.931600E+4	5.575752E-2
1.931625E+4	1.378868E-1
1.931650E+4	2.533130E-1
1.931675E+4	3.527496E-1
1.931700E+4	4.100802E-1
1.931725E+4	2.463933E-1
1.931750E+4	2.061904E-1
1.931775E+4	3.153181E-1
1.931800E+4	3.248651E-1
1.931825E+4	1.900689E-1
1.931850E+4	7.890569E-2
1.931875E+4	2.186133E-1
1.931900E+4	4.794671E-1
1.931925E+4	5.463034E-1
1.931950E+4	3.275126E-1
1.931975E+4	2.004511E-1
1.932000E+4	2.175034E-1
1.932025E+4	3.236429E-1
1.932050E+4	3.849394E-1
1.932075E+4	2.650825E-1
1.932100E+4	2.467144E-1
1.932125E+4	3.291800E-1
1.932150E+4	3.191463E-1
1.932175E+4	2.229597E-1
1.932200E+4	1.194424E-1
1.932225E+4	4.738773E-2
1.932250E+4	3.753360E-2
1.932275E+4	5.356405E-2
1.932300E+4	2.350241E-2
1.932325E+4	2.808091E-2
1.932350E+4	6.108816E-2
1.932375E+4	7.337894E-2
1.932400E+4	3.974508E-2
1.932425E+4	2.109908E-2
1.932450E+4	1.104607E-1
1.932475E+4	1.337144E-1
1.932500E+4	8.725511E-2
1.932525E+4	2.207981E-2
1.932550E+4	1.156647E-1
1.932575E+4	4.600691E-1
1.932600E+4	6.650926E-1
1.932625E+4	6.761529E-1
1.932650E+4	4.412764E-1
1.932675E+4	1.108876E-1
1.932700E+4	2.063494E-1
1.932725E+4	3.483799E-1
1.932750E+4	4.815418E-1
1.932775E+4	6.216841E-1
1.932800E+4	6.100378E-1
1.932825E+4	5.286822E-1
1.932850E+4	3.276487E-1
1.932875E+4	2.520650E-2
1.932900E+4	2.736811E-1
1.932925E+4	4.714831E-1
1.932950E+4	5.356673E-1
1.932975E+4	5.080204E-1
1.933000E+4	2.512257E-2
1.933025E+4	2.917498E-1
1.933050E+4	2.984996E-1
1.933075E+4	1.686167E-1
1.933100E+4	1.221710E-2
1.933125E+4	2.622331E-1
1.933150E+4	5.194787E-1
1.933175E+4	5.048076E-1
1.933200E+4	3.912448E-1
1.933225E+4	2.742802E-1
1.933250E+4	2.405930E-1
1.933275E+4	2.653261E-1
1.933300E+4	1.895758E-1
1.933325E+4	1.079291E-1
1.933350E+4	1.272817E-1
1.933375E+4	1.815774E-1
1.933400E+4	2.599634E-1
1.933425E+4	4.141626E-1
1.933450E+4	6.163189E-1
1.933475E+4	7.530104E-1
1.933500E+4	7.041324E-1
1.933525E+4	4.771705E-1
1.933550E+4	2.493728E-1
1.933575E+4	1.249245E-1
1.933600E+4	1.289361E-1
1.933625E+4	1.987614E-1
1.933650E+4	2.564204E-1
1.933675E+4	2.956933E-1
1.933700E+4	3.334688E-1
1.933725E+4	3.357004E-1
1.933750E+4	2.472313E-1
1.933775E+4	1.140807E-1
1.933800E+4	1.537486E-1
1.933825E+4	3.294161E-1
1.933850E+4	4.668711E-1
1.933875E+4	5.609855E-1
1.933900E+4	5.978903E-1
1.933925E+4	4.378279E-1
1.933950E+4	3.389636E-1
1.933975E+4	2.758135E-1
1.934000E+4	1.753495E-1
1.934025E+4	1.616152E-1
1.934050E+4	3.410722E-1
1.934075E+4	2.288143E-1
1.934100E+4	8.842253E-2
1.934125E+4	6.757376E-3
1.934150E+4	2.315570E-2
1.934175E+4	1.515256E-1
1.934200E+4	3.173503E-1
1.934225E+4	3.220852E-1
1.934250E+4	2.091365E-1
1.934275E+4	8.190390E-2
1.934300E+4	4.781151E-3
1.934325E+4	1.635730E-1
1.934350E+4	4.113573E-1
1.934375E+4	2.946976E-1
1.934400E+4	1.290680E-1
1.934425E+4	1.616281E-1
1.934450E+4	2.784579E-1
1.934475E+4	2.255489E-1
1.934500E+4	6.287800E-2
1.934525E+4	9.726156E-2
1.934550E+4	2.533913E-1
1.934575E+4	3.643806E-1
1.934600E+4	3.065847E-1
1.934625E+4	1.102724E-1
1.934650E+4	9.919428E-3
1.934675E+4	4.113023E-2
1.934700E+4	5.053891E-2
1.934725E+4	8.582470E-3
1.934750E+4	6.689983E-2
1.934775E+4	8.864263E-2
1.934800E+4	4.684545E-2
1.934825E+4	5.535255E-2
1.934850E+4	2.754723E-1
1.934875E+4	3.990159E-1
1.934900E+4	4.031438E-1
1.934925E+4	2.442147E-1
1.934950E+4	8.569795E-2
1.934975E+4	2.935211E-1
1.935000E+4	3.810437E-1
1.935025E+4	3.490603E-1
1.935050E+4	3.219194E-1
1.935075E+4	3.145728E-1
1.935100E+4	2.922706E-1
1.935125E+4	2.112658E-1
1.935150E+4	2.154361E-2
1.935175E+4	1.629216E-1
1.935200E+4	3.047433E-1
1.935225E+4	4.512970E-1
1.935250E+4	6.349165E-1
1.935275E+4	7.305952E-1
1.935300E+4	6.668344E-1
1.935325E+4	3.822730E-1
1.935350E+4	2.745498E-2
1.935375E+4	9.345216E-2
1.935400E+4	2.810528E-1
1.935425E+4	2.900555E-1
1.935450E+4	6.902089E-2
1.935475E+4	7.336135E-2
1.935500E+4	2.495955E-1
1.935525E+4	3.701760E-1
1.935550E+4	4.651593E-1
1.935575E+4	5.596873E-1
1.935600E+4	6.143213E-1
1.935625E+4	6.078475E-1
1.935650E+4	5.166849E-1
1.935675E+4	3.627684E-1
1.935700E+4	3.032197E-1
1.935725E+4	3.265987E-1
1.935750E+4	2.805565E-1
1.935775E+4	2.415057E-1
1.935800E+4	4.043193E-1
1.935825E+4	5.797485E-1
1.935850E+4	4.828149E-1
1.935875E+4	1.222170E-1
1.935900E+4	9.053908E-2
1.935925E+4	9.296652E-2
1.935950E+4	2.718562E-2
1.935975E+4	9.578162E-2
1.936000E+4	3.490317E-1
1.936025E+4	4.876950E-1
1.936050E+4	5.703262E-1
1.936075E+4	5.997910E-1
1.936100E+4	1.666861E-1
1.936125E+4	1.381615E-1
1.936150E+4	2.522197E-1
1.936175E+4	3.087562E-1
1.936200E+4	4.381586E-1
1.936225E+4	5.218976E-1
1.936250E+4	4.619225E-1
1.936275E+4	3.616918E-1
1.936300E+4	2.022873E-1
1.936325E+4	1.544525E-1
1.936350E+4	4.192755E-1
1.936375E+4	3.893298E-1
1.936400E+4	2.239448E-1
1.936425E+4	4.559009E-2
1.936450E+4	1.182102E-1
1.936475E+4	2.495714E-1
1.936500E+4	2.002338E-1
1.936525E+4	1.277512E-1
1.936550E+4	9.662482E-2
1.936575E+4	6.152286E-2
1.936600E+4	5.517799E-3
1.936625E+4	4.883673E-2
1.936650E+4	1.193101E-1
1.936675E+4	8.882450E-2
1.936700E+4	3.256003E-2
1.936725E+4	7.962996E-2
1.936750E+4	2.114296E-1
1.936775E+4	2.953051E-1
1.936800E+4	2.529410E-1
1.936825E+4	2.105928E-1
1.936850E+4	3.361876E-1
1.936875E+4	3.755649E-1
1.936900E+4	2.832565E-1
1.936925E+4	1.723532E-1
1.936950E+4	2.947311E-1
1.936975E+4	6.739021E-1
1.937000E+4	4.598759E-1
1.937025E+4	1.065431E-1
1.937050E+4	1.152258E-4
1.937075E+4	6.226054E-2
1.937100E+4	2.220859E-1
1.937125E+4	4.177975E-1
1.937150E+4	5.545323E-1
1.937175E+4	5.440128E-1
1.937200E+4	2.433038E-1
1.937225E+4	5.634392E-1
1.937250E+4	6.920170E-1
1.937275E+4	6.780554E-1
1.937300E+4	4.907707E-1
1.937325E+4	6.065929E-2
1.937350E+4	1.747272E-1
1.937375E+4	5.332372E-1
1.937400E+4	6.461357E-1
1.937425E+4	3.979170E-1
1.937450E+4	2.079258E-1
1.937475E+4	2.833752E-1
1.937500E+4	3.314676E-1
1.937525E+4	2.476446E-1
1.937550E+4	2.783472E-1
1.937575E+4	5.485066E-1
1.937600E+4	5.750464E-1
1.937625E+4	5.060806E-1
1.937650E+4	3.118575E-1
1.937675E+4	1.218454E-1
1.937700E+4	4.381192E-1
1.937725E+4	7.049151E-1
1.937750E+4	7.023158E-1
1.937775E+4	2.023563E-1
1.937800E+4	1.060788E-2
1.937825E+4	5.967115E-2
1.937850E+4	1.066229E-1
1.937875E+4	3.391240E-1
1.937900E+4	5.161914E-1
1.937925E+4	5.030758E-1
1.937950E+4	3.532458E-1
1.937975E+4	6.772051E-2
1.938000E+4	4.348422E-2
1.938025E+4	1.965182E-1
1.938050E+4	2.394205E-1
1.938075E+4	1.381696E-1
1.938100E+4	7.916494E-2
1.938125E+4	9.242730E-2
1.938150E+4	8.948469E-2
1.938175E+4	1.272479E-1
1.938200E+4	3.080564E-1
1.938225E+4	4.331893E-1
1.938250E+4	5.246284E-1
1.938275E+4	6.933219E-1
1.938300E+4	7.480523E-1
1.938325E+4	6.742060E-1
1.938350E+4	5.493524E-1
1.938375E+4	3.745553E-1
1.938400E+4	1.205402E-1
1.938425E+4	2.689813E-2
1.938450E+4	1.055257E-1
1.938475E+4	1.686747E-1
1.938500E+4	2.173282E-1
1.938525E+4	2.089786E-1
1.938550E+4	1.010548E-1
1.938575E+4	2.433587E-2
1.938600E+4	4.768996E-2
1.938625E+4	1.106798E-1
1.938650E+4	1.633942E-1
1.938675E+4	2.664197E-1
1.938700E+4	4.643677E-1
1.938725E+4	6.427565E-1
1.938750E+4	3.234306E-1
1.938775E+4	1.117502E-1
1.938800E+4	1.534734E-1
1.938825E+4	1.584247E-1
1.938850E+4	5.434232E-2
1.938875E+4	4.597438E-2
1.938900E+4	3.845365E-1
1.938925E+4	7.332124E-1
1.938950E+4	6.469855E-1
1.938975E+4	2.604057E-1
1.939000E+4	1.282689E-1
1.939025E+4	3.801686E-1
1.939050E+4	6.741504E-1
1.939075E+4	6.589250E-1
1.939100E+4	4.918524E-1
1.939125E+4	3.367397E-1
1.939150E+4	1.193498E-1
1.939175E+4	2.294063E-2
1.939200E+4	2.834662E-1
1.939225E+4	5.017796E-1
1.939250E+4	5.460356E-1
1.939275E+4	1.743757E-1
1.939300E+4	1.110644E-1
1.939325E+4	1.852788E-1
1.939350E+4	2.063763E-1
1.939375E+4	1.514662E-1
1.939400E+4	1.539710E-1
1.939425E+4	2.891446E-1
1.939450E+4	2.796390E-1
1.939475E+4	1.819389E-1
1.939500E+4	6.151323E-2
1.939525E+4	9.878002E-2
1.939550E+4	2.944713E-1
1.939575E+4	3.017630E-1
1.939600E+4	2.672037E-1
1.939625E+4	4.679100E-1
1.939650E+4	4.473091E-1
1.939675E+4	3.044772E-1
1.939700E+4	1.383268E-1
1.939725E+4	1.262610E-2
1.939750E+4	9.238460E-2
1.939775E+4	4.216889E-1
1.939800E+4	3.630976E-1
1.939825E+4	2.695503E-1
1.939850E+4	2.172795E-1
1.939875E+4	1.588363E-1
1.939900E+4	1.155440E-1
1.939925E+4	1.566337E-1
1.939950E+4	2.127429E-1
1.939975E+4	1.838840E-1
1.940000E+4	1.504180E-2
1.940025E+4	3.852584E-2
1.940050E+4	9.328345E-2
1.940075E+4	1.173939E-1
1.940100E+4	1.469809E-1
1.940125E+4	1.788714E-1
1.940150E+4	1.198268E-1
1.940175E+4	6.072634E-2
1.940200E+4	7.036306E-2
1.940225E+4	1.232598E-1
1.940250E+4	1.461294E-1
1.940275E+4	1.131706E-1
1.940300E+4	4.174065E-2
1.940325E+4	1.418892E-2
1.940350E+4	1.091874E-1
1.940375E+4	1.469301E-1
1.940400E+4	6.406304E-2
1.940425E+4	2.361123E-2
1.940450E+4	1.890442E-1
1.940475E+4	3.864549E-1
1.940500E+4	4.912241E-1
1.940525E+4	4.912155E-1
1.940550E+4	3.141672E-1
1.940575E+4	1.367914E-1
1.940600E+4	9.738839E-2
1.940625E+4	1.240841E-1
1.940650E+4	1.427152E-1
1.940675E+4	5.707855E-2
1.940700E+4	2.574831E-2
1.940725E+4	8.555037E-2
1.940750E+4	1.510055E-1
1.940775E+4	1.752412E-1
1.940800E+4	1.670874E-1
1.940825E+4	2.418830E-1
1.940850E+4	3.465086E-1
1.940875E+4	3.627306E-1
1.940900E+4	2.896823E-1
1.940925E+4	1.346820E-1
1.940950E+4	1.114407E-2
1.940975E+4	8.295518E-3
1.941000E+4	3.045477E-2
1.941025E+4	6.335686E-2
1.941050E+4	1.003512E-1
1.941075E+4	1.124570E-1
1.941100E+4	1.292893E-1
1.941125E+4	1.968636E-1
1.941150E+4	2.375633E-1
1.941175E+4	1.171368E-1
1.941200E+4	1.470577E-2
1.941225E+4	1.189636E-1
1.941250E+4	3.071690E-1
1.941275E+4	4.257358E-1
1.941300E+4	3.921498E-1
1.941325E+4	1.997144E-1
1.941350E+4	2.479670E-1
1.941375E+4	5.605558E-1
1.941400E+4	5.354607E-1
1.941425E+4	3.194303E-1
1.941450E+4	4.483759E-2
1.941475E+4	1.383761E-1
1.941500E+4	4.816238E-1
1.941525E+4	4.282072E-1
1.941550E+4	2.094504E-1
1.941575E+4	3.293824E-2
1.941600E+4	4.154541E-3
1.941625E+4	4.343994E-2
1.941650E+4	5.318944E-2
1.941675E+4	1.328089E-2
1.941700E+4	8.656468E-3
1.941725E+4	2.951696E-2
1.941750E+4	4.262365E-2
1.941775E+4	3.864926E-2
1.941800E+4	5.258555E-2
1.941825E+4	1.382077E-1
1.941850E+4	2.335651E-1
1.941875E+4	3.037623E-1
1.941900E+4	3.109975E-1
1.941925E+4	1.023046E-1
1.941950E+4	2.206788E-1
1.941975E+4	6.799163E-1
1.942000E+4	8.465824E-1
1.942025E+4	8.391607E-1
1.942050E+4	7.169156E-1
1.942075E+4	3.171975E-1
1.942100E+4	4.204042E-2
1.942125E+4	1.534342E-2
1.942150E+4	2.017357E-2
1.942175E+4	2.967441E-2
1.942200E+4	3.821777E-2
1.942225E+4	2.769341E-2
1.942250E+4	1.343858E-2
1.942275E+4	3.647627E-3
1.942300E+4	4.996245E-3
1.942325E+4	4.677313E-2
1.942350E+4	1.216604E-1
1.942375E+4	1.114518E-1
1.942400E+4	3.764296E-2
1.942425E+4	7.261585E-3
1.942450E+4	2.849817E-2
1.942475E+4	5.770991E-2
1.942500E+4	4.712099E-2
1.942525E+4	2.101832E-2
1.942550E+4	1.419251E-1
1.942575E+4	1.983963E-1
1.942600E+4	2.173281E-1
1.942625E+4	2.275178E-1
1.942650E+4	2.508741E-1
1.942675E+4	2.977333E-1
1.942700E+4	3.452899E-1
1.942725E+4	3.225091E-1
1.942750E+4	2.600468E-1
1.942775E+4	2.464867E-1
1.942800E+4	2.433723E-1
1.942825E+4	1.648664E-1
1.942850E+4	7.501889E-2
1.942875E+4	7.129306E-2
1.942900E+4	5.576353E-2
1.942925E+4	3.084945E-2
1.942950E+4	3.108224E-2
1.942975E+4	7.093364E-2
1.943000E+4	2.333734E-1
1.943025E+4	5.105356E-1
1.943050E+4	2.029912E-1
1.943075E+4	1.306729E-1
1.943100E+4	1.048154E-1
1.943125E+4	7.443215E-2
1.943150E+4	3.587725E-2
1.943175E+4	4.002857E-2
1.943200E+4	6.418651E-2
1.943225E+4	1.328466E-1
1.943250E+4	4.127273E-1
1.943275E+4	4.492578E-1
1.943300E+4	3.462443E-1
1.943325E+4	3.190509E-1
1.943350E+4	3.564352E-1
1.943375E+4	4.053116E-1
1.943400E+4	2.230139E-1
1.943425E+4	1.365157E-1
1.943450E+4	1.443506E-1
1.943475E+4	1.771410E-1
1.943500E+4	2.142820E-1
1.943525E+4	2.708300E-1
1.943550E+4	3.461789E-1
1.943575E+4	2.316095E-1
1.943600E+4	1.075740E-1
1.943625E+4	7.107093E-2
1.943650E+4	6.640810E-2
1.943675E+4	5.752116E-2
1.943700E+4	1.497739E-2
1.943725E+4	3.271022E-2
1.943750E+4	1.285801E-1
1.943775E+4	2.436472E-1
1.943800E+4	3.305347E-1
1.943825E+4	2.900733E-1
1.943850E+4	1.151009E-1
1.943875E+4	7.019208E-2
1.943900E+4	1.310081E-1
1.943925E+4	1.882848E-1
1.943950E+4	2.151813E-1
1.943975E+4	1.825134E-1
1.944000E+4	7.618239E-2
1.944025E+4	1.158185E-2
1.944050E+4	6.628709E-2
1.944075E+4	2.029370E-1
1.944100E+4	1.977478E-1
1.944125E+4	1.230007E-1
1.944150E+4	8.311228E-2
1.944175E+4	1.499024E-1
1.944200E+4	3.386816E-1
1.944225E+4	4.673685E-1
1.944250E+4	4.468706E-1
1.944275E+4	3.605605E-1
1.944300E+4	2.583075E-1
1.944325E+4	1.574882E-1
1.944350E+4	8.943150E-2
1.944375E+4	5.131473E-2
1.944400E+4	1.897959E-2
1.944425E+4	1.513668E-2
1.944450E+4	6.847795E-2
1.944475E+4	1.574960E-1
1.944500E+4	1.429173E-1
1.944525E+4	7.956349E-2
1.944550E+4	7.620969E-2
1.944575E+4	1.351716E-1
1.944600E+4	2.331338E-1
1.944625E+4	3.039141E-1
1.944650E+4	2.714491E-1
1.944675E+4	1.750315E-1
1.944700E+4	9.719048E-2
1.944725E+4	6.483262E-2
1.944750E+4	1.158277E-1
1.944775E+4	2.066784E-1
1.944800E+4	2.729119E-1
1.944825E+4	2.666809E-1
1.944850E+4	1.689042E-1
1.944875E+4	1.729388E-1
1.944900E+4	3.650897E-1
1.944925E+4	3.265507E-1
1.944950E+4	2.218882E-1
1.944975E+4	1.412662E-1
1.945000E+4	1.117314E-1
1.945025E+4	1.002398E-1
1.945050E+4	8.345087E-2
1.945075E+4	1.497920E-1
1.945100E+4	2.933568E-1
1.945125E+4	4.115058E-1
1.945150E+4	4.178551E-1
1.945175E+4	2.418208E-1
1.945200E+4	1.041330E-1
1.945225E+4	1.656294E-1
1.945250E+4	1.926819E-1
1.945275E+4	1.740414E-1
1.945300E+4	2.121895E-1
1.945325E+4	3.746452E-1
1.945350E+4	3.158382E-1
1.945375E+4	5.738959E-2
1.945400E+4	1.153661E-1
1.945425E+4	4.235830E-1
1.945450E+4	6.235256E-1
1.945475E+4	7.089491E-1
1.945500E+4	6.805994E-1
1.945525E+4	3.252281E-1
1.945550E+4	5.949613E-2
1.945575E+4	7.319517E-2
1.945600E+4	9.657111E-2
1.945625E+4	1.413995E-1
1.945650E+4	2.043971E-1
1.945675E+4	2.223091E-1
1.945700E+4	1.069923E-1
1.945725E+4	1.646968E-2
1.945750E+4	1.679018E-3
1.945775E+4	2.076531E-2
1.945800E+4	1.650006E-1
1.945825E+4	3.352861E-1
1.945850E+4	2.919927E-1
1.945875E+4	2.167106E-1
1.945900E+4	1.170685E-1
1.945925E+4	9.075344E-3
1.945950E+4	6.872307E-2
1.945975E+4	4.121390E-2
1.946000E+4	5.260387E-3
1.946025E+4	1.869370E-2
1.946050E+4	7.197354E-2
1.946075E+4	6.887245E-2
1.946100E+4	8.282978E-2
1.946125E+4	2.972021E-1
1.946150E+4	6.961421E-1
1.946175E+4	2.795251E-1
1.946200E+4	4.899101E-2
1.946225E+4	2.126412E-4
1.946250E+4	3.003331E-2
1.946275E+4	4.600821E-2
1.946300E+4	3.894053E-2
1.946325E+4	3.493918E-1
1.946350E+4	7.092190E-1
1.946375E+4	8.081281E-1
1.946400E+4	7.385812E-1
1.946425E+4	5.571484E-1
1.946450E+4	3.743506E-1
1.946475E+4	3.354854E-1
1.946500E+4	2.279269E-1
1.946525E+4	5.220786E-2
1.946550E+4	1.862352E-1
1.946575E+4	4.082179E-1
1.946600E+4	4.226825E-1
1.946625E+4	2.925533E-1
1.946650E+4	1.312958E-1
1.946675E+4	1.040510E-1
1.946700E+4	2.280319E-1
1.946725E+4	2.944325E-1
1.946750E+4	1.082214E-1
1.946775E+4	1.958243E-1
1.946800E+4	4.100816E-1
1.946825E+4	3.503858E-1
1.946850E+4	1.754276E-1
1.946875E+4	6.889344E-2
1.946900E+4	8.184831E-2
1.946925E+4	4.464928E-2
1.946950E+4	2.521009E-2
1.946975E+4	1.281560E-1
1.947000E+4	2.695074E-1
1.947025E+4	2.833986E-1
1.947050E+4	1.566202E-1
1.947075E+4	5.954805E-2
1.947100E+4	5.361402E-2
1.947125E+4	1.111339E-1
1.947150E+4	2.654721E-1
1.947175E+4	4.318232E-1
1.947200E+4	3.954410E-1
1.947225E+4	2.448401E-1
1.947250E+4	5.922873E-2
1.947275E+4	3.862413E-2
1.947300E+4	3.096403E-1
1.947325E+4	3.976094E-1
1.947350E+4	2.635947E-1
1.947375E+4	1.077341E-1
1.947400E+4	6.310259E-2
1.947425E+4	1.105029E-1
1.947450E+4	1.722442E-1
1.947475E+4	1.833690E-1
1.947500E+4	6.491072E-2
1.947525E+4	2.434251E-3
1.947550E+4	2.938022E-2
1.947575E+4	5.997105E-2
1.947600E+4	9.768581E-2
1.947625E+4	1.517884E-1
1.947650E+4	1.466405E-1
1.947675E+4	9.081110E-2
1.947700E+4	4.616547E-2
1.947725E+4	2.159760E-2
1.947750E+4	3.918681E-2
1.947775E+4	8.250360E-2
1.947800E+4	1.245839E-1
1.947825E+4	1.574076E-1
1.947850E+4	1.764214E-1
1.947875E+4	2.165063E-1
1.947900E+4	2.934506E-1
1.947925E+4	3.618609E-1
1.947950E+4	4.357454E-1
1.947975E+4	4.760248E-1
1.948000E+4	3.814807E-1
1.948025E+4	2.817299E-1
1.948050E+4	3.169667E-1
1.948075E+4	3.122898E-1
1.948100E+4	1.761467E-1
1.948125E+4	5.957400E-2
1.948150E+4	2.002096E-2
1.948175E+4	2.429538E-2
1.948200E+4	3.707664E-2
1.948225E+4	1.701724E-2
1.948250E+4	7.364952E-2
1.948275E+4	1.744472E-1
1.948300E+4	2.191301E-1
1.948325E+4	1.444760E-1
1.948350E+4	7.354875E-2
1.948375E+4	4.863451E-2
1.948400E+4	4.157270E-2
1.948425E+4	1.275104E-1
1.948450E+4	3.924904E-1
1.948475E+4	4.882056E-1
1.948500E+4	4.665764E-1
1.948525E+4	3.806707E-1
1.948550E+4	1.857776E-1
1.948575E+4	1.419698E-3
1.948600E+4	1.498390E-1
1.948625E+4	3.235717E-1
1.948650E+4	3.082814E-1
1.948675E+4	2.029442E-1
1.948700E+4	1.261413E-1
1.948725E+4	6.996190E-2
1.948750E+4	1.890963E-2
1.948775E+4	5.637404E-2
1.948800E+4	1.569549E-1
1.948825E+4	1.663346E-1
1.948850E+4	1.000418E-1
1.948875E+4	3.060620E-2
1.948900E+4	7.302602E-2
1.948925E+4	8.514495E-2
1.948950E+4	2.396918E-2
1.948975E+4	8.554393E-2
1.949000E+4	2.307812E-1
1.949025E+4	3.657825E-1
1.949050E+4	3.965581E-1
1.949075E+4	1.669530E-1
1.949100E+4	1.488173E-2
1.949125E+4	1.436766E-1
1.949150E+4	2.971974E-1
1.949175E+4	4.208220E-1
1.949200E+4	2.086387E-1
1.949225E+4	1.089058E-1
1.949250E+4	1.412548E-1
1.949275E+4	2.139675E-1
1.949300E+4	3.830432E-1
1.949325E+4	6.223533E-1
1.949350E+4	3.530881E-1
1.949375E+4	3.158404E-2
1.949400E+4	4.804505E-2
1.949425E+4	2.278836E-1
1.949450E+4	2.883718E-1
1.949475E+4	1.948638E-1
1.949500E+4	8.823946E-2
1.949525E+4	4.841047E-2
1.949550E+4	7.270323E-2
1.949575E+4	5.800558E-2
1.949600E+4	2.344585E-2
1.949625E+4	2.039928E-2
1.949650E+4	7.883246E-2
1.949675E+4	1.931525E-1
1.949700E+4	2.550851E-1
1.949725E+4	2.227863E-1
1.949750E+4	1.532281E-1
1.949775E+4	9.050404E-2
1.949800E+4	7.801171E-2
1.949825E+4	1.228494E-1
1.949850E+4	1.752956E-1
1.949875E+4	1.678400E-1
1.949900E+4	1.936122E-1
1.949925E+4	3.343609E-1
1.949950E+4	4.178063E-1
1.949975E+4	3.938153E-1
1.950000E+4	2.523401E-1
1.950025E+4	1.009025E-1
1.950050E+4	3.704995E-2
1.950075E+4	3.452330E-2
1.950100E+4	3.363060E-2
1.950125E+4	4.658713E-2
1.950150E+4	1.325384E-1
1.950175E+4	2.601098E-1
1.950200E+4	1.069275E-1
1.950225E+4	1.330520E-1
1.950250E+4	3.067582E-1
1.950275E+4	5.031076E-1
1.950300E+4	4.498730E-1
1.950325E+4	1.269731E-1
1.950350E+4	9.370779E-3
1.950375E+4	2.473490E-2
1.950400E+4	7.373914E-2
1.950425E+4	9.284087E-2
1.950450E+4	8.482165E-2
1.950475E+4	1.516596E-1
1.950500E+4	1.963095E-1
1.950525E+4	1.906494E-1
1.950550E+4	1.609316E-1
1.950575E+4	3.039101E-1
1.950600E+4	4.596619E-1
1.950625E+4	3.973296E-1
1.950650E+4	2.652947E-1
1.950675E+4	1.052933E-1
1.950700E+4	2.973358E-2
1.950725E+4	4.615521E-1
1.950750E+4	4.828394E-1
1.950775E+4	3.946495E-1
1.950800E+4	3.124031E-1
1.950825E+4	2.209597E-1
1.950850E+4	1.263697E-1
1.950875E+4	7.273001E-2
1.950900E+4	5.397040E-2
1.950925E+4	3.110118E-2
1.950950E+4	2.618693E-3
1.950975E+4	3.355331E-2
1.951000E+4	1.790292E-1
1.951025E+4	3.220791E-1
1.951050E+4	4.066208E-1
1.951075E+4	4.595760E-1
1.951100E+4	4.394437E-1
1.951125E+4	2.019799E-1
1.951150E+4	8.865084E-3
1.951175E+4	5.161568E-2
1.951200E+4	1.650621E-1
1.951225E+4	2.590737E-1
1.951250E+4	2.592772E-1
1.951275E+4	2.031385E-1
1.951300E+4	1.953406E-1
1.951325E+4	2.327088E-1
1.951350E+4	2.463210E-1
1.951375E+4	2.007122E-1
1.951400E+4	2.466922E-1
1.951425E+4	3.484900E-1
1.951450E+4	3.557248E-1
1.951475E+4	2.366374E-1
1.951500E+4	6.427229E-2
1.951525E+4	3.589250E-2
1.951550E+4	1.541665E-1
1.951575E+4	2.141073E-1
1.951600E+4	1.663067E-1
1.951625E+4	6.158544E-2
1.951650E+4	1.349194E-2
1.951675E+4	1.109950E-1
1.951700E+4	2.472570E-1
1.951725E+4	3.117210E-1
1.951750E+4	2.428059E-1
1.951775E+4	9.376099E-2
1.951800E+4	2.414462E-2
1.951825E+4	1.070860E-2
1.951850E+4	4.609300E-2
1.951875E+4	1.459896E-1
1.951900E+4	1.221328E-1
1.951925E+4	7.062715E-2
1.951950E+4	7.415799E-2
1.951975E+4	1.720032E-1
1.952000E+4	3.691993E-1
1.952025E+4	5.143719E-1
1.952050E+4	4.763458E-1
1.952075E+4	3.495476E-1
1.952100E+4	2.809798E-1
1.952125E+4	2.710616E-1
1.952150E+4	2.697450E-1
1.952175E+4	2.725531E-1
1.952200E+4	3.245888E-1
1.952225E+4	3.983893E-1
1.952250E+4	3.912708E-1
1.952275E+4	2.401511E-1
1.952300E+4	2.879136E-3
1.952325E+4	1.548520E-1
1.952350E+4	3.180072E-1
1.952375E+4	3.851939E-1
1.952400E+4	3.906484E-1
1.952425E+4	3.280251E-1
1.952450E+4	2.933860E-1
1.952475E+4	2.522006E-1
1.952500E+4	1.356497E-1
1.952525E+4	4.856468E-2
1.952550E+4	2.645107E-1
1.952575E+4	4.993699E-1
1.952600E+4	5.709256E-1
1.952625E+4	4.883181E-1
1.952650E+4	2.500347E-1
1.952675E+4	9.071685E-2
1.952700E+4	2.988513E-1
1.952725E+4	5.150328E-1
1.952750E+4	4.679876E-1
1.952775E+4	2.941039E-1
1.952800E+4	1.372135E-1
1.952825E+4	9.379111E-2
1.952850E+4	3.370125E-1
1.952875E+4	3.348036E-1
1.952900E+4	1.312481E-1
1.952925E+4	2.745921E-2
1.952950E+4	7.072510E-3
1.952975E+4	3.106366E-2
1.953000E+4	2.743404E-2
1.953025E+4	3.502605E-3
1.953050E+4	5.652807E-2
1.953075E+4	2.691455E-1
1.953100E+4	5.072763E-1
1.953125E+4	4.657369E-1
1.953150E+4	3.439328E-1
1.953175E+4	2.831750E-1
1.953200E+4	2.472041E-1
1.953225E+4	1.357668E-1
1.953250E+4	4.911951E-2
1.953275E+4	3.328967E-2
1.953300E+4	2.135328E-2
1.953325E+4	4.074756E-3
1.953350E+4	5.420566E-3
1.953375E+4	6.553769E-2
1.953400E+4	1.795799E-1
1.953425E+4	1.713075E-1
1.953450E+4	1.769236E-1
1.953475E+4	2.184443E-1
1.953500E+4	2.597916E-1
1.953525E+4	2.540183E-1
1.953550E+4	1.847923E-1
1.953575E+4	1.621206E-1
1.953600E+4	1.562962E-1
1.953625E+4	1.259930E-1
1.953650E+4	8.299780E-2
1.953675E+4	4.598610E-2
1.953700E+4	4.243807E-2
1.953725E+4	4.734818E-2
1.953750E+4	2.544496E-2
1.953775E+4	1.616006E-2
1.953800E+4	2.499730E-2
1.953825E+4	6.326481E-2
1.953850E+4	1.271264E-1
1.953875E+4	9.760024E-2
1.953900E+4	4.377002E-2
1.953925E+4	2.009087E-2
1.953950E+4	9.266973E-3
1.953975E+4	1.604206E-3
1.954000E+4	2.066240E-2
1.954025E+4	1.015925E-1
1.954050E+4	1.499966E-1
1.954075E+4	1.522653E-1
1.954100E+4	1.078564E-1
1.954125E+4	3.173561E-2
1.954150E+4	1.892545E-2
1.954175E+4	1.166466E-1
1.954200E+4	2.869867E-1
1.954225E+4	4.900298E-1
1.954250E+4	6.502659E-1
1.954275E+4	7.186806E-1
1.954300E+4	7.328919E-1
1.954325E+4	5.955916E-1
1.954350E+4	3.885558E-1
1.954375E+4	4.180156E-1
1.954400E+4	4.835771E-1
1.954425E+4	4.764322E-1
1.954450E+4	2.565887E-1
1.954475E+4	1.221303E-2
1.954500E+4	6.563670E-2
1.954525E+4	2.403877E-1
1.954550E+4	3.579025E-1
1.954575E+4	2.749643E-1
1.954600E+4	1.368923E-1
1.954625E+4	1.262487E-1
1.954650E+4	2.879389E-1
1.954675E+4	4.100238E-1
1.954700E+4	4.185980E-1
1.954725E+4	3.859657E-1
1.954750E+4	3.004442E-1
1.954775E+4	1.585683E-1
1.954800E+4	1.277832E-1
1.954825E+4	3.735007E-1
1.954850E+4	5.677048E-1
1.954875E+4	6.393064E-1
1.954900E+4	6.500872E-1
1.954925E+4	4.574821E-1
1.954950E+4	2.319288E-1
1.954975E+4	3.009534E-1
1.955000E+4	3.104766E-1
1.955025E+4	2.675328E-1
1.955050E+4	1.772972E-1
1.955075E+4	8.914826E-2
1.955100E+4	7.072115E-2
1.955125E+4	8.353460E-2
1.955150E+4	7.123354E-2
1.955175E+4	7.194821E-2
1.955200E+4	8.760570E-2
1.955225E+4	1.053873E-1
1.955250E+4	1.095967E-1
1.955275E+4	1.068120E-1
1.955300E+4	1.786763E-1
1.955325E+4	2.099834E-1
1.955350E+4	1.906121E-1
1.955375E+4	1.071985E-1
1.955400E+4	2.775169E-2
1.955425E+4	1.089013E-2
1.955450E+4	5.618447E-2
1.955475E+4	2.068541E-1
1.955500E+4	4.495532E-1
1.955525E+4	5.048102E-1
1.955550E+4	2.649835E-1
1.955575E+4	6.362596E-2
1.955600E+4	1.373378E-3
1.955625E+4	3.260265E-2
1.955650E+4	1.305451E-1
1.955675E+4	2.745626E-1
1.955700E+4	3.618781E-1
1.955725E+4	2.697382E-1
1.955750E+4	1.369079E-1
1.955775E+4	6.678651E-2
1.955800E+4	3.338549E-2
1.955825E+4	1.882546E-2
1.955850E+4	6.610771E-2
1.955875E+4	1.852508E-1
1.955900E+4	2.615691E-1
1.955925E+4	2.412913E-1
1.955950E+4	1.823430E-1
1.955975E+4	1.758648E-1
1.956000E+4	1.580957E-1
1.956025E+4	1.053937E-1
1.956050E+4	5.726684E-2
1.956075E+4	5.659572E-2
1.956100E+4	9.281230E-2
1.956125E+4	3.468807E-2
1.956150E+4	7.039977E-3
1.956175E+4	1.871395E-3
1.956200E+4	4.987052E-3
1.956225E+4	4.143157E-2
1.956250E+4	2.141608E-1
1.956275E+4	3.615320E-1
1.956300E+4	4.035500E-1
1.956325E+4	1.952631E-1
1.956350E+4	7.994493E-3
1.956375E+4	1.237548E-1
1.956400E+4	3.132515E-1
1.956425E+4	2.171459E-1
1.956450E+4	5.741504E-2
1.956475E+4	3.212156E-2
1.956500E+4	1.324535E-1
1.956525E+4	2.644209E-1
1.956550E+4	3.153729E-1
1.956575E+4	1.997323E-1
1.956600E+4	1.158114E-1
1.956625E+4	2.221001E-1
1.956650E+4	2.860414E-1
1.956675E+4	3.071556E-1
1.956700E+4	2.881822E-1
1.956725E+4	1.553545E-1
1.956750E+4	5.381700E-4
1.956775E+4	1.214979E-1
1.956800E+4	2.751086E-1
1.956825E+4	2.056664E-1
1.956850E+4	5.874496E-2
1.956875E+4	2.278249E-2
1.956900E+4	5.453373E-2
1.956925E+4	1.560940E-1
1.956950E+4	2.912671E-1
1.956975E+4	2.352974E-1
1.957000E+4	1.136774E-1
1.957025E+4	2.668353E-2
1.957050E+4	6.541037E-2
1.957075E+4	1.640204E-1
1.957100E+4	1.819130E-1
1.957125E+4	1.578940E-1
1.957150E+4	8.888778E-2
1.957175E+4	7.688732E-3
1.957200E+4	1.892816E-2
1.957225E+4	4.499091E-2
1.957250E+4	2.922880E-2
1.957275E+4	2.226513E-2
1.957300E+4	2.250670E-1
1.957325E+4	3.869867E-1
1.957350E+4	4.292272E-1
1.957375E+4	4.478033E-1
1.957400E+4	4.579024E-1
1.957425E+4	4.364920E-1
1.957450E+4	3.525788E-1
1.957475E+4	2.253875E-1
1.957500E+4	1.000623E-1
1.957525E+4	1.473719E-2
1.957550E+4	4.290026E-4
1.957575E+4	1.365824E-3
1.957600E+4	4.713357E-4
1.957625E+4	8.840510E-3
1.957650E+4	7.774944E-2
1.957675E+4	2.382893E-1
1.957700E+4	4.020723E-1
1.957725E+4	5.408478E-1
1.957750E+4	6.098495E-1
1.957775E+4	4.906872E-1
1.957800E+4	2.171796E-1
1.957825E+4	2.650626E-2
1.957850E+4	1.259955E-2
1.957875E+4	2.406155E-2
1.957900E+4	1.428251E-2
1.957925E+4	1.667263E-1
1.957950E+4	5.124421E-1
1.957975E+4	7.453603E-1
1.958000E+4	7.075504E-1
1.958025E+4	5.266245E-1
1.958050E+4	3.375944E-1
1.958075E+4	2.804133E-1
1.958100E+4	4.208425E-1
1.958125E+4	5.520966E-1
1.958150E+4	4.972077E-1
1.958175E+4	2.439302E-1
1.958200E+4	2.211098E-1
1.958225E+4	4.389190E-1
1.958250E+4	4.944679E-1
1.958275E+4	4.107214E-1
1.958300E+4	1.871673E-1
1.958325E+4	3.720863E-2
1.958350E+4	3.320639E-1
1.958375E+4	5.522557E-1
1.958400E+4	5.657122E-1
1.958425E+4	4.357736E-1
1.958450E+4	2.383642E-1
1.958475E+4	7.468051E-2
1.958500E+4	1.220613E-2
1.958525E+4	4.319031E-2
1.958550E+4	1.003112E-1
1.958575E+4	1.539147E-1
1.958600E+4	2.157196E-1
1.958625E+4	2.669493E-1
1.958650E+4	2.696732E-1
1.958675E+4	2.324543E-1
1.958700E+4	1.776225E-1
1.958725E+4	1.630487E-1
1.958750E+4	2.093307E-1
1.958775E+4	1.937106E-1
1.958800E+4	1.749145E-1
1.958825E+4	1.625858E-1
1.958850E+4	1.482857E-1
1.958875E+4	1.243602E-1
1.958900E+4	1.311270E-1
1.958925E+4	2.255864E-1
1.958950E+4	3.259363E-1
1.958975E+4	3.644532E-1
1.959000E+4	3.337825E-1
1.959025E+4	2.474638E-1
1.959050E+4	1.540184E-1
1.959075E+4	1.170140E-1
1.959100E+4	1.205539E-1
1.959125E+4	6.916581E-2
1.959150E+4	1.973490E-2
1.959175E+4	9.578794E-3
1.959200E+4	2.756800E-2
1.959225E+4	5.287160E-2
1.959250E+4	1.018134E-1
1.959275E+4	2.477188E-1
1.959300E+4	4.873712E-1
1.959325E+4	6.987577E-1
1.959350E+4	6.619878E-1
1.959375E+4	3.756497E-1
1.959400E+4	9.379381E-2
1.959425E+4	9.794883E-2
1.959450E+4	3.141739E-1
1.959475E+4	3.183883E-1
1.959500E+4	1.914602E-1
1.959525E+4	7.614165E-2
1.959550E+4	1.992393E-2
1.959575E+4	3.404095E-2
1.959600E+4	1.114662E-1
1.959625E+4	2.274660E-1
1.959650E+4	3.277375E-1
1.959675E+4	3.228761E-1
1.959700E+4	1.811975E-1
1.959725E+4	4.786067E-2
1.959750E+4	4.148759E-3
1.959775E+4	1.240034E-4
1.959800E+4	8.961482E-3
1.959825E+4	4.260282E-2
1.959850E+4	7.037807E-2
1.959875E+4	4.282862E-2
1.959900E+4	3.189355E-2
1.959925E+4	1.699820E-1
1.959950E+4	2.839916E-1
1.959975E+4	3.517849E-1
1.960000E+4	3.677669E-1
1.960025E+4	2.320269E-1
1.960050E+4	1.040377E-1
1.960075E+4	1.103405E-1
1.960100E+4	9.266796E-2
1.960125E+4	2.918005E-2
1.960150E+4	2.732720E-2
1.960175E+4	2.099382E-1
1.960200E+4	3.933291E-1
1.960225E+4	3.905656E-1
1.960250E+4	2.153585E-1
1.960275E+4	2.776379E-1
1.960300E+4	5.405033E-1
1.960325E+4	6.113545E-1
1.960350E+4	4.439506E-1
1.960375E+4	2.546243E-1
1.960400E+4	1.596737E-1
1.960425E+4	1.557587E-1
1.960450E+4	1.022771E-1
1.960475E+4	1.851468E-2
1.960500E+4	1.714364E-4
1.960525E+4	9.919841E-3
1.960550E+4	7.888670E-2
1.960575E+4	2.307128E-1
1.960600E+4	2.865411E-1
1.960625E+4	3.216996E-1
1.960650E+4	3.790643E-1
1.960675E+4	2.640321E-1
1.960700E+4	8.786262E-2
1.960725E+4	4.797411E-2
1.960750E+4	5.456159E-2
1.960775E+4	7.844427E-2
1.960800E+4	9.488769E-2
1.960825E+4	4.052111E-2
1.960850E+4	1.467181E-2
1.960875E+4	9.234908E-2
1.960900E+4	1.882623E-1
1.960925E+4	2.403409E-1
1.960950E+4	1.152996E-1
1.960975E+4	7.073179E-3
1.961000E+4	3.897484E-2
1.961025E+4	1.444883E-1
1.961050E+4	1.862038E-1
1.961075E+4	5.184943E-2
1.961100E+4	1.011111E-2
1.961125E+4	3.986287E-3
1.961150E+4	4.478659E-3
1.961175E+4	1.577026E-2
1.961200E+4	4.696856E-2
1.961225E+4	7.842769E-2
1.961250E+4	1.350008E-1
1.961275E+4	2.014044E-1
1.961300E+4	2.206772E-1
1.961325E+4	2.160788E-1
1.961350E+4	2.411866E-1
1.961375E+4	2.991676E-1
1.961400E+4	2.518639E-1
1.961425E+4	9.455393E-2
1.961450E+4	1.890273E-1
1.961475E+4	3.900300E-1
1.961500E+4	4.317865E-1
1.961525E+4	2.033458E-1
1.961550E+4	5.451271E-2
1.961575E+4	4.327371E-1
1.961600E+4	5.330936E-1
1.961625E+4	4.881955E-1
1.961650E+4	3.774476E-1
1.961675E+4	2.118395E-1
1.961700E+4	2.895965E-2
1.961725E+4	8.609735E-2
1.961750E+4	2.790672E-1
1.961775E+4	1.674028E-1
1.961800E+4	4.343413E-2
1.961825E+4	6.555716E-3
1.961850E+4	1.749107E-2
1.961875E+4	2.969881E-2
1.961900E+4	4.832879E-2
1.961925E+4	8.915640E-2
1.961950E+4	1.016947E-1
1.961975E+4	6.867623E-2
1.962000E+4	8.036711E-3
1.962025E+4	3.883248E-2
1.962050E+4	9.701507E-2
1.962075E+4	3.892005E-2
1.962100E+4	1.419854E-2
1.962125E+4	8.044175E-2
1.962150E+4	1.388904E-1
1.962175E+4	1.855030E-1
1.962200E+4	2.130017E-1
1.962225E+4	1.755998E-1
1.962250E+4	9.120061E-2
1.962275E+4	4.139421E-2
1.962300E+4	7.865638E-2
1.962325E+4	1.714996E-1
1.962350E+4	1.852508E-1
1.962375E+4	1.070121E-1
1.962400E+4	2.270677E-2
1.962425E+4	1.363370E-1
1.962450E+4	2.989745E-1
1.962475E+4	2.538757E-1
1.962500E+4	1.685318E-1
1.962525E+4	1.496449E-1
1.962550E+4	2.881498E-1
1.962575E+4	3.672086E-1
1.962600E+4	2.102313E-1
1.962625E+4	6.382869E-2
1.962650E+4	8.092436E-2
1.962675E+4	2.542019E-1
1.962700E+4	4.336938E-1
1.962725E+4	4.692284E-1
1.962750E+4	3.140890E-1
1.962775E+4	1.379148E-1
1.962800E+4	6.457939E-2
1.962825E+4	4.357333E-2
1.962850E+4	4.702818E-2
1.962875E+4	5.787308E-2
1.962900E+4	5.425928E-2
1.962925E+4	8.587962E-2
1.962950E+4	1.683442E-1
1.962975E+4	2.225659E-1
1.963000E+4	2.106189E-1
1.963025E+4	1.125674E-1
1.963050E+4	4.059532E-2
1.963075E+4	1.422450E-1
1.963100E+4	2.167972E-1
1.963125E+4	1.779324E-1
1.963150E+4	5.611888E-2
1.963175E+4	1.527680E-2
1.963200E+4	6.348021E-2
1.963225E+4	6.854259E-2
1.963250E+4	4.984375E-2
1.963275E+4	3.958223E-2
1.963300E+4	3.903859E-2
1.963325E+4	6.390796E-2
1.963350E+4	2.315152E-1
1.963375E+4	4.527917E-1
1.963400E+4	6.254064E-1
1.963425E+4	6.856658E-1
1.963450E+4	5.579413E-1
1.963475E+4	3.308557E-1
1.963500E+4	1.836586E-1
1.963525E+4	1.365573E-1
1.963550E+4	2.322750E-1
1.963575E+4	4.327621E-1
1.963600E+4	4.657746E-1
1.963625E+4	4.783887E-1
1.963650E+4	4.536203E-1
1.963675E+4	3.404629E-1
1.963700E+4	1.623700E-1
1.963725E+4	3.098114E-2
1.963750E+4	4.599884E-3
1.963775E+4	1.083834E-1
1.963800E+4	3.188649E-1
1.963825E+4	4.312320E-1
1.963850E+4	2.775328E-1
1.963875E+4	3.562550E-2
1.963900E+4	2.887660E-2
1.963925E+4	7.472951E-2
1.963950E+4	9.828494E-2
1.963975E+4	1.343637E-1
1.964000E+4	1.928828E-1
1.964025E+4	2.031377E-1
1.964050E+4	1.483664E-1
1.964075E+4	5.962641E-2
1.964100E+4	1.253225E-2
1.964125E+4	1.595204E-1
1.964150E+4	2.405050E-1
1.964175E+4	1.626767E-1
1.964200E+4	6.016202E-2
1.964225E+4	5.640307E-2
1.964250E+4	2.653884E-1
1.964275E+4	4.753521E-1
1.964300E+4	4.557262E-1
1.964325E+4	3.209675E-1
1.964350E+4	1.879122E-1
1.964375E+4	1.222513E-1
1.964400E+4	1.709953E-1
1.964425E+4	1.741915E-1
1.964450E+4	1.123607E-1
1.964475E+4	6.483084E-2
1.964500E+4	3.680283E-2
1.964525E+4	3.302158E-2
1.964550E+4	1.122712E-1
1.964575E+4	3.323190E-1
1.964600E+4	5.305664E-1
1.964625E+4	6.327284E-1
1.964650E+4	7.001082E-1
1.964675E+4	7.761669E-1
1.964700E+4	8.127728E-1
1.964725E+4	6.248335E-1
1.964750E+4	4.016818E-1
1.964775E+4	3.140989E-1
1.964800E+4	2.680810E-1
1.964825E+4	1.990380E-1
1.964850E+4	1.052757E-1
1.964875E+4	4.395302E-2
1.964900E+4	2.322637E-2
1.964925E+4	3.357789E-2
1.964950E+4	9.414114E-2
1.964975E+4	2.016744E-1
1.965000E+4	2.851172E-1
1.965025E+4	2.667807E-1
1.965050E+4	1.765211E-1
1.965075E+4	1.718970E-1
1.965100E+4	3.310267E-1
1.965125E+4	4.384568E-1
1.965150E+4	4.067630E-1
1.965175E+4	3.768159E-1
1.965200E+4	4.081797E-1
1.965225E+4	4.925153E-1
1.965250E+4	5.094804E-1
1.965275E+4	1.038279E-1
1.965300E+4	3.230685E-2
1.965325E+4	9.237311E-2
1.965350E+4	1.082620E-1
1.965375E+4	7.579041E-2
1.965400E+4	8.068823E-2
1.965425E+4	8.479445E-2
1.965450E+4	5.232694E-2
1.965475E+4	1.957490E-2
1.965500E+4	5.111885E-3
1.965525E+4	5.917775E-3
1.965550E+4	6.035591E-3
1.965575E+4	3.252420E-3
1.965600E+4	7.803471E-2
1.965625E+4	2.172806E-1
1.965650E+4	3.401949E-1
1.965675E+4	4.643811E-1
1.965700E+4	3.438996E-1
1.965725E+4	2.006347E-1
1.965750E+4	1.184905E-1
1.965775E+4	5.213633E-2
1.965800E+4	1.631268E-2
1.965825E+4	1.405586E-1
1.965850E+4	3.623992E-1
1.965875E+4	3.561450E-1
1.965900E+4	2.277548E-1
1.965925E+4	3.442499E-2
1.965950E+4	8.095181E-2
1.965975E+4	1.483807E-1
1.966000E+4	8.274063E-2
1.966025E+4	2.117858E-2
1.966050E+4	1.859127E-1
1.966075E+4	3.441953E-1
1.966100E+4	3.302098E-1
1.966125E+4	2.729014E-1
1.966150E+4	2.648750E-1
1.966175E+4	2.969196E-1
1.966200E+4	2.783721E-1
1.966225E+4	1.899368E-1
1.966250E+4	1.356623E-1
1.966275E+4	3.301904E-1
1.966300E+4	5.657324E-1
1.966325E+4	6.879324E-1
1.966350E+4	6.826004E-1
1.966375E+4	5.431218E-1
1.966400E+4	3.897525E-1
1.966425E+4	3.602313E-1
1.966450E+4	4.498508E-1
1.966475E+4	5.179950E-1
1.966500E+4	3.781051E-1
1.966525E+4	2.206245E-1
1.966550E+4	1.707497E-1
1.966575E+4	1.242894E-1
1.966600E+4	7.305236E-2
1.966625E+4	5.148794E-2
1.966650E+4	5.687846E-2
1.966675E+4	7.750793E-2
1.966700E+4	7.257884E-2
1.966725E+4	2.678949E-3
1.966750E+4	3.217220E-2
1.966775E+4	1.078835E-1
1.966800E+4	2.111971E-1
1.966825E+4	2.848479E-1
1.966850E+4	1.621807E-1
1.966875E+4	3.798901E-2
1.966900E+4	1.001636E-2
1.966925E+4	3.845647E-2
1.966950E+4	1.314452E-1
1.966975E+4	1.742567E-1
1.967000E+4	6.494051E-2
1.967025E+4	1.055690E-1
1.967050E+4	1.684585E-1
1.967075E+4	2.005286E-1
1.967100E+4	1.541144E-1
1.967125E+4	6.567766E-2
1.967150E+4	4.736747E-2
1.967175E+4	9.065885E-2
1.967200E+4	1.442810E-1
1.967225E+4	2.393600E-1
1.967250E+4	3.990237E-1
1.967275E+4	4.255285E-1
1.967300E+4	3.728536E-1
1.967325E+4	3.554012E-1
1.967350E+4	5.437799E-1
1.967375E+4	8.226158E-1
1.967400E+4	6.748719E-1
1.967425E+4	5.418787E-1
1.967450E+4	4.314642E-1
1.967475E+4	2.917303E-2
1.967500E+4	1.986304E-1
1.967525E+4	2.608118E-1
1.967550E+4	2.738831E-1
1.967575E+4	2.638308E-1
1.967600E+4	1.559828E-1
1.967625E+4	5.065611E-2
1.967650E+4	3.654828E-2
1.967675E+4	2.107418E-2
1.967700E+4	1.143460E-1
1.967725E+4	2.426536E-1
1.967750E+4	2.535424E-1
1.967775E+4	2.367906E-1
1.967800E+4	1.895403E-1
1.967825E+4	1.090360E-2
1.967850E+4	8.230838E-2
1.967875E+4	1.062196E-1
1.967900E+4	1.030380E-1
1.967925E+4	1.359702E-1
1.967950E+4	3.210019E-1
1.967975E+4	6.233709E-1
1.968000E+4	6.717857E-1
1.968025E+4	3.975483E-1
1.968050E+4	1.218328E-1
1.968075E+4	3.181852E-2
1.968100E+4	9.726325E-2
1.968125E+4	1.155964E-1
1.968150E+4	1.095711E-1
1.968175E+4	1.202662E-1
1.968200E+4	1.705027E-1
1.968225E+4	2.642662E-1
1.968250E+4	2.956311E-1
1.968275E+4	1.917559E-1
1.968300E+4	5.195256E-2
1.968325E+4	7.395397E-2
1.968350E+4	2.281531E-1
1.968375E+4	3.060724E-1
1.968400E+4	3.247167E-1
1.968425E+4	3.162887E-1
1.968450E+4	2.607668E-1
1.968475E+4	1.211919E-1
1.968500E+4	5.995176E-2
1.968525E+4	5.775371E-2
1.968550E+4	5.405117E-2
1.968575E+4	5.231840E-2
1.968600E+4	1.037772E-1
1.968625E+4	1.389473E-1
1.968650E+4	1.376132E-1
1.968675E+4	1.047462E-1
1.968700E+4	4.400617E-2
1.968725E+4	1.329551E-2
1.968750E+4	4.546946E-2
1.968775E+4	4.707817E-2
1.968800E+4	1.458289E-2
1.968825E+4	1.615255E-2
1.968850E+4	2.183284E-1
1.968875E+4	5.138849E-1
1.968900E+4	3.418752E-1
1.968925E+4	1.159327E-1
1.968950E+4	1.464537E-2
1.968975E+4	4.084699E-3
1.969000E+4	4.723431E-2
1.969025E+4	1.661657E-1
1.969050E+4	2.943366E-1
1.969075E+4	3.426486E-1
1.969100E+4	3.210966E-1
1.969125E+4	2.141382E-1
1.969150E+4	1.237118E-2
1.969175E+4	2.760408E-1
1.969200E+4	4.746062E-1
1.969225E+4	4.525530E-1
1.969250E+4	3.806476E-1
1.969275E+4	2.794311E-1
1.969300E+4	1.591079E-1
1.969325E+4	9.417862E-2
1.969350E+4	8.347767E-2
1.969375E+4	6.847086E-2
1.969400E+4	3.751057E-2
1.969425E+4	4.603004E-3
1.969450E+4	1.820511E-2
1.969475E+4	1.883173E-1
1.969500E+4	5.341075E-1
1.969525E+4	6.157986E-1
1.969550E+4	3.930454E-1
1.969575E+4	9.993138E-2
1.969600E+4	3.799454E-2
1.969625E+4	2.828145E-1
1.969650E+4	3.565361E-1
1.969675E+4	3.078069E-1
1.969700E+4	1.936042E-1
1.969725E+4	1.754586E-1
1.969750E+4	5.343135E-1
1.969775E+4	6.751181E-1
1.969800E+4	6.306828E-1
1.969825E+4	4.354087E-1
1.969850E+4	6.733551E-2
1.969875E+4	4.419104E-1
1.969900E+4	5.497147E-1
1.969925E+4	3.962466E-1
1.969950E+4	1.471944E-1
1.969975E+4	9.080244E-2
1.970000E+4	2.630395E-1
1.970025E+4	3.974973E-1
1.970050E+4	3.678287E-1
1.970075E+4	1.763818E-1
1.970100E+4	6.606736E-2
1.970125E+4	1.800896E-1
1.970150E+4	3.576655E-1
1.970175E+4	4.876493E-1
1.970200E+4	5.135878E-1
1.970225E+4	4.993282E-1
1.970250E+4	4.827372E-1
1.970275E+4	4.651793E-1
1.970300E+4	4.517142E-1
1.970325E+4	4.424785E-1
1.970350E+4	4.009059E-1
1.970375E+4	2.755322E-1
1.970400E+4	1.029093E-1
1.970425E+4	4.172981E-2
1.970450E+4	7.199270E-2
1.970475E+4	1.212109E-1
1.970500E+4	1.788464E-1
1.970525E+4	2.336175E-1
1.970550E+4	2.450072E-1
1.970575E+4	2.164674E-1
1.970600E+4	2.225544E-1
1.970625E+4	2.397898E-1
1.970650E+4	2.272490E-1
1.970675E+4	1.798906E-1
1.970700E+4	1.092635E-1
1.970725E+4	6.011715E-2
1.970750E+4	6.261202E-2
1.970775E+4	7.323635E-2
1.970800E+4	9.038978E-2
1.970825E+4	1.501471E-1
1.970850E+4	2.197969E-1
1.970875E+4	2.879096E-1
1.970900E+4	3.587335E-1
1.970925E+4	3.261072E-1
1.970950E+4	1.651830E-1
1.970975E+4	6.618818E-2
1.971000E+4	2.620247E-2
1.971025E+4	1.176908E-2
1.971050E+4	3.549569E-2
1.971075E+4	1.529870E-1
1.971100E+4	2.466792E-1
1.971125E+4	2.461011E-1
1.971150E+4	2.236264E-1
1.971175E+4	1.825573E-1
1.971200E+4	2.376561E-1
1.971225E+4	4.130753E-1
1.971250E+4	4.719893E-1
1.971275E+4	5.147037E-1
1.971300E+4	5.253518E-1
1.971325E+4	4.209103E-1
1.971350E+4	1.077646E-1
1.971375E+4	2.881314E-2
1.971400E+4	1.206871E-1
1.971425E+4	1.314977E-1
1.971450E+4	1.142850E-1
1.971475E+4	1.638845E-1
1.971500E+4	2.435676E-1
1.971525E+4	2.126417E-1
1.971550E+4	1.440100E-1
1.971575E+4	1.942996E-1
1.971600E+4	3.314454E-1
1.971625E+4	3.786344E-1
1.971650E+4	2.097262E-1
1.971675E+4	9.190984E-2
1.971700E+4	3.496044E-1
1.971725E+4	6.170295E-1
1.971750E+4	5.664636E-1
1.971775E+4	2.504626E-1
1.971800E+4	3.725726E-2
1.971825E+4	1.340268E-1
1.971850E+4	3.852688E-1
1.971875E+4	4.707227E-1
1.971900E+4	2.316013E-1
1.971925E+4	2.772278E-2
1.971950E+4	1.049333E-2
1.971975E+4	2.641625E-2
1.972000E+4	1.813871E-2
1.972025E+4	3.654371E-2
1.972050E+4	1.020691E-1
1.972075E+4	2.158507E-1
1.972100E+4	3.907610E-1
1.972125E+4	3.580427E-1
1.972150E+4	7.706296E-2
1.972175E+4	2.535904E-2
1.972200E+4	3.636718E-2
1.972225E+4	9.639977E-2
1.972250E+4	2.458093E-1
1.972275E+4	4.383952E-1
1.972300E+4	5.402403E-1
1.972325E+4	4.671204E-1
1.972350E+4	1.936266E-1
1.972375E+4	1.267294E-1
1.972400E+4	1.967812E-1
1.972425E+4	1.957807E-1
1.972450E+4	1.385689E-1
1.972475E+4	8.701683E-2
1.972500E+4	1.191500E-1
1.972525E+4	2.645910E-1
1.972550E+4	4.872736E-1
1.972575E+4	5.772468E-1
1.972600E+4	3.531395E-1
1.972625E+4	1.241576E-1
1.972650E+4	2.246731E-2
1.972675E+4	9.943350E-3
1.972700E+4	2.995665E-2
1.972725E+4	4.010087E-2
1.972750E+4	3.513585E-2
1.972775E+4	6.621015E-2
1.972800E+4	1.270605E-1
1.972825E+4	8.552739E-2
1.972850E+4	6.811095E-2
1.972875E+4	1.990256E-1
1.972900E+4	3.788815E-1
1.972925E+4	4.182776E-1
1.972950E+4	3.182637E-1
1.972975E+4	1.624148E-1
1.973000E+4	5.036135E-2
1.973025E+4	3.189956E-2
1.973050E+4	7.908969E-2
1.973075E+4	1.987369E-1
1.973100E+4	3.993880E-1
1.973125E+4	5.213694E-1
1.973150E+4	2.629592E-1
1.973175E+4	1.790896E-2
1.973200E+4	3.994282E-2
1.973225E+4	2.000717E-1
1.973250E+4	3.570024E-1
1.973275E+4	3.195110E-1
1.973300E+4	9.914012E-2
1.973325E+4	4.091876E-2
1.973350E+4	8.577717E-2
1.973375E+4	8.693985E-2
1.973400E+4	1.619032E-1
1.973425E+4	3.094124E-1
1.973450E+4	3.729264E-1
1.973475E+4	2.829273E-1
1.973500E+4	1.915548E-1
1.973525E+4	1.913668E-1
1.973550E+4	3.256314E-1
1.973575E+4	4.946879E-1
1.973600E+4	4.799473E-1
1.973625E+4	3.858292E-1
1.973650E+4	2.709560E-1
1.973675E+4	1.006220E-1
1.973700E+4	3.348791E-4
1.973725E+4	5.569078E-2
1.973750E+4	1.234771E-1
1.973775E+4	1.567135E-1
1.973800E+4	1.211415E-1
1.973825E+4	8.047644E-2
1.973850E+4	1.072883E-1
1.973875E+4	1.702106E-1
1.973900E+4	2.222396E-1
1.973925E+4	2.047060E-1
1.973950E+4	1.353230E-1
1.973975E+4	5.505489E-2
1.974000E+4	1.425600E-2
1.974025E+4	8.188398E-2
1.974050E+4	1.515442E-1
1.974075E+4	1.704283E-1
1.974100E+4	1.673468E-1
1.974125E+4	1.660044E-1
1.974150E+4	1.863789E-1
1.974175E+4	2.041644E-1
1.974200E+4	2.072109E-1
1.974225E+4	1.823193E-1
1.974250E+4	1.460043E-1
1.974275E+4	1.653378E-1
1.974300E+4	3.075533E-1
1.974325E+4	5.464086E-1
1.974350E+4	6.591170E-1
1.974375E+4	4.732545E-1
1.974400E+4	1.275716E-1
1.974425E+4	7.761589E-2
1.974450E+4	3.128617E-1
1.974475E+4	4.537883E-1
1.974500E+4	5.137405E-1
1.974525E+4	5.262111E-1
1.974550E+4	4.186797E-1
1.974575E+4	1.732882E-1
1.974600E+4	2.133113E-1
1.974625E+4	3.117273E-1
1.974650E+4	3.992707E-1
1.974675E+4	5.693551E-1
1.974700E+4	6.968944E-1
1.974725E+4	4.215004E-1
1.974750E+4	3.456678E-1
1.974775E+4	3.492416E-1
1.974800E+4	4.685994E-1
1.974825E+4	6.692072E-1
1.974850E+4	5.591994E-1
1.974875E+4	2.492915E-1
1.974900E+4	9.600248E-2
1.974925E+4	2.834131E-1
1.974950E+4	4.496972E-1
1.974975E+4	3.856344E-1
1.975000E+4	1.796366E-1
1.975025E+4	1.607367E-2
1.975050E+4	8.926322E-2
1.975075E+4	2.092243E-1
1.975100E+4	2.458341E-1
1.975125E+4	1.962184E-1
1.975150E+4	7.120862E-2
1.975175E+4	2.416270E-3
1.975200E+4	1.128255E-1
1.975225E+4	2.735224E-1
1.975250E+4	3.447752E-1
1.975275E+4	2.436764E-1
1.975300E+4	8.857294E-2
1.975325E+4	8.187756E-2
1.975350E+4	6.158140E-2
1.975375E+4	1.054671E-2
1.975400E+4	6.068567E-2
1.975425E+4	2.059978E-1
1.975450E+4	3.298896E-1
1.975475E+4	3.703528E-1
1.975500E+4	2.892155E-1
1.975525E+4	1.310818E-1
1.975550E+4	1.470883E-1
1.975575E+4	2.098556E-1
1.975600E+4	3.121832E-1
1.975625E+4	4.580942E-1
1.975650E+4	5.215846E-1
1.975675E+4	5.006561E-1
1.975700E+4	4.287455E-1
1.975725E+4	3.070926E-1
1.975750E+4	1.149371E-1
1.975775E+4	2.522413E-2
1.975800E+4	4.033009E-1
1.975825E+4	5.195102E-1
1.975850E+4	4.584500E-1
1.975875E+4	3.260770E-1
1.975900E+4	1.232616E-1
1.975925E+4	2.926902E-2
1.975950E+4	1.059851E-1
1.975975E+4	1.075215E-1
1.976000E+4	4.796016E-2
1.976025E+4	4.243790E-3
1.976050E+4	1.365397E-1
1.976075E+4	2.068069E-1
1.976100E+4	1.793524E-1
1.976125E+4	1.436534E-1
1.976150E+4	1.154639E-1
1.976175E+4	1.119039E-1
1.976200E+4	1.657624E-1
1.976225E+4	2.822868E-1
1.976250E+4	4.298337E-1
1.976275E+4	5.575930E-1
1.976300E+4	5.841491E-1
1.976325E+4	3.944452E-1
1.976350E+4	1.081685E-1
1.976375E+4	2.386972E-2
1.976400E+4	8.449390E-2
1.976425E+4	1.795561E-1
1.976450E+4	2.463882E-1
1.976475E+4	2.173968E-1
1.976500E+4	7.412496E-2
1.976525E+4	1.509070E-2
1.976550E+4	1.323392E-1
1.976575E+4	2.596051E-1
1.976600E+4	3.254705E-1
1.976625E+4	3.399896E-1
1.976650E+4	3.448555E-1
1.976675E+4	4.313270E-1
1.976700E+4	5.431818E-1
1.976725E+4	6.052104E-1
1.976750E+4	6.539371E-1
1.976775E+4	6.901104E-1
1.976800E+4	6.672310E-1
1.976825E+4	4.834881E-1
1.976850E+4	1.674803E-1
1.976875E+4	9.672710E-3
1.976900E+4	2.306213E-2
1.976925E+4	5.193293E-2
1.976950E+4	5.491098E-2
1.976975E+4	5.489770E-2
1.977000E+4	5.731784E-2
1.977025E+4	5.120979E-2
1.977050E+4	9.544479E-2
1.977075E+4	2.511372E-1
1.977100E+4	4.315426E-1
1.977125E+4	5.618179E-1
1.977150E+4	5.067203E-1
1.977175E+4	2.635807E-1
1.977200E+4	1.042918E-1
1.977225E+4	1.374634E-1
1.977250E+4	2.572690E-1
1.977275E+4	1.959338E-1
1.977300E+4	1.135261E-1
1.977325E+4	1.072916E-1
1.977350E+4	1.161681E-1
1.977375E+4	7.773100E-2
1.977400E+4	5.415456E-2
1.977425E+4	7.301816E-2
1.977450E+4	8.412060E-2
1.977475E+4	7.996086E-2
1.977500E+4	7.169918E-2
1.977525E+4	5.491527E-2
1.977550E+4	2.032995E-2
1.977575E+4	2.389825E-2
1.977600E+4	2.800042E-1
1.977625E+4	4.630485E-1
1.977650E+4	4.069731E-1
1.977675E+4	2.781164E-1
1.977700E+4	2.143818E-1
1.977725E+4	3.384099E-1
1.977750E+4	2.298866E-1
1.977775E+4	1.010655E-1
1.977800E+4	2.869727E-2
1.977825E+4	1.265685E-1
1.977850E+4	4.297108E-1
1.977875E+4	5.503247E-1
1.977900E+4	3.161810E-1
1.977925E+4	2.911333E-2
1.977950E+4	1.864976E-1
1.977975E+4	4.758300E-1
1.978000E+4	4.590291E-1
1.978025E+4	3.200182E-1
1.978050E+4	1.830340E-1
1.978075E+4	3.216819E-1
1.978100E+4	3.527043E-1
1.978125E+4	2.664683E-1
1.978150E+4	2.057786E-1
1.978175E+4	1.608693E-1
1.978200E+4	1.157182E-1
1.978225E+4	1.152818E-1
1.978250E+4	1.532493E-1
1.978275E+4	1.937885E-1
1.978300E+4	2.474475E-1
1.978325E+4	3.328180E-1
1.978350E+4	4.136960E-1
1.978375E+4	3.981063E-1
1.978400E+4	2.477443E-1
1.978425E+4	7.230892E-2
1.978450E+4	7.646745E-2
1.978475E+4	2.781424E-1
1.978500E+4	5.212822E-1
1.978525E+4	4.170431E-1
1.978550E+4	7.842322E-2
1.978575E+4	3.014517E-2
1.978600E+4	1.774780E-1
1.978625E+4	3.572598E-1
1.978650E+4	4.305813E-1
1.978675E+4	4.364938E-1
1.978700E+4	4.479318E-1
1.978725E+4	5.114506E-1
1.978750E+4	5.304397E-1
1.978775E+4	2.848954E-1
1.978800E+4	8.357540E-2
1.978825E+4	1.738435E-2
1.978850E+4	1.217949E-1
1.978875E+4	3.556803E-1
1.978900E+4	4.618520E-1
1.978925E+4	3.471668E-1
1.978950E+4	1.403252E-1
1.978975E+4	2.195533E-2
1.979000E+4	2.404367E-1
1.979025E+4	4.418675E-1
1.979050E+4	5.179167E-1
1.979075E+4	5.126202E-1
1.979100E+4	3.999764E-1
1.979125E+4	1.809497E-1
1.979150E+4	1.397935E-1
1.979175E+4	2.755183E-1
1.979200E+4	2.903887E-1
1.979225E+4	1.524752E-1
1.979250E+4	1.763366E-2
1.979275E+4	1.074506E-1
1.979300E+4	2.874290E-1
1.979325E+4	3.939951E-1
1.979350E+4	2.484204E-1
1.979375E+4	1.245430E-1
1.979400E+4	2.703673E-1
1.979425E+4	2.430198E-1
1.979450E+4	1.853967E-1
1.979475E+4	3.030462E-1
1.979500E+4	3.836910E-1
1.979525E+4	3.777011E-1
1.979550E+4	2.335558E-1
1.979575E+4	2.688494E-1
1.979600E+4	3.986182E-1
1.979625E+4	3.934750E-1
1.979650E+4	3.167594E-1
1.979675E+4	1.464892E-1
1.979700E+4	1.502010E-2
1.979725E+4	1.407914E-1
1.979750E+4	1.933443E-1
1.979775E+4	1.154708E-1
1.979800E+4	5.543499E-2
1.979825E+4	3.085016E-1
1.979850E+4	3.549236E-1
1.979875E+4	2.017253E-1
1.979900E+4	2.113576E-2
1.979925E+4	8.362929E-2
1.979950E+4	4.204753E-1
1.979975E+4	5.941182E-1
1.980000E+4	2.805227E-1
1.980025E+4	3.704179E-2
1.980050E+4	3.583662E-2
1.980075E+4	1.038298E-1
1.980100E+4	3.526619E-1
1.980125E+4	4.472338E-1
1.980150E+4	4.087618E-1
1.980175E+4	3.480297E-1
1.980200E+4	3.159720E-1
1.980225E+4	4.329413E-1
1.980250E+4	6.240417E-1
1.980275E+4	6.850481E-1
1.980300E+4	3.780802E-1
1.980325E+4	1.176861E-2
1.980350E+4	3.464231E-1
1.980375E+4	5.693347E-1
1.980400E+4	6.006001E-1
1.980425E+4	4.019584E-1
1.980450E+4	1.326612E-1
1.980475E+4	7.918322E-2
1.980500E+4	9.919141E-2
1.980525E+4	3.996749E-2
1.980550E+4	9.859146E-2
1.980575E+4	4.045205E-1
1.980600E+4	6.106021E-1
1.980625E+4	7.052289E-1
1.980650E+4	5.877722E-1
1.980675E+4	2.226752E-2
1.980700E+4	1.641788E-1
1.980725E+4	2.496431E-1
1.980750E+4	2.126318E-1
1.980775E+4	1.086258E-1
1.980800E+4	1.733798E-2
1.980825E+4	7.608369E-3
1.980850E+4	1.473071E-2
1.980875E+4	1.343814E-2
1.980900E+4	4.818494E-2
1.980925E+4	1.603536E-1
1.980950E+4	4.488032E-1
1.980975E+4	7.197500E-1
1.981000E+4	7.509810E-1
1.981025E+4	6.972839E-1
1.981050E+4	5.847168E-1
1.981075E+4	3.432774E-1
1.981100E+4	9.856515E-2
1.981125E+4	2.129177E-1
1.981150E+4	4.415151E-1
1.981175E+4	5.384279E-1
1.981200E+4	1.499651E-1
1.981225E+4	2.603592E-1
1.981250E+4	5.027181E-1
1.981275E+4	6.713693E-1
1.981300E+4	7.473125E-1
1.981325E+4	6.775286E-1
1.981350E+4	3.278219E-1
1.981375E+4	1.842100E-2
1.981400E+4	2.657158E-1
1.981425E+4	4.067086E-1
1.981450E+4	4.063732E-1
1.981475E+4	3.222375E-1
1.981500E+4	2.868541E-1
1.981525E+4	3.824355E-1
1.981550E+4	4.136021E-1
1.981575E+4	3.271203E-1
1.981600E+4	1.750531E-1
1.981625E+4	6.109976E-2
1.981650E+4	3.902038E-2
1.981675E+4	4.793888E-2
1.981700E+4	4.227365E-2
1.981725E+4	2.979785E-2
1.981750E+4	8.897836E-3
1.981775E+4	6.836624E-3
1.981800E+4	9.581765E-2
1.981825E+4	2.041037E-1
1.981850E+4	2.368818E-1
1.981875E+4	2.104025E-1
1.981900E+4	1.310730E-1
1.981925E+4	1.707970E-1
1.981950E+4	1.161185E-1
1.981975E+4	3.779093E-2
1.982000E+4	2.028556E-2
1.982025E+4	1.303567E-1
1.982050E+4	2.554793E-1
1.982075E+4	2.676720E-1
1.982100E+4	1.788309E-1
1.982125E+4	9.952035E-2
1.982150E+4	1.603054E-1
1.982175E+4	2.478293E-1
1.982200E+4	9.690639E-2
1.982225E+4	4.220776E-2
1.982250E+4	7.638973E-2
1.982275E+4	1.259729E-1
1.982300E+4	1.220032E-1
1.982325E+4	3.187018E-2
1.982350E+4	2.094643E-2
1.982375E+4	7.849158E-2
1.982400E+4	1.733375E-1
1.982425E+4	1.574613E-1
1.982450E+4	1.852774E-1
1.982475E+4	2.420127E-1
1.982500E+4	3.069316E-1
1.982525E+4	2.118707E-1
1.982550E+4	8.541686E-2
1.982575E+4	6.076379E-2
1.982600E+4	3.863210E-2
1.982625E+4	1.131210E-2
1.982650E+4	3.212640E-2
1.982675E+4	7.575826E-2
1.982700E+4	8.435792E-2
1.982725E+4	7.462138E-2
1.982750E+4	3.774113E-1
1.982775E+4	6.534787E-1
1.982800E+4	4.984945E-1
1.982825E+4	4.175204E-1
1.982850E+4	4.459409E-1
1.982875E+4	4.991059E-1
1.982900E+4	4.060343E-1
1.982925E+4	1.815508E-1
1.982950E+4	8.692142E-2
1.982975E+4	1.412450E-1
1.983000E+4	1.915825E-1
1.983025E+4	1.717971E-1
1.983050E+4	1.290815E-1
1.983075E+4	2.477046E-1
1.983100E+4	4.291837E-1
1.983125E+4	4.970129E-1
1.983150E+4	4.088797E-1
1.983175E+4	1.991435E-1
1.983200E+4	5.686599E-2
1.983225E+4	5.232821E-2
1.983250E+4	5.837355E-2
1.983275E+4	4.593486E-2
1.983300E+4	2.509658E-2
1.983325E+4	2.139885E-2
1.983350E+4	9.319624E-2
1.983375E+4	1.936015E-1
1.983400E+4	3.221247E-1
1.983425E+4	5.034730E-1
1.983450E+4	5.778306E-1
1.983475E+4	4.269349E-1
1.983500E+4	2.922061E-1
1.983525E+4	1.497484E-1
1.983550E+4	2.321563E-2
1.983575E+4	1.037014E-1
1.983600E+4	2.762660E-1
1.983625E+4	3.594219E-1
1.983650E+4	3.524486E-1
1.983675E+4	3.701752E-1
1.983700E+4	3.922073E-1
1.983725E+4	3.730339E-1
1.983750E+4	2.715053E-1
1.983775E+4	2.380138E-1
1.983800E+4	5.010464E-1
1.983825E+4	5.551303E-1
1.983850E+4	3.196017E-1
1.983875E+4	5.618100E-2
1.983900E+4	9.755697E-2
1.983925E+4	2.684704E-1
1.983950E+4	4.071286E-1
1.983975E+4	4.447935E-1
1.984000E+4	3.296895E-1
1.984025E+4	7.550307E-2
1.984050E+4	5.080546E-2
1.984075E+4	2.115628E-1
1.984100E+4	2.817141E-1
1.984125E+4	2.938475E-1
1.984150E+4	2.580845E-1
1.984175E+4	2.790731E-1
1.984200E+4	3.798459E-1
1.984225E+4	3.642808E-1
1.984250E+4	3.161003E-1
1.984275E+4	3.563236E-1
1.984300E+4	6.030300E-1
1.984325E+4	8.192494E-1
1.984350E+4	6.220595E-1
1.984375E+4	2.262800E-1
1.984400E+4	1.249727E-1
1.984425E+4	1.922901E-1
1.984450E+4	2.177972E-1
1.984475E+4	8.507234E-2
1.984500E+4	2.564836E-2
1.984525E+4	1.651910E-1
1.984550E+4	3.370671E-1
1.984575E+4	4.552331E-1
1.984600E+4	3.863154E-1
1.984625E+4	3.137972E-1
1.984650E+4	2.470346E-1
1.984675E+4	1.582479E-1
1.984700E+4	2.000638E-1
1.984725E+4	3.707403E-1
1.984750E+4	3.770593E-1
1.984775E+4	2.933311E-1
1.984800E+4	2.022680E-1
1.984825E+4	2.002889E-1
1.984850E+4	3.016554E-1
1.984875E+4	4.363206E-1
1.984900E+4	5.689040E-1
1.984925E+4	5.894471E-1
1.984950E+4	4.300487E-1
1.984975E+4	2.795173E-1
1.985000E+4	2.552582E-1
1.985025E+4	3.392437E-1
1.985050E+4	4.266670E-1
1.985075E+4	3.954146E-1
1.985100E+4	2.465418E-1
1.985125E+4	6.372157E-2
1.985150E+4	3.353657E-2
1.985175E+4	2.574094E-1
1.985200E+4	3.734184E-1
1.985225E+4	2.227395E-1
1.985250E+4	4.908028E-2
1.985275E+4	3.151018E-1
1.985300E+4	4.835591E-1
1.985325E+4	5.440596E-1
1.985350E+4	5.231634E-1
1.985375E+4	2.891578E-1
1.985400E+4	2.062202E-1
1.985425E+4	2.082133E-1
1.985450E+4	8.613034E-2
1.985475E+4	9.171280E-2
1.985500E+4	4.467680E-1
1.985525E+4	4.289674E-1
1.985550E+4	2.244046E-1
1.985575E+4	2.028123E-3
1.985600E+4	1.179619E-1
1.985625E+4	2.111925E-1
1.985650E+4	1.882901E-1
1.985675E+4	1.281645E-1
1.985700E+4	1.749214E-1
1.985725E+4	2.956505E-1
1.985750E+4	2.978431E-1
1.985775E+4	2.339670E-1
1.985800E+4	2.538464E-1
1.985825E+4	2.542815E-1
1.985850E+4	8.343475E-2
1.985875E+4	3.248104E-2
1.985900E+4	2.782521E-1
1.985925E+4	4.730678E-1
1.985950E+4	5.333456E-1
1.985975E+4	4.168088E-1
1.986000E+4	1.524681E-1
1.986025E+4	4.812095E-1
1.986050E+4	6.135458E-1
1.986075E+4	6.498603E-1
1.986100E+4	6.206686E-1
1.986125E+4	5.557709E-1
1.986150E+4	4.788217E-1
1.986175E+4	3.636596E-1
1.986200E+4	3.453837E-1
1.986225E+4	6.164943E-1
1.986250E+4	7.200313E-1
1.986275E+4	6.689096E-1
1.986300E+4	4.577914E-1
1.986325E+4	1.669772E-1
1.986350E+4	3.244423E-1
1.986375E+4	4.910336E-1
1.986400E+4	5.565409E-1
1.986425E+4	4.884718E-1
1.986450E+4	2.196864E-1
1.986475E+4	1.907347E-2
1.986500E+4	2.236288E-1
1.986525E+4	5.632455E-1
1.986550E+4	6.001828E-1
1.986575E+4	3.196249E-1
1.986600E+4	4.873908E-2
1.986625E+4	2.719111E-1
1.986650E+4	7.873088E-1
1.986675E+4	8.177914E-1
1.986700E+4	7.481127E-1
1.986725E+4	7.909545E-1
1.986750E+4	8.096108E-1
1.986775E+4	7.236276E-1
1.986800E+4	5.775304E-1
1.986825E+4	5.432651E-1
1.986850E+4	6.495138E-1
1.986875E+4	5.165173E-1
1.986900E+4	1.993372E-1
1.986925E+4	1.594565E-1
1.986950E+4	3.158868E-1
1.986975E+4	3.505309E-1
1.987000E+4	2.458625E-1
1.987025E+4	1.865060E-1
1.987050E+4	1.642919E-1
1.987075E+4	5.971906E-2
1.987100E+4	5.206622E-3
1.987125E+4	1.440917E-1
1.987150E+4	3.709399E-1
1.987175E+4	4.905152E-1
1.987200E+4	3.858172E-1
1.987225E+4	5.567844E-1
1.987250E+4	7.587834E-1
1.987275E+4	6.557250E-1
1.987300E+4	1.516746E-1
1.987325E+4	2.085795E-2
1.987350E+4	1.855810E-1
1.987375E+4	2.758991E-1
1.987400E+4	1.837896E-1
1.987425E+4	2.528512E-3
1.987450E+4	3.184462E-1
1.987475E+4	5.245791E-1
1.987500E+4	4.785050E-1
1.987525E+4	2.928770E-1
1.987550E+4	3.144725E-1
1.987575E+4	5.080916E-1
1.987600E+4	5.841565E-1
1.987625E+4	5.140985E-1
1.987650E+4	2.350783E-1
1.987675E+4	4.087522E-1
1.987700E+4	6.170852E-1
1.987725E+4	6.009343E-1
1.987750E+4	5.412967E-1
1.987775E+4	4.814478E-1
1.987800E+4	4.659140E-1
1.987825E+4	4.763667E-1
1.987850E+4	4.280986E-1
1.987875E+4	1.132525E-1
1.987900E+4	3.394934E-1
1.987925E+4	5.063839E-1
1.987950E+4	5.336968E-1
1.987975E+4	5.285384E-1
1.988000E+4	5.082680E-1
1.988025E+4	5.187715E-1
1.988050E+4	5.925951E-1
1.988075E+4	6.298708E-1
1.988100E+4	5.754361E-1
1.988125E+4	4.894305E-1
1.988150E+4	4.112178E-1
1.988175E+4	2.558535E-1
1.988200E+4	6.125843E-2
1.988225E+4	5.637280E-1
1.988250E+4	7.912919E-1
1.988275E+4	8.546776E-1
1.988300E+4	7.923705E-1
1.988325E+4	2.712594E-1
1.988350E+4	5.808619E-2
1.988375E+4	3.397686E-1
1.988400E+4	5.044730E-1
1.988425E+4	5.526854E-1
1.988450E+4	3.810010E-1
1.988475E+4	6.417354E-2
1.988500E+4	4.710486E-2
1.988525E+4	1.329634E-1
1.988550E+4	1.995105E-1
1.988575E+4	1.695695E-1
1.988600E+4	1.629728E-2
1.988625E+4	2.054147E-1
1.988650E+4	4.621304E-1
1.988675E+4	5.442122E-1
1.988700E+4	5.166926E-1
1.988725E+4	2.721470E-1
1.988750E+4	4.742501E-2
1.988775E+4	4.340625E-1
1.988800E+4	5.870864E-1
1.988825E+4	6.388364E-1
1.988850E+4	6.239917E-1
1.988875E+4	5.043740E-1
1.988900E+4	3.927236E-1
1.988925E+4	2.641605E-1
1.988950E+4	2.084638E-1
1.988975E+4	4.380294E-1
1.989000E+4	6.142887E-1
1.989025E+4	5.341046E-1
1.989050E+4	2.771693E-1
1.989075E+4	6.519919E-2
1.989100E+4	1.044108E-1
1.989125E+4	2.461899E-1
1.989150E+4	2.925332E-1
1.989175E+4	2.848074E-1
1.989200E+4	3.415322E-1
1.989225E+4	4.393200E-1
1.989250E+4	4.514161E-1
1.989275E+4	4.724007E-1
1.989300E+4	5.373139E-1
1.989325E+4	6.065328E-1
1.989350E+4	6.618578E-1
1.989375E+4	4.675739E-1
1.989400E+4	3.070214E-1
1.989425E+4	4.798016E-1
1.989450E+4	6.048084E-1
1.989475E+4	6.905076E-1
1.989500E+4	5.265446E-1
1.989525E+4	2.175551E-1
1.989550E+4	2.501695E-1
1.989575E+4	3.318746E-1
1.989600E+4	3.802241E-1
1.989625E+4	3.190180E-1
1.989650E+4	2.324071E-1
1.989675E+4	1.861704E-1
1.989700E+4	1.953739E-1
1.989725E+4	4.502338E-1
1.989750E+4	6.703291E-1
1.989775E+4	5.547050E-1
1.989800E+4	3.697973E-1
1.989825E+4	1.254079E-1
1.989850E+4	5.853048E-2
1.989875E+4	3.795880E-1
1.989900E+4	5.613670E-1
1.989925E+4	6.222952E-1
1.989950E+4	6.293478E-1
1.989975E+4	5.866499E-1
1.990000E+4	5.665556E-1
1.990025E+4	5.533243E-1
1.990050E+4	4.914598E-1
1.990075E+4	4.153026E-1
1.990100E+4	3.947192E-1
1.990125E+4	3.874808E-1
1.990150E+4	3.125523E-1
1.990175E+4	1.103753E-1
1.990200E+4	7.510841E-2
1.990225E+4	2.693789E-1
1.990250E+4	5.109228E-1
1.990275E+4	7.372884E-1
1.990300E+4	8.435312E-1
1.990325E+4	7.665609E-1
1.990350E+4	4.264743E-1
1.990375E+4	1.474315E-1
1.990400E+4	3.822653E-1
1.990425E+4	6.230001E-1
1.990450E+4	7.659689E-1
1.990475E+4	7.976299E-1
1.990500E+4	6.975739E-1
1.990525E+4	4.677308E-1
1.990550E+4	2.229377E-1
1.990575E+4	2.424142E-1
1.990600E+4	2.682858E-1
1.990625E+4	2.575173E-1
1.990650E+4	3.451424E-1
1.990675E+4	4.556147E-1
1.990700E+4	3.133711E-1
1.990725E+4	1.009096E-1
1.990750E+4	7.088353E-2
1.990775E+4	3.353669E-1
1.990800E+4	6.778029E-1
1.990825E+4	7.002490E-1
1.990850E+4	1.854743E-1
1.990875E+4	4.067708E-1
1.990900E+4	6.477714E-1
1.990925E+4	5.850812E-1
1.990950E+4	3.295121E-1
1.990975E+4	4.238585E-1
1.991000E+4	6.690781E-1
1.991025E+4	7.389162E-1
1.991050E+4	6.535765E-1
1.991075E+4	1.417418E-1
1.991100E+4	6.180819E-1
1.991125E+4	7.609443E-1
1.991150E+4	6.570637E-1
1.991175E+4	3.990829E-1
1.991200E+4	1.065356E-1
1.991225E+4	3.180136E-1
1.991250E+4	5.369713E-1
1.991275E+4	4.244785E-1
1.991300E+4	1.931474E-1
1.991325E+4	2.062378E-1
1.991350E+4	3.592936E-1
1.991375E+4	4.875367E-1
1.991400E+4	5.662574E-1
1.991425E+4	5.777806E-1
1.991450E+4	4.213043E-1
1.991475E+4	9.162730E-2
1.991500E+4	4.250736E-1
1.991525E+4	6.405529E-1
1.991550E+4	5.958001E-1
1.991575E+4	2.961876E-1
1.991600E+4	3.308307E-2
1.991625E+4	8.118218E-2
1.991650E+4	2.315080E-1
1.991675E+4	3.725546E-1
1.991700E+4	4.715484E-1
1.991725E+4	4.555998E-1
1.991750E+4	4.044701E-1
1.991775E+4	3.236893E-1
1.991800E+4	2.694705E-1
1.991825E+4	3.025369E-1
1.991850E+4	3.297976E-1
1.991875E+4	2.902231E-1
1.991900E+4	1.479081E-1
1.991925E+4	4.374384E-1
1.991950E+4	7.098114E-1
1.991975E+4	7.050188E-1
1.992000E+4	5.707182E-1
1.992025E+4	3.702702E-1
1.992050E+4	7.283855E-1
1.992075E+4	7.444639E-1
1.992100E+4	6.736594E-1
1.992125E+4	4.155209E-1
1.992150E+4	2.349387E-1
1.992175E+4	6.010281E-1
1.992200E+4	6.919290E-1
1.992225E+4	4.803101E-1
1.992250E+4	3.947066E-1
1.992275E+4	4.292003E-1
1.992300E+4	4.402574E-1
1.992325E+4	3.645794E-1
1.992350E+4	3.563359E-1
1.992375E+4	3.601730E-1
1.992400E+4	3.214599E-1
1.992425E+4	2.512580E-1
1.992450E+4	1.813415E-1
1.992475E+4	1.603104E-1
1.992500E+4	2.150696E-1
1.992525E+4	2.491573E-1
1.992550E+4	2.257017E-1
1.992575E+4	1.953507E-1
1.992600E+4	2.284393E-1
1.992625E+4	3.542869E-1
1.992650E+4	4.521487E-1
1.992675E+4	3.967163E-1
1.992700E+4	3.532695E-1
1.992725E+4	4.891595E-1
1.992750E+4	5.326596E-1
1.992775E+4	4.566966E-1
1.992800E+4	3.574142E-1
1.992825E+4	5.745563E-1
1.992850E+4	7.524250E-1
1.992875E+4	7.359893E-1
1.992900E+4	4.672599E-1
1.992925E+4	3.493006E-1
1.992950E+4	7.353191E-1
1.992975E+4	7.579995E-1
1.993000E+4	5.074854E-1
1.993025E+4	1.951386E-1
1.993050E+4	3.002016E-1
1.993075E+4	4.052054E-1
1.993100E+4	4.093588E-1
1.993125E+4	3.522734E-1
1.993150E+4	3.930248E-1
1.993175E+4	6.305266E-1
1.993200E+4	7.250840E-1
1.993225E+4	5.144567E-1
1.993250E+4	4.719885E-1
1.993275E+4	4.815979E-1
1.993300E+4	3.884328E-1
1.993325E+4	1.562870E-1
1.993350E+4	5.682422E-2
1.993375E+4	4.543960E-1
1.993400E+4	3.170128E-1
1.993425E+4	1.114641E-1
1.993450E+4	2.615339E-1
1.993475E+4	4.083807E-1
1.993500E+4	4.827272E-1
1.993525E+4	4.247861E-1
1.993550E+4	6.031571E-2
1.993575E+4	2.548126E-1
1.993600E+4	5.740092E-1
1.993625E+4	6.209994E-1
1.993650E+4	3.635344E-1
1.993675E+4	6.230668E-2
1.993700E+4	2.050149E-1
1.993725E+4	4.280546E-1
1.993750E+4	5.705931E-1
1.993775E+4	5.110372E-1
1.993800E+4	3.783837E-1
1.993825E+4	3.617491E-1
1.993850E+4	3.599512E-1
1.993875E+4	1.779513E-1
1.993900E+4	1.311674E-1
1.993925E+4	3.595618E-1
1.993950E+4	4.569610E-1
1.993975E+4	5.299917E-1
1.994000E+4	5.941752E-1
1.994025E+4	6.229727E-1
1.994050E+4	6.205109E-1
1.994075E+4	5.532633E-1
1.994100E+4	3.200049E-1
1.994125E+4	9.895855E-2
1.994150E+4	7.275731E-2
1.994175E+4	2.510680E-2
1.994200E+4	6.458328E-2
1.994225E+4	3.616235E-1
1.994250E+4	5.269496E-1
1.994275E+4	5.701287E-1
1.994300E+4	5.187124E-1
1.994325E+4	3.232515E-1
1.994350E+4	5.327418E-2
1.994375E+4	1.217432E-1
1.994400E+4	2.530996E-1
1.994425E+4	1.806930E-1
1.994450E+4	1.108971E-1
1.994475E+4	1.160317E-1
1.994500E+4	2.372145E-1
1.994525E+4	3.931462E-1
1.994550E+4	3.290928E-1
1.994575E+4	1.786339E-1
1.994600E+4	6.029853E-2
1.994625E+4	7.346913E-2
1.994650E+4	1.736620E-1
1.994675E+4	1.994399E-1
1.994700E+4	1.839143E-1
1.994725E+4	1.600756E-1
1.994750E+4	8.939557E-2
1.994775E+4	2.810902E-2
1.994800E+4	2.799538E-1
1.994825E+4	5.610968E-1
1.994850E+4	6.667865E-1
1.994875E+4	5.803870E-1
1.994900E+4	3.470182E-1
1.994925E+4	6.294882E-2
1.994950E+4	1.787244E-1
1.994975E+4	5.421800E-1
1.995000E+4	4.947731E-1
1.995025E+4	3.734058E-1
1.995050E+4	2.789736E-1
1.995075E+4	1.841551E-1
1.995100E+4	5.311391E-2
1.995125E+4	2.208104E-1
1.995150E+4	5.119331E-1
1.995175E+4	5.735563E-1
1.995200E+4	5.647975E-1
1.995225E+4	5.263204E-1
1.995250E+4	4.642922E-1
1.995275E+4	3.799312E-1
1.995300E+4	3.015473E-1
1.995325E+4	2.700503E-1
1.995350E+4	3.047999E-1
1.995375E+4	3.631758E-1
1.995400E+4	1.771568E-1
1.995425E+4	2.229630E-1
1.995450E+4	4.915729E-1
1.995475E+4	6.127161E-1
1.995500E+4	6.157942E-1
1.995525E+4	4.782276E-1
1.995550E+4	3.453505E-1
1.995575E+4	4.057777E-1
1.995600E+4	5.436024E-1
1.995625E+4	5.754308E-1
1.995650E+4	3.861561E-1
1.995675E+4	1.862069E-1
1.995700E+4	1.033842E-1
1.995725E+4	5.696585E-2
1.995750E+4	1.054833E-2
1.995775E+4	1.926293E-1
1.995800E+4	2.511091E-1
1.995825E+4	2.805456E-1
1.995850E+4	3.372691E-1
1.995875E+4	3.959167E-1
1.995900E+4	3.225460E-1
1.995925E+4	2.104797E-1
1.995950E+4	1.936744E-1
1.995975E+4	2.430908E-1
1.996000E+4	3.496328E-1
1.996025E+4	4.837187E-1
1.996050E+4	5.569236E-1
1.996075E+4	5.538064E-1
1.996100E+4	4.838236E-1
1.996125E+4	3.786427E-1
1.996150E+4	3.785826E-1
1.996175E+4	4.403989E-1
1.996200E+4	4.776146E-1
1.996225E+4	4.149251E-1
1.996250E+4	1.983662E-1
1.996275E+4	8.930100E-2
1.996300E+4	2.838497E-1
1.996325E+4	5.482716E-1
1.996350E+4	5.377289E-1
1.996375E+4	1.988014E-1
1.996400E+4	5.911992E-3
1.996425E+4	2.223426E-1
1.996450E+4	5.051294E-1
1.996475E+4	5.518297E-1
1.996500E+4	4.134534E-1
1.996525E+4	2.244850E-1
1.996550E+4	2.767059E-1
1.996575E+4	5.818691E-1
1.996600E+4	7.122081E-1
1.996625E+4	6.446638E-1
1.996650E+4	3.863625E-1
1.996675E+4	1.768923E-1
1.996700E+4	2.043046E-1
1.996725E+4	1.614230E-1
1.996750E+4	7.958638E-2
1.996775E+4	1.193591E-1
1.996800E+4	3.961122E-1
1.996825E+4	5.840582E-1
1.996850E+4	4.761369E-1
1.996875E+4	1.986638E-1
1.996900E+4	9.831973E-2
1.996925E+4	2.873593E-1
1.996950E+4	2.948864E-1
1.996975E+4	1.440311E-1
1.997000E+4	1.918994E-2
1.997025E+4	6.761883E-2
1.997050E+4	2.861744E-1
1.997075E+4	3.017009E-1
1.997100E+4	1.979525E-1
1.997125E+4	2.827545E-1
1.997150E+4	3.650084E-1
1.997175E+4	3.379272E-1
1.997200E+4	2.152128E-1
1.997225E+4	2.458294E-1
1.997250E+4	3.232615E-1
1.997275E+4	2.550582E-1
1.997300E+4	9.400352E-2
1.997325E+4	4.574173E-1
1.997350E+4	6.344558E-1
1.997375E+4	6.010611E-1
1.997400E+4	3.936382E-1
1.997425E+4	1.354963E-1
1.997450E+4	2.008901E-1
1.997475E+4	2.633249E-1
1.997500E+4	2.776118E-1
1.997525E+4	4.396660E-1
1.997550E+4	6.136760E-1
1.997575E+4	3.776740E-1
1.997600E+4	7.458362E-2
1.997625E+4	1.197397E-1
1.997650E+4	4.216948E-1
1.997675E+4	6.898151E-1
1.997700E+4	6.887832E-1
1.997725E+4	3.392631E-1
1.997750E+4	2.104244E-1
1.997775E+4	1.992418E-1
1.997800E+4	6.820760E-2
1.997825E+4	1.749908E-2
1.997850E+4	1.516696E-1
1.997875E+4	2.638713E-1
1.997900E+4	2.564036E-1
1.997925E+4	9.284040E-2
1.997950E+4	2.033986E-1
1.997975E+4	4.680121E-1
1.998000E+4	5.602462E-1
1.998025E+4	4.943777E-1
1.998050E+4	4.204875E-1
1.998075E+4	4.684992E-1
1.998100E+4	4.751599E-1
1.998125E+4	4.575637E-1
1.998150E+4	5.272627E-1
1.998175E+4	5.730301E-1
1.998200E+4	3.193120E-1
1.998225E+4	4.929103E-2
1.998250E+4	7.227056E-2
1.998275E+4	1.860139E-1
1.998300E+4	2.901261E-1
1.998325E+4	3.198064E-1
1.998350E+4	2.477549E-1
1.998375E+4	1.618991E-1
1.998400E+4	6.612193E-2
1.998425E+4	6.716350E-2
1.998450E+4	3.166477E-1
1.998475E+4	4.013465E-1
1.998500E+4	4.055492E-1
1.998525E+4	3.873169E-1
1.998550E+4	3.044935E-1
1.998575E+4	1.350187E-1
1.998600E+4	1.377915E-1
1.998625E+4	2.261591E-1
1.998650E+4	3.693659E-1
1.998675E+4	5.610474E-1
1.998700E+4	4.400428E-1
1.998725E+4	1.071421E-1
1.998750E+4	4.459179E-3
1.998775E+4	1.345178E-2
1.998800E+4	6.955044E-2
1.998825E+4	1.830253E-1
1.998850E+4	2.820555E-1
1.998875E+4	1.958135E-1
1.998900E+4	4.514105E-2
1.998925E+4	2.101429E-2
1.998950E+4	2.165453E-1
1.998975E+4	3.034456E-1
1.999000E+4	9.809698E-2
1.999025E+4	3.970035E-2
1.999050E+4	7.154712E-2
1.999075E+4	7.586073E-2
1.999100E+4	3.079478E-2
1.999125E+4	2.167503E-2
1.999150E+4	1.402128E-1
1.999175E+4	3.900077E-1
1.999200E+4	3.108797E-1
1.999225E+4	9.806959E-2
1.999250E+4	2.844449E-1
1.999275E+4	5.913053E-1
1.999300E+4	5.999720E-1
1.999325E+4	1.606576E-1
1.999350E+4	2.968411E-2
1.999375E+4	1.725492E-1
1.999400E+4	3.813822E-1
1.999425E+4	3.674419E-1
1.999450E+4	7.534388E-2
1.999475E+4	7.202032E-3
1.999500E+4	1.203818E-1
1.999525E+4	2.726706E-1
1.999550E+4	8.019354E-2
1.999575E+4	7.501170E-3
1.999600E+4	1.084783E-1
1.999625E+4	3.146007E-1
1.999650E+4	5.672862E-1
1.999675E+4	5.460411E-1
1.999700E+4	3.363483E-1
1.999725E+4	1.070405E-1
1.999750E+4	5.524150E-2
1.999775E+4	2.274033E-1
1.999800E+4	2.752832E-1
1.999825E+4	1.927172E-1
1.999850E+4	4.870762E-2
1.999875E+4	2.210195E-2
1.999900E+4	1.961727E-1
1.999925E+4	2.994483E-1
1.999950E+4	2.716775E-1
1.999975E+4	1.849263E-1
2.000000E+4	1.179422E-1
2.000025E+4	1.156772E-1
2.000050E+4	2.011884E-1
2.000075E+4	3.502223E-1
2.000100E+4	3.774591E-1
2.000125E+4	1.152212E-1
2.000150E+4	3.365689E-2
2.000175E+4	2.380374E-1
2.000200E+4	4.287122E-1
2.000225E+4	5.407636E-1
2.000250E+4	5.363752E-1
2.000275E+4	3.870176E-1
2.000300E+4	3.737138E-1
2.000325E+4	3.804728E-1
2.000350E+4	2.773026E-1
2.000375E+4	1.277256E-1
2.000400E+4	1.599375E-1
2.000425E+4	1.386588E-1
2.000450E+4	3.671734E-3
2.000475E+4	2.077692E-1
2.000500E+4	5.290193E-1
2.000525E+4	6.793766E-1
2.000550E+4	7.453492E-1
2.000575E+4	7.357411E-1
2.000600E+4	5.214099E-1
2.000625E+4	4.676747E-1
2.000650E+4	4.140041E-1
2.000675E+4	2.908645E-1
2.000700E+4	1.419325E-1
2.000725E+4	4.772957E-2
2.000750E+4	2.875807E-2
2.000775E+4	3.097797E-2
2.000800E+4	1.431789E-2
2.000825E+4	1.698655E-3
2.000850E+4	5.789003E-2
2.000875E+4	1.911437E-1
2.000900E+4	2.316890E-1
2.000925E+4	2.842325E-1
2.000950E+4	4.335441E-1
2.000975E+4	6.384424E-1
2.001000E+4	3.393036E-1
2.001025E+4	1.010101E-1
2.001050E+4	2.576103E-2
2.001075E+4	1.067554E-2
2.001100E+4	1.163682E-1
2.001125E+4	1.607631E-1
2.001150E+4	6.510600E-2
2.001175E+4	4.179184E-2
2.001200E+4	6.353102E-2
2.001225E+4	1.360769E-1
2.001250E+4	1.322949E-1
2.001275E+4	4.379838E-2
2.001300E+4	2.161788E-2
2.001325E+4	8.106910E-2
2.001350E+4	3.299077E-1
2.001375E+4	7.383663E-1
2.001400E+4	5.697864E-1
2.001425E+4	4.125896E-1
2.001450E+4	3.658522E-1
2.001475E+4	2.682149E-1
2.001500E+4	1.513350E-1
2.001525E+4	7.203321E-2
2.001550E+4	1.986499E-2
2.001575E+4	3.572551E-2
2.001600E+4	2.433646E-1
2.001625E+4	3.847679E-1
2.001650E+4	3.127705E-1
2.001675E+4	1.655564E-1
2.001700E+4	1.234401E-2
2.001725E+4	1.221433E-1
2.001750E+4	2.934753E-1
2.001775E+4	2.616544E-1
2.001800E+4	2.091004E-1
2.001825E+4	2.405279E-1
2.001850E+4	2.723659E-1
2.001875E+4	2.239778E-1
2.001900E+4	6.384685E-2
2.001925E+4	1.795674E-1
2.001950E+4	3.053910E-1
2.001975E+4	2.411400E-1
2.002000E+4	1.248787E-1
2.002025E+4	6.343366E-3
2.002050E+4	2.655431E-1
2.002075E+4	4.373930E-1
2.002100E+4	2.985372E-1
2.002125E+4	9.979986E-2
2.002150E+4	1.995080E-1
2.002175E+4	5.395849E-1
2.002200E+4	6.034741E-1
2.002225E+4	4.989476E-1
2.002250E+4	3.290806E-1
2.002275E+4	4.437508E-1
2.002300E+4	6.586424E-1
2.002325E+4	7.905883E-1
2.002350E+4	7.798651E-1
2.002375E+4	4.372453E-1
2.002400E+4	2.111760E-1
2.002425E+4	6.145426E-2
2.002450E+4	1.927994E-2
2.002475E+4	2.631628E-1
2.002500E+4	4.289244E-1
2.002525E+4	4.413816E-1
2.002550E+4	3.205096E-1
2.002575E+4	3.773502E-2
2.002600E+4	2.063015E-1
2.002625E+4	2.822754E-1
2.002650E+4	1.800925E-1
2.002675E+4	6.155123E-3
2.002700E+4	1.802734E-1
2.002725E+4	4.293064E-1
2.002750E+4	5.182062E-1
2.002775E+4	4.757866E-1
2.002800E+4	1.556522E-1
2.002825E+4	3.343705E-1
2.002850E+4	4.148293E-1
2.002875E+4	4.555147E-1
2.002900E+4	4.589369E-1
2.002925E+4	3.812441E-1
2.002950E+4	2.421880E-1
2.002975E+4	3.817227E-1
2.003000E+4	6.991261E-1
2.003025E+4	5.129438E-1
2.003050E+4	2.472616E-1
2.003075E+4	7.709498E-2
2.003100E+4	3.995770E-2
2.003125E+4	1.458216E-1
2.003150E+4	2.351022E-1
2.003175E+4	1.440874E-1
2.003200E+4	9.408590E-2
2.003225E+4	3.488959E-1
2.003250E+4	3.934400E-1
2.003275E+4	3.405063E-1
2.003300E+4	2.596277E-1
2.003325E+4	1.210201E-1
2.003350E+4	8.635347E-2
2.003375E+4	1.669801E-1
2.003400E+4	2.649694E-1
2.003425E+4	3.876684E-1
2.003450E+4	3.418832E-1
2.003475E+4	1.700824E-1
2.003500E+4	4.181740E-2
2.003525E+4	1.256716E-2
2.003550E+4	1.785316E-1
2.003575E+4	1.913200E-1
2.003600E+4	1.394543E-1
2.003625E+4	9.351621E-2
2.003650E+4	6.584177E-2
2.003675E+4	1.264704E-1
2.003700E+4	2.421094E-1
2.003725E+4	3.180286E-1
2.003750E+4	4.047938E-1
2.003775E+4	5.335219E-1
2.003800E+4	4.992784E-1
2.003825E+4	2.521767E-1
2.003850E+4	1.969708E-1
2.003875E+4	1.596085E-1
2.003900E+4	8.612120E-2
2.003925E+4	3.063594E-2
2.003950E+4	4.340311E-2
2.003975E+4	9.583681E-2
2.004000E+4	2.054232E-2
2.004025E+4	4.196201E-2
2.004050E+4	1.745978E-1
2.004075E+4	3.781785E-1
2.004100E+4	5.600166E-1
2.004125E+4	2.214107E-1
2.004150E+4	9.655518E-2
2.004175E+4	9.505799E-2
2.004200E+4	1.169364E-1
2.004225E+4	1.636724E-1
2.004250E+4	2.199853E-1
2.004275E+4	2.366664E-1
2.004300E+4	2.547487E-1
2.004325E+4	2.775029E-1
2.004350E+4	2.074627E-1
2.004375E+4	1.306858E-1
2.004400E+4	1.375379E-1
2.004425E+4	1.541934E-1
2.004450E+4	1.418647E-1
2.004475E+4	5.072515E-2
2.004500E+4	1.455008E-4
2.004525E+4	4.210293E-2
2.004550E+4	1.249264E-1
2.004575E+4	1.736166E-1
2.004600E+4	1.153315E-1
2.004625E+4	8.347352E-2
2.004650E+4	2.564085E-1
2.004675E+4	4.396053E-1
2.004700E+4	4.919783E-1
2.004725E+4	4.435671E-1
2.004750E+4	3.465426E-1
2.004775E+4	2.668061E-1
2.004800E+4	2.661190E-1
2.004825E+4	3.125638E-1
2.004850E+4	3.335383E-1
2.004875E+4	2.858231E-1
2.004900E+4	1.559416E-1
2.004925E+4	2.328839E-2
2.004950E+4	1.631999E-1
2.004975E+4	3.099998E-1
2.005000E+4	2.342048E-1
2.005025E+4	6.959087E-2
2.005050E+4	1.831382E-1
2.005075E+4	4.038086E-1
2.005100E+4	3.666827E-1
2.005125E+4	1.824689E-1
2.005150E+4	1.366148E-2
2.005175E+4	3.585192E-1
2.005200E+4	7.068791E-1
2.005225E+4	7.303406E-1
2.005250E+4	6.290059E-1
2.005275E+4	4.540246E-1
2.005300E+4	3.495684E-1
2.005325E+4	3.042402E-1
2.005350E+4	2.816974E-1
2.005375E+4	3.266880E-1
2.005400E+4	4.699208E-1
2.005425E+4	5.470289E-1
2.005450E+4	3.203188E-1
2.005475E+4	6.471475E-2
2.005500E+4	2.734916E-2
2.005525E+4	6.738824E-2
2.005550E+4	7.463172E-2
2.005575E+4	8.528460E-2
2.005600E+4	1.620026E-1
2.005625E+4	3.038858E-1
2.005650E+4	4.244501E-1
2.005675E+4	2.305069E-1
2.005700E+4	3.441924E-2
2.005725E+4	2.866602E-2
2.005750E+4	7.331085E-2
2.005775E+4	1.456309E-1
2.005800E+4	2.360532E-1
2.005825E+4	2.305752E-1
2.005850E+4	2.352749E-1
2.005875E+4	3.034547E-1
2.005900E+4	4.554204E-1
2.005925E+4	5.668447E-1
2.005950E+4	3.210967E-1
2.005975E+4	1.839332E-1
2.006000E+4	1.860730E-1
2.006025E+4	2.877610E-1
2.006050E+4	4.475966E-1
2.006075E+4	2.748721E-1
2.006100E+4	1.337180E-1
2.006125E+4	9.676212E-2
2.006150E+4	7.145026E-2
2.006175E+4	1.408414E-2
2.006200E+4	4.758161E-2
2.006225E+4	2.969367E-1
2.006250E+4	5.660025E-1
2.006275E+4	5.135044E-1
2.006300E+4	2.272249E-1
2.006325E+4	3.143396E-1
2.006350E+4	4.961766E-1
2.006375E+4	6.615263E-1
2.006400E+4	6.577434E-1
2.006425E+4	3.675785E-1
2.006450E+4	2.490895E-1
2.006475E+4	2.867509E-1
2.006500E+4	3.042189E-1
2.006525E+4	1.089240E-1
2.006550E+4	1.052798E-1
2.006575E+4	1.732581E-1
2.006600E+4	1.440133E-1
2.006625E+4	8.449621E-2
2.006650E+4	4.409489E-1
2.006675E+4	6.116443E-1
2.006700E+4	6.217843E-1
2.006725E+4	5.283820E-1
2.006750E+4	4.454466E-1
2.006775E+4	5.437940E-1
2.006800E+4	5.803997E-1
2.006825E+4	5.557675E-1
2.006850E+4	4.386136E-1
2.006875E+4	3.812195E-1
2.006900E+4	3.588655E-1
2.006925E+4	2.530742E-1
2.006950E+4	7.983710E-2
2.006975E+4	7.530888E-2
2.007000E+4	2.397171E-1
2.007025E+4	4.620517E-1
2.007050E+4	6.184496E-1
2.007075E+4	4.874952E-1
2.007100E+4	1.924962E-1
2.007125E+4	4.351022E-3
2.007150E+4	1.749727E-1
2.007175E+4	3.096489E-1
2.007200E+4	2.322985E-1
2.007225E+4	1.946835E-2
2.007250E+4	1.725139E-1
2.007275E+4	3.722208E-1
2.007300E+4	3.316808E-1
2.007325E+4	1.267057E-1
2.007350E+4	8.496146E-2
2.007375E+4	4.930759E-1
2.007400E+4	5.777683E-1
2.007425E+4	2.844286E-1
2.007450E+4	2.426973E-1
2.007475E+4	5.119625E-1
2.007500E+4	5.578659E-1
2.007525E+4	5.384204E-1
2.007550E+4	5.692330E-1
2.007575E+4	7.012625E-1
2.007600E+4	5.788997E-1
2.007625E+4	3.963178E-1
2.007650E+4	9.756086E-2
2.007675E+4	2.042632E-1
2.007700E+4	4.933170E-1
2.007725E+4	4.409523E-1
2.007750E+4	8.460979E-2
2.007775E+4	3.209176E-1
2.007800E+4	7.729921E-1
2.007825E+4	7.813151E-1
2.007850E+4	3.725893E-1
2.007875E+4	2.446125E-1
2.007900E+4	5.926936E-1
2.007925E+4	6.434373E-1
2.007950E+4	4.021736E-1
2.007975E+4	8.848024E-3
2.008000E+4	2.342360E-1
2.008025E+4	5.152932E-1
2.008050E+4	5.323653E-1
2.008075E+4	2.199947E-1
2.008100E+4	2.765419E-2
2.008125E+4	1.725789E-1
2.008150E+4	3.332502E-1
2.008175E+4	4.233850E-1
2.008200E+4	4.616885E-1
2.008225E+4	4.410962E-1
2.008250E+4	2.832097E-1
2.008275E+4	5.992053E-3
2.008300E+4	1.714956E-1
2.008325E+4	2.142476E-1
2.008350E+4	1.744518E-1
2.008375E+4	5.206342E-1
2.008400E+4	6.205946E-1
2.008425E+4	5.719875E-1
2.008450E+4	4.039277E-1
2.008475E+4	3.096901E-1
2.008500E+4	6.866101E-1
2.008525E+4	9.030444E-1
2.008550E+4	9.130347E-1
2.008575E+4	6.864833E-1
2.008600E+4	4.564399E-1
2.008625E+4	4.884022E-1
2.008650E+4	3.475553E-1
2.008675E+4	1.327318E-1
2.008700E+4	2.981947E-1
2.008725E+4	3.568664E-1
2.008750E+4	2.046464E-1
2.008775E+4	9.064825E-2
2.008800E+4	3.215939E-1
2.008825E+4	6.111697E-1
2.008850E+4	7.036428E-1
2.008875E+4	5.397121E-1
2.008900E+4	4.839970E-1
2.008925E+4	4.742074E-1
2.008950E+4	3.108228E-1
2.008975E+4	3.049720E-2
2.009000E+4	7.323366E-2
2.009025E+4	1.997156E-1
2.009050E+4	1.555653E-1
2.009075E+4	1.017808E-3
2.009100E+4	2.110758E-1
2.009125E+4	3.565863E-1
2.009150E+4	2.888023E-1
2.009175E+4	7.021253E-2
2.009200E+4	3.264646E-2
2.009225E+4	2.316286E-1
2.009250E+4	3.588994E-1
2.009275E+4	3.946769E-1
2.009300E+4	3.873330E-1
2.009325E+4	3.097966E-1
2.009350E+4	1.016778E-1
2.009375E+4	4.647131E-1
2.009400E+4	7.068494E-1
2.009425E+4	7.546080E-1
2.009450E+4	6.795001E-1
2.009475E+4	3.701068E-1
2.009500E+4	5.448417E-2
2.009525E+4	1.536591E-1
2.009550E+4	2.882627E-1
2.009575E+4	3.902483E-1
2.009600E+4	4.633448E-1
2.009625E+4	4.933377E-1
2.009650E+4	4.822400E-1
2.009675E+4	4.467533E-1
2.009700E+4	4.383359E-1
2.009725E+4	4.614911E-1
2.009750E+4	4.264083E-1
2.009775E+4	4.836975E-1
2.009800E+4	6.213378E-1
2.009825E+4	6.461638E-1
2.009850E+4	3.000930E-1
2.009875E+4	1.568187E-2
2.009900E+4	2.905374E-1
2.009925E+4	5.243657E-1
2.009950E+4	6.928352E-1
2.009975E+4	6.244952E-1
2.010000E+4	7.511781E-2
2.010025E+4	3.603078E-1
2.010050E+4	5.447718E-1
2.010075E+4	6.601182E-1
2.010100E+4	2.784597E-1
2.010125E+4	4.953164E-2
2.010150E+4	5.520727E-2
2.010175E+4	5.878146E-2
2.010200E+4	8.721981E-2
2.010225E+4	1.522243E-1
2.010250E+4	6.953666E-2
2.010275E+4	8.650703E-5
2.010300E+4	1.267820E-1
2.010325E+4	6.026313E-1
2.010350E+4	5.435445E-1
2.010375E+4	2.346524E-1
2.010400E+4	1.853067E-1
2.010425E+4	2.770441E-1
2.010450E+4	3.088789E-1
2.010475E+4	9.910643E-2
2.010500E+4	1.762113E-2
2.010525E+4	1.129802E-1
2.010550E+4	1.943819E-1
2.010575E+4	1.581390E-1
2.010600E+4	1.002309E-1
2.010625E+4	2.084022E-1
2.010650E+4	4.406132E-1
2.010675E+4	5.560319E-1
2.010700E+4	3.413350E-1
2.010725E+4	2.239787E-1
2.010750E+4	2.804237E-1
2.010775E+4	3.322125E-1
2.010800E+4	1.219247E-1
2.010825E+4	2.729167E-3
2.010850E+4	5.826995E-2
2.010875E+4	2.237934E-1
2.010900E+4	3.907655E-1
2.010925E+4	4.331031E-1
2.010950E+4	3.965617E-1
2.010975E+4	4.870502E-1
2.011000E+4	5.741376E-1
2.011025E+4	4.552311E-1
2.011050E+4	2.132444E-1
2.011075E+4	2.159452E-2
2.011100E+4	8.657529E-2
2.011125E+4	2.738170E-1
2.011150E+4	2.078916E-1
2.011175E+4	4.817523E-3
2.011200E+4	1.790741E-1
2.011225E+4	4.264737E-1
2.011250E+4	6.031393E-1
2.011275E+4	6.513406E-1
2.011300E+4	3.762345E-1
2.011325E+4	3.609530E-1
2.011350E+4	4.329476E-1
2.011375E+4	4.414570E-1
2.011400E+4	2.668792E-1
2.011425E+4	1.167729E-1
2.011450E+4	1.898982E-1
2.011475E+4	1.850548E-1
2.011500E+4	1.427441E-1
2.011525E+4	2.477181E-1
2.011550E+4	4.296316E-1
2.011575E+4	4.018819E-1
2.011600E+4	3.297678E-1
2.011625E+4	2.579399E-1
2.011650E+4	1.158868E-1
2.011675E+4	1.484554E-2
2.011700E+4	9.271026E-2
2.011725E+4	1.442162E-1
2.011750E+4	1.339328E-1
2.011775E+4	7.000340E-2
2.011800E+4	1.079591E-1
2.011825E+4	2.224442E-1
2.011850E+4	3.113554E-1
2.011875E+4	3.394173E-1
2.011900E+4	1.603164E-1
2.011925E+4	5.480268E-3
2.011950E+4	4.983443E-2
2.011975E+4	8.120064E-2
2.012000E+4	1.671551E-1
2.012025E+4	2.781424E-1
2.012050E+4	3.357406E-1
2.012075E+4	3.033196E-1
2.012100E+4	9.198489E-2
2.012125E+4	5.788467E-4
2.012150E+4	8.928031E-3
2.012175E+4	7.625749E-4
2.012200E+4	1.074764E-1
2.012225E+4	4.274890E-1
2.012250E+4	6.268213E-1
2.012275E+4	7.601696E-1
2.012300E+4	7.430487E-1
2.012325E+4	2.235501E-2
2.012350E+4	1.923657E-1
2.012375E+4	4.588418E-1
2.012400E+4	7.453752E-1
2.012425E+4	8.431662E-1
2.012450E+4	6.756124E-1
2.012475E+4	4.512626E-1
2.012500E+4	2.327001E-1
2.012525E+4	1.478441E-1
2.012550E+4	1.785880E-1
2.012575E+4	1.383014E-1
2.012600E+4	3.997043E-2
2.012625E+4	1.607838E-2
2.012650E+4	7.133109E-2
2.012675E+4	6.366400E-2
2.012700E+4	3.386204E-2
2.012725E+4	8.396218E-3
2.012750E+4	1.576233E-3
2.012775E+4	4.085268E-2
2.012800E+4	1.319069E-1
2.012825E+4	2.389830E-1
2.012850E+4	2.367270E-1
2.012875E+4	1.281664E-1
2.012900E+4	2.254294E-1
2.012925E+4	3.686838E-1
2.012950E+4	4.461018E-1
2.012975E+4	1.821900E-1
2.013000E+4	5.710596E-2
2.013025E+4	2.188874E-1
2.013050E+4	3.264571E-1
2.013075E+4	3.783149E-1
2.013100E+4	3.080082E-1
2.013125E+4	1.717710E-1
2.013150E+4	3.511200E-1
2.013175E+4	4.032464E-1
2.013200E+4	3.532506E-1
2.013225E+4	6.813570E-2
2.013250E+4	2.724568E-1
2.013275E+4	4.469020E-1
2.013300E+4	4.667977E-1
2.013325E+4	3.745664E-1
2.013350E+4	2.773939E-1
2.013375E+4	5.347623E-1
2.013400E+4	5.908930E-1
2.013425E+4	5.490023E-1
2.013450E+4	3.070283E-1
2.013475E+4	8.594876E-2
2.013500E+4	3.599594E-1
2.013525E+4	4.321324E-1
2.013550E+4	3.596426E-1
2.013575E+4	1.190767E-1
2.013600E+4	1.028457E-1
2.013625E+4	4.396547E-1
2.013650E+4	4.734455E-1
2.013675E+4	3.013333E-1
2.013700E+4	7.256470E-2
2.013725E+4	2.875680E-1
2.013750E+4	5.087348E-1
2.013775E+4	5.141426E-1
2.013800E+4	2.975587E-1
2.013825E+4	4.943149E-3
2.013850E+4	2.340597E-1
2.013875E+4	4.919361E-1
2.013900E+4	5.485747E-1
2.013925E+4	3.376823E-1
2.013950E+4	1.413994E-1
2.013975E+4	2.894541E-1
2.014000E+4	4.525267E-1
2.014025E+4	4.724216E-1
2.014050E+4	3.226003E-1
2.014075E+4	2.299393E-1
2.014100E+4	1.810308E-1
2.014125E+4	1.521187E-1
2.014150E+4	1.597724E-1
2.014175E+4	2.098608E-1
2.014200E+4	2.488742E-1
2.014225E+4	2.322725E-1
2.014250E+4	1.600772E-1
2.014275E+4	5.788287E-2
2.014300E+4	5.134564E-2
2.014325E+4	1.525122E-1
2.014350E+4	2.546159E-1
2.014375E+4	3.202734E-1
2.014400E+4	3.522467E-1
2.014425E+4	3.448573E-1
2.014450E+4	2.040430E-1
2.014475E+4	4.094917E-2
2.014500E+4	1.755765E-2
2.014525E+4	2.745225E-2
2.014550E+4	4.638847E-2
2.014575E+4	1.916410E-2
2.014600E+4	3.849628E-3
2.014625E+4	4.685866E-2
2.014650E+4	1.250649E-1
2.014675E+4	2.088761E-1
2.014700E+4	2.154408E-1
2.014725E+4	1.403373E-1
2.014750E+4	7.848236E-2
2.014775E+4	5.588156E-2
2.014800E+4	4.578461E-2
2.014825E+4	2.786735E-2
2.014850E+4	3.470442E-2
2.014875E+4	2.148948E-2
2.014900E+4	1.429365E-3
2.014925E+4	2.736627E-2
2.014950E+4	1.622551E-1
2.014975E+4	3.692619E-1
2.015000E+4	1.429569E-1
2.015025E+4	7.987684E-2
2.015050E+4	1.158855E-1
2.015075E+4	2.012822E-1
2.015100E+4	3.045126E-1
2.015125E+4	2.151382E-1
2.015150E+4	4.137614E-2
2.015175E+4	2.962565E-2
2.015200E+4	8.496737E-2
2.015225E+4	1.296628E-1
2.015250E+4	1.031709E-1
2.015275E+4	1.123305E-1
2.015300E+4	1.748556E-1
2.015325E+4	2.603558E-1
2.015350E+4	3.151372E-1
2.015375E+4	2.819888E-1
2.015400E+4	2.267092E-1
2.015425E+4	2.365952E-1
2.015450E+4	3.493818E-1
2.015475E+4	4.964667E-1
2.015500E+4	4.839242E-1
2.015525E+4	3.944731E-1
2.015550E+4	2.883067E-1
2.015575E+4	1.650626E-1
2.015600E+4	8.745512E-2
2.015625E+4	1.021625E-1
2.015650E+4	1.740682E-1
2.015675E+4	2.350842E-1
2.015700E+4	2.492201E-1
2.015725E+4	2.522943E-1
2.015750E+4	3.176060E-1
2.015775E+4	3.212171E-1
2.015800E+4	1.276574E-1
2.015825E+4	9.377228E-2
2.015850E+4	1.115419E-1
2.015875E+4	1.500388E-1
2.015900E+4	1.902321E-1
2.015925E+4	2.242472E-1
2.015950E+4	2.669174E-1
2.015975E+4	2.859449E-1
2.016000E+4	1.134904E-1
2.016025E+4	2.613498E-2
2.016050E+4	3.903998E-2
2.016075E+4	1.040411E-1
2.016100E+4	1.405866E-1
2.016125E+4	4.477845E-2
2.016150E+4	2.370844E-2
2.016175E+4	3.550069E-2
2.016200E+4	6.313956E-2
2.016225E+4	7.409133E-2
2.016250E+4	1.401213E-2
2.016275E+4	9.089554E-3
2.016300E+4	2.515454E-2
2.016325E+4	4.098274E-2
2.016350E+4	4.491342E-2
2.016375E+4	6.865030E-2
2.016400E+4	8.781009E-2
2.016425E+4	8.314914E-2
2.016450E+4	2.440048E-2
2.016475E+4	4.693433E-2
2.016500E+4	8.836500E-2
2.016525E+4	1.090310E-1
2.016550E+4	1.145616E-1
2.016575E+4	1.258607E-1
2.016600E+4	1.452844E-1
2.016625E+4	1.541821E-1
2.016650E+4	1.783543E-1
2.016675E+4	3.423474E-1
2.016700E+4	6.311316E-1
2.016725E+4	7.408402E-1
2.016750E+4	7.038496E-1
2.016775E+4	5.729419E-1
2.016800E+4	4.384693E-1
2.016825E+4	4.251103E-1
2.016850E+4	4.966705E-1
2.016875E+4	5.446013E-1
2.016900E+4	3.506767E-1
2.016925E+4	7.905084E-2
2.016950E+4	1.161433E-1
2.016975E+4	1.788669E-1
2.017000E+4	2.316704E-1
2.017025E+4	2.956873E-1
2.017050E+4	3.442422E-1
2.017075E+4	3.439803E-1
2.017100E+4	2.769599E-1
2.017125E+4	1.854031E-1
2.017150E+4	1.994448E-1
2.017175E+4	2.453429E-1
2.017200E+4	2.423974E-1
2.017225E+4	2.030405E-1
2.017250E+4	1.447792E-1
2.017275E+4	1.193257E-1
2.017300E+4	1.272129E-1
2.017325E+4	1.268196E-1
2.017350E+4	1.025375E-1
2.017375E+4	5.338232E-2
2.017400E+4	6.055580E-2
2.017425E+4	1.217538E-1
2.017450E+4	8.916345E-2
2.017475E+4	2.743529E-2
2.017500E+4	2.518453E-2
2.017525E+4	1.353923E-1
2.017550E+4	2.919311E-1
2.017575E+4	3.719010E-1
2.017600E+4	3.747745E-1
2.017625E+4	3.809100E-1
2.017650E+4	3.819784E-1
2.017675E+4	2.008867E-1
2.017700E+4	9.086964E-3
2.017725E+4	4.198698E-2
2.017750E+4	1.426592E-1
2.017775E+4	2.258010E-1
2.017800E+4	8.609617E-2
2.017825E+4	1.794713E-2
2.017850E+4	5.691514E-2
2.017875E+4	7.332750E-2
2.017900E+4	4.369800E-2
2.017925E+4	2.010307E-1
2.017950E+4	1.736440E-1
2.017975E+4	1.276767E-1
2.018000E+4	6.707538E-2
2.018025E+4	2.929036E-2
2.018050E+4	3.880089E-1
2.018075E+4	7.282240E-1
2.018100E+4	5.555780E-1
2.018125E+4	4.049933E-1
2.018150E+4	2.858691E-1
2.018175E+4	1.956430E-1
2.018200E+4	2.783883E-1
2.018225E+4	3.323264E-1
2.018250E+4	3.356914E-1
2.018275E+4	2.973017E-1
2.018300E+4	2.421080E-1
2.018325E+4	3.065860E-1
2.018350E+4	3.987931E-1
2.018375E+4	4.492560E-1
2.018400E+4	3.346842E-1
2.018425E+4	1.364329E-1
2.018450E+4	9.647954E-2
2.018475E+4	8.760603E-2
2.018500E+4	4.419474E-2
2.018525E+4	1.862770E-1
2.018550E+4	3.197653E-1
2.018575E+4	1.378478E-1
2.018600E+4	4.546897E-2
2.018625E+4	1.047209E-1
2.018650E+4	3.655892E-1
2.018675E+4	5.011676E-1
2.018700E+4	3.541376E-1
2.018725E+4	1.266937E-1
2.018750E+4	3.372574E-2
2.018775E+4	1.081297E-1
2.018800E+4	1.512677E-1
2.018825E+4	1.031200E-1
2.018850E+4	9.669741E-2
2.018875E+4	1.661630E-1
2.018900E+4	1.457094E-1
2.018925E+4	7.305515E-2
2.018950E+4	1.780943E-2
2.018975E+4	1.550929E-2
2.019000E+4	1.070454E-2
2.019025E+4	4.150840E-3
2.019050E+4	4.597157E-2
2.019075E+4	1.471370E-1
2.019100E+4	2.716685E-1
2.019125E+4	3.091664E-1
2.019150E+4	2.624589E-1
2.019175E+4	3.155573E-1
2.019200E+4	4.473247E-1
2.019225E+4	5.902302E-1
2.019250E+4	6.848742E-1
2.019275E+4	5.871040E-1
2.019300E+4	2.678702E-1
2.019325E+4	5.391289E-2
2.019350E+4	1.894374E-2
2.019375E+4	5.148715E-2
2.019400E+4	6.710316E-2
2.019425E+4	1.529093E-2
2.019450E+4	1.591239E-2
2.019475E+4	7.886892E-2
2.019500E+4	1.465234E-1
2.019525E+4	2.019039E-1
2.019550E+4	2.648547E-1
2.019575E+4	3.671909E-1
2.019600E+4	4.875414E-1
2.019625E+4	4.032375E-1
2.019650E+4	2.079909E-1
2.019675E+4	6.826085E-2
2.019700E+4	3.641980E-3
2.019725E+4	8.389530E-2
2.019750E+4	1.535500E-1
2.019775E+4	1.587170E-1
2.019800E+4	1.315868E-1
2.019825E+4	8.759767E-2
2.019850E+4	6.276763E-2
2.019875E+4	6.149604E-2
2.019900E+4	9.366902E-2
2.019925E+4	2.283166E-1
2.019950E+4	3.828929E-1
2.019975E+4	3.603350E-1
2.020000E+4	3.338404E-1
2.020025E+4	3.890506E-1
2.020050E+4	4.772572E-1
2.020075E+4	2.563272E-1
2.020100E+4	2.014586E-1
2.020125E+4	2.883940E-1
2.020150E+4	4.425858E-1
2.020175E+4	5.729435E-1
2.020200E+4	4.571092E-1
2.020225E+4	1.850098E-1
2.020250E+4	6.698134E-2
2.020275E+4	6.970637E-2
2.020300E+4	9.368453E-2
2.020325E+4	1.599059E-1
2.020350E+4	2.560142E-1
2.020375E+4	2.946625E-1
2.020400E+4	2.472343E-1
2.020425E+4	1.108057E-1
2.020450E+4	7.238989E-2
2.020475E+4	2.863346E-1
2.020500E+4	3.415819E-1
2.020525E+4	2.141051E-1
2.020550E+4	4.855074E-2
2.020575E+4	7.991472E-2
2.020600E+4	2.152189E-1
2.020625E+4	2.492700E-1
2.020650E+4	2.549800E-1
2.020675E+4	2.569809E-1
2.020700E+4	2.122253E-1
2.020725E+4	1.250653E-1
2.020750E+4	3.649245E-2
2.020775E+4	8.158671E-3
2.020800E+4	1.366591E-1
2.020825E+4	1.571486E-1
2.020850E+4	1.120439E-1
2.020875E+4	7.906421E-2
2.020900E+4	5.451005E-2
2.020925E+4	4.368538E-2
2.020950E+4	5.882301E-2
2.020975E+4	7.628513E-2
2.021000E+4	8.036578E-2
2.021025E+4	5.828147E-2
2.021050E+4	3.426704E-2
2.021075E+4	3.827993E-2
2.021100E+4	5.852846E-2
2.021125E+4	4.473104E-2
2.021150E+4	2.197257E-2
2.021175E+4	1.093720E-1
2.021200E+4	2.352724E-1
2.021225E+4	3.521339E-1
2.021250E+4	3.872353E-1
2.021275E+4	2.996823E-1
2.021300E+4	1.673661E-1
2.021325E+4	1.060466E-1
2.021350E+4	1.423734E-1
2.021375E+4	1.518243E-1
2.021400E+4	1.092323E-1
2.021425E+4	9.587610E-2
2.021450E+4	2.542883E-1
2.021475E+4	4.232297E-1
2.021500E+4	5.323725E-1
2.021525E+4	6.728074E-1
2.021550E+4	7.851727E-1
2.021575E+4	3.947906E-1
2.021600E+4	1.528543E-1
2.021625E+4	1.099073E-1
2.021650E+4	8.717020E-2
2.021675E+4	4.235490E-2
2.021700E+4	8.240977E-2
2.021725E+4	1.749819E-1
2.021750E+4	1.449850E-1
2.021775E+4	1.417039E-1
2.021800E+4	3.850397E-1
2.021825E+4	5.117228E-1
2.021850E+4	4.732872E-1
2.021875E+4	3.737648E-1
2.021900E+4	1.975027E-1
2.021925E+4	1.257229E-1
2.021950E+4	2.619536E-1
2.021975E+4	2.532296E-1
2.022000E+4	1.342800E-1
2.022025E+4	8.449822E-2
2.022050E+4	4.441826E-1
2.022075E+4	5.018717E-1
2.022100E+4	3.763055E-1
2.022125E+4	1.299344E-1
2.022150E+4	2.803361E-1
2.022175E+4	5.243526E-1
2.022200E+4	2.935411E-1
2.022225E+4	1.039580E-1
2.022250E+4	8.681575E-2
2.022275E+4	2.881842E-1
2.022300E+4	5.213118E-1
2.022325E+4	5.919302E-1
2.022350E+4	3.149239E-1
2.022375E+4	2.002496E-1
2.022400E+4	3.309706E-1
2.022425E+4	2.760304E-1
2.022450E+4	1.426525E-1
2.022475E+4	1.081444E-1
2.022500E+4	1.619342E-1
2.022525E+4	2.213924E-1
2.022550E+4	2.540340E-1
2.022575E+4	1.884745E-1
2.022600E+4	8.024625E-2
2.022625E+4	7.806528E-2
2.022650E+4	6.349382E-2
2.022675E+4	4.126875E-2
2.022700E+4	1.047483E-1
2.022725E+4	2.947675E-1
2.022750E+4	3.349944E-1
2.022775E+4	3.405655E-1
2.022800E+4	3.365633E-1
2.022825E+4	2.064991E-1
2.022850E+4	2.513763E-2
2.022875E+4	6.241807E-3
2.022900E+4	5.554297E-2
2.022925E+4	1.169741E-1
2.022950E+4	1.226961E-1
2.022975E+4	8.589165E-2
2.023000E+4	6.011812E-2
2.023025E+4	6.619850E-2
2.023050E+4	1.481143E-1
2.023075E+4	2.237406E-1
2.023100E+4	1.998971E-1
2.023125E+4	1.843653E-1
2.023150E+4	1.929808E-1
2.023175E+4	1.511939E-1
2.023200E+4	4.721955E-2
2.023225E+4	5.142387E-2
2.023250E+4	1.239992E-1
2.023275E+4	2.786346E-1
2.023300E+4	4.448524E-1
2.023325E+4	1.618322E-1
2.023350E+4	2.106962E-2
2.023375E+4	3.810904E-3
2.023400E+4	1.502795E-2
2.023425E+4	3.450921E-2
2.023450E+4	5.515780E-2
2.023475E+4	9.283735E-2
2.023500E+4	1.914084E-1
2.023525E+4	3.925371E-1
2.023550E+4	5.036793E-1
2.023575E+4	3.533740E-1
2.023600E+4	2.342690E-1
2.023625E+4	1.706314E-1
2.023650E+4	1.176851E-1
2.023675E+4	4.523745E-2
2.023700E+4	1.395505E-3
2.023725E+4	5.096781E-2
2.023750E+4	1.421611E-1
2.023775E+4	2.732785E-1
2.023800E+4	4.725373E-1
2.023825E+4	6.900298E-1
2.023850E+4	7.523473E-1
2.023875E+4	5.820915E-1
2.023900E+4	2.757932E-1
2.023925E+4	3.010548E-2
2.023950E+4	2.407066E-2
2.023975E+4	9.772588E-2
2.024000E+4	1.243119E-1
2.024025E+4	1.231955E-1
2.024050E+4	1.102959E-1
2.024075E+4	7.357013E-2
2.024100E+4	9.129269E-3
2.024125E+4	2.530215E-2
2.024150E+4	5.302687E-2
2.024175E+4	4.781923E-2
2.024200E+4	2.363979E-2
2.024225E+4	2.155112E-2
2.024250E+4	1.737899E-2
2.024275E+4	1.805578E-2
2.024300E+4	4.781171E-2
2.024325E+4	1.407107E-1
2.024350E+4	2.940545E-1
2.024375E+4	3.988421E-1
2.024400E+4	4.096804E-1
2.024425E+4	3.760011E-1
2.024450E+4	2.470950E-1
2.024475E+4	3.795567E-2
2.024500E+4	1.180599E-1
2.024525E+4	3.294682E-1
2.024550E+4	4.445318E-1
2.024575E+4	4.798807E-1
2.024600E+4	4.501906E-1
2.024625E+4	1.909834E-1
2.024650E+4	1.027678E-1
2.024675E+4	1.858932E-1
2.024700E+4	1.907723E-1
2.024725E+4	1.566388E-1
2.024750E+4	9.227463E-2
2.024775E+4	6.300711E-2
2.024800E+4	9.710097E-2
2.024825E+4	6.672718E-2
2.024850E+4	3.031752E-2
2.024875E+4	6.035752E-2
2.024900E+4	8.507326E-2
2.024925E+4	5.739764E-2
2.024950E+4	2.317210E-2
2.024975E+4	1.511467E-2
2.025000E+4	2.296170E-2
2.025025E+4	6.304123E-2
2.025050E+4	1.768670E-1
2.025075E+4	3.147580E-1
2.025100E+4	3.244459E-1
2.025125E+4	2.517057E-1
2.025150E+4	1.821737E-1
2.025175E+4	1.455633E-1
2.025200E+4	1.385146E-1
2.025225E+4	1.344637E-1
2.025250E+4	1.436652E-1
2.025275E+4	1.580360E-1
2.025300E+4	1.136963E-1
2.025325E+4	3.698459E-2
2.025350E+4	1.101388E-2
2.025375E+4	1.172551E-1
2.025400E+4	3.474483E-1
2.025425E+4	4.389339E-1
2.025450E+4	3.622425E-1
2.025475E+4	2.821567E-1
2.025500E+4	2.340719E-1
2.025525E+4	1.916844E-1
2.025550E+4	1.034162E-1
2.025575E+4	7.693775E-2
2.025600E+4	2.289764E-1
2.025625E+4	2.983651E-1
2.025650E+4	2.863831E-1
2.025675E+4	2.058454E-1
2.025700E+4	8.381547E-2
2.025725E+4	3.421300E-2
2.025750E+4	1.104453E-1
2.025775E+4	1.650695E-1
2.025800E+4	1.466537E-1
2.025825E+4	7.982374E-2
2.025850E+4	1.183504E-1
2.025875E+4	3.196960E-1
2.025900E+4	3.082046E-1
2.025925E+4	2.676751E-1
2.025950E+4	2.397974E-1
2.025975E+4	2.296024E-1
2.026000E+4	2.343530E-1
2.026025E+4	1.865880E-1
2.026050E+4	1.559171E-1
2.026075E+4	1.695852E-1
2.026100E+4	2.205827E-1
2.026125E+4	3.294767E-1
2.026150E+4	4.825411E-1
2.026175E+4	5.288762E-1
2.026200E+4	2.862361E-1
2.026225E+4	4.105733E-2
2.026250E+4	4.920193E-2
2.026275E+4	1.159201E-1
2.026300E+4	1.463424E-1
2.026325E+4	1.003267E-1
2.026350E+4	1.213141E-2
2.026375E+4	1.253508E-1
2.026400E+4	2.328617E-1
2.026425E+4	3.263122E-1
2.026450E+4	4.493386E-1
2.026475E+4	4.774203E-1
2.026500E+4	2.347084E-1
2.026525E+4	1.241661E-1
2.026550E+4	8.836780E-2
2.026575E+4	5.584226E-2
2.026600E+4	1.570454E-2
2.026625E+4	5.437847E-4
2.026650E+4	2.274762E-2
2.026675E+4	5.034973E-2
2.026700E+4	4.383515E-2
2.026725E+4	2.395833E-2
2.026750E+4	3.343733E-2
2.026775E+4	1.117727E-1
2.026800E+4	3.445464E-1
2.026825E+4	5.912085E-1
2.026850E+4	3.530708E-1
2.026875E+4	2.120693E-1
2.026900E+4	2.642262E-1
2.026925E+4	3.694959E-1
2.026950E+4	4.287228E-1
2.026975E+4	3.605587E-1
2.027000E+4	1.478318E-1
2.027025E+4	3.284277E-2
2.027050E+4	1.242925E-1
2.027075E+4	1.846950E-1
2.027100E+4	1.339433E-1
2.027125E+4	3.718379E-2
2.027150E+4	3.901910E-3
2.027175E+4	1.047790E-1
2.027200E+4	1.621194E-1
2.027225E+4	1.154890E-1
2.027250E+4	7.687566E-2
2.027275E+4	4.542213E-2
2.027300E+4	1.060267E-2
2.027325E+4	2.671419E-3
2.027350E+4	2.588761E-2
2.027375E+4	4.134949E-2
2.027400E+4	3.956022E-2
2.027425E+4	3.620489E-2
2.027450E+4	1.126002E-1
2.027475E+4	3.592750E-1
2.027500E+4	5.555511E-1
2.027525E+4	6.455317E-1
2.027550E+4	4.957289E-1
2.027575E+4	2.093321E-1
2.027600E+4	4.654313E-2
2.027625E+4	9.332698E-2
2.027650E+4	3.444015E-1
2.027675E+4	4.445019E-1
2.027700E+4	3.400689E-1
2.027725E+4	2.031343E-1
2.027750E+4	9.178325E-2
2.027775E+4	2.408984E-2
2.027800E+4	1.605583E-2
2.027825E+4	5.075886E-2
2.027850E+4	3.977102E-3
2.027875E+4	5.288047E-2
2.027900E+4	9.359251E-2
2.027925E+4	1.258793E-1
2.027950E+4	1.798496E-1
2.027975E+4	2.846788E-1
2.028000E+4	1.715648E-1
2.028025E+4	4.500148E-2
2.028050E+4	4.544936E-3
2.028075E+4	4.662475E-2
2.028100E+4	2.207283E-1
2.028125E+4	2.692553E-1
2.028150E+4	1.992435E-1
2.028175E+4	1.755678E-1
2.028200E+4	2.511245E-1
2.028225E+4	3.229996E-1
2.028250E+4	2.889039E-1
2.028275E+4	2.679547E-1
2.028300E+4	2.969712E-1
2.028325E+4	3.275826E-1
2.028350E+4	1.964248E-1
2.028375E+4	5.228457E-2
2.028400E+4	5.219002E-2
2.028425E+4	2.456347E-1
2.028450E+4	3.893073E-1
2.028475E+4	4.444221E-1
2.028500E+4	4.514039E-1
2.028525E+4	4.110425E-1
2.028550E+4	2.980489E-1
2.028575E+4	1.020360E-1
2.028600E+4	2.350291E-2
2.028625E+4	7.516232E-2
2.028650E+4	1.291950E-1
2.028675E+4	1.847211E-1
2.028700E+4	2.136318E-1
2.028725E+4	2.011240E-1
2.028750E+4	1.570980E-1
2.028775E+4	1.120376E-1
2.028800E+4	9.045901E-2
2.028825E+4	7.394198E-2
2.028850E+4	5.828313E-2
2.028875E+4	5.741979E-2
2.028900E+4	5.301276E-2
2.028925E+4	3.525955E-2
2.028950E+4	5.198340E-2
2.028975E+4	1.658965E-1
2.029000E+4	2.569765E-1
2.029025E+4	1.663163E-1
2.029050E+4	1.457955E-1
2.029075E+4	2.411164E-1
2.029100E+4	3.758209E-1
2.029125E+4	3.858317E-1
2.029150E+4	1.298403E-1
2.029175E+4	2.251875E-3
2.029200E+4	1.445180E-1
2.029225E+4	3.730881E-1
2.029250E+4	3.949169E-1
2.029275E+4	9.116559E-2
2.029300E+4	4.376850E-4
2.029325E+4	2.210066E-2
2.029350E+4	4.793933E-2
2.029375E+4	6.275882E-2
2.029400E+4	7.530704E-2
2.029425E+4	8.102962E-2
2.029450E+4	7.386457E-2
2.029475E+4	7.051324E-2
2.029500E+4	8.570940E-2
2.029525E+4	1.203816E-1
2.029550E+4	1.607674E-1
2.029575E+4	1.878305E-1
2.029600E+4	1.574054E-1
2.029625E+4	5.772233E-2
2.029650E+4	3.515299E-2
2.029675E+4	8.588248E-2
2.029700E+4	1.511623E-1
2.029725E+4	2.316310E-1
2.029750E+4	3.750982E-1
2.029775E+4	5.071644E-1
2.029800E+4	3.926037E-1
2.029825E+4	3.192477E-1
2.029850E+4	3.069994E-1
2.029875E+4	3.101725E-1
2.029900E+4	2.084932E-1
2.029925E+4	3.684165E-2
2.029950E+4	1.563166E-1
2.029975E+4	3.211996E-1
2.030000E+4	5.034019E-1
2.030025E+4	6.422090E-1
2.030050E+4	4.405982E-1
2.030075E+4	1.482807E-1
2.030100E+4	1.210232E-1
2.030125E+4	2.014327E-1
2.030150E+4	2.697109E-1
2.030175E+4	1.612303E-1
2.030200E+4	7.896799E-2
2.030225E+4	2.695698E-1
2.030250E+4	4.228841E-1
2.030275E+4	3.503343E-1
2.030300E+4	1.423262E-1
2.030325E+4	2.038974E-2
2.030350E+4	4.157229E-3
2.030375E+4	7.946488E-2
2.030400E+4	2.781644E-1
2.030425E+4	3.497812E-1
2.030450E+4	2.856838E-1
2.030475E+4	2.747348E-1
2.030500E+4	2.450125E-1
2.030525E+4	1.072405E-1
2.030550E+4	4.397543E-2
2.030575E+4	1.550747E-2
2.030600E+4	1.815266E-2
2.030625E+4	1.373680E-1
2.030650E+4	2.864191E-1
2.030675E+4	3.176752E-1
2.030700E+4	3.156181E-1
2.030725E+4	2.930313E-1
2.030750E+4	1.933822E-1
2.030775E+4	8.076324E-2
2.030800E+4	1.484422E-1
2.030825E+4	2.185378E-1
2.030850E+4	1.908306E-1
2.030875E+4	5.879046E-2
2.030900E+4	4.103448E-2
2.030925E+4	2.282202E-1
2.030950E+4	3.947116E-1
2.030975E+4	4.583321E-1
2.031000E+4	3.639465E-1
2.031025E+4	1.169783E-1
2.031050E+4	1.839762E-1
2.031075E+4	3.458499E-1
2.031100E+4	3.948231E-1
2.031125E+4	2.398056E-1
2.031150E+4	1.226661E-2
2.031175E+4	3.671587E-2
2.031200E+4	4.681219E-2
2.031225E+4	6.958009E-2
2.031250E+4	1.699336E-1
2.031275E+4	3.001829E-1
2.031300E+4	3.942235E-1
2.031325E+4	4.183351E-1
2.031350E+4	2.714738E-1
2.031375E+4	7.547324E-2
2.031400E+4	1.451547E-1
2.031425E+4	1.256604E-1
2.031450E+4	5.857772E-2
2.031475E+4	2.614096E-2
2.031500E+4	4.156027E-2
2.031525E+4	6.992961E-2
2.031550E+4	5.448318E-2
2.031575E+4	4.892259E-3
2.031600E+4	2.160700E-2
2.031625E+4	4.124241E-2
2.031650E+4	8.198198E-2
2.031675E+4	1.885026E-1
2.031700E+4	3.415493E-1
2.031725E+4	5.012430E-1
2.031750E+4	5.664101E-1
2.031775E+4	1.641784E-1
2.031800E+4	3.490937E-2
2.031825E+4	1.110261E-1
2.031850E+4	1.820327E-1
2.031875E+4	2.354214E-1
2.031900E+4	2.552065E-1
2.031925E+4	2.039359E-1
2.031950E+4	1.261960E-1
2.031975E+4	7.900829E-2
2.032000E+4	4.628379E-2
2.032025E+4	1.503582E-2
2.032050E+4	4.928410E-3
2.032075E+4	6.721121E-3
2.032100E+4	3.279646E-3
2.032125E+4	2.856481E-3
2.032150E+4	1.129560E-1
2.032175E+4	4.167851E-1
2.032200E+4	4.740285E-1
2.032225E+4	4.857794E-1
2.032250E+4	5.087757E-1
2.032275E+4	4.228272E-1
2.032300E+4	1.802294E-1
2.032325E+4	9.828769E-2
2.032350E+4	1.309311E-1
2.032375E+4	1.488652E-1
2.032400E+4	1.247471E-1
2.032425E+4	8.234699E-2
2.032450E+4	3.965197E-2
2.032475E+4	2.673877E-2
2.032500E+4	4.310362E-2
2.032525E+4	5.272337E-2
2.032550E+4	4.978861E-2
2.032575E+4	3.205536E-2
2.032600E+4	1.032491E-1
2.032625E+4	1.614266E-1
2.032650E+4	1.843476E-1
2.032675E+4	1.893893E-1
2.032700E+4	1.737180E-1
2.032725E+4	1.468885E-1
2.032750E+4	1.203049E-1
2.032775E+4	8.444849E-2
2.032800E+4	7.113537E-2
2.032825E+4	1.381650E-1
2.032850E+4	2.186517E-1
2.032875E+4	2.632190E-1
2.032900E+4	1.456104E-1
2.032925E+4	1.035207E-2
2.032950E+4	4.954024E-2
2.032975E+4	1.239572E-1
2.033000E+4	2.006983E-1
2.033025E+4	1.919333E-1
2.033050E+4	1.529114E-2
2.033075E+4	1.164439E-2
2.033100E+4	4.258507E-2
2.033125E+4	6.262518E-2
2.033150E+4	6.063777E-2
2.033175E+4	4.893298E-2
2.033200E+4	4.881427E-2
2.033225E+4	3.281533E-2
2.033250E+4	2.037072E-2
2.033275E+4	5.920582E-2
2.033300E+4	9.822560E-2
2.033325E+4	1.062127E-1
2.033350E+4	7.730379E-2
2.033375E+4	1.969692E-2
2.033400E+4	1.051769E-3
2.033425E+4	8.962689E-3
2.033450E+4	3.677067E-2
2.033475E+4	1.444116E-1
2.033500E+4	3.331671E-1
2.033525E+4	3.406688E-1
2.033550E+4	2.189813E-1
2.033575E+4	7.707476E-2
2.033600E+4	3.329172E-2
2.033625E+4	1.531825E-1
2.033650E+4	2.509906E-1
2.033675E+4	2.541848E-1
2.033700E+4	1.362999E-1
2.033725E+4	2.753322E-3
2.033750E+4	1.994751E-1
2.033775E+4	3.208726E-1
2.033800E+4	3.173533E-1
2.033825E+4	3.088532E-1
2.033850E+4	4.182508E-1
2.033875E+4	6.088068E-1
2.033900E+4	7.142164E-1
2.033925E+4	5.484661E-1
2.033950E+4	1.078928E-1
2.033975E+4	2.132351E-2
2.034000E+4	1.366828E-1
2.034025E+4	1.483954E-1
2.034050E+4	4.055172E-2
2.034075E+4	1.171454E-1
2.034100E+4	2.897854E-1
2.034125E+4	3.859970E-1
2.034150E+4	4.017321E-1
2.034175E+4	3.316055E-1
2.034200E+4	3.209341E-1
2.034225E+4	4.494709E-1
2.034250E+4	5.414518E-1
2.034275E+4	5.349069E-1
2.034300E+4	4.008408E-1
2.034325E+4	2.264282E-1
2.034350E+4	1.393037E-1
2.034375E+4	1.217638E-1
2.034400E+4	1.079324E-1
2.034425E+4	8.264807E-2
2.034450E+4	6.356486E-2
2.034475E+4	8.181740E-2
2.034500E+4	1.676132E-1
2.034525E+4	1.285538E-1
2.034550E+4	6.279302E-2
2.034575E+4	1.551283E-2
2.034600E+4	1.989444E-2
2.034625E+4	9.848894E-2
2.034650E+4	1.343340E-1
2.034675E+4	1.471879E-1
2.034700E+4	1.600772E-1
2.034725E+4	1.658888E-1
2.034750E+4	1.308720E-1
2.034775E+4	1.188029E-1
2.034800E+4	1.254532E-1
2.034825E+4	1.240007E-1
2.034850E+4	8.693479E-2
2.034875E+4	1.974327E-2
2.034900E+4	1.745236E-2
2.034925E+4	6.435739E-2
2.034950E+4	1.153377E-1
2.034975E+4	1.540702E-1
2.035000E+4	1.452479E-1
2.035025E+4	1.007304E-1
2.035050E+4	1.026221E-1
2.035075E+4	1.219690E-1
2.035100E+4	1.245974E-1
2.035125E+4	8.222984E-2
2.035150E+4	3.230865E-2
2.035175E+4	6.847839E-3
2.035200E+4	2.540293E-2
2.035225E+4	1.472928E-1
2.035250E+4	3.048732E-1
2.035275E+4	2.711387E-1
2.035300E+4	1.679807E-1
2.035325E+4	8.091307E-2
2.035350E+4	2.951855E-2
2.035375E+4	3.526115E-2
2.035400E+4	6.271700E-2
2.035425E+4	9.088035E-2
2.035450E+4	1.453975E-1
2.035475E+4	1.696297E-1
2.035500E+4	1.365585E-1
2.035525E+4	1.001003E-1
2.035550E+4	7.879227E-2
2.035575E+4	5.941531E-2
2.035600E+4	3.135666E-2
2.035625E+4	1.170178E-1
2.035650E+4	2.837806E-1
2.035675E+4	3.382451E-1
2.035700E+4	3.113520E-1
2.035725E+4	2.279456E-1
2.035750E+4	6.374009E-2
2.035775E+4	1.815307E-1
2.035800E+4	2.541649E-1
2.035825E+4	1.388487E-1
2.035850E+4	4.491533E-2
2.035875E+4	5.343308E-2
2.035900E+4	2.541165E-1
2.035925E+4	4.336738E-1
2.035950E+4	3.167320E-1
2.035975E+4	1.590459E-1
2.036000E+4	1.242274E-1
2.036025E+4	1.227662E-1
2.036050E+4	8.647557E-2
2.036075E+4	1.033853E-2
2.036100E+4	4.344456E-2
2.036125E+4	1.183309E-1
2.036150E+4	1.100766E-1
2.036175E+4	6.355392E-2
2.036200E+4	2.475624E-2
2.036225E+4	8.825156E-3
2.036250E+4	1.540085E-4
2.036275E+4	1.462135E-2
2.036300E+4	5.939682E-2
2.036325E+4	1.163740E-1
2.036350E+4	1.397372E-1
2.036375E+4	7.209059E-2
2.036400E+4	1.275525E-1
2.036425E+4	2.162590E-1
2.036450E+4	1.362407E-1
2.036475E+4	8.234217E-2
2.036500E+4	1.973616E-1
2.036525E+4	3.723144E-1
2.036550E+4	4.655815E-1
2.036575E+4	4.543871E-1
2.036600E+4	3.613299E-1
2.036625E+4	2.705480E-1
2.036650E+4	2.270254E-1
2.036675E+4	2.071353E-1
2.036700E+4	2.071391E-1
2.036725E+4	2.445715E-1
2.036750E+4	2.880713E-1
2.036775E+4	2.788769E-1
2.036800E+4	2.166311E-1
2.036825E+4	1.003762E-1
2.036850E+4	3.601609E-2
2.036875E+4	9.927474E-2
2.036900E+4	2.114538E-1
2.036925E+4	3.575084E-1
2.036950E+4	5.363370E-1
2.036975E+4	6.404626E-1
2.037000E+4	5.270425E-1
2.037025E+4	4.013339E-1
2.037050E+4	4.013461E-1
2.037075E+4	4.571410E-1
2.037100E+4	4.189704E-1
2.037125E+4	3.509423E-1
2.037150E+4	3.308906E-1
2.037175E+4	3.204650E-1
2.037200E+4	2.268843E-1
2.037225E+4	5.594581E-2
2.037250E+4	5.514769E-3
2.037275E+4	2.330601E-2
2.037300E+4	5.283567E-2
2.037325E+4	9.135563E-2
2.037350E+4	2.734716E-1
2.037375E+4	7.027374E-1
2.037400E+4	6.644113E-1
2.037425E+4	6.415964E-1
2.037450E+4	6.149555E-1
2.037475E+4	5.263050E-1
2.037500E+4	3.714460E-1
2.037525E+4	2.301548E-1
2.037550E+4	1.590942E-1
2.037575E+4	1.319070E-1
2.037600E+4	6.234205E-2
2.037625E+4	2.419946E-2
2.037650E+4	3.572732E-2
2.037675E+4	3.421842E-2
2.037700E+4	7.085894E-2
2.037725E+4	1.349777E-1
2.037750E+4	1.629735E-1
2.037775E+4	1.569287E-1
2.037800E+4	1.430933E-1
2.037825E+4	1.685543E-1
2.037850E+4	2.275269E-1
2.037875E+4	2.514873E-1
2.037900E+4	2.083507E-1
2.037925E+4	6.821790E-2
2.037950E+4	1.023698E-2
2.037975E+4	8.381798E-2
2.038000E+4	1.081653E-1
2.038025E+4	9.455039E-2
2.038050E+4	8.573852E-2
2.038075E+4	1.057074E-1
2.038100E+4	6.965660E-2
2.038125E+4	2.635469E-2
2.038150E+4	3.391358E-3
2.038175E+4	2.271303E-2
2.038200E+4	8.746298E-2
2.038225E+4	1.599460E-1
2.038250E+4	2.108189E-1
2.038275E+4	2.504029E-1
2.038300E+4	3.175666E-1
2.038325E+4	4.260663E-1
2.038350E+4	5.089542E-1
2.038375E+4	5.064051E-1
2.038400E+4	4.222241E-1
2.038425E+4	3.021058E-1
2.038450E+4	2.318010E-1
2.038475E+4	3.144044E-1
2.038500E+4	4.871309E-1
2.038525E+4	3.890572E-1
2.038550E+4	2.561715E-1
2.038575E+4	3.209844E-1
2.038600E+4	3.168663E-1
2.038625E+4	2.126658E-1
2.038650E+4	1.292077E-1
2.038675E+4	1.311000E-1
2.038700E+4	1.734722E-1
2.038725E+4	1.392717E-1
2.038750E+4	9.421399E-3
2.038775E+4	1.040198E-1
2.038800E+4	3.485128E-1
2.038825E+4	4.950911E-1
2.038850E+4	4.702900E-1
2.038875E+4	1.751231E-1
2.038900E+4	4.444975E-2
2.038925E+4	2.636113E-1
2.038950E+4	3.174445E-1
2.038975E+4	2.652922E-1
2.039000E+4	2.008365E-1
2.039025E+4	3.388846E-1
2.039050E+4	5.058112E-1
2.039075E+4	4.941059E-1
2.039100E+4	3.969593E-1
2.039125E+4	2.421215E-1
2.039150E+4	1.110949E-1
2.039175E+4	8.241671E-2
2.039200E+4	9.196709E-2
2.039225E+4	7.542299E-2
2.039250E+4	2.770413E-2
2.039275E+4	2.557125E-2
2.039300E+4	2.075327E-1
2.039325E+4	4.305627E-1
2.039350E+4	3.737784E-1
2.039375E+4	2.617113E-1
2.039400E+4	2.602926E-1
2.039425E+4	2.812682E-1
2.039450E+4	1.959447E-1
2.039475E+4	8.398745E-2
2.039500E+4	1.745250E-2
2.039525E+4	1.004511E-2
2.039550E+4	7.316869E-2
2.039575E+4	1.016859E-1
2.039600E+4	1.019569E-1
2.039625E+4	1.176565E-1
2.039650E+4	1.485921E-1
2.039675E+4	1.644698E-1
2.039700E+4	1.067578E-1
2.039725E+4	1.326826E-2
2.039750E+4	2.323893E-2
2.039775E+4	1.393428E-1
2.039800E+4	2.477699E-1
2.039825E+4	2.714671E-1
2.039850E+4	2.211319E-1
2.039875E+4	2.904619E-1
2.039900E+4	3.934302E-1
2.039925E+4	3.880328E-1
2.039950E+4	2.823639E-1
2.039975E+4	1.455772E-1
2.040000E+4	8.872455E-2
2.040025E+4	1.004511E-1
2.040050E+4	1.030852E-1
2.040075E+4	5.685948E-2
2.040100E+4	6.916948E-2
2.040125E+4	9.203379E-2
2.040150E+4	8.731240E-2
2.040175E+4	3.384164E-2
2.040200E+4	2.489961E-2
2.040225E+4	9.770698E-2
2.040250E+4	1.129055E-1
2.040275E+4	8.065582E-2
2.040300E+4	6.222579E-2
2.040325E+4	1.321537E-1
2.040350E+4	2.471864E-1
2.040375E+4	3.288901E-1
2.040400E+4	3.023644E-1
2.040425E+4	1.591385E-1
2.040450E+4	2.285000E-2
2.040475E+4	1.034551E-1
2.040500E+4	2.760359E-1
2.040525E+4	3.102160E-1
2.040550E+4	2.855467E-1
2.040575E+4	2.771284E-1
2.040600E+4	2.867782E-1
2.040625E+4	2.269047E-1
2.040650E+4	1.256137E-1
2.040675E+4	2.683213E-1
2.040700E+4	3.627225E-1
2.040725E+4	2.425250E-1
2.040750E+4	9.931752E-2
2.040775E+4	2.589763E-2
2.040800E+4	1.468782E-1
2.040825E+4	4.084089E-1
2.040850E+4	3.270409E-1
2.040875E+4	1.426530E-1
2.040900E+4	1.049955E-1
2.040925E+4	1.521057E-1
2.040950E+4	9.775682E-2
2.040975E+4	9.289397E-4
2.041000E+4	2.126356E-1
2.041025E+4	5.271536E-1
2.041050E+4	6.805747E-1
2.041075E+4	6.790478E-1
2.041100E+4	5.120823E-1
2.041125E+4	9.297823E-2
2.041150E+4	3.282391E-1
2.041175E+4	3.999031E-1
2.041200E+4	3.530316E-1
2.041225E+4	2.897893E-1
2.041250E+4	2.317552E-1
2.041275E+4	1.664571E-1
2.041300E+4	9.674641E-2
2.041325E+4	1.011814E-1
2.041350E+4	1.302542E-1
2.041375E+4	1.608431E-1
2.041400E+4	1.931839E-1
2.041425E+4	2.061002E-1
2.041450E+4	1.639773E-1
2.041475E+4	7.065618E-2
2.041500E+4	2.726487E-3
2.041525E+4	7.734774E-2
2.041550E+4	3.245976E-1
2.041575E+4	5.354626E-1
2.041600E+4	4.830572E-1
2.041625E+4	2.621062E-1
2.041650E+4	1.377584E-1
2.041675E+4	1.564434E-1
2.041700E+4	1.893289E-1
2.041725E+4	1.686138E-1
2.041750E+4	1.011030E-1
2.041775E+4	3.628375E-2
2.041800E+4	3.068518E-2
2.041825E+4	8.447403E-2
2.041850E+4	1.417264E-1
2.041875E+4	1.352910E-1
2.041900E+4	5.979602E-2
2.041925E+4	2.229482E-2
2.041950E+4	7.281774E-2
2.041975E+4	1.423358E-1
2.042000E+4	1.463591E-1
2.042025E+4	1.242907E-1
2.042050E+4	1.177819E-1
2.042075E+4	1.378845E-1
2.042100E+4	1.871509E-1
2.042125E+4	1.816572E-1
2.042150E+4	4.156019E-2
2.042175E+4	1.804720E-4
2.042200E+4	2.412485E-2
2.042225E+4	5.408211E-2
2.042250E+4	5.014680E-2
2.042275E+4	3.730757E-2
2.042300E+4	6.067921E-2
2.042325E+4	1.282677E-1
2.042350E+4	2.181368E-1
2.042375E+4	1.978064E-1
2.042400E+4	8.707149E-2
2.042425E+4	4.723510E-2
2.042450E+4	5.410773E-2
2.042475E+4	1.355678E-1
2.042500E+4	3.407567E-1
2.042525E+4	3.287542E-1
2.042550E+4	1.663458E-1
2.042575E+4	5.498715E-2
2.042600E+4	2.085704E-1
2.042625E+4	7.134389E-1
2.042650E+4	6.861492E-1
2.042675E+4	4.930809E-1
2.042700E+4	3.258255E-1
2.042725E+4	1.440020E-1
2.042750E+4	1.619729E-1
2.042775E+4	1.760844E-1
2.042800E+4	1.007957E-1
2.042825E+4	2.597055E-2
2.042850E+4	5.360049E-2
2.042875E+4	2.584267E-1
2.042900E+4	3.556965E-1
2.042925E+4	3.641464E-1
2.042950E+4	2.993127E-1
2.042975E+4	1.443074E-1
2.043000E+4	4.994204E-2
2.043025E+4	2.812500E-2
2.043050E+4	3.600168E-2
2.043075E+4	6.743356E-2
2.043100E+4	9.759279E-2
2.043125E+4	8.320043E-2
2.043150E+4	1.159627E-1
2.043175E+4	2.063002E-1
2.043200E+4	2.822089E-1
2.043225E+4	3.159308E-1
2.043250E+4	3.690280E-1
2.043275E+4	4.614669E-1
2.043300E+4	5.228651E-1
2.043325E+4	4.702969E-1
2.043350E+4	3.793185E-1
2.043375E+4	2.968096E-1
2.043400E+4	1.926581E-1
2.043425E+4	1.560606E-1
2.043450E+4	1.703498E-1
2.043475E+4	2.011726E-1
2.043500E+4	2.355692E-1
2.043525E+4	2.754900E-1
2.043550E+4	3.553324E-1
2.043575E+4	4.010099E-1
2.043600E+4	3.478905E-1
2.043625E+4	2.378512E-1
2.043650E+4	1.367468E-1
2.043675E+4	2.813925E-1
2.043700E+4	5.856571E-1
2.043725E+4	5.513863E-1
2.043750E+4	3.761778E-1
2.043775E+4	1.810373E-1
2.043800E+4	2.729248E-2
2.043825E+4	1.049512E-1
2.043850E+4	9.175569E-2
2.043875E+4	1.541360E-2
2.043900E+4	1.362230E-2
2.043925E+4	1.307084E-1
2.043950E+4	1.970018E-1
2.043975E+4	1.327742E-1
2.044000E+4	5.761312E-2
2.044025E+4	1.099038E-2
2.044050E+4	1.689137E-3
2.044075E+4	1.636571E-2
2.044100E+4	3.361919E-2
2.044125E+4	5.279801E-2
2.044150E+4	5.594880E-2
2.044175E+4	2.129602E-2
2.044200E+4	2.955105E-3
2.044225E+4	7.211759E-2
2.044250E+4	1.938090E-1
2.044275E+4	2.575467E-1
2.044300E+4	6.177582E-2
2.044325E+4	6.715578E-2
2.044350E+4	1.237106E-1
2.044375E+4	1.144466E-1
2.044400E+4	1.126985E-1
2.044425E+4	2.511392E-1
2.044450E+4	4.787712E-1
2.044475E+4	5.901123E-1
2.044500E+4	3.775378E-1
2.044525E+4	9.094843E-2
2.044550E+4	5.507413E-2
2.044575E+4	1.260495E-1
2.044600E+4	7.778696E-2
2.044625E+4	1.132231E-1
2.044650E+4	2.041843E-1
2.044675E+4	2.565397E-1
2.044700E+4	2.184608E-1
2.044725E+4	4.926896E-2
2.044750E+4	1.009690E-1
2.044775E+4	3.312836E-1
2.044800E+4	2.526623E-1
2.044825E+4	7.318622E-2
2.044850E+4	6.558508E-3
2.044875E+4	2.282316E-1
2.044900E+4	6.550175E-1
2.044925E+4	4.548186E-2
2.044950E+4	4.781318E-2
2.044975E+4	1.669971E-1
2.045000E+4	2.339643E-1
2.045025E+4	1.921875E-1
2.045050E+4	1.072994E-1
2.045075E+4	2.564068E-1
2.045100E+4	2.691734E-1
2.045125E+4	1.715647E-1
2.045150E+4	5.523349E-2
2.045175E+4	8.577230E-2
2.045200E+4	2.141599E-1
2.045225E+4	2.214499E-1
2.045250E+4	1.731311E-1
2.045275E+4	3.451569E-1
2.045300E+4	5.712246E-1
2.045325E+4	4.825475E-1
2.045350E+4	2.187523E-1
2.045375E+4	2.104069E-1
2.045400E+4	4.153750E-1
2.045425E+4	4.522334E-1
2.045450E+4	3.497213E-1
2.045475E+4	1.939015E-1
2.045500E+4	8.255036E-2
2.045525E+4	6.097815E-2
2.045550E+4	1.353188E-1
2.045575E+4	3.585336E-1
2.045600E+4	5.327646E-1
2.045625E+4	5.770952E-1
2.045650E+4	5.332147E-1
2.045675E+4	3.862862E-1
2.045700E+4	1.207831E-1
2.045725E+4	9.639174E-3
2.045750E+4	1.502246E-1
2.045775E+4	2.933729E-1
2.045800E+4	3.468415E-1
2.045825E+4	2.039429E-1
2.045850E+4	1.660256E-2
2.045875E+4	8.101410E-2
2.045900E+4	1.151885E-1
2.045925E+4	6.123453E-2
2.045950E+4	2.159924E-2
2.045975E+4	3.761716E-2
2.046000E+4	1.298463E-1
2.046025E+4	2.423160E-1
2.046050E+4	2.643870E-1
2.046075E+4	1.827534E-1
2.046100E+4	4.782807E-2
2.046125E+4	9.887891E-3
2.046150E+4	8.474954E-2
2.046175E+4	1.751293E-1
2.046200E+4	2.271322E-1
2.046225E+4	1.114102E-1
2.046250E+4	7.923860E-2
2.046275E+4	2.443205E-1
2.046300E+4	3.308032E-1
2.046325E+4	3.458149E-1
2.046350E+4	2.728095E-1
2.046375E+4	1.468801E-1
2.046400E+4	1.065401E-1
2.046425E+4	1.398420E-1
2.046450E+4	1.820509E-1
2.046475E+4	2.182237E-1
2.046500E+4	1.773039E-1
2.046525E+4	6.754571E-2
2.046550E+4	9.141079E-2
2.046575E+4	1.854817E-1
2.046600E+4	2.929856E-1
2.046625E+4	2.602963E-1
2.046650E+4	9.224017E-2
2.046675E+4	8.621711E-3
2.046700E+4	6.556896E-2
2.046725E+4	2.662542E-1
2.046750E+4	4.597925E-1
2.046775E+4	3.422275E-1
2.046800E+4	1.737916E-1
2.046825E+4	1.269668E-1
2.046850E+4	2.642208E-1
2.046875E+4	5.317493E-1
2.046900E+4	5.271565E-1
2.046925E+4	3.047898E-1
2.046950E+4	1.224821E-1
2.046975E+4	8.124144E-2
2.047000E+4	2.417025E-1
2.047025E+4	4.322886E-1
2.047050E+4	1.381290E-1
2.047075E+4	6.107904E-2
2.047100E+4	1.562523E-1
2.047125E+4	2.192959E-1
2.047150E+4	1.839476E-1
2.047175E+4	7.565927E-2
2.047200E+4	1.344030E-2
2.047225E+4	8.544860E-4
2.047250E+4	5.533673E-2
2.047275E+4	2.437340E-1
2.047300E+4	3.777468E-1
2.047325E+4	3.619931E-1
2.047350E+4	2.037209E-1
2.047375E+4	1.132037E-2
2.047400E+4	2.352932E-1
2.047425E+4	5.780785E-1
2.047450E+4	6.588359E-1
2.047475E+4	5.470006E-1
2.047500E+4	2.818206E-1
2.047525E+4	4.438128E-2
2.047550E+4	3.309374E-2
2.047575E+4	2.094918E-1
2.047600E+4	4.106578E-1
2.047625E+4	4.740386E-1
2.047650E+4	5.645490E-1
2.047675E+4	6.746603E-1
2.047700E+4	4.338138E-1
2.047725E+4	2.222754E-1
2.047750E+4	1.332273E-1
2.047775E+4	9.296709E-2
2.047800E+4	7.063647E-2
2.047825E+4	3.522033E-2
2.047850E+4	1.602301E-2
2.047875E+4	2.372401E-2
2.047900E+4	7.779876E-2
2.047925E+4	1.376045E-1
2.047950E+4	9.874296E-2
2.047975E+4	6.707257E-2
2.048000E+4	5.317316E-2
2.048025E+4	1.305354E-1
2.048050E+4	2.248055E-1
2.048075E+4	2.342503E-1
2.048100E+4	2.386805E-1
2.048125E+4	1.795762E-1
2.048150E+4	7.060034E-2
2.048175E+4	5.068808E-2
2.048200E+4	5.506678E-2
2.048225E+4	4.310172E-2
2.048250E+4	6.632910E-3
2.048275E+4	4.545357E-2
2.048300E+4	1.786986E-1
2.048325E+4	2.404651E-1
2.048350E+4	2.684597E-1
2.048375E+4	2.556520E-1
2.048400E+4	1.537895E-1
2.048425E+4	4.138620E-2
2.048450E+4	6.108632E-2
2.048475E+4	1.784388E-1
2.048500E+4	2.834304E-1
2.048525E+4	3.583315E-1
2.048550E+4	3.334103E-1
2.048575E+4	1.070457E-1
2.048600E+4	4.699649E-2
2.048625E+4	3.735319E-2
2.048650E+4	3.850151E-2
2.048675E+4	5.826501E-2
2.048700E+4	1.077540E-1
2.048725E+4	1.397111E-1
2.048750E+4	9.640893E-2
2.048775E+4	7.181191E-2
2.048800E+4	1.146135E-1
2.048825E+4	2.286679E-1
2.048850E+4	2.945792E-1
2.048875E+4	2.896500E-1
2.048900E+4	2.754993E-1
2.048925E+4	2.522327E-1
2.048950E+4	1.760984E-1
2.048975E+4	6.330777E-2
2.049000E+4	1.484167E-2
2.049025E+4	8.200930E-3
2.049050E+4	3.187666E-2
2.049075E+4	1.312340E-1
2.049100E+4	2.555969E-1
2.049125E+4	2.833377E-1
2.049150E+4	2.695823E-1
2.049175E+4	2.768905E-1
2.049200E+4	3.003883E-1
2.049225E+4	3.006692E-1
2.049250E+4	2.360123E-1
2.049275E+4	7.726843E-2
2.049300E+4	2.113210E-3
2.049325E+4	4.895495E-2
2.049350E+4	1.405286E-1
2.049375E+4	3.127571E-1
2.049400E+4	8.267780E-2
2.049425E+4	9.704940E-2
2.049450E+4	1.507460E-1
2.049475E+4	1.991888E-1
2.049500E+4	2.124015E-1
2.049525E+4	1.654209E-1
2.049550E+4	6.064128E-2
2.049575E+4	1.994098E-2
2.049600E+4	1.776926E-1
2.049625E+4	1.395031E-1
2.049650E+4	3.307441E-2
2.049675E+4	8.742361E-2
2.049700E+4	4.358563E-1
2.049725E+4	3.232894E-1
2.049750E+4	1.714790E-1
2.049775E+4	6.110193E-2
2.049800E+4	1.918371E-3
2.049825E+4	1.331375E-1
2.049850E+4	2.773735E-1
2.049875E+4	1.532109E-1
2.049900E+4	4.363168E-2
2.049925E+4	3.083086E-2
2.049950E+4	3.760272E-1
2.049975E+4	4.530876E-1
2.050000E+4	2.263158E-1
2.050025E+4	5.261096E-2
2.050050E+4	1.126856E-1
2.050075E+4	3.028582E-1
2.050100E+4	3.553763E-1
2.050125E+4	3.142085E-1
2.050150E+4	1.700848E-1
2.050175E+4	1.808299E-2
2.050200E+4	3.706815E-2
2.050225E+4	9.792093E-2
2.050250E+4	1.247927E-1
2.050275E+4	2.077493E-1
2.050300E+4	4.375864E-1
2.050325E+4	5.873037E-1
2.050350E+4	6.211082E-1
2.050375E+4	5.469414E-1
2.050400E+4	4.098361E-1
2.050425E+4	3.721911E-1
2.050450E+4	4.667923E-1
2.050475E+4	5.736348E-1
2.050500E+4	5.376346E-1
2.050525E+4	2.380559E-1
2.050550E+4	2.209993E-1
2.050575E+4	3.683796E-1
2.050600E+4	4.724569E-1
2.050625E+4	5.985560E-1
2.050650E+4	7.489071E-1
2.050675E+4	8.365568E-1
2.050700E+4	6.836220E-1
2.050725E+4	3.335528E-1
2.050750E+4	2.490183E-1
2.050775E+4	4.455958E-1
2.050800E+4	5.522148E-1
2.050825E+4	3.654461E-1
2.050850E+4	8.444076E-2
2.050875E+4	4.519827E-2
2.050900E+4	1.050838E-1
2.050925E+4	1.019152E-1
2.050950E+4	5.720182E-2
2.050975E+4	4.531424E-2
2.051000E+4	2.244666E-1
2.051025E+4	5.517430E-1
2.051050E+4	6.035859E-1
2.051075E+4	4.059440E-1
2.051100E+4	1.494008E-1
2.051125E+4	8.642227E-3
2.051150E+4	4.013972E-2
2.051175E+4	1.612011E-1
2.051200E+4	2.800865E-1
2.051225E+4	3.335336E-1
2.051250E+4	3.096901E-1
2.051275E+4	2.232778E-1
2.051300E+4	7.309168E-2
2.051325E+4	1.633108E-2
2.051350E+4	2.497109E-2
2.051375E+4	5.189821E-2
2.051400E+4	7.005750E-2
2.051425E+4	3.001649E-2
2.051450E+4	1.204696E-2
2.051475E+4	2.057430E-2
2.051500E+4	2.753706E-2
2.051525E+4	2.443266E-2
2.051550E+4	2.929599E-2
2.051575E+4	3.995193E-2
2.051600E+4	3.725763E-2
2.051625E+4	2.802412E-2
2.051650E+4	1.884689E-2
2.051675E+4	3.960532E-2
2.051700E+4	5.743485E-2
2.051725E+4	5.241952E-2
2.051750E+4	4.582284E-2
2.051775E+4	4.353209E-2
2.051800E+4	3.334980E-2
2.051825E+4	4.476820E-2
2.051850E+4	1.214159E-1
2.051875E+4	3.350115E-1
2.051900E+4	5.346616E-1
2.051925E+4	2.211016E-1
2.051950E+4	4.237211E-2
2.051975E+4	5.518736E-4
2.052000E+4	1.785347E-2
2.052025E+4	6.398165E-2
2.052050E+4	4.623020E-2
2.052075E+4	9.985113E-3
2.052100E+4	2.380157E-2
2.052125E+4	5.262165E-2
2.052150E+4	1.162044E-1
2.052175E+4	3.290160E-1
2.052200E+4	2.861320E-1
2.052225E+4	1.750334E-1
2.052250E+4	1.232014E-1
2.052275E+4	9.351561E-2
2.052300E+4	1.322599E-1
2.052325E+4	2.152199E-1
2.052350E+4	2.692347E-1
2.052375E+4	2.032929E-1
2.052400E+4	1.123730E-1
2.052425E+4	8.290670E-2
2.052450E+4	7.315268E-2
2.052475E+4	6.556817E-2
2.052500E+4	5.616824E-2
2.052525E+4	2.531579E-2
2.052550E+4	2.074059E-4
2.052575E+4	8.734025E-2
2.052600E+4	3.821302E-1
2.052625E+4	6.101203E-1
2.052650E+4	6.959439E-1
2.052675E+4	7.230023E-1
2.052700E+4	6.708570E-1
2.052725E+4	4.514892E-1
2.052750E+4	1.454605E-1
2.052775E+4	5.275383E-2
2.052800E+4	3.369350E-2
2.052825E+4	3.669508E-2
2.052850E+4	1.056414E-1
2.052875E+4	2.522188E-1
2.052900E+4	2.941832E-1
2.052925E+4	1.615768E-1
2.052950E+4	1.195718E-1
2.052975E+4	1.200271E-1
2.053000E+4	1.004428E-1
2.053025E+4	3.166284E-2
2.053050E+4	5.632677E-3
2.053075E+4	6.809143E-2
2.053100E+4	1.388093E-1
2.053125E+4	1.711893E-1
2.053150E+4	1.774433E-1
2.053175E+4	1.808150E-1
2.053200E+4	8.481199E-2
2.053225E+4	7.145981E-3
2.053250E+4	3.282294E-2
2.053275E+4	8.833237E-2
2.053300E+4	1.120076E-1
2.053325E+4	9.285527E-2
2.053350E+4	4.473762E-2
2.053375E+4	1.169023E-1
2.053400E+4	1.179881E-1
2.053425E+4	8.058572E-2
2.053450E+4	6.329699E-2
2.053475E+4	7.502449E-2
2.053500E+4	1.510405E-1
2.053525E+4	3.211369E-1
2.053550E+4	4.368790E-1
2.053575E+4	4.325045E-1
2.053600E+4	3.852025E-1
2.053625E+4	2.435493E-1
2.053650E+4	9.123950E-2
2.053675E+4	3.074443E-2
2.053700E+4	1.877612E-2
2.053725E+4	3.501634E-2
2.053750E+4	8.816683E-2
2.053775E+4	1.545052E-1
2.053800E+4	1.857562E-1
2.053825E+4	2.206254E-1
2.053850E+4	3.052135E-1
2.053875E+4	4.615641E-1
2.053900E+4	5.350690E-1
2.053925E+4	3.693806E-1
2.053950E+4	2.385717E-1
2.053975E+4	1.957237E-1
2.054000E+4	1.862737E-1
2.054025E+4	1.621280E-1
2.054050E+4	1.294625E-1
2.054075E+4	1.507955E-1
2.054100E+4	1.967671E-1
2.054125E+4	2.444096E-1
2.054150E+4	3.058238E-1
2.054175E+4	2.212220E-1
2.054200E+4	1.488258E-1
2.054225E+4	1.654648E-1
2.054250E+4	1.560626E-1
2.054275E+4	1.121087E-1
2.054300E+4	4.821178E-2
2.054325E+4	1.300429E-2
2.054350E+4	4.102429E-2
2.054375E+4	1.286285E-1
2.054400E+4	1.893773E-1
2.054425E+4	1.082668E-1
2.054450E+4	6.754140E-2
2.054475E+4	1.103464E-1
2.054500E+4	6.951024E-2
2.054525E+4	9.232092E-3
2.054550E+4	3.543303E-3
2.054575E+4	2.990855E-2
2.054600E+4	9.217802E-2
2.054625E+4	1.704071E-1
2.054650E+4	1.137138E-1
2.054675E+4	4.119500E-2
2.054700E+4	3.631507E-2
2.054725E+4	1.166623E-1
2.054750E+4	3.520129E-1
2.054775E+4	4.121631E-1
2.054800E+4	2.350288E-1
2.054825E+4	7.778187E-2
2.054850E+4	7.327239E-2
2.054875E+4	2.372742E-1
2.054900E+4	3.359790E-1
2.054925E+4	3.139235E-1
2.054950E+4	1.648087E-1
2.054975E+4	2.327389E-2
2.055000E+4	2.267726E-2
2.055025E+4	6.110766E-2
2.055050E+4	7.325544E-2
2.055075E+4	9.659740E-2
2.055100E+4	2.692049E-1
2.055125E+4	4.999517E-1
2.055150E+4	5.756111E-1
2.055175E+4	5.350069E-1
2.055200E+4	4.542416E-1
2.055225E+4	4.016757E-1
2.055250E+4	3.855441E-1
2.055275E+4	3.454652E-1
2.055300E+4	1.992357E-1
2.055325E+4	6.269704E-2
2.055350E+4	2.656734E-1
2.055375E+4	2.957817E-1
2.055400E+4	2.568715E-1
2.055425E+4	2.989577E-1
2.055450E+4	4.590182E-1
2.055475E+4	5.935577E-1
2.055500E+4	6.074473E-1
2.055525E+4	4.758756E-1
2.055550E+4	2.230793E-1
2.055575E+4	9.797598E-2
2.055600E+4	2.033812E-1
2.055625E+4	2.989301E-1
2.055650E+4	3.028644E-1
2.055675E+4	3.407664E-1
2.055700E+4	4.563822E-1
2.055725E+4	4.412018E-1
2.055750E+4	3.217782E-1
2.055775E+4	1.589588E-1
2.055800E+4	8.838326E-2
2.055825E+4	3.845320E-1
2.055850E+4	7.232240E-1
2.055875E+4	6.237472E-1
2.055900E+4	3.064739E-1
2.055925E+4	5.009037E-2
2.055950E+4	1.052684E-2
2.055975E+4	1.048437E-1
2.056000E+4	1.976990E-1
2.056025E+4	2.541471E-1
2.056050E+4	3.056645E-1
2.056075E+4	3.595838E-1
2.056100E+4	3.035984E-1
2.056125E+4	8.329787E-2
2.056150E+4	1.126559E-3
2.056175E+4	6.476038E-2
2.056200E+4	1.531254E-1
2.056225E+4	1.927707E-1
2.056250E+4	7.489801E-2
2.056275E+4	4.708674E-2
2.056300E+4	1.503346E-1
2.056325E+4	3.454478E-1
2.056350E+4	6.229851E-1
2.056375E+4	2.945907E-1
2.056400E+4	5.955118E-2
2.056425E+4	2.650394E-2
2.056450E+4	7.092084E-2
2.056475E+4	2.332850E-1
2.056500E+4	3.290765E-1
2.056525E+4	1.396494E-1
2.056550E+4	4.446829E-2
2.056575E+4	8.292377E-3
2.056600E+4	8.353247E-3
2.056625E+4	7.070501E-2
2.056650E+4	5.890617E-2
2.056675E+4	9.464109E-4
2.056700E+4	3.868227E-2
2.056725E+4	7.867217E-2
2.056750E+4	6.428321E-2
2.056775E+4	4.700568E-2
2.056800E+4	4.112674E-2
2.056825E+4	4.411450E-2
2.056850E+4	6.040432E-2
2.056875E+4	1.049381E-1
2.056900E+4	1.555788E-1
2.056925E+4	2.036270E-1
2.056950E+4	2.197073E-1
2.056975E+4	1.232208E-1
2.057000E+4	7.202486E-2
2.057025E+4	8.887456E-2
2.057050E+4	1.048279E-1
2.057075E+4	6.952013E-2
2.057100E+4	6.102942E-3
2.057125E+4	4.291747E-2
2.057150E+4	9.279788E-2
2.057175E+4	1.452623E-1
2.057200E+4	2.023859E-1
2.057225E+4	1.485758E-1
2.057250E+4	8.247482E-2
2.057275E+4	1.594653E-1
2.057300E+4	2.920605E-1
2.057325E+4	3.221800E-1
2.057350E+4	1.625773E-1
2.057375E+4	6.165931E-2
2.057400E+4	2.889061E-2
2.057425E+4	1.859250E-2
2.057450E+4	9.875004E-3
2.057475E+4	1.483027E-2
2.057500E+4	5.425490E-2
2.057525E+4	2.639864E-1
2.057550E+4	5.496229E-1
2.057575E+4	1.381574E-1
2.057600E+4	5.976949E-2
2.057625E+4	4.478664E-2
2.057650E+4	4.855387E-2
2.057675E+4	6.605328E-2
2.057700E+4	9.946387E-2
2.057725E+4	1.460863E-1
2.057750E+4	1.955259E-1
2.057775E+4	2.196685E-1
2.057800E+4	1.539222E-1
2.057825E+4	4.621067E-2
2.057850E+4	3.217555E-3
2.057875E+4	3.093054E-3
2.057900E+4	1.687100E-2
2.057925E+4	3.287047E-2
2.057950E+4	4.561649E-2
2.057975E+4	5.131938E-2
2.058000E+4	4.593829E-2
2.058025E+4	2.876619E-2
2.058050E+4	4.954987E-3
2.058075E+4	1.087475E-1
2.058100E+4	1.087978E-1
2.058125E+4	8.081798E-2
2.058150E+4	6.143608E-2
2.058175E+4	4.089528E-2
2.058200E+4	5.126962E-2
2.058225E+4	2.661507E-1
2.058250E+4	2.445744E-1
2.058275E+4	2.158327E-1
2.058300E+4	1.837407E-1
2.058325E+4	9.798803E-2
2.058350E+4	5.643421E-2
2.058375E+4	4.065672E-1
2.058400E+4	4.710569E-1
2.058425E+4	3.323154E-1
2.058450E+4	1.840016E-1
2.058475E+4	1.170725E-1
2.058500E+4	1.417141E-1
2.058525E+4	1.931004E-1
2.058550E+4	1.740908E-1
2.058575E+4	1.534166E-1
2.058600E+4	2.199641E-1
2.058625E+4	4.037706E-1
2.058650E+4	4.260007E-1
2.058675E+4	3.389374E-1
2.058700E+4	3.163379E-1
2.058725E+4	3.530520E-1
2.058750E+4	3.792116E-1
2.058775E+4	1.929776E-1
2.058800E+4	2.769065E-2
2.058825E+4	7.898763E-2
2.058850E+4	1.724339E-1
2.058875E+4	2.198832E-1
2.058900E+4	1.681560E-1
2.058925E+4	3.697156E-2
2.058950E+4	9.121504E-2
2.058975E+4	2.018058E-1
2.059000E+4	2.753410E-1
2.059025E+4	4.092255E-1
2.059050E+4	5.814241E-1
2.059075E+4	6.540701E-1
2.059100E+4	5.391724E-1
2.059125E+4	2.842271E-1
2.059150E+4	5.516250E-2
2.059175E+4	6.726717E-2
2.059200E+4	3.293609E-1
2.059225E+4	4.306565E-1
2.059250E+4	3.238232E-1
2.059275E+4	2.131702E-1
2.059300E+4	1.604239E-1
2.059325E+4	1.092402E-1
2.059350E+4	4.428824E-2
2.059375E+4	1.087161E-2
2.059400E+4	1.505733E-2
2.059425E+4	4.898418E-2
2.059450E+4	1.059263E-1
2.059475E+4	1.895093E-1
2.059500E+4	2.851091E-1
2.059525E+4	2.718585E-1
2.059550E+4	1.330468E-1
2.059575E+4	8.353126E-2
2.059600E+4	1.354262E-1
2.059625E+4	2.686620E-1
2.059650E+4	3.157134E-1
2.059675E+4	2.939638E-1
2.059700E+4	2.995289E-1
2.059725E+4	2.971022E-1
2.059750E+4	1.987414E-1
2.059775E+4	2.039811E-2
2.059800E+4	4.312892E-2
2.059825E+4	1.950823E-1
2.059850E+4	4.030605E-1
2.059875E+4	5.824656E-1
2.059900E+4	2.872356E-1
2.059925E+4	6.210633E-2
2.059950E+4	1.945675E-2
2.059975E+4	2.738129E-2
2.060000E+4	1.025780E-1
2.060025E+4	1.887051E-1
2.060050E+4	1.879608E-1
2.060075E+4	1.436894E-1
2.060100E+4	8.130581E-2
2.060125E+4	3.067060E-2
2.060150E+4	2.816085E-2
2.060175E+4	5.341816E-2
2.060200E+4	2.247953E-2
2.060225E+4	2.052613E-3
2.060250E+4	7.319122E-3
2.060275E+4	1.758501E-2
2.060300E+4	2.243550E-2
2.060325E+4	1.894393E-2
2.060350E+4	1.002010E-2
2.060375E+4	1.332207E-3
2.060400E+4	4.432265E-3
2.060425E+4	3.794277E-2
2.060450E+4	1.065014E-1
2.060475E+4	1.885961E-1
2.060500E+4	1.361230E-1
2.060525E+4	6.328565E-2
2.060550E+4	8.251967E-2
2.060575E+4	1.695072E-1
2.060600E+4	3.345094E-1
2.060625E+4	5.000870E-1
2.060650E+4	2.729039E-1
2.060675E+4	5.191334E-2
2.060700E+4	3.824294E-2
2.060725E+4	1.181126E-1
2.060750E+4	2.314328E-1
2.060775E+4	1.936345E-1
2.060800E+4	8.243976E-2
2.060825E+4	8.774952E-2
2.060850E+4	1.302234E-1
2.060875E+4	1.522074E-1
2.060900E+4	1.413940E-1
2.060925E+4	1.082020E-1
2.060950E+4	1.362893E-1
2.060975E+4	3.763820E-1
2.061000E+4	5.614464E-1
2.061025E+4	6.015817E-1
2.061050E+4	5.694895E-1
2.061075E+4	4.866361E-1
2.061100E+4	4.153731E-1
2.061125E+4	4.688446E-1
2.061150E+4	5.430699E-1
2.061175E+4	5.434460E-1
2.061200E+4	4.826967E-1
2.061225E+4	4.204780E-1
2.061250E+4	4.054623E-1
2.061275E+4	4.149929E-1
2.061300E+4	4.024313E-1
2.061325E+4	2.798692E-1
2.061350E+4	1.911888E-1
2.061375E+4	1.672564E-1
2.061400E+4	1.117913E-1
2.061425E+4	7.532447E-2
2.061450E+4	1.147434E-1
2.061475E+4	1.520250E-1
2.061500E+4	1.578085E-1
2.061525E+4	1.615887E-1
2.061550E+4	2.731847E-1
2.061575E+4	5.902980E-1
2.061600E+4	7.127705E-1
2.061625E+4	6.155610E-1
2.061650E+4	3.461780E-1
2.061675E+4	3.015655E-1
2.061700E+4	5.586706E-1
2.061725E+4	5.821775E-1
2.061750E+4	5.173109E-1
2.061775E+4	3.742909E-1
2.061800E+4	1.058940E-1
2.061825E+4	3.294850E-1
2.061850E+4	8.864701E-1
2.061875E+4	8.317884E-1
2.061900E+4	6.583416E-1
2.061925E+4	3.558083E-1
2.061950E+4	4.542685E-2
2.061975E+4	2.903977E-2
2.062000E+4	1.482274E-1
2.062025E+4	2.513954E-1
2.062050E+4	2.703234E-1
2.062075E+4	1.354206E-1
2.062100E+4	2.407785E-2
2.062125E+4	2.914882E-2
2.062150E+4	1.536587E-1
2.062175E+4	2.651199E-1
2.062200E+4	2.615029E-1
2.062225E+4	1.801394E-1
2.062250E+4	5.062850E-2
2.062275E+4	2.169697E-2
2.062300E+4	1.996590E-1
2.062325E+4	3.270475E-1
2.062350E+4	3.569073E-1
2.062375E+4	2.795561E-1
2.062400E+4	2.082100E-1
2.062425E+4	2.385853E-1
2.062450E+4	3.529229E-1
2.062475E+4	4.819023E-1
2.062500E+4	4.100822E-1
2.062525E+4	1.847132E-1
2.062550E+4	1.427785E-1
2.062575E+4	3.086850E-1
2.062600E+4	5.481376E-1
2.062625E+4	5.042827E-1
2.062650E+4	1.626481E-1
2.062675E+4	1.092828E-1
2.062700E+4	2.579779E-1
2.062725E+4	4.419366E-1
2.062750E+4	6.212572E-1
2.062775E+4	6.220465E-1
2.062800E+4	2.344433E-1
2.062825E+4	5.266148E-2
2.062850E+4	1.147495E-2
2.062875E+4	4.163911E-2
2.062900E+4	1.584812E-1
2.062925E+4	1.855709E-1
2.062950E+4	1.509057E-1
2.062975E+4	1.218240E-1
2.063000E+4	1.165010E-1
2.063025E+4	1.268339E-1
2.063050E+4	1.434872E-1
2.063075E+4	1.638432E-1
2.063100E+4	1.593672E-1
2.063125E+4	1.092516E-1
2.063150E+4	5.079553E-2
2.063175E+4	1.281551E-2
2.063200E+4	1.773849E-2
2.063225E+4	1.037117E-1
2.063250E+4	3.396496E-1
2.063275E+4	2.030837E-1
2.063300E+4	8.944221E-3
2.063325E+4	1.219222E-2
2.063350E+4	9.872034E-3
2.063375E+4	4.016500E-2
2.063400E+4	1.423278E-1
2.063425E+4	2.495872E-1
2.063450E+4	3.209854E-1
2.063475E+4	4.111451E-1
2.063500E+4	5.707739E-1
2.063525E+4	5.025151E-1
2.063550E+4	2.276462E-1
2.063575E+4	1.083966E-1
2.063600E+4	7.199789E-2
2.063625E+4	1.015859E-1
2.063650E+4	1.996887E-1
2.063675E+4	1.346179E-1
2.063700E+4	7.334044E-2
2.063725E+4	5.385432E-2
2.063750E+4	5.895907E-2
2.063775E+4	8.330256E-2
2.063800E+4	9.330096E-2
2.063825E+4	5.074447E-2
2.063850E+4	6.088930E-2
2.063875E+4	1.588454E-1
2.063900E+4	2.398879E-1
2.063925E+4	2.030650E-1
2.063950E+4	1.549686E-1
2.063975E+4	1.428606E-1
2.064000E+4	1.705465E-1
2.064025E+4	1.513600E-1
2.064050E+4	9.506865E-2
2.064075E+4	1.071656E-1
2.064100E+4	1.243648E-1
2.064125E+4	1.358798E-1
2.064150E+4	1.415960E-1
2.064175E+4	1.355486E-1
2.064200E+4	9.629801E-2
2.064225E+4	6.069543E-2
2.064250E+4	6.078238E-2
2.064275E+4	7.176772E-2
2.064300E+4	7.252699E-2
2.064325E+4	4.925423E-2
2.064350E+4	3.753558E-3
2.064375E+4	1.167864E-1
2.064400E+4	2.093397E-1
2.064425E+4	1.894528E-1
2.064450E+4	1.689434E-1
2.064475E+4	1.735192E-1
2.064500E+4	1.982686E-1
2.064525E+4	1.510005E-1
2.064550E+4	1.268046E-1
2.064575E+4	1.378115E-1
2.064600E+4	1.823541E-1
2.064625E+4	2.371864E-1
2.064650E+4	2.938462E-1
2.064675E+4	3.706498E-1
2.064700E+4	4.327441E-1
2.064725E+4	3.897515E-1
2.064750E+4	2.508171E-1
2.064775E+4	1.266611E-1
2.064800E+4	5.903808E-2
2.064825E+4	3.417159E-2
2.064850E+4	5.081650E-2
2.064875E+4	1.271964E-1
2.064900E+4	2.751858E-1
2.064925E+4	3.567199E-1
2.064950E+4	2.369185E-1
2.064975E+4	1.287091E-1
2.065000E+4	8.854980E-2
2.065025E+4	8.963354E-2
2.065050E+4	1.175627E-1
2.065075E+4	1.425462E-1
2.065100E+4	1.122286E-1
2.065125E+4	5.667871E-2
2.065150E+4	1.281931E-2
2.065175E+4	2.119525E-3
2.065200E+4	3.216923E-2
2.065225E+4	3.211404E-2
2.065250E+4	2.266767E-3
2.065275E+4	3.811308E-2
2.065300E+4	1.135598E-1
2.065325E+4	2.084093E-1
2.065350E+4	3.403377E-1
2.065375E+4	1.371894E-1
2.065400E+4	5.312429E-3
2.065425E+4	4.587369E-3
2.065450E+4	8.384840E-3
2.065475E+4	9.695785E-3
2.065500E+4	1.710524E-2
2.065525E+4	4.010901E-2
2.065550E+4	5.230096E-2
2.065575E+4	4.669478E-2
2.065600E+4	5.128296E-2
2.065625E+4	1.019375E-1
2.065650E+4	1.597658E-1
2.065675E+4	1.906339E-1
2.065700E+4	2.210362E-1
2.065725E+4	2.540984E-1
2.065750E+4	2.305458E-1
2.065775E+4	1.160672E-1
2.065800E+4	6.034020E-2
2.065825E+4	7.715322E-2
2.065850E+4	1.358117E-1
2.065875E+4	2.046396E-1
2.065900E+4	1.783436E-1
2.065925E+4	1.113249E-1
2.065950E+4	7.688037E-2
2.065975E+4	8.094977E-2
2.066000E+4	1.556515E-1
2.066025E+4	2.924757E-1
2.066050E+4	3.703973E-1
2.066075E+4	2.469640E-1
2.066100E+4	7.041722E-2
2.066125E+4	3.359063E-2
2.066150E+4	1.707455E-1
2.066175E+4	3.598192E-1
2.066200E+4	1.697224E-2
2.066225E+4	3.437448E-2
2.066250E+4	7.827237E-2
2.066275E+4	8.396776E-2
2.066300E+4	4.895440E-2
2.066325E+4	7.251086E-3
2.066350E+4	1.029599E-2
2.066375E+4	8.206454E-2
2.066400E+4	6.540236E-2
2.066425E+4	6.058819E-4
2.066450E+4	1.186615E-1
2.066475E+4	4.700520E-1
2.066500E+4	4.590503E-1
2.066525E+4	1.387625E-1
2.066550E+4	3.671028E-2
2.066575E+4	4.914528E-2
2.066600E+4	1.242492E-1
2.066625E+4	1.778107E-1
2.066650E+4	3.253364E-2
2.066675E+4	2.056904E-2
2.066700E+4	1.218929E-1
2.066725E+4	2.815906E-1
2.066750E+4	3.716724E-1
2.066775E+4	1.416473E-1
2.066800E+4	8.943562E-3
2.066825E+4	3.324941E-2
2.066850E+4	9.731147E-2
2.066875E+4	9.823270E-2
2.066900E+4	6.655095E-2
2.066925E+4	2.393169E-2
2.066950E+4	2.899713E-3
2.066975E+4	1.226418E-1
2.067000E+4	3.325908E-1
2.067025E+4	4.519711E-1
2.067050E+4	4.596691E-1
2.067075E+4	3.507242E-1
2.067100E+4	2.575120E-1
2.067125E+4	3.764286E-1
2.067150E+4	5.241102E-1
2.067175E+4	5.916755E-1
2.067200E+4	5.542381E-1
2.067225E+4	4.485254E-1
2.067250E+4	3.584564E-1
2.067275E+4	2.793768E-1
2.067300E+4	1.436557E-1
2.067325E+4	2.612699E-3
2.067350E+4	1.651380E-1
2.067375E+4	1.551140E-1
2.067400E+4	6.673140E-2
2.067425E+4	4.769667E-2
2.067450E+4	1.266693E-1
2.067475E+4	2.075719E-1
2.067500E+4	1.962903E-1
2.067525E+4	7.549234E-2
2.067550E+4	1.478434E-2
2.067575E+4	3.346645E-1
2.067600E+4	6.235996E-1
2.067625E+4	6.203266E-1
2.067650E+4	4.239499E-1
2.067675E+4	1.910342E-1
2.067700E+4	1.165073E-1
2.067725E+4	1.192063E-1
2.067750E+4	1.269061E-1
2.067775E+4	1.706696E-1
2.067800E+4	3.276800E-1
2.067825E+4	5.445041E-1
2.067850E+4	5.673680E-1
2.067875E+4	4.125880E-1
2.067900E+4	2.125874E-1
2.067925E+4	8.268937E-2
2.067950E+4	8.698450E-2
2.067975E+4	1.745762E-1
2.068000E+4	2.703871E-1
2.068025E+4	3.257036E-1
2.068050E+4	3.169920E-1
2.068075E+4	2.544793E-1
2.068100E+4	1.581807E-1
2.068125E+4	1.093940E-1
2.068150E+4	1.411016E-1
2.068175E+4	1.986306E-1
2.068200E+4	3.085241E-1
2.068225E+4	4.984080E-1
2.068250E+4	3.991075E-1
2.068275E+4	2.301632E-1
2.068300E+4	1.941291E-1
2.068325E+4	2.495499E-1
2.068350E+4	4.417596E-1
2.068375E+4	1.558027E-1
2.068400E+4	1.094382E-1
2.068425E+4	1.360129E-1
2.068450E+4	2.095360E-1
2.068475E+4	3.298736E-1
2.068500E+4	2.352168E-1
2.068525E+4	7.294152E-2
2.068550E+4	1.883739E-2
2.068575E+4	7.389928E-3
2.068600E+4	3.879575E-2
2.068625E+4	1.819775E-1
2.068650E+4	1.989918E-1
2.068675E+4	2.760988E-1
2.068700E+4	4.553258E-1
2.068725E+4	2.845629E-1
2.068750E+4	1.204166E-1
2.068775E+4	5.673449E-2
2.068800E+4	3.025465E-2
2.068825E+4	1.850335E-2
2.068850E+4	9.730167E-3
2.068875E+4	1.155245E-3
2.068900E+4	7.155744E-4
2.068925E+4	5.420553E-3
2.068950E+4	3.784925E-2
2.068975E+4	1.834895E-1
2.069000E+4	2.101389E-1
2.069025E+4	1.633992E-1
2.069050E+4	1.590409E-1
2.069075E+4	1.586125E-1
2.069100E+4	4.559771E-2
2.069125E+4	7.501697E-3
2.069150E+4	4.386859E-3
2.069175E+4	1.819418E-2
2.069200E+4	8.144799E-2
2.069225E+4	1.518178E-1
2.069250E+4	1.836672E-1
2.069275E+4	2.334789E-1
2.069300E+4	3.681322E-1
2.069325E+4	3.287455E-1
2.069350E+4	5.471382E-2
2.069375E+4	3.845372E-2
2.069400E+4	7.235131E-2
2.069425E+4	8.922022E-2
2.069450E+4	1.026899E-1
2.069475E+4	1.708805E-1
2.069500E+4	3.229935E-1
2.069525E+4	4.125765E-1
2.069550E+4	3.642743E-1
2.069575E+4	2.971246E-1
2.069600E+4	2.363035E-1
2.069625E+4	1.771882E-1
2.069650E+4	1.479597E-1
2.069675E+4	1.670843E-1
2.069700E+4	2.225792E-1
2.069725E+4	2.202151E-1
2.069750E+4	1.259710E-1
2.069775E+4	6.035944E-2
2.069800E+4	2.992850E-2
2.069825E+4	3.878261E-2
2.069850E+4	6.812294E-2
2.069875E+4	9.137131E-2
2.069900E+4	1.423254E-1
2.069925E+4	2.512369E-1
2.069950E+4	4.365774E-1
2.069975E+4	6.014655E-1
2.070000E+4	5.073739E-1
2.070025E+4	4.033955E-1
2.070050E+4	4.053629E-1
2.070075E+4	4.142284E-1
2.070100E+4	2.411997E-1
2.070125E+4	1.151659E-2
2.070150E+4	5.187092E-2
2.070175E+4	1.226310E-1
2.070200E+4	1.424795E-1
2.070225E+4	1.010659E-1
2.070250E+4	3.380036E-2
2.070275E+4	1.210667E-2
2.070300E+4	7.448018E-2
2.070325E+4	1.923310E-1
2.070350E+4	2.954139E-1
2.070375E+4	3.191038E-1
2.070400E+4	2.449121E-1
2.070425E+4	1.525786E-1
2.070450E+4	1.357663E-1
2.070475E+4	2.314750E-1
2.070500E+4	4.378800E-1
2.070525E+4	6.212103E-1
2.070550E+4	5.847282E-1
2.070575E+4	3.954432E-1
2.070600E+4	2.463005E-1
2.070625E+4	2.237726E-1
2.070650E+4	2.162064E-1
2.070675E+4	2.199879E-1
2.070700E+4	3.062575E-1
2.070725E+4	4.620893E-1
2.070750E+4	4.584857E-1
2.070775E+4	2.727537E-1
2.070800E+4	8.243729E-2
2.070825E+4	8.205049E-3
2.070850E+4	7.583615E-2
2.070875E+4	1.069118E-1
2.070900E+4	7.268254E-2
2.070925E+4	5.007101E-2
2.070950E+4	7.966776E-2
2.070975E+4	1.841524E-1
2.071000E+4	3.091045E-1
2.071025E+4	4.246586E-1
2.071050E+4	5.010566E-1
2.071075E+4	4.675623E-1
2.071100E+4	2.562199E-1
2.071125E+4	7.948308E-2
2.071150E+4	2.015845E-1
2.071175E+4	4.905433E-1
2.071200E+4	4.658922E-1
2.071225E+4	4.330677E-2
2.071250E+4	2.875602E-3
2.071275E+4	1.029460E-2
2.071300E+4	8.330245E-4
2.071325E+4	2.970975E-2
2.071350E+4	5.532037E-2
2.071375E+4	1.360764E-2
2.071400E+4	4.693190E-2
2.071425E+4	3.214279E-1
2.071450E+4	5.331712E-1
2.071475E+4	6.128454E-1
2.071500E+4	6.027655E-1
2.071525E+4	3.977438E-1
2.071550E+4	2.928860E-2
2.071575E+4	2.382980E-1
2.071600E+4	3.716951E-1
2.071625E+4	3.255374E-1
2.071650E+4	1.441484E-1
2.071675E+4	9.580531E-2
2.071700E+4	2.135828E-1
2.071725E+4	2.691017E-1
2.071750E+4	1.594956E-1
2.071775E+4	3.262748E-2
2.071800E+4	1.993076E-2
2.071825E+4	1.107365E-1
2.071850E+4	2.343791E-1
2.071875E+4	2.059571E-1
2.071900E+4	9.656701E-2
2.071925E+4	5.713578E-2
2.071950E+4	8.825540E-2
2.071975E+4	1.475030E-1
2.072000E+4	1.709622E-1
2.072025E+4	1.697976E-1
2.072050E+4	1.908616E-1
2.072075E+4	2.645647E-1
2.072100E+4	4.161788E-1
2.072125E+4	3.344394E-1
2.072150E+4	9.237644E-2
2.072175E+4	1.743998E-2
2.072200E+4	1.160137E-1
2.072225E+4	3.670207E-1
2.072250E+4	4.652132E-1
2.072275E+4	4.463648E-1
2.072300E+4	3.813240E-1
2.072325E+4	2.709687E-1
2.072350E+4	1.362641E-1
2.072375E+4	1.370945E-1
2.072400E+4	2.611754E-1
2.072425E+4	2.792586E-1
2.072450E+4	2.189995E-1
2.072475E+4	2.361331E-1
2.072500E+4	2.565689E-1
2.072525E+4	1.694952E-1
2.072550E+4	1.021232E-1
2.072575E+4	5.814856E-2
2.072600E+4	2.825810E-2
2.072625E+4	5.252792E-2
2.072650E+4	1.694220E-1
2.072675E+4	1.125757E-1
2.072700E+4	6.609189E-2
2.072725E+4	2.826330E-2
2.072750E+4	3.326265E-3
2.072775E+4	1.099375E-2
2.072800E+4	4.044082E-2
2.072825E+4	6.828712E-2
2.072850E+4	8.174693E-2
2.072875E+4	7.863517E-2
2.072900E+4	7.232572E-2
2.072925E+4	6.481145E-2
2.072950E+4	4.649526E-2
2.072975E+4	7.308823E-2
2.073000E+4	1.316351E-1
2.073025E+4	2.185675E-1
2.073050E+4	3.190272E-1
2.073075E+4	3.807726E-1
2.073100E+4	3.892731E-1
2.073125E+4	4.299097E-1
2.073150E+4	6.004434E-1
2.073175E+4	6.886468E-1
2.073200E+4	5.597649E-1
2.073225E+4	5.008169E-1
2.073250E+4	5.406826E-1
2.073275E+4	6.454908E-1
2.073300E+4	3.409332E-1
2.073325E+4	2.294542E-2
2.073350E+4	1.786070E-1
2.073375E+4	3.153075E-1
2.073400E+4	4.120173E-1
2.073425E+4	4.600354E-1
2.073450E+4	4.466007E-1
2.073475E+4	4.304508E-1
2.073500E+4	3.966352E-1
2.073525E+4	3.181755E-1
2.073550E+4	2.112071E-1
2.073575E+4	1.134259E-1
2.073600E+4	8.558201E-2
2.073625E+4	1.158105E-1
2.073650E+4	7.011062E-2
2.073675E+4	3.748233E-3
2.073700E+4	1.108798E-2
2.073725E+4	1.440424E-2
2.073750E+4	1.899211E-2
2.073775E+4	6.589298E-2
2.073800E+4	1.550008E-1
2.073825E+4	1.904173E-1
2.073850E+4	1.240705E-1
2.073875E+4	4.129930E-2
2.073900E+4	1.664905E-2
2.073925E+4	4.967615E-2
2.073950E+4	8.387789E-2
2.073975E+4	8.048161E-2
2.074000E+4	4.155554E-2
2.074025E+4	8.394766E-2
2.074050E+4	2.109356E-1
2.074075E+4	2.602265E-1
2.074100E+4	2.780324E-1
2.074125E+4	2.656657E-1
2.074150E+4	1.611864E-1
2.074175E+4	1.241174E-1
2.074200E+4	1.516542E-1
2.074225E+4	1.550843E-1
2.074250E+4	1.095674E-1
2.074275E+4	9.255687E-2
2.074300E+4	3.338791E-1
2.074325E+4	5.439276E-1
2.074350E+4	5.470055E-1
2.074375E+4	4.029764E-1
2.074400E+4	2.433286E-1
2.074425E+4	1.442103E-1
2.074450E+4	1.345467E-1
2.074475E+4	2.021168E-1
2.074500E+4	2.387745E-1
2.074525E+4	1.655427E-1
2.074550E+4	1.326163E-2
2.074575E+4	9.469984E-2
2.074600E+4	2.547497E-1
2.074625E+4	2.577482E-1
2.074650E+4	1.444013E-1
2.074675E+4	5.114434E-2
2.074700E+4	5.850762E-2
2.074725E+4	8.382999E-2
2.074750E+4	6.664760E-2
2.074775E+4	4.166964E-2
2.074800E+4	1.730917E-1
2.074825E+4	3.574767E-1
2.074850E+4	3.393280E-1
2.074875E+4	9.205146E-2
2.074900E+4	8.649219E-2
2.074925E+4	1.584990E-1
2.074950E+4	1.391717E-1
2.074975E+4	5.077235E-2
2.075000E+4	4.249242E-2
2.075025E+4	1.980081E-1
2.075050E+4	2.755567E-1
2.075075E+4	1.848691E-1
2.075100E+4	3.098591E-2
2.075125E+4	9.327642E-3
2.075150E+4	5.105499E-2
2.075175E+4	2.842826E-2
2.075200E+4	1.409651E-2
2.075225E+4	1.867090E-1
2.075250E+4	2.805622E-1
2.075275E+4	2.549248E-1
2.075300E+4	1.705668E-1
2.075325E+4	8.532190E-2
2.075350E+4	5.607875E-2
2.075375E+4	3.210180E-2
2.075400E+4	9.748859E-2
2.075425E+4	4.027589E-1
2.075450E+4	6.315323E-1
2.075475E+4	6.257232E-1
2.075500E+4	4.581509E-1
2.075525E+4	2.364321E-1
2.075550E+4	3.107840E-1
2.075575E+4	4.144556E-1
2.075600E+4	4.002158E-1
2.075625E+4	4.067098E-1
2.075650E+4	4.729627E-1
2.075675E+4	5.447483E-1
2.075700E+4	5.652907E-1
2.075725E+4	4.779398E-1
2.075750E+4	1.786951E-1
2.075775E+4	6.368100E-2
2.075800E+4	1.763042E-1
2.075825E+4	2.085576E-1
2.075850E+4	1.718487E-1
2.075875E+4	1.191347E-1
2.075900E+4	9.514326E-2
2.075925E+4	9.271328E-2
2.075950E+4	1.122083E-1
2.075975E+4	1.726527E-1
2.076000E+4	1.524319E-1
2.076025E+4	1.038985E-1
2.076050E+4	1.492297E-1
2.076075E+4	3.545357E-1
2.076100E+4	6.324201E-1
2.076125E+4	5.043150E-1
2.076150E+4	3.497931E-1
2.076175E+4	2.541022E-1
2.076200E+4	1.525703E-1
2.076225E+4	7.242492E-2
2.076250E+4	1.155006E-1
2.076275E+4	2.323189E-1
2.076300E+4	4.329486E-1
2.076325E+4	7.160023E-1
2.076350E+4	6.767059E-1
2.076375E+4	3.696953E-1
2.076400E+4	2.052144E-1
2.076425E+4	1.432463E-1
2.076450E+4	1.230390E-1
2.076475E+4	1.215221E-1
2.076500E+4	1.197030E-1
2.076525E+4	8.509334E-2
2.076550E+4	4.204505E-2
2.076575E+4	1.153249E-2
2.076600E+4	1.298201E-2
2.076625E+4	6.534713E-2
2.076650E+4	1.528807E-1
2.076675E+4	1.955168E-1
2.076700E+4	1.317125E-1
2.076725E+4	1.315070E-1
2.076750E+4	1.754368E-1
2.076775E+4	2.538828E-1
2.076800E+4	3.594097E-1
2.076825E+4	2.814786E-1
2.076850E+4	9.812329E-2
2.076875E+4	9.105159E-3
2.076900E+4	4.378103E-2
2.076925E+4	2.794167E-1
2.076950E+4	4.331525E-1
2.076975E+4	3.347196E-1
2.077000E+4	2.047964E-1
2.077025E+4	1.230887E-1
2.077050E+4	1.256316E-1
2.077075E+4	1.638687E-1
2.077100E+4	1.504560E-1
2.077125E+4	8.251110E-2
2.077150E+4	2.749306E-2
2.077175E+4	7.749045E-2
2.077200E+4	1.860610E-1
2.077225E+4	2.473004E-1
2.077250E+4	2.370226E-1
2.077275E+4	1.650084E-1
2.077300E+4	7.431229E-2
2.077325E+4	7.694409E-2
2.077350E+4	1.178169E-1
2.077375E+4	1.245519E-1
2.077400E+4	9.875325E-2
2.077425E+4	6.999273E-2
2.077450E+4	5.115064E-2
2.077475E+4	3.895867E-2
2.077500E+4	2.922238E-2
2.077525E+4	2.679360E-2
2.077550E+4	4.278121E-2
2.077575E+4	8.916571E-2
2.077600E+4	1.972545E-1
2.077625E+4	3.365983E-1
2.077650E+4	3.832256E-1
2.077675E+4	3.766305E-1
2.077700E+4	3.856629E-1
2.077725E+4	4.190030E-1
2.077750E+4	3.848191E-1
2.077775E+4	2.221704E-1
2.077800E+4	1.159847E-1
2.077825E+4	7.123793E-2
2.077850E+4	6.241362E-2
2.077875E+4	9.958280E-2
2.077900E+4	1.778453E-1
2.077925E+4	2.181422E-1
2.077950E+4	1.638920E-1
2.077975E+4	1.505089E-1
2.078000E+4	2.462276E-1
2.078025E+4	4.267035E-1
2.078050E+4	6.135382E-1
2.078075E+4	6.235850E-1
2.078100E+4	4.582001E-1
2.078125E+4	2.714798E-1
2.078150E+4	1.150459E-1
2.078175E+4	1.164324E-1
2.078200E+4	9.815080E-2
2.078225E+4	7.892713E-2
2.078250E+4	1.230209E-1
2.078275E+4	2.141888E-1
2.078300E+4	3.085489E-1
2.078325E+4	3.369942E-1
2.078350E+4	2.407749E-1
2.078375E+4	1.799667E-1
2.078400E+4	4.068689E-1
2.078425E+4	5.566352E-1
2.078450E+4	4.226121E-1
2.078475E+4	1.144173E-1
2.078500E+4	5.007734E-1
2.078525E+4	7.020597E-1
2.078550E+4	6.119651E-1
2.078575E+4	4.417313E-1
2.078600E+4	2.216574E-1
2.078625E+4	1.841567E-2
2.078650E+4	2.016596E-1
2.078675E+4	3.394033E-1
2.078700E+4	2.796392E-1
2.078725E+4	1.696395E-1
2.078750E+4	8.591600E-2
2.078775E+4	1.484776E-1
2.078800E+4	2.251997E-1
2.078825E+4	2.275285E-1
2.078850E+4	1.964638E-1
2.078875E+4	1.966347E-1
2.078900E+4	2.262498E-1
2.078925E+4	2.521228E-1
2.078950E+4	2.372077E-1
2.078975E+4	1.397107E-1
2.079000E+4	4.501446E-2
2.079025E+4	3.360334E-2
2.079050E+4	7.637850E-2
2.079075E+4	1.717082E-1
2.079100E+4	3.192609E-1
2.079125E+4	3.918288E-1
2.079150E+4	4.103954E-1
2.079175E+4	3.933609E-1
2.079200E+4	3.206523E-1
2.079225E+4	2.824233E-1
2.079250E+4	3.569325E-1
2.079275E+4	4.223010E-1
2.079300E+4	4.044052E-1
2.079325E+4	2.545780E-1
2.079350E+4	1.686741E-1
2.079375E+4	2.719665E-1
2.079400E+4	2.839932E-1
2.079425E+4	3.042805E-1
2.079450E+4	4.037209E-1
2.079475E+4	5.217391E-1
2.079500E+4	5.090394E-1
2.079525E+4	3.358791E-1
2.079550E+4	1.232898E-1
2.079575E+4	2.080629E-1
2.079600E+4	4.298539E-1
2.079625E+4	3.565123E-1
2.079650E+4	1.653464E-1
2.079675E+4	6.577129E-2
2.079700E+4	1.204281E-1
2.079725E+4	1.645826E-1
2.079750E+4	1.346015E-1
2.079775E+4	8.801592E-2
2.079800E+4	1.049042E-1
2.079825E+4	1.943377E-1
2.079850E+4	2.902718E-1
2.079875E+4	3.072026E-1
2.079900E+4	1.770999E-1
2.079925E+4	2.808612E-2
2.079950E+4	1.171248E-2
2.079975E+4	1.300377E-1
2.080000E+4	3.051337E-1
2.080025E+4	4.094048E-1
2.080050E+4	3.840720E-1
2.080075E+4	2.862582E-1
2.080100E+4	2.669809E-1
2.080125E+4	3.709838E-1
2.080150E+4	3.470265E-1
2.080175E+4	2.651986E-1
2.080200E+4	2.011686E-1
2.080225E+4	2.203037E-1
2.080250E+4	2.266174E-1
2.080275E+4	1.678146E-1
2.080300E+4	1.337806E-1
2.080325E+4	1.465300E-1
2.080350E+4	3.250344E-1
2.080375E+4	1.931460E-1
2.080400E+4	4.894801E-2
2.080425E+4	2.898369E-2
2.080450E+4	5.225587E-2
2.080475E+4	1.271541E-1
2.080500E+4	1.708303E-1
2.080525E+4	1.377219E-1
2.080550E+4	1.259731E-1
2.080575E+4	1.704609E-1
2.080600E+4	2.762066E-1
2.080625E+4	1.550521E-1
2.080650E+4	1.479705E-2
2.080675E+4	3.574733E-2
2.080700E+4	1.263865E-1
2.080725E+4	1.335009E-1
2.080750E+4	5.698722E-2
2.080775E+4	8.079158E-3
2.080800E+4	2.731414E-3
2.080825E+4	1.965753E-2
2.080850E+4	6.745136E-3
2.080875E+4	2.219120E-2
2.080900E+4	1.395757E-1
2.080925E+4	2.382271E-1
2.080950E+4	2.263743E-1
2.080975E+4	1.598996E-1
2.081000E+4	1.271696E-1
2.081025E+4	1.891594E-1
2.081050E+4	2.380619E-1
2.081075E+4	5.724764E-2
2.081100E+4	1.240955E-2
2.081125E+4	9.899917E-2
2.081150E+4	3.564401E-1
2.081175E+4	7.283001E-1
2.081200E+4	3.921137E-1
2.081225E+4	9.914636E-2
2.081250E+4	1.614149E-2
2.081275E+4	6.807929E-4
2.081300E+4	1.097827E-2
2.081325E+4	3.695607E-2
2.081350E+4	6.570251E-2
2.081375E+4	7.445229E-2
2.081400E+4	2.930866E-2
2.081425E+4	6.344229E-3
2.081450E+4	6.832812E-2
2.081475E+4	1.405645E-1
2.081500E+4	1.890323E-1
2.081525E+4	2.049257E-1
2.081550E+4	1.997022E-1
2.081575E+4	1.961753E-1
2.081600E+4	1.857834E-1
2.081625E+4	1.508364E-1
2.081650E+4	1.508627E-1
2.081675E+4	2.525211E-1
2.081700E+4	3.940182E-1
2.081725E+4	2.954148E-1
2.081750E+4	1.892606E-2
2.081775E+4	2.659319E-2
2.081800E+4	8.842494E-2
2.081825E+4	1.177274E-1
2.081850E+4	1.070972E-1
2.081875E+4	6.635804E-2
2.081900E+4	1.012293E-1
2.081925E+4	3.217771E-1
2.081950E+4	4.869846E-1
2.081975E+4	4.491090E-1
2.082000E+4	8.322335E-2
2.082025E+4	5.167011E-2
2.082050E+4	3.091852E-1
2.082075E+4	4.311945E-1
2.082100E+4	2.256604E-1
2.082125E+4	5.212893E-2
2.082150E+4	9.531852E-3
2.082175E+4	9.418471E-2
2.082200E+4	1.007967E-1
2.082225E+4	3.798900E-2
2.082250E+4	1.625445E-2
2.082275E+4	3.944226E-2
2.082300E+4	1.415613E-1
2.082325E+4	2.906494E-1
2.082350E+4	2.460051E-1
2.082375E+4	1.511575E-1
2.082400E+4	8.409756E-2
2.082425E+4	4.251662E-2
2.082450E+4	7.543401E-2
2.082475E+4	1.492466E-1
2.082500E+4	2.219953E-1
2.082525E+4	2.961770E-1
2.082550E+4	3.335257E-1
2.082575E+4	2.551925E-1
2.082600E+4	1.602005E-1
2.082625E+4	1.001138E-1
2.082650E+4	4.876374E-2
2.082675E+4	1.533811E-1
2.082700E+4	7.004326E-1
2.082725E+4	7.826601E-1
2.082750E+4	6.485244E-1
2.082775E+4	4.619144E-1
2.082800E+4	2.362757E-1
2.082825E+4	5.702693E-2
2.082850E+4	1.810028E-2
2.082875E+4	6.836503E-2
2.082900E+4	1.189925E-1
2.082925E+4	1.410099E-1
2.082950E+4	1.157796E-1
2.082975E+4	4.546057E-2
2.083000E+4	8.581314E-2
2.083025E+4	1.135270E-1
2.083050E+4	1.263355E-1
2.083075E+4	1.300374E-1
2.083100E+4	1.125454E-1
2.083125E+4	6.017617E-2
2.083150E+4	2.470775E-3
2.083175E+4	7.428290E-2
2.083200E+4	3.649893E-1
2.083225E+4	4.565745E-1
2.083250E+4	2.726798E-1
2.083275E+4	1.596054E-1
2.083300E+4	2.195962E-1
2.083325E+4	2.249121E-1
2.083350E+4	1.386919E-1
2.083375E+4	4.907419E-2
2.083400E+4	2.886934E-2
2.083425E+4	1.883547E-1
2.083450E+4	3.950588E-1
2.083475E+4	3.471939E-1
2.083500E+4	2.728733E-1
2.083525E+4	2.958195E-1
2.083550E+4	4.649150E-1
2.083575E+4	5.308260E-1
2.083600E+4	2.261665E-1
2.083625E+4	2.319194E-2
2.083650E+4	5.915930E-2
2.083675E+4	2.074992E-1
2.083700E+4	2.739541E-1
2.083725E+4	2.572906E-1
2.083750E+4	1.518581E-1
2.083775E+4	1.821027E-2
2.083800E+4	1.988829E-2
2.083825E+4	8.772364E-2
2.083850E+4	1.211594E-1
2.083875E+4	1.012625E-1
2.083900E+4	1.166510E-1
2.083925E+4	2.565000E-1
2.083950E+4	3.544418E-1
2.083975E+4	3.888228E-1
2.084000E+4	4.237086E-1
2.084025E+4	4.975054E-1
2.084050E+4	5.667579E-1
2.084075E+4	5.620100E-1
2.084100E+4	4.533900E-1
2.084125E+4	2.118020E-1
2.084150E+4	4.480397E-2
2.084175E+4	1.411415E-1
2.084200E+4	2.177998E-1
2.084225E+4	2.992370E-1
2.084250E+4	3.437407E-1
2.084275E+4	2.928066E-1
2.084300E+4	1.653788E-1
2.084325E+4	6.503291E-2
2.084350E+4	1.403769E-1
2.084375E+4	4.364515E-1
2.084400E+4	3.756460E-1
2.084425E+4	7.667869E-2
2.084450E+4	5.697342E-2
2.084475E+4	2.228791E-1
2.084500E+4	3.086112E-1
2.084525E+4	2.380440E-1
2.084550E+4	1.083929E-1
2.084575E+4	1.030808E-2
2.084600E+4	7.959307E-2
2.084625E+4	3.386449E-1
2.084650E+4	5.135287E-1
2.084675E+4	4.775627E-1
2.084700E+4	2.641552E-1
2.084725E+4	4.302398E-2
2.084750E+4	8.296997E-3
2.084775E+4	6.971997E-2
2.084800E+4	1.039160E-1
2.084825E+4	8.779958E-2
2.084850E+4	6.767919E-2
2.084875E+4	9.619097E-2
2.084900E+4	1.273449E-1
2.084925E+4	5.527125E-2
2.084950E+4	4.127551E-2
2.084975E+4	1.231158E-1
2.085000E+4	1.749806E-1
2.085025E+4	1.704778E-1
2.085050E+4	7.976918E-2
2.085075E+4	9.988579E-3
2.085100E+4	3.855848E-3
2.085125E+4	3.189655E-2
2.085150E+4	1.633541E-1
2.085175E+4	2.064886E-1
2.085200E+4	7.193969E-2
2.085225E+4	2.888108E-2
2.085250E+4	1.227917E-2
2.085275E+4	7.320312E-3
2.085300E+4	7.327211E-3
2.085325E+4	6.205014E-3
2.085350E+4	2.296465E-2
2.085375E+4	7.249091E-2
2.085400E+4	1.826561E-1
2.085425E+4	2.585611E-1
2.085450E+4	1.077350E-1
2.085475E+4	9.921209E-3
2.085500E+4	1.924289E-2
2.085525E+4	1.621220E-1
2.085550E+4	3.302329E-1
2.085575E+4	2.800841E-1
2.085600E+4	1.795648E-1
2.085625E+4	1.004282E-1
2.085650E+4	6.144422E-2
2.085675E+4	2.434192E-1
2.085700E+4	1.604595E-1
2.085725E+4	9.545563E-2
2.085750E+4	7.126403E-2
2.085775E+4	1.351830E-1
2.085800E+4	3.097217E-1
2.085825E+4	2.527824E-1
2.085850E+4	1.671197E-1
2.085875E+4	1.130106E-1
2.085900E+4	7.516644E-2
2.085925E+4	4.682977E-2
2.085950E+4	3.006010E-2
2.085975E+4	2.896539E-2
2.086000E+4	3.906600E-2
2.086025E+4	4.887120E-2
2.086050E+4	5.172731E-2
2.086075E+4	5.717250E-2
2.086100E+4	8.458456E-2
2.086125E+4	1.467875E-1
2.086150E+4	2.489277E-1
2.086175E+4	3.972299E-1
2.086200E+4	5.130282E-1
2.086225E+4	3.545772E-1
2.086250E+4	1.699071E-1
2.086275E+4	1.146674E-1
2.086300E+4	1.450210E-1
2.086325E+4	2.613318E-1
2.086350E+4	3.397554E-1
2.086375E+4	2.401569E-1
2.086400E+4	1.161416E-1
2.086425E+4	3.994009E-2
2.086450E+4	2.674860E-3
2.086475E+4	4.021621E-2
2.086500E+4	3.154679E-1
2.086525E+4	3.086027E-1
2.086550E+4	2.502823E-1
2.086575E+4	2.268071E-1
2.086600E+4	1.672196E-1
2.086625E+4	1.110030E-2
2.086650E+4	9.107696E-2
2.086675E+4	1.393352E-1
2.086700E+4	1.514767E-1
2.086725E+4	1.222529E-1
2.086750E+4	6.255368E-2
2.086775E+4	5.512443E-2
2.086800E+4	1.236871E-1
2.086825E+4	1.432942E-1
2.086850E+4	5.372849E-2
2.086875E+4	8.862773E-3
2.086900E+4	3.801086E-2
2.086925E+4	1.151268E-1
2.086950E+4	2.027594E-1
2.086975E+4	1.676767E-1
2.087000E+4	6.394822E-2
2.087025E+4	2.853174E-2
2.087050E+4	4.504957E-2
2.087075E+4	8.932798E-2
2.087100E+4	1.267013E-1
2.087125E+4	1.290366E-1
2.087150E+4	1.296219E-1
2.087175E+4	1.623329E-1
2.087200E+4	1.926238E-1
2.087225E+4	1.032281E-1
2.087250E+4	2.093450E-2
2.087275E+4	3.142905E-3
2.087300E+4	2.890858E-2
2.087325E+4	1.143946E-1
2.087350E+4	2.902428E-1
2.087375E+4	3.559527E-1
2.087400E+4	3.020867E-1
2.087425E+4	3.063708E-1
2.087450E+4	3.594721E-1
2.087475E+4	4.263206E-1
2.087500E+4	4.629789E-1
2.087525E+4	4.409205E-1
2.087550E+4	3.928329E-1
2.087575E+4	3.716637E-1
2.087600E+4	3.764828E-1
2.087625E+4	3.775719E-1
2.087650E+4	3.356517E-1
2.087675E+4	1.994022E-1
2.087700E+4	4.373862E-2
2.087725E+4	4.064769E-2
2.087750E+4	2.085068E-1
2.087775E+4	5.029127E-1
2.087800E+4	5.200947E-1
2.087825E+4	3.405750E-1
2.087850E+4	1.954986E-1
2.087875E+4	1.006152E-1
2.087900E+4	4.818039E-2
2.087925E+4	2.358304E-2
2.087950E+4	9.874078E-3
2.087975E+4	4.399550E-3
2.088000E+4	4.167839E-2
2.088025E+4	5.052784E-2
2.088050E+4	4.495204E-2
2.088075E+4	1.164179E-1
2.088100E+4	2.081937E-1
2.088125E+4	2.025050E-1
2.088150E+4	1.582719E-1
2.088175E+4	1.006844E-1
2.088200E+4	4.500609E-2
2.088225E+4	1.269516E-1
2.088250E+4	1.428028E-1
2.088275E+4	9.453828E-2
2.088300E+4	6.067399E-2
2.088325E+4	1.003556E-1
2.088350E+4	2.747119E-1
2.088375E+4	2.354005E-1
2.088400E+4	8.816392E-2
2.088425E+4	2.712159E-2
2.088450E+4	6.283087E-2
2.088475E+4	9.101851E-2
2.088500E+4	6.644780E-2
2.088525E+4	5.133606E-2
2.088550E+4	8.942972E-2
2.088575E+4	1.512669E-1
2.088600E+4	2.290535E-1
2.088625E+4	3.630431E-1
2.088650E+4	5.629697E-1
2.088675E+4	7.771567E-1
2.088700E+4	8.063906E-1
2.088725E+4	6.561596E-1
2.088750E+4	6.148037E-1
2.088775E+4	5.903864E-1
2.088800E+4	4.372406E-1
2.088825E+4	2.552503E-1
2.088850E+4	2.546087E-1
2.088875E+4	3.947728E-1
2.088900E+4	5.891924E-1
2.088925E+4	7.477634E-1
2.088950E+4	3.037771E-1
2.088975E+4	3.730921E-2
2.089000E+4	2.669063E-1
2.089025E+4	4.137995E-1
2.089050E+4	2.858638E-1
2.089075E+4	1.310740E-1
2.089100E+4	6.659679E-2
2.089125E+4	3.338403E-2
2.089150E+4	1.920989E-2
2.089175E+4	9.291608E-2
2.089200E+4	1.903450E-1
2.089225E+4	2.466834E-1
2.089250E+4	2.971037E-1
2.089275E+4	2.221686E-1
2.089300E+4	1.654939E-2
2.089325E+4	5.178549E-2
2.089350E+4	1.348010E-1
2.089375E+4	1.656048E-1
2.089400E+4	1.144371E-1
2.089425E+4	2.158423E-2
2.089450E+4	6.471431E-2
2.089475E+4	3.042381E-1
2.089500E+4	3.827418E-1
2.089525E+4	2.051202E-1
2.089550E+4	1.916886E-2
2.089575E+4	2.903017E-2
2.089600E+4	1.249245E-1
2.089625E+4	1.680245E-1
2.089650E+4	1.450110E-1
2.089675E+4	1.049986E-1
2.089700E+4	1.081523E-1
2.089725E+4	1.581339E-1
2.089750E+4	1.594662E-1
2.089775E+4	1.615417E-1
2.089800E+4	2.591519E-1
2.089825E+4	3.854209E-1
2.089850E+4	4.364480E-1
2.089875E+4	3.294734E-1
2.089900E+4	1.913169E-1
2.089925E+4	1.306545E-1
2.089950E+4	1.853602E-1
2.089975E+4	5.256738E-1
2.090000E+4	3.096689E-1
2.090025E+4	1.504291E-1
2.090050E+4	1.127062E-1
2.090075E+4	1.061026E-1
2.090100E+4	9.225899E-2
2.090125E+4	3.602633E-2
2.090150E+4	4.447162E-2
2.090175E+4	9.932921E-2
2.090200E+4	1.706137E-1
2.090225E+4	1.959034E-1
2.090250E+4	1.118392E-1
2.090275E+4	3.187145E-2
2.090300E+4	4.480428E-5
2.090325E+4	5.207667E-2
2.090350E+4	8.997970E-2
2.090375E+4	6.825541E-2
2.090400E+4	3.708482E-2
2.090425E+4	8.949453E-3
2.090450E+4	2.830760E-2
2.090475E+4	2.468948E-1
2.090500E+4	2.926772E-1
2.090525E+4	1.971498E-1
2.090550E+4	1.518092E-1
2.090575E+4	1.502966E-1
2.090600E+4	2.118492E-1
2.090625E+4	2.145010E-1
2.090650E+4	1.013240E-1
2.090675E+4	7.994260E-2
2.090700E+4	8.700240E-2
2.090725E+4	8.918102E-2
2.090750E+4	6.916307E-2
2.090775E+4	5.574029E-2
2.090800E+4	4.074020E-2
2.090825E+4	4.049757E-2
2.090850E+4	1.965753E-1
2.090875E+4	3.715620E-1
2.090900E+4	4.158367E-1
2.090925E+4	3.937202E-1
2.090950E+4	3.274924E-1
2.090975E+4	2.521927E-1
2.091000E+4	1.995534E-1
2.091025E+4	1.682264E-1
2.091050E+4	1.253030E-1
2.091075E+4	8.799696E-2
2.091100E+4	1.232033E-1
2.091125E+4	2.372171E-1
2.091150E+4	2.242587E-1
2.091175E+4	6.941620E-2
2.091200E+4	3.524319E-2
2.091225E+4	1.471654E-1
2.091250E+4	2.447521E-1
2.091275E+4	2.444484E-1
2.091300E+4	2.056791E-1
2.091325E+4	1.678708E-1
2.091350E+4	1.642434E-1
2.091375E+4	2.390061E-1
2.091400E+4	2.292443E-1
2.091425E+4	9.742630E-2
2.091450E+4	1.703233E-2
2.091475E+4	2.864716E-3
2.091500E+4	1.898168E-2
2.091525E+4	4.554903E-2
2.091550E+4	6.749512E-2
2.091575E+4	6.022635E-2
2.091600E+4	3.502199E-2
2.091625E+4	5.384335E-2
2.091650E+4	1.399931E-1
2.091675E+4	2.451478E-1
2.091700E+4	1.159818E-1
2.091725E+4	2.767722E-2
2.091750E+4	9.520305E-2
2.091775E+4	1.865053E-1
2.091800E+4	2.517681E-1
2.091825E+4	2.622322E-1
2.091850E+4	2.298899E-1
2.091875E+4	1.958873E-1
2.091900E+4	1.367754E-1
2.091925E+4	4.991217E-2
2.091950E+4	1.496500E-2
2.091975E+4	9.001758E-2
2.092000E+4	2.763354E-1
2.092025E+4	4.330583E-1
2.092050E+4	3.514893E-1
2.092075E+4	1.426337E-1
2.092100E+4	1.298380E-2
2.092125E+4	2.194156E-2
2.092150E+4	9.473317E-2
2.092175E+4	1.432978E-1
2.092200E+4	1.247478E-1
2.092225E+4	6.390356E-2
2.092250E+4	3.493979E-2
2.092275E+4	4.004573E-2
2.092300E+4	5.659416E-2
2.092325E+4	7.038663E-2
2.092350E+4	6.559747E-2
2.092375E+4	3.334515E-2
2.092400E+4	3.933363E-2
2.092425E+4	8.488460E-2
2.092450E+4	1.765419E-1
2.092475E+4	3.066775E-1
2.092500E+4	4.612452E-1
2.092525E+4	6.464621E-1
2.092550E+4	5.579326E-1
2.092575E+4	7.427694E-2
2.092600E+4	1.622599E-1
2.092625E+4	1.902705E-1
2.092650E+4	1.235959E-1
2.092675E+4	5.784356E-2
2.092700E+4	1.505178E-1
2.092725E+4	3.464852E-1
2.092750E+4	4.814830E-1
2.092775E+4	3.827989E-1
2.092800E+4	2.150517E-1
2.092825E+4	2.512954E-1
2.092850E+4	3.459674E-1
2.092875E+4	3.434936E-1
2.092900E+4	2.147011E-1
2.092925E+4	1.860089E-1
2.092950E+4	2.003242E-1
2.092975E+4	2.057910E-1
2.093000E+4	2.676189E-1
2.093025E+4	3.559444E-1
2.093050E+4	3.532719E-1
2.093075E+4	2.673601E-1
2.093100E+4	6.456335E-2
2.093125E+4	5.171352E-2
2.093150E+4	2.143595E-1
2.093175E+4	2.561949E-1
2.093200E+4	2.114131E-1
2.093225E+4	1.003440E-1
2.093250E+4	1.951851E-2
2.093275E+4	3.460645E-2
2.093300E+4	6.351554E-2
2.093325E+4	1.107063E-1
2.093350E+4	1.893930E-1
2.093375E+4	2.319983E-1
2.093400E+4	1.305516E-1
2.093425E+4	2.869899E-3
2.093450E+4	1.226763E-1
2.093475E+4	3.115699E-1
2.093500E+4	4.083231E-1
2.093525E+4	3.597042E-1
2.093550E+4	1.736588E-1
2.093575E+4	4.172612E-2
2.093600E+4	1.415349E-1
2.093625E+4	3.463719E-1
2.093650E+4	4.428405E-1
2.093675E+4	4.317302E-1
2.093700E+4	3.546355E-1
2.093725E+4	2.123354E-1
2.093750E+4	2.491048E-2
2.093775E+4	5.045980E-2
2.093800E+4	1.767447E-1
2.093825E+4	3.046243E-1
2.093850E+4	4.401241E-1
2.093875E+4	5.304752E-1
2.093900E+4	4.983412E-1
2.093925E+4	3.011730E-1
2.093950E+4	1.389523E-1
2.093975E+4	1.405148E-1
2.094000E+4	1.380996E-1
2.094025E+4	6.002832E-2
2.094050E+4	2.070287E-4
2.094075E+4	5.268073E-2
2.094100E+4	8.251809E-2
2.094125E+4	1.088051E-1
2.094150E+4	1.748570E-1
2.094175E+4	2.091411E-1
2.094200E+4	1.952300E-1
2.094225E+4	1.132831E-1
2.094250E+4	3.797987E-2
2.094275E+4	3.556433E-1
2.094300E+4	3.745683E-1
2.094325E+4	2.423115E-1
2.094350E+4	7.608269E-2
2.094375E+4	2.014698E-2
2.094400E+4	4.974057E-2
2.094425E+4	4.404427E-2
2.094450E+4	7.907568E-2
2.094475E+4	2.443752E-1
2.094500E+4	3.666564E-1
2.094525E+4	3.329469E-1
2.094550E+4	1.470649E-1
2.094575E+4	5.524610E-4
2.094600E+4	1.857168E-1
2.094625E+4	4.630666E-1
2.094650E+4	5.966730E-1
2.094675E+4	5.430880E-1
2.094700E+4	3.219042E-1
2.094725E+4	1.157271E-1
2.094750E+4	1.524012E-1
2.094775E+4	2.915670E-1
2.094800E+4	3.540087E-1
2.094825E+4	3.558022E-1
2.094850E+4	3.488065E-1
2.094875E+4	3.108730E-1
2.094900E+4	2.047565E-1
2.094925E+4	5.561275E-2
2.094950E+4	1.366909E-1
2.094975E+4	3.905166E-1
2.095000E+4	3.239153E-1
2.095025E+4	1.444164E-1
2.095050E+4	3.435251E-2
2.095075E+4	8.394766E-2
2.095100E+4	1.830435E-1
2.095125E+4	2.206921E-1
2.095150E+4	2.139771E-1
2.095175E+4	3.308712E-1
2.095200E+4	5.038001E-1
2.095225E+4	5.428737E-1
2.095250E+4	4.416565E-1
2.095275E+4	1.770711E-1
2.095300E+4	1.093936E-1
2.095325E+4	1.525190E-1
2.095350E+4	1.334458E-1
2.095375E+4	8.782139E-2
2.095400E+4	4.591257E-2
2.095425E+4	3.671026E-2
2.095450E+4	1.658706E-1
2.095475E+4	4.362352E-1
2.095500E+4	4.809055E-1
2.095525E+4	3.471897E-1
2.095550E+4	1.823201E-1
2.095575E+4	9.473421E-2
2.095600E+4	1.355728E-1
2.095625E+4	2.250450E-1
2.095650E+4	2.266036E-1
2.095675E+4	1.596128E-1
2.095700E+4	1.649767E-1
2.095725E+4	2.267781E-1
2.095750E+4	2.903866E-1
2.095775E+4	3.217136E-1
2.095800E+4	3.741653E-1
2.095825E+4	4.250090E-1
2.095850E+4	4.162303E-1
2.095875E+4	2.312200E-1
2.095900E+4	9.525635E-3
2.095925E+4	1.843314E-1
2.095950E+4	4.798079E-1
2.095975E+4	7.303792E-1
2.096000E+4	6.559878E-1
2.096025E+4	5.407437E-1
2.096050E+4	6.008349E-1
2.096075E+4	6.822253E-1
2.096100E+4	5.082060E-1
2.096125E+4	1.284654E-1
2.096150E+4	8.312265E-2
2.096175E+4	1.467000E-1
2.096200E+4	1.502112E-1
2.096225E+4	1.063318E-1
2.096250E+4	6.119874E-2
2.096275E+4	2.629968E-2
2.096300E+4	6.614417E-3
2.096325E+4	6.825586E-3
2.096350E+4	1.377339E-2
2.096375E+4	2.288388E-2
2.096400E+4	1.721606E-2
2.096425E+4	3.414137E-4
2.096450E+4	1.629426E-2
2.096475E+4	4.004313E-2
2.096500E+4	4.689356E-2
2.096525E+4	3.158596E-2
2.096550E+4	1.662225E-2
2.096575E+4	2.399164E-2
2.096600E+4	8.558695E-2
2.096625E+4	1.464904E-1
2.096650E+4	1.680029E-1
2.096675E+4	2.158602E-1
2.096700E+4	3.450971E-1
2.096725E+4	3.329942E-1
2.096750E+4	1.037623E-1
2.096775E+4	2.339430E-2
2.096800E+4	5.654326E-3
2.096825E+4	1.819224E-2
2.096850E+4	1.661903E-1
2.096875E+4	3.465772E-1
2.096900E+4	4.019414E-1
2.096925E+4	3.772490E-1
2.096950E+4	2.646515E-1
2.096975E+4	1.179451E-1
2.097000E+4	1.891514E-2
2.097025E+4	1.989710E-2
2.097050E+4	9.704414E-2
2.097075E+4	2.083156E-1
2.097100E+4	3.607155E-1
2.097125E+4	4.281922E-1
2.097150E+4	2.562287E-1
2.097175E+4	6.308329E-2
2.097200E+4	8.941458E-3
2.097225E+4	5.920979E-2
2.097250E+4	1.653945E-1
2.097275E+4	2.229700E-1
2.097300E+4	4.730139E-2
2.097325E+4	3.647205E-2
2.097350E+4	8.892216E-2
2.097375E+4	1.205600E-1
2.097400E+4	6.637704E-2
2.097425E+4	6.821579E-3
2.097450E+4	1.318040E-3
2.097475E+4	1.284541E-3
2.097500E+4	1.107833E-2
2.097525E+4	5.146071E-2
2.097550E+4	1.325322E-1
2.097575E+4	1.078982E-1
2.097600E+4	8.128498E-2
2.097625E+4	1.222800E-1
2.097650E+4	1.888422E-1
2.097675E+4	2.685484E-1
2.097700E+4	7.688964E-2
2.097725E+4	1.400143E-3
2.097750E+4	2.370705E-3
2.097775E+4	1.468380E-2
2.097800E+4	9.392102E-2
2.097825E+4	2.996066E-1
2.097850E+4	3.587866E-1
2.097875E+4	3.294603E-1
2.097900E+4	3.249507E-1
2.097925E+4	3.444913E-1
2.097950E+4	2.627190E-1
2.097975E+4	7.301058E-2
2.098000E+4	8.992214E-2
2.098025E+4	1.522286E-1
2.098050E+4	1.868107E-1
2.098075E+4	1.828596E-1
2.098100E+4	1.342426E-1
2.098125E+4	9.915230E-2
2.098150E+4	1.573271E-1
2.098175E+4	2.176176E-1
2.098200E+4	2.398878E-1
2.098225E+4	1.993678E-1
2.098250E+4	1.241136E-1
2.098275E+4	1.039529E-1
2.098300E+4	1.786583E-1
2.098325E+4	3.426061E-1
2.098350E+4	5.377226E-1
2.098375E+4	6.472878E-1
2.098400E+4	6.818384E-1
2.098425E+4	7.310873E-1
2.098450E+4	7.437827E-1
2.098475E+4	6.269357E-1
2.098500E+4	4.479319E-1
2.098525E+4	2.738390E-1
2.098550E+4	1.976695E-1
2.098575E+4	2.846383E-1
2.098600E+4	3.482590E-1
2.098625E+4	3.433703E-1
2.098650E+4	2.885656E-1
2.098675E+4	1.939919E-1
2.098700E+4	1.921701E-1
2.098725E+4	2.592614E-1
2.098750E+4	2.613891E-1
2.098775E+4	2.436464E-1
2.098800E+4	3.086935E-1
2.098825E+4	3.949859E-1
2.098850E+4	3.315679E-1
2.098875E+4	2.450891E-1
2.098900E+4	1.825783E-1
2.098925E+4	1.353532E-1
2.098950E+4	1.569608E-1
2.098975E+4	6.126384E-1
2.099000E+4	4.626670E-1
2.099025E+4	3.677209E-1
2.099050E+4	3.220571E-1
2.099075E+4	3.007140E-1
2.099100E+4	3.015489E-1
2.099125E+4	2.906320E-1
2.099150E+4	2.446089E-1
2.099175E+4	2.026191E-1
2.099200E+4	1.667130E-1
2.099225E+4	1.373525E-1
2.099250E+4	1.186950E-1
2.099275E+4	1.034523E-1
2.099300E+4	9.340238E-2
2.099325E+4	9.947081E-2
2.099350E+4	1.303550E-1
2.099375E+4	1.530868E-1
2.099400E+4	1.347371E-1
2.099425E+4	9.962406E-2
2.099450E+4	6.662624E-2
2.099475E+4	4.283267E-2
2.099500E+4	3.755759E-2
2.099525E+4	6.547183E-2
2.099550E+4	1.524768E-1
2.099575E+4	3.231848E-1
2.099600E+4	5.442801E-1
2.099625E+4	6.392467E-1
2.099650E+4	4.329972E-1
2.099675E+4	1.306943E-1
2.099700E+4	5.245236E-3
2.099725E+4	6.359097E-2
2.099750E+4	1.852269E-1
2.099775E+4	2.786635E-2
2.099800E+4	1.178797E-1
2.099825E+4	2.932528E-1
2.099850E+4	3.878008E-1
2.099875E+4	4.221468E-1
2.099900E+4	4.127394E-1
2.099925E+4	3.667708E-1
2.099950E+4	2.714796E-1
2.099975E+4	1.082357E-1
2.100000E+4	3.329207E-3
2.100025E+4	2.279387E-2
2.100050E+4	1.517880E-2
2.100075E+4	2.462154E-2
2.100100E+4	1.587472E-1
2.100125E+4	2.476854E-1
2.100150E+4	2.522983E-1
2.100175E+4	2.010456E-1
2.100200E+4	1.019549E-1
2.100225E+4	4.884945E-3
2.100250E+4	7.135170E-2
2.100275E+4	1.523830E-1
2.100300E+4	1.354231E-1
2.100325E+4	8.957099E-2
2.100350E+4	1.057277E-1
2.100375E+4	2.069039E-1
2.100400E+4	1.924572E-1
2.100425E+4	5.595749E-2
2.100450E+4	8.220166E-3
2.100475E+4	6.858728E-2
2.100500E+4	1.086162E-1
2.100525E+4	1.006997E-1
2.100550E+4	4.743848E-2
2.100575E+4	1.070688E-2
2.100600E+4	9.586544E-2
2.100625E+4	2.297607E-1
2.100650E+4	3.315359E-1
2.100675E+4	3.713499E-1
2.100700E+4	3.373362E-1
2.100725E+4	3.287562E-1
2.100750E+4	3.990641E-1
2.100775E+4	4.295389E-1
2.100800E+4	3.606089E-1
2.100825E+4	2.432971E-1
2.100850E+4	2.189223E-1
2.100875E+4	3.072883E-1
2.100900E+4	3.901158E-1
2.100925E+4	3.477435E-1
2.100950E+4	1.211829E-1
2.100975E+4	1.505340E-1
2.101000E+4	1.786310E-1
2.101025E+4	1.423063E-1
2.101050E+4	1.533191E-1
2.101075E+4	2.389082E-1
2.101100E+4	3.211585E-1
2.101125E+4	3.103534E-1
2.101150E+4	1.486941E-1
2.101175E+4	1.530096E-1
2.101200E+4	5.198455E-1
2.101225E+4	7.240677E-1
2.101250E+4	6.862808E-1
2.101275E+4	2.662113E-1
2.101300E+4	9.124835E-3
2.101325E+4	1.074780E-1
2.101350E+4	2.074115E-1
2.101375E+4	2.378056E-1
2.101400E+4	2.163515E-1
2.101425E+4	2.548477E-1
2.101450E+4	3.947501E-1
2.101475E+4	5.327144E-1
2.101500E+4	5.693096E-1
2.101525E+4	3.914265E-1
2.101550E+4	1.665317E-1
2.101575E+4	1.094080E-1
2.101600E+4	1.388310E-1
2.101625E+4	1.656036E-1
2.101650E+4	1.334095E-1
2.101675E+4	4.413738E-2
2.101700E+4	2.396290E-3
2.101725E+4	1.390112E-1
2.101750E+4	3.332052E-1
2.101775E+4	2.914125E-1
2.101800E+4	2.169060E-1
2.101825E+4	1.775250E-1
2.101850E+4	1.748266E-1
2.101875E+4	1.897376E-1
2.101900E+4	1.871601E-1
2.101925E+4	1.921665E-1
2.101950E+4	2.066118E-1
2.101975E+4	1.817183E-1
2.102000E+4	1.462404E-1
2.102025E+4	1.752883E-1
2.102050E+4	2.066813E-1
2.102075E+4	2.293452E-1
2.102100E+4	1.711621E-1
2.102125E+4	6.678259E-2
2.102150E+4	1.127537E-1
2.102175E+4	1.707218E-1
2.102200E+4	2.187787E-1
2.102225E+4	2.182833E-1
2.102250E+4	3.954384E-2
2.102275E+4	3.797498E-2
2.102300E+4	8.239645E-2
2.102325E+4	8.685879E-2
2.102350E+4	9.999487E-2
2.102375E+4	1.200535E-1
2.102400E+4	1.158806E-1
2.102425E+4	9.987380E-2
2.102450E+4	8.143429E-2
2.102475E+4	5.908429E-2
2.102500E+4	2.491312E-2
2.102525E+4	1.661243E-2
2.102550E+4	2.403059E-2
2.102575E+4	5.742007E-2
2.102600E+4	1.637396E-1
2.102625E+4	1.750724E-1
2.102650E+4	1.339484E-1
2.102675E+4	1.469651E-1
2.102700E+4	1.871695E-1
2.102725E+4	8.236567E-2
2.102750E+4	5.937208E-2
2.102775E+4	1.115853E-1
2.102800E+4	1.827134E-1
2.102825E+4	2.283975E-1
2.102850E+4	1.917229E-1
2.102875E+4	1.656386E-1
2.102900E+4	2.276479E-1
2.102925E+4	3.933360E-1
2.102950E+4	4.062245E-1
2.102975E+4	2.696912E-1
2.103000E+4	1.586796E-1
2.103025E+4	1.107525E-1
2.103050E+4	1.642649E-1
2.103075E+4	1.625825E-1
2.103100E+4	1.110610E-1
2.103125E+4	6.438229E-2
2.103150E+4	6.857530E-2
2.103175E+4	7.778453E-2
2.103200E+4	8.173666E-2
2.103225E+4	3.630878E-1
2.103250E+4	6.411630E-1
2.103275E+4	6.137307E-1
2.103300E+4	4.582698E-1
2.103325E+4	1.619867E-1
2.103350E+4	2.776757E-2
2.103375E+4	1.836498E-1
2.103400E+4	2.457902E-1
2.103425E+4	2.220137E-1
2.103450E+4	1.344597E-1
2.103475E+4	3.480365E-2
2.103500E+4	1.040347E-2
2.103525E+4	1.375943E-2
2.103550E+4	1.836088E-2
2.103575E+4	2.237361E-2
2.103600E+4	1.087583E-2
2.103625E+4	2.296320E-2
2.103650E+4	9.683538E-2
2.103675E+4	1.795545E-1
2.103700E+4	1.455929E-1
2.103725E+4	3.469496E-2
2.103750E+4	2.149192E-2
2.103775E+4	8.663005E-2
2.103800E+4	1.142777E-1
2.103825E+4	7.230439E-2
2.103850E+4	5.353232E-2
2.103875E+4	1.210643E-1
2.103900E+4	2.727732E-1
2.103925E+4	3.939443E-1
2.103950E+4	3.580648E-1
2.103975E+4	2.528670E-1
2.104000E+4	1.459565E-1
2.104025E+4	5.105466E-2
2.104050E+4	1.019394E-2
2.104075E+4	2.037526E-2
2.104100E+4	6.442184E-2
2.104125E+4	1.382842E-1
2.104150E+4	1.923796E-1
2.104175E+4	1.787341E-1
2.104200E+4	1.705153E-1
2.104225E+4	2.204340E-1
2.104250E+4	3.529422E-1
2.104275E+4	5.221799E-1
2.104300E+4	5.817005E-1
2.104325E+4	4.746249E-1
2.104350E+4	3.172995E-1
2.104375E+4	2.715443E-1
2.104400E+4	3.364545E-1
2.104425E+4	4.335281E-1
2.104450E+4	4.030594E-1
2.104475E+4	2.421986E-1
2.104500E+4	1.218809E-1
2.104525E+4	5.163384E-2
2.104550E+4	3.068840E-2
2.104575E+4	2.030025E-1
2.104600E+4	7.928238E-2
2.104625E+4	3.882237E-2
2.104650E+4	5.732509E-2
2.104675E+4	9.295557E-2
2.104700E+4	1.009612E-1
2.104725E+4	6.344123E-2
2.104750E+4	1.221226E-2
2.104775E+4	7.579840E-2
2.104800E+4	2.523108E-1
2.104825E+4	2.548654E-1
2.104850E+4	2.065391E-1
2.104875E+4	3.050605E-1
2.104900E+4	3.363548E-1
2.104925E+4	1.849561E-1
2.104950E+4	8.892328E-2
2.104975E+4	7.288921E-2
2.105000E+4	1.425711E-1
2.105025E+4	2.511218E-1
2.105050E+4	2.512152E-1
2.105075E+4	1.340622E-1
2.105100E+4	1.130279E-1
2.105125E+4	2.069910E-1
2.105150E+4	2.883696E-1
2.105175E+4	2.815353E-1
2.105200E+4	1.537460E-1
2.105225E+4	6.449533E-2
2.105250E+4	1.635215E-1
2.105275E+4	2.661470E-1
2.105300E+4	3.264029E-1
2.105325E+4	3.306009E-1
2.105350E+4	2.566287E-1
2.105375E+4	1.268356E-1
2.105400E+4	9.211085E-2
2.105425E+4	1.377857E-1
2.105450E+4	1.294023E-1
2.105475E+4	6.432329E-2
2.105500E+4	4.306807E-3
2.105525E+4	9.195931E-2
2.105550E+4	2.582781E-1
2.105575E+4	2.624146E-1
2.105600E+4	1.938249E-1
2.105625E+4	1.724098E-1
2.105650E+4	2.391519E-1
2.105675E+4	3.401779E-1
2.105700E+4	4.403039E-1
2.105725E+4	5.161847E-1
2.105750E+4	3.262521E-1
2.105775E+4	1.747543E-1
2.105800E+4	2.650369E-1
2.105825E+4	3.881901E-1
2.105850E+4	5.040263E-1
2.105875E+4	5.709961E-1
2.105900E+4	5.395268E-1
2.105925E+4	4.424496E-1
2.105950E+4	3.663546E-1
2.105975E+4	3.584218E-1
2.106000E+4	4.128402E-1
2.106025E+4	4.314009E-1
2.106050E+4	3.511436E-1
2.106075E+4	1.943943E-1
2.106100E+4	1.147892E-1
2.106125E+4	1.288608E-1
2.106150E+4	1.101290E-1
2.106175E+4	1.363693E-1
2.106200E+4	3.124747E-1
2.106225E+4	6.172618E-1
2.106250E+4	8.629062E-1
2.106275E+4	9.087748E-1
2.106300E+4	6.636603E-1
2.106325E+4	1.766662E-1
2.106350E+4	1.775619E-1
2.106375E+4	3.162320E-1
2.106400E+4	3.297546E-1
2.106425E+4	2.543912E-1
2.106450E+4	1.293135E-1
2.106475E+4	3.797941E-2
2.106500E+4	9.152941E-2
2.106525E+4	1.726234E-1
2.106550E+4	1.096640E-1
2.106575E+4	3.954235E-2
2.106600E+4	6.558095E-2
2.106625E+4	8.614834E-2
2.106650E+4	6.466147E-2
2.106675E+4	1.442516E-2
2.106700E+4	4.299527E-2
2.106725E+4	1.175065E-1
2.106750E+4	1.720644E-1
2.106775E+4	2.456742E-1
2.106800E+4	4.100325E-1
2.106825E+4	3.113935E-1
2.106850E+4	2.584808E-1
2.106875E+4	2.410765E-1
2.106900E+4	2.007942E-1
2.106925E+4	4.740498E-2
2.106950E+4	2.369817E-2
2.106975E+4	1.000010E-1
2.107000E+4	1.552096E-1
2.107025E+4	2.019283E-1
2.107050E+4	2.188070E-1
2.107075E+4	1.028224E-1
2.107100E+4	2.414680E-2
2.107125E+4	3.956125E-3
2.107150E+4	1.043824E-2
2.107175E+4	2.253671E-2
2.107200E+4	2.675140E-2
2.107225E+4	2.718879E-2
2.107250E+4	2.271240E-2
2.107275E+4	5.371539E-3
2.107300E+4	3.934015E-2
2.107325E+4	8.214414E-2
2.107350E+4	7.861577E-2
2.107375E+4	6.054482E-2
2.107400E+4	2.839065E-2
2.107425E+4	9.871277E-3
2.107450E+4	5.737143E-2
2.107475E+4	9.773791E-2
2.107500E+4	1.223359E-1
2.107525E+4	1.780184E-1
2.107550E+4	1.483710E-1
2.107575E+4	1.417075E-1
2.107600E+4	1.808012E-1
2.107625E+4	3.352436E-1
2.107650E+4	4.261519E-1
2.107675E+4	3.115149E-1
2.107700E+4	2.613698E-1
2.107725E+4	3.345544E-1
2.107750E+4	5.389448E-1
2.107775E+4	4.952261E-1
2.107800E+4	3.843137E-1
2.107825E+4	2.937920E-1
2.107850E+4	1.142012E-1
2.107875E+4	4.036045E-2
2.107900E+4	8.791930E-2
2.107925E+4	1.215394E-1
2.107950E+4	1.631828E-1
2.107975E+4	1.825740E-1
2.108000E+4	1.349008E-1
2.108025E+4	8.752193E-2
2.108050E+4	3.878069E-2
2.108075E+4	2.248256E-2
2.108100E+4	7.479132E-2
2.108125E+4	1.051314E-1
2.108150E+4	6.508108E-2
2.108175E+4	3.339899E-3
2.108200E+4	6.145035E-2
2.108225E+4	1.771846E-1
2.108250E+4	2.242797E-1
2.108275E+4	2.225956E-1
2.108300E+4	1.905497E-1
2.108325E+4	1.126882E-1
2.108350E+4	4.943719E-2
2.108375E+4	8.291960E-2
2.108400E+4	1.353850E-1
2.108425E+4	1.811461E-1
2.108450E+4	1.517680E-1
2.108475E+4	8.983620E-2
2.108500E+4	8.368862E-2
2.108525E+4	6.922206E-2
2.108550E+4	1.977789E-2
2.108575E+4	2.432624E-2
2.108600E+4	8.025799E-2
2.108625E+4	1.493472E-1
2.108650E+4	1.897551E-1
2.108675E+4	6.483304E-2
2.108700E+4	4.434326E-2
2.108725E+4	8.938197E-2
2.108750E+4	1.389574E-1
2.108775E+4	1.666532E-1
2.108800E+4	1.770444E-1
2.108825E+4	1.909758E-1
2.108850E+4	2.412629E-1
2.108875E+4	2.960614E-1
2.108900E+4	3.181208E-1
2.108925E+4	3.206169E-1
2.108950E+4	2.803300E-1
2.108975E+4	1.836252E-1
2.109000E+4	9.053099E-2
2.109025E+4	3.552627E-2
2.109050E+4	1.703638E-1
2.109075E+4	3.594155E-1
2.109100E+4	3.936608E-1
2.109125E+4	4.235218E-1
2.109150E+4	4.146065E-1
2.109175E+4	2.999791E-1
2.109200E+4	1.423369E-1
2.109225E+4	1.612377E-1
2.109250E+4	2.677713E-1
2.109275E+4	1.955350E-1
2.109300E+4	3.437423E-2
2.109325E+4	4.005863E-2
2.109350E+4	6.750033E-2
2.109375E+4	9.359004E-2
2.109400E+4	2.084996E-1
2.109425E+4	3.881500E-1
2.109450E+4	5.191358E-1
2.109475E+4	5.833530E-1
2.109500E+4	5.925916E-1
2.109525E+4	5.017919E-1
2.109550E+4	1.588926E-1
2.109575E+4	4.860704E-3
2.109600E+4	6.423911E-2
2.109625E+4	1.006378E-1
2.109650E+4	1.046654E-1
2.109675E+4	1.052540E-1
2.109700E+4	1.418226E-1
2.109725E+4	2.186042E-1
2.109750E+4	3.027379E-1
2.109775E+4	1.909963E-1
2.109800E+4	4.863263E-2
2.109825E+4	6.995170E-2
2.109850E+4	1.104356E-1
2.109875E+4	1.168132E-1
2.109900E+4	5.905019E-2
2.109925E+4	2.139229E-2
2.109950E+4	1.188628E-1
2.109975E+4	1.983541E-1
2.110000E+4	1.552219E-1
2.110025E+4	4.601480E-2
2.110050E+4	1.564738E-1
2.110075E+4	3.503719E-1
2.110100E+4	5.187063E-1
2.110125E+4	5.915364E-1
2.110150E+4	4.513536E-1
2.110175E+4	2.355027E-1
2.110200E+4	1.181120E-1
2.110225E+4	8.754532E-2
2.110250E+4	2.333023E-1
2.110275E+4	6.972173E-1
2.110300E+4	8.404406E-1
2.110325E+4	7.890446E-1
2.110350E+4	6.708901E-1
2.110375E+4	4.915871E-1
2.110400E+4	2.815929E-1
2.110425E+4	2.197758E-1
2.110450E+4	4.125846E-1
2.110475E+4	4.554823E-1
2.110500E+4	3.897610E-1
2.110525E+4	2.620054E-1
2.110550E+4	9.830399E-2
2.110575E+4	1.353330E-1
2.110600E+4	8.647857E-2
2.110625E+4	2.767571E-2
2.110650E+4	5.600036E-3
2.110675E+4	2.646673E-2
2.110700E+4	5.283517E-2
2.110725E+4	6.004613E-2
2.110750E+4	1.157914E-1
2.110775E+4	3.312376E-1
2.110800E+4	3.611665E-1
2.110825E+4	1.348996E-1
2.110850E+4	4.883770E-3
2.110875E+4	2.413787E-1
2.110900E+4	3.807261E-1
2.110925E+4	2.902587E-1
2.110950E+4	1.489122E-1
2.110975E+4	7.339447E-2
2.111000E+4	1.274402E-1
2.111025E+4	1.539162E-1
2.111050E+4	7.242731E-2
2.111075E+4	2.052599E-2
2.111100E+4	1.126405E-1
2.111125E+4	2.990148E-1
2.111150E+4	2.754712E-1
2.111175E+4	1.337376E-1
2.111200E+4	3.617434E-2
2.111225E+4	1.330784E-2
2.111250E+4	5.410952E-2
2.111275E+4	6.006989E-2
2.111300E+4	5.699487E-2
2.111325E+4	5.693518E-2
2.111350E+4	4.415468E-2
2.111375E+4	1.427050E-2
2.111400E+4	1.352733E-2
2.111425E+4	1.090900E-1
2.111450E+4	2.531676E-1
2.111475E+4	3.671782E-1
2.111500E+4	3.194177E-1
2.111525E+4	1.110525E-1
2.111550E+4	3.665691E-2
2.111575E+4	2.990391E-2
2.111600E+4	6.255064E-2
2.111625E+4	1.582267E-1
2.111650E+4	2.302582E-1
2.111675E+4	1.812818E-1
2.111700E+4	9.934421E-2
2.111725E+4	2.485903E-2
2.111750E+4	1.233132E-1
2.111775E+4	5.562993E-1
2.111800E+4	4.020777E-1
2.111825E+4	2.943473E-1
2.111850E+4	2.286885E-1
2.111875E+4	1.826573E-1
2.111900E+4	1.470563E-1
2.111925E+4	1.095833E-1
2.111950E+4	5.038632E-2
2.111975E+4	3.450168E-2
2.112000E+4	1.697828E-1
2.112025E+4	2.737769E-1
2.112050E+4	3.220578E-1
2.112075E+4	2.848389E-1
2.112100E+4	8.790172E-2
2.112125E+4	3.688902E-2
2.112150E+4	1.319103E-1
2.112175E+4	1.730643E-1
2.112200E+4	1.695785E-1
2.112225E+4	1.285417E-1
2.112250E+4	8.190550E-2
2.112275E+4	3.443659E-1
2.112300E+4	5.621699E-1
2.112325E+4	5.953411E-1
2.112350E+4	5.539322E-1
2.112375E+4	3.766642E-1
2.112400E+4	1.419988E-1
2.112425E+4	1.883075E-2
2.112450E+4	6.111597E-2
2.112475E+4	2.612083E-1
2.112500E+4	4.589162E-1
2.112525E+4	6.094624E-1
2.112550E+4	6.545561E-1
2.112575E+4	3.755779E-1
2.112600E+4	8.062887E-2
2.112625E+4	4.372750E-2
2.112650E+4	8.833328E-2
2.112675E+4	1.034789E-1
2.112700E+4	6.885944E-2
2.112725E+4	7.219448E-2
2.112750E+4	1.793474E-1
2.112775E+4	3.667131E-1
2.112800E+4	4.522577E-1
2.112825E+4	3.302004E-1
2.112850E+4	2.737771E-1
2.112875E+4	3.732361E-1
2.112900E+4	5.166777E-1
2.112925E+4	4.571573E-1
2.112950E+4	2.553170E-1
2.112975E+4	2.259490E-1
2.113000E+4	3.714491E-1
2.113025E+4	5.584947E-1
2.113050E+4	7.016214E-1
2.113075E+4	7.157073E-1
2.113100E+4	4.872597E-1
2.113125E+4	1.694044E-1
2.113150E+4	1.320481E-1
2.113175E+4	2.872992E-1
2.113200E+4	2.851438E-1
2.113225E+4	1.515309E-1
2.113250E+4	1.490044E-1
2.113275E+4	2.934173E-1
2.113300E+4	3.656313E-1
2.113325E+4	3.230997E-1
2.113350E+4	2.207870E-1
2.113375E+4	8.217937E-2
2.113400E+4	8.055120E-2
2.113425E+4	4.526234E-1
2.113450E+4	6.675183E-1
2.113475E+4	7.050371E-1
2.113500E+4	6.047690E-1
2.113525E+4	3.194438E-1
2.113550E+4	7.817568E-2
2.113575E+4	4.156706E-2
2.113600E+4	9.822976E-2
2.113625E+4	1.920733E-1
2.113650E+4	2.884068E-1
2.113675E+4	2.641453E-1
2.113700E+4	1.215817E-1
2.113725E+4	2.319470E-2
2.113750E+4	1.854691E-2
2.113775E+4	3.813502E-2
2.113800E+4	3.834593E-2
2.113825E+4	2.777996E-2
2.113850E+4	4.004098E-2
2.113875E+4	5.440553E-2
2.113900E+4	2.839974E-2
2.113925E+4	9.695038E-3
2.113950E+4	1.020822E-1
2.113975E+4	2.552870E-1
2.114000E+4	2.112028E-1
2.114025E+4	1.398059E-1
2.114050E+4	9.401072E-2
2.114075E+4	7.138708E-2
2.114100E+4	4.695858E-2
2.114125E+4	1.380108E-2
2.114150E+4	4.366337E-3
2.114175E+4	1.750840E-2
2.114200E+4	6.349948E-2
2.114225E+4	1.458157E-1
2.114250E+4	6.670296E-2
2.114275E+4	3.197114E-2
2.114300E+4	3.042022E-2
2.114325E+4	2.184146E-2
2.114350E+4	8.930832E-3
2.114375E+4	2.021898E-2
2.114400E+4	3.158340E-2
2.114425E+4	2.022674E-2
2.114450E+4	1.239799E-2
2.114475E+4	1.603624E-1
2.114500E+4	3.314574E-1
2.114525E+4	3.654413E-1
2.114550E+4	3.629342E-1
2.114575E+4	3.448609E-1
2.114600E+4	2.612933E-1
2.114625E+4	7.705700E-2
2.114650E+4	7.600024E-3
2.114675E+4	1.007470E-3
2.114700E+4	3.950242E-3
2.114725E+4	4.852502E-2
2.114750E+4	2.384998E-1
2.114775E+4	3.786933E-1
2.114800E+4	2.463911E-1
2.114825E+4	1.594417E-1
2.114850E+4	1.330987E-1
2.114875E+4	1.485531E-1
2.114900E+4	9.440782E-2
2.114925E+4	2.546271E-2
2.114950E+4	7.891043E-3
2.114975E+4	4.065981E-3
2.115000E+4	4.320178E-2
2.115025E+4	3.052993E-1
2.115050E+4	4.640548E-1
2.115075E+4	4.434660E-1
2.115100E+4	4.313612E-1
2.115125E+4	4.177169E-1
2.115150E+4	3.719371E-1
2.115175E+4	2.787214E-1
2.115200E+4	1.774311E-1
2.115225E+4	1.747713E-1
2.115250E+4	3.297394E-1
2.115275E+4	5.494169E-1
2.115300E+4	5.564278E-1
2.115325E+4	2.979677E-1
2.115350E+4	1.194245E-1
2.115375E+4	5.273549E-2
2.115400E+4	2.771202E-2
2.115425E+4	1.330360E-2
2.115450E+4	3.600274E-3
2.115475E+4	2.575670E-3
2.115500E+4	8.697125E-3
2.115525E+4	2.211676E-2
2.115550E+4	5.083799E-2
2.115575E+4	6.548370E-2
2.115600E+4	2.767192E-2
2.115625E+4	1.023981E-2
2.115650E+4	9.774756E-2
2.115675E+4	1.948694E-1
2.115700E+4	2.291728E-1
2.115725E+4	2.241485E-1
2.115750E+4	2.057938E-1
2.115775E+4	1.672318E-1
2.115800E+4	1.461409E-1
2.115825E+4	1.371302E-1
2.115850E+4	1.468685E-1
2.115875E+4	1.971355E-1
2.115900E+4	3.103676E-1
2.115925E+4	3.823962E-1
2.115950E+4	3.239799E-1
2.115975E+4	2.481073E-1
2.116000E+4	1.695980E-1
2.116025E+4	7.256273E-2
2.116050E+4	1.943731E-2
2.116075E+4	8.112742E-3
2.116100E+4	1.598896E-2
2.116125E+4	5.085419E-2
2.116150E+4	1.267353E-1
2.116175E+4	1.928590E-1
2.116200E+4	2.244798E-1
2.116225E+4	2.650918E-1
2.116250E+4	3.309849E-1
2.116275E+4	3.590579E-1
2.116300E+4	2.809504E-1
2.116325E+4	2.284496E-1
2.116350E+4	2.583164E-1
2.116375E+4	3.377482E-1
2.116400E+4	4.143561E-1
2.116425E+4	3.767295E-1
2.116450E+4	1.543234E-1
2.116475E+4	9.370294E-3
2.116500E+4	1.907174E-2
2.116525E+4	1.012475E-1
2.116550E+4	2.303010E-1
2.116575E+4	5.623049E-2
2.116600E+4	6.459597E-2
2.116625E+4	1.619686E-1
2.116650E+4	2.206569E-1
2.116675E+4	2.334488E-1
2.116700E+4	2.024263E-1
2.116725E+4	1.364442E-1
2.116750E+4	5.092242E-2
2.116775E+4	9.538409E-3
2.116800E+4	8.057019E-2
2.116825E+4	1.501261E-1
2.116850E+4	1.916350E-1
2.116875E+4	1.915161E-1
2.116900E+4	1.147535E-1
2.116925E+4	5.900368E-2
2.116950E+4	2.773192E-2
2.116975E+4	1.715455E-2
2.117000E+4	3.794438E-2
2.117025E+4	8.453120E-2
2.117050E+4	8.063076E-2
2.117075E+4	2.613705E-2
2.117100E+4	6.031054E-4
2.117125E+4	4.066457E-2
2.117150E+4	1.444148E-1
2.117175E+4	2.519627E-1
2.117200E+4	2.606855E-1
2.117225E+4	1.030841E-1
2.117250E+4	1.364682E-3
2.117275E+4	4.526834E-2
2.117300E+4	1.418424E-1
2.117325E+4	2.549869E-1
2.117350E+4	3.253066E-1
2.117375E+4	2.240015E-1
2.117400E+4	5.222316E-2
2.117425E+4	5.951774E-3
2.117450E+4	3.619418E-2
2.117475E+4	8.755227E-2
2.117500E+4	1.750565E-1
2.117525E+4	3.340739E-1
2.117550E+4	4.355666E-1
2.117575E+4	4.088784E-1
2.117600E+4	2.914367E-1
2.117625E+4	1.457677E-1
2.117650E+4	1.065872E-1
2.117675E+4	2.437192E-1
2.117700E+4	4.426282E-1
2.117725E+4	5.777014E-1
2.117750E+4	5.020176E-1
2.117775E+4	4.277016E-1
2.117800E+4	4.390020E-1
2.117825E+4	4.459353E-1
2.117850E+4	4.928442E-1
2.117875E+4	6.074098E-1
2.117900E+4	7.204100E-1
2.117925E+4	7.578145E-1
2.117950E+4	6.471110E-1
2.117975E+4	3.277590E-1
2.118000E+4	2.779834E-1
2.118025E+4	4.310405E-1
2.118050E+4	4.458206E-1
2.118075E+4	2.536213E-1
2.118100E+4	2.138185E-1
2.118125E+4	3.319999E-1
2.118150E+4	3.427700E-1
2.118175E+4	2.292507E-1
2.118200E+4	6.407803E-2
2.118225E+4	5.833363E-2
2.118250E+4	2.099637E-1
2.118275E+4	3.475915E-1
2.118300E+4	3.633628E-1
2.118325E+4	1.541930E-1
2.118350E+4	5.431427E-3
2.118375E+4	8.592523E-2
2.118400E+4	1.828782E-1
2.118425E+4	2.354871E-1
2.118450E+4	2.321541E-1
2.118475E+4	1.883053E-1
2.118500E+4	1.783379E-1
2.118525E+4	2.023011E-1
2.118550E+4	1.063412E-1
2.118575E+4	5.848325E-3
2.118600E+4	1.998617E-2
2.118625E+4	5.601103E-2
2.118650E+4	6.988952E-2
2.118675E+4	2.211829E-2
2.118700E+4	1.542458E-2
2.118725E+4	5.245940E-2
2.118750E+4	9.338610E-2
2.118775E+4	1.416256E-1
2.118800E+4	5.385304E-2
2.118825E+4	2.310970E-3
2.118850E+4	1.527782E-3
2.118875E+4	8.073618E-3
2.118900E+4	4.662240E-2
2.118925E+4	1.639094E-1
2.118950E+4	1.443619E-1
2.118975E+4	8.986874E-2
2.119000E+4	5.719788E-2
2.119025E+4	3.018440E-2
2.119050E+4	6.567955E-3
2.119075E+4	4.484917E-2
2.119100E+4	1.086743E-1
2.119125E+4	1.985573E-1
2.119150E+4	2.092202E-1
2.119175E+4	7.122789E-2
2.119200E+4	5.089339E-2
2.119225E+4	6.462716E-2
2.119250E+4	7.826525E-2
2.119275E+4	6.950478E-2
2.119300E+4	5.079983E-2
2.119325E+4	7.293878E-2
2.119350E+4	8.039982E-2
2.119375E+4	9.190912E-2
2.119400E+4	1.625534E-1
2.119425E+4	2.465091E-1
2.119450E+4	1.112544E-1
2.119475E+4	3.153854E-2
2.119500E+4	7.029251E-3
2.119525E+4	1.840813E-1
2.119550E+4	1.393002E-1
2.119575E+4	6.125384E-2
2.119600E+4	1.950644E-2
2.119625E+4	2.171773E-3
2.119650E+4	1.967506E-2
2.119675E+4	3.954877E-2
2.119700E+4	5.600530E-2
2.119725E+4	9.520159E-2
2.119750E+4	1.516013E-1
2.119775E+4	1.058650E-2
2.119800E+4	1.831525E-3
2.119825E+4	1.150594E-2
2.119850E+4	2.756469E-2
2.119875E+4	8.653903E-2
2.119900E+4	1.505672E-1
2.119925E+4	2.571005E-1
2.119950E+4	4.509432E-1
2.119975E+4	6.539786E-1
2.120000E+4	5.357352E-1
2.120025E+4	2.822758E-1
2.120050E+4	8.774474E-2
2.120075E+4	1.089739E-2
2.120100E+4	5.600891E-2
2.120125E+4	1.354126E-1
2.120150E+4	2.277771E-1
2.120175E+4	2.780403E-1
2.120200E+4	2.635058E-1
2.120225E+4	2.439560E-1
2.120250E+4	2.111575E-1
2.120275E+4	1.287840E-1
2.120300E+4	3.357603E-2
2.120325E+4	3.146236E-2
2.120350E+4	1.574721E-1
2.120375E+4	2.913934E-1
2.120400E+4	3.282967E-1
2.120425E+4	2.918075E-1
2.120450E+4	1.938170E-1
2.120475E+4	4.797872E-2
2.120500E+4	8.234601E-2
2.120525E+4	1.718434E-1
2.120550E+4	1.912513E-1
2.120575E+4	1.221207E-1
2.120600E+4	5.704965E-2
2.120625E+4	6.585596E-2
2.120650E+4	7.856440E-2
2.120675E+4	8.836364E-2
2.120700E+4	8.091474E-2
2.120725E+4	4.140500E-2
2.120750E+4	2.025543E-2
2.120775E+4	9.413034E-3
2.120800E+4	3.179496E-4
2.120825E+4	8.696164E-2
2.120850E+4	2.892814E-1
2.120875E+4	4.013365E-1
2.120900E+4	4.979073E-1
2.120925E+4	5.946570E-1
2.120950E+4	5.559487E-1
2.120975E+4	2.722109E-1
2.121000E+4	6.909397E-2
2.121025E+4	1.420447E-2
2.121050E+4	1.582892E-2
2.121075E+4	7.608145E-2
2.121100E+4	1.566711E-1
2.121125E+4	1.987651E-1
2.121150E+4	1.806918E-1
2.121175E+4	8.439944E-2
2.121200E+4	1.253321E-2
2.121225E+4	5.314329E-2
2.121250E+4	1.148738E-1
2.121275E+4	8.644936E-2
2.121300E+4	2.736394E-2
2.121325E+4	7.237752E-3
2.121350E+4	4.858758E-2
2.121375E+4	7.826029E-2
2.121400E+4	1.806140E-2
2.121425E+4	6.337489E-3
2.121450E+4	1.935291E-2
2.121475E+4	4.269574E-2
2.121500E+4	6.933551E-2
2.121525E+4	9.870422E-2
2.121550E+4	1.300560E-1
2.121575E+4	1.346686E-1
2.121600E+4	1.083068E-1
2.121625E+4	1.026462E-1
2.121650E+4	1.578005E-1
2.121675E+4	2.593174E-1
2.121700E+4	2.417155E-1
2.121725E+4	1.932086E-1
2.121750E+4	1.555955E-1
2.121775E+4	1.385039E-1
2.121800E+4	1.610474E-1
2.121825E+4	2.137820E-1
2.121850E+4	2.689229E-1
2.121875E+4	2.784419E-1
2.121900E+4	1.336730E-1
2.121925E+4	3.925527E-2
2.121950E+4	9.932566E-2
2.121975E+4	2.367291E-1
2.122000E+4	4.854087E-1
2.122025E+4	5.105038E-1
2.122050E+4	1.843143E-1
2.122075E+4	9.226267E-2
2.122100E+4	1.061879E-1
2.122125E+4	1.674145E-1
2.122150E+4	2.586104E-1
2.122175E+4	2.776051E-1
2.122200E+4	1.228003E-1
2.122225E+4	4.822181E-2
2.122250E+4	7.622367E-2
2.122275E+4	1.729023E-1
2.122300E+4	3.543752E-1
2.122325E+4	5.947841E-1
2.122350E+4	7.117250E-1
2.122375E+4	6.179018E-1
2.122400E+4	4.079360E-1
2.122425E+4	1.832713E-1
2.122450E+4	1.185569E-1
2.122475E+4	2.449546E-1
2.122500E+4	3.741237E-1
2.122525E+4	3.799595E-1
2.122550E+4	3.182843E-1
2.122575E+4	5.126699E-1
2.122600E+4	7.081840E-1
2.122625E+4	7.994465E-1
2.122650E+4	7.972757E-1
2.122675E+4	6.731941E-1
2.122700E+4	5.206478E-1
2.122725E+4	4.475302E-1
2.122750E+4	4.003822E-1
2.122775E+4	2.735459E-1
2.122800E+4	1.724395E-1
2.122825E+4	2.799298E-1
2.122850E+4	2.735615E-1
2.122875E+4	1.076888E-1
2.122900E+4	1.465000E-1
2.122925E+4	2.542454E-1
2.122950E+4	2.617414E-1
2.122975E+4	1.671574E-1
2.123000E+4	7.530055E-3
2.123025E+4	1.387970E-1
2.123050E+4	3.743002E-1
2.123075E+4	4.941993E-1
2.123100E+4	5.320863E-1
2.123125E+4	3.704168E-1
2.123150E+4	9.606351E-3
2.123175E+4	1.595955E-1
2.123200E+4	2.766240E-1
2.123225E+4	3.070765E-1
2.123250E+4	2.652186E-1
2.123275E+4	1.739223E-1
2.123300E+4	1.234426E-1
2.123325E+4	1.209679E-1
2.123350E+4	9.267354E-2
2.123375E+4	6.066431E-2
2.123400E+4	5.601909E-2
2.123425E+4	6.598267E-2
2.123450E+4	8.465024E-2
2.123475E+4	7.469019E-2
2.123500E+4	1.362606E-2
2.123525E+4	3.095661E-3
2.123550E+4	1.798076E-2
2.123575E+4	6.270081E-2
2.123600E+4	1.466783E-1
2.123625E+4	1.371296E-1
2.123650E+4	8.603415E-2
2.123675E+4	6.245995E-2
2.123700E+4	4.830720E-2
2.123725E+4	3.274294E-2
2.123750E+4	6.936918E-2
2.123775E+4	1.597405E-1
2.123800E+4	2.838532E-1
2.123825E+4	4.417778E-1
2.123850E+4	4.684803E-1
2.123875E+4	2.804537E-1
2.123900E+4	1.209055E-1
2.123925E+4	2.472034E-2
2.123950E+4	6.305138E-2
2.123975E+4	3.847345E-1
2.124000E+4	3.775690E-1
2.124025E+4	3.458582E-1
2.124050E+4	3.200341E-1
2.124075E+4	3.266854E-1
2.124100E+4	4.338563E-1
2.124125E+4	4.642491E-1
2.124150E+4	3.309721E-1
2.124175E+4	1.975956E-1
2.124200E+4	1.985029E-1
2.124225E+4	3.544804E-1
2.124250E+4	4.734976E-1
2.124275E+4	4.192162E-1
2.124300E+4	2.644191E-1
2.124325E+4	8.538248E-2
2.124350E+4	1.000032E-2
2.124375E+4	2.054757E-1
2.124400E+4	4.534219E-1
2.124425E+4	5.350690E-1
2.124450E+4	4.475231E-1
2.124475E+4	2.696835E-1
2.124500E+4	9.945383E-2
2.124525E+4	2.887492E-3
2.124550E+4	1.211543E-1
2.124575E+4	4.441667E-1
2.124600E+4	4.921477E-1
2.124625E+4	4.743572E-1
2.124650E+4	4.554438E-1
2.124675E+4	3.892359E-1
2.124700E+4	2.351321E-1
2.124725E+4	6.927454E-2
2.124750E+4	2.220433E-2
2.124775E+4	1.233909E-1
2.124800E+4	2.544118E-1
2.124825E+4	2.914991E-1
2.124850E+4	3.047412E-1
2.124875E+4	3.482738E-1
2.124900E+4	4.129556E-1
2.124925E+4	3.137653E-1
2.124950E+4	1.014556E-1
2.124975E+4	1.510057E-2
2.125000E+4	3.321667E-2
2.125025E+4	1.707776E-1
2.125050E+4	3.749092E-1
2.125075E+4	4.698509E-1
2.125100E+4	3.431966E-1
2.125125E+4	1.412471E-1
2.125150E+4	1.357578E-1
2.125175E+4	2.967160E-1
2.125200E+4	4.487500E-1
2.125225E+4	5.240876E-1
2.125250E+4	4.930013E-1
2.125275E+4	3.539717E-1
2.125300E+4	2.212781E-1
2.125325E+4	1.575108E-1
2.125350E+4	1.623841E-1
2.125375E+4	2.618096E-1
2.125400E+4	3.166205E-1
2.125425E+4	2.166000E-1
2.125450E+4	1.588146E-1
2.125475E+4	1.244417E-1
2.125500E+4	6.745461E-2
2.125525E+4	3.264877E-2
2.125550E+4	1.178992E-1
2.125575E+4	1.466729E-1
2.125600E+4	1.513324E-1
2.125625E+4	1.398809E-1
2.125650E+4	1.207051E-1
2.125675E+4	9.476693E-2
2.125700E+4	4.387495E-2
2.125725E+4	1.966080E-2
2.125750E+4	7.069604E-2
2.125775E+4	1.472331E-1
2.125800E+4	1.708112E-1
2.125825E+4	5.915088E-2
2.125850E+4	2.069912E-2
2.125875E+4	1.219748E-1
2.125900E+4	2.042306E-1
2.125925E+4	1.866775E-1
2.125950E+4	1.119205E-1
2.125975E+4	1.028334E-1
2.126000E+4	1.096352E-1
2.126025E+4	7.561602E-2
2.126050E+4	5.319855E-2
2.126075E+4	1.240054E-1
2.126100E+4	1.628208E-1
2.126125E+4	8.058124E-2
2.126150E+4	2.061180E-2
2.126175E+4	6.432213E-3
2.126200E+4	5.254966E-2
2.126225E+4	1.359980E-1
2.126250E+4	1.137081E-1
2.126275E+4	6.814696E-2
2.126300E+4	3.385879E-2
2.126325E+4	2.332276E-2
2.126350E+4	6.714276E-2
2.126375E+4	1.361715E-1
2.126400E+4	1.776906E-1
2.126425E+4	1.655593E-1
2.126450E+4	1.189204E-1
2.126475E+4	1.024098E-1
2.126500E+4	1.358670E-1
2.126525E+4	2.082239E-1
2.126550E+4	2.166836E-1
2.126575E+4	9.047376E-2
2.126600E+4	8.782038E-3
2.126625E+4	3.028751E-2
2.126650E+4	1.159999E-1
2.126675E+4	2.258525E-1
2.126700E+4	2.990179E-1
2.126725E+4	2.750079E-1
2.126750E+4	2.032141E-1
2.126775E+4	1.652971E-1
2.126800E+4	1.327593E-1
2.126825E+4	7.798169E-2
2.126850E+4	4.928186E-2
2.126875E+4	3.829846E-2
2.126900E+4	3.415303E-2
2.126925E+4	6.144110E-2
2.126950E+4	2.737827E-1
2.126975E+4	2.621142E-1
2.127000E+4	2.119713E-1
2.127025E+4	1.997968E-1
2.127050E+4	2.041892E-1
2.127075E+4	2.000304E-1
2.127100E+4	1.586947E-1
2.127125E+4	7.558705E-2
2.127150E+4	9.560525E-3
2.127175E+4	3.981970E-3
2.127200E+4	3.262056E-2
2.127225E+4	7.304907E-2
2.127250E+4	1.157361E-1
2.127275E+4	3.046563E-2
2.127300E+4	1.624201E-2
2.127325E+4	2.889608E-2
2.127350E+4	1.991006E-2
2.127375E+4	3.694760E-3
2.127400E+4	3.818330E-2
2.127425E+4	9.885079E-2
2.127450E+4	9.578415E-2
2.127475E+4	6.459547E-2
2.127500E+4	3.652630E-2
2.127525E+4	2.879394E-2
2.127550E+4	5.111385E-2
2.127575E+4	5.498661E-2
2.127600E+4	1.782333E-2
2.127625E+4	4.855876E-2
2.127650E+4	1.507215E-1
2.127675E+4	1.322297E-1
2.127700E+4	6.975585E-2
2.127725E+4	4.030967E-2
2.127750E+4	3.547738E-2
2.127775E+4	2.765422E-2
2.127800E+4	1.011205E-2
2.127825E+4	1.629708E-2
2.127850E+4	4.852164E-2
2.127875E+4	9.184322E-2
2.127900E+4	1.138598E-1
2.127925E+4	9.094152E-2
2.127950E+4	8.718223E-2
2.127975E+4	1.769152E-1
2.128000E+4	4.158530E-1
2.128025E+4	5.493258E-1
2.128050E+4	3.991435E-1
2.128075E+4	2.915617E-1
2.128100E+4	2.612164E-1
2.128125E+4	2.845325E-1
2.128150E+4	3.141601E-1
2.128175E+4	2.487471E-1
2.128200E+4	1.423324E-1
2.128225E+4	8.480634E-2
2.128250E+4	9.649000E-2
2.128275E+4	2.089543E-1
2.128300E+4	3.772402E-1
2.128325E+4	5.350570E-1
2.128350E+4	6.687745E-1
2.128375E+4	7.128814E-1
2.128400E+4	5.954936E-1
2.128425E+4	3.142481E-1
2.128450E+4	4.894176E-2
2.128475E+4	1.572863E-2
2.128500E+4	1.153651E-1
2.128525E+4	1.989322E-1
2.128550E+4	2.328941E-1
2.128575E+4	3.111538E-1
2.128600E+4	2.696283E-1
2.128625E+4	1.770158E-1
2.128650E+4	9.039993E-2
2.128675E+4	2.573046E-2
2.128700E+4	3.391421E-4
2.128725E+4	2.704839E-2
2.128750E+4	1.030514E-1
2.128775E+4	1.273470E-1
2.128800E+4	4.003242E-2
2.128825E+4	3.442041E-2
2.128850E+4	6.731427E-2
2.128875E+4	5.078039E-2
2.128900E+4	8.616550E-2
2.128925E+4	1.436040E-1
2.128950E+4	1.808924E-1
2.128975E+4	1.572281E-1
2.129000E+4	4.360790E-2
2.129025E+4	2.757885E-2
2.129050E+4	1.693455E-1
2.129075E+4	2.698387E-1
2.129100E+4	2.641664E-1
2.129125E+4	1.201222E-1
2.129150E+4	7.684041E-2
2.129175E+4	4.615991E-1
2.129200E+4	6.196099E-1
2.129225E+4	4.082868E-1
2.129250E+4	1.011101E-1
2.129275E+4	1.624506E-2
2.129300E+4	1.066438E-1
2.129325E+4	2.491534E-1
2.129350E+4	3.131368E-1
2.129375E+4	1.517977E-1
2.129400E+4	3.368920E-2
2.129425E+4	5.369639E-2
2.129450E+4	1.557963E-1
2.129475E+4	3.401159E-1
2.129500E+4	4.847389E-1
2.129525E+4	4.131131E-1
2.129550E+4	3.302917E-1
2.129575E+4	2.869601E-1
2.129600E+4	2.207322E-1
2.129625E+4	1.108334E-1
2.129650E+4	6.409632E-2
2.129675E+4	8.723758E-2
2.129700E+4	1.221726E-1
2.129725E+4	1.419217E-1
2.129750E+4	1.775082E-1
2.129775E+4	2.610370E-1
2.129800E+4	3.149369E-1
2.129825E+4	3.655518E-1
2.129850E+4	3.999689E-1
2.129875E+4	4.046378E-1
2.129900E+4	3.974007E-1
2.129925E+4	3.700422E-1
2.129950E+4	2.549480E-1
2.129975E+4	5.411710E-2
2.130000E+4	1.187775E-1
2.130025E+4	1.850509E-1
2.130050E+4	1.582261E-1
2.130075E+4	2.715367E-2
2.130100E+4	1.633016E-1
2.130125E+4	3.149990E-1
2.130150E+4	3.106925E-1
2.130175E+4	2.153092E-1
2.130200E+4	6.522335E-2
2.130225E+4	1.097498E-1
2.130250E+4	3.576670E-1
2.130275E+4	5.159158E-1
2.130300E+4	5.649808E-1
2.130325E+4	4.722136E-1
2.130350E+4	1.949971E-1
2.130375E+4	8.149603E-2
2.130400E+4	1.231086E-1
2.130425E+4	1.408337E-1
2.130450E+4	1.238185E-1
2.130475E+4	1.199658E-1
2.130500E+4	1.663184E-1
2.130525E+4	2.587768E-1
2.130550E+4	2.570285E-1
2.130575E+4	9.220510E-2
2.130600E+4	2.014979E-2
2.130625E+4	6.790310E-3
2.130650E+4	2.886780E-2
2.130675E+4	8.814560E-2
2.130700E+4	4.180536E-2
2.130725E+4	1.560656E-2
2.130750E+4	3.555876E-3
2.130775E+4	8.573457E-3
2.130800E+4	5.377781E-2
2.130825E+4	6.931874E-2
2.130850E+4	6.828199E-2
2.130875E+4	6.581503E-2
2.130900E+4	5.153744E-2
2.130925E+4	6.322471E-3
2.130950E+4	4.038015E-2
2.130975E+4	7.034423E-2
2.131000E+4	7.229639E-2
2.131025E+4	7.737559E-2
2.131050E+4	1.933722E-1
2.131075E+4	3.026909E-1
2.131100E+4	2.988460E-1
2.131125E+4	2.258029E-1
2.131150E+4	5.377872E-2
2.131175E+4	5.653007E-2
2.131200E+4	2.321683E-1
2.131225E+4	3.024726E-1
2.131250E+4	3.080760E-1
2.131275E+4	2.409051E-1
2.131300E+4	1.394226E-1
2.131325E+4	1.205960E-1
2.131350E+4	1.390012E-1
2.131375E+4	2.174915E-1
2.131400E+4	4.215998E-1
2.131425E+4	5.348121E-1
2.131450E+4	3.679217E-1
2.131475E+4	2.412680E-1
2.131500E+4	1.807296E-1
2.131525E+4	1.353261E-1
2.131550E+4	5.718943E-2
2.131575E+4	1.005444E-2
2.131600E+4	2.387786E-2
2.131625E+4	4.992537E-2
2.131650E+4	8.072747E-2
2.131675E+4	1.109346E-1
2.131700E+4	9.811713E-2
2.131725E+4	3.141031E-2
2.131750E+4	3.240176E-2
2.131775E+4	7.607877E-2
2.131800E+4	1.173304E-1
2.131825E+4	1.168973E-1
2.131850E+4	1.335796E-1
2.131875E+4	2.726185E-1
2.131900E+4	4.094131E-1
2.131925E+4	5.589238E-1
2.131950E+4	6.321249E-1
2.131975E+4	5.321318E-1
2.132000E+4	4.030795E-1
2.132025E+4	3.189909E-1
2.132050E+4	2.370613E-1
2.132075E+4	1.185076E-1
2.132100E+4	2.556992E-2
2.132125E+4	3.227540E-4
2.132150E+4	2.488248E-2
2.132175E+4	6.363158E-2
2.132200E+4	7.785387E-2
2.132225E+4	5.385308E-2
2.132250E+4	1.154465E-2
2.132275E+4	1.159479E-2
2.132300E+4	6.697902E-2
2.132325E+4	9.015208E-2
2.132350E+4	6.312848E-2
2.132375E+4	7.188728E-2
2.132400E+4	8.138181E-2
2.132425E+4	3.643734E-2
2.132450E+4	3.079119E-2
2.132475E+4	1.685272E-1
2.132500E+4	3.469392E-1
2.132525E+4	5.113092E-1
2.132550E+4	6.275064E-1
2.132575E+4	2.076168E-1
2.132600E+4	1.452420E-1
2.132625E+4	1.722123E-1
2.132650E+4	2.027966E-1
2.132675E+4	2.521792E-1
2.132700E+4	3.235228E-1
2.132725E+4	3.169277E-1
2.132750E+4	2.210197E-1
2.132775E+4	1.215012E-1
2.132800E+4	3.046882E-2
2.132825E+4	1.601784E-2
2.132850E+4	7.543034E-2
2.132875E+4	1.319254E-1
2.132900E+4	1.984701E-1
2.132925E+4	3.029964E-1
2.132950E+4	4.071724E-1
2.132975E+4	4.105449E-1
2.133000E+4	3.781432E-1
2.133025E+4	3.663106E-1
2.133050E+4	3.350627E-1
2.133075E+4	2.491683E-1
2.133100E+4	2.509964E-1
2.133125E+4	3.780882E-1
2.133150E+4	4.967898E-1
2.133175E+4	5.068255E-1
2.133200E+4	3.862985E-1
2.133225E+4	1.735319E-1
2.133250E+4	4.316090E-2
2.133275E+4	5.711349E-2
2.133300E+4	1.049058E-1
2.133325E+4	1.769758E-1
2.133350E+4	3.237755E-1
2.133375E+4	4.397584E-2
2.133400E+4	9.341854E-3
2.133425E+4	6.010352E-2
2.133450E+4	1.265777E-1
2.133475E+4	1.950763E-1
2.133500E+4	2.528457E-1
2.133525E+4	2.839168E-1
2.133550E+4	2.345440E-1
2.133575E+4	5.815923E-2
2.133600E+4	4.607999E-2
2.133625E+4	2.513849E-1
2.133650E+4	5.028752E-1
2.133675E+4	3.277022E-1
2.133700E+4	1.164630E-1
2.133725E+4	1.896258E-1
2.133750E+4	2.983956E-1
2.133775E+4	3.648587E-1
2.133800E+4	3.084240E-1
2.133825E+4	1.499396E-1
2.133850E+4	1.259335E-1
2.133875E+4	2.666829E-1
2.133900E+4	3.528988E-1
2.133925E+4	2.439661E-1
2.133950E+4	8.486325E-2
2.133975E+4	2.107228E-2
2.134000E+4	7.337156E-2
2.134025E+4	1.922325E-1
2.134050E+4	1.922536E-1
2.134075E+4	1.686686E-1
2.134100E+4	1.865429E-1
2.134125E+4	2.374531E-1
2.134150E+4	3.067273E-1
2.134175E+4	3.166955E-1
2.134200E+4	1.848509E-1
2.134225E+4	7.157080E-2
2.134250E+4	3.988546E-2
2.134275E+4	4.549220E-2
2.134300E+4	7.544896E-2
2.134325E+4	1.650830E-1
2.134350E+4	2.743349E-1
2.134375E+4	3.041294E-1
2.134400E+4	2.651261E-1
2.134425E+4	1.659887E-1
2.134450E+4	5.365389E-2
2.134475E+4	1.351490E-2
2.134500E+4	2.868715E-2
2.134525E+4	6.079662E-2
2.134550E+4	1.977126E-1
2.134575E+4	3.305175E-1
2.134600E+4	2.907557E-1
2.134625E+4	2.734942E-1
2.134650E+4	3.394121E-1
2.134675E+4	4.637693E-1
2.134700E+4	5.344948E-1
2.134725E+4	5.042803E-1
2.134750E+4	3.574646E-1
2.134775E+4	8.008564E-2
2.134800E+4	1.188001E-1
2.134825E+4	3.062483E-1
2.134850E+4	3.240587E-1
2.134875E+4	1.187909E-1
2.134900E+4	6.631057E-2
2.134925E+4	2.692076E-1
2.134950E+4	3.992362E-1
2.134975E+4	4.615151E-1
2.135000E+4	4.222705E-1
2.135025E+4	3.199555E-1
2.135050E+4	2.611099E-1
2.135075E+4	2.655948E-1
2.135100E+4	3.210221E-1
2.135125E+4	3.330622E-1
2.135150E+4	1.920236E-1
2.135175E+4	1.221905E-1
2.135200E+4	1.087968E-1
2.135225E+4	1.076997E-1
2.135250E+4	9.787443E-2
2.135275E+4	6.048698E-2
2.135300E+4	8.452029E-3
2.135325E+4	1.790393E-2
2.135350E+4	1.396261E-1
2.135375E+4	2.274861E-1
2.135400E+4	1.972081E-1
2.135425E+4	1.685468E-1
2.135450E+4	1.689383E-1
2.135475E+4	1.775427E-1
2.135500E+4	1.300585E-1
2.135525E+4	8.290727E-2
2.135550E+4	6.246083E-2
2.135575E+4	4.527004E-2
2.135600E+4	1.887244E-2
2.135625E+4	5.848318E-2
2.135650E+4	7.697047E-2
2.135675E+4	8.783144E-2
2.135700E+4	9.430593E-2
2.135725E+4	7.514775E-2
2.135750E+4	5.002940E-2
2.135775E+4	6.180105E-2
2.135800E+4	7.109990E-2
2.135825E+4	6.175798E-2
2.135850E+4	1.692623E-2
2.135875E+4	3.314531E-2
2.135900E+4	1.468387E-1
2.135925E+4	2.110746E-1
2.135950E+4	1.096702E-1
2.135975E+4	1.679545E-2
2.136000E+4	8.528168E-2
2.136025E+4	1.237717E-1
2.136050E+4	1.316881E-1
2.136075E+4	1.200683E-1
2.136100E+4	1.775349E-1
2.136125E+4	2.224264E-1
2.136150E+4	2.150546E-1
2.136175E+4	2.216151E-1
2.136200E+4	2.598222E-1
2.136225E+4	1.989989E-1
2.136250E+4	1.873231E-2
2.136275E+4	3.829607E-2
2.136300E+4	8.025559E-2
2.136325E+4	1.980074E-1
2.136350E+4	8.007266E-2
2.136375E+4	1.915154E-2
2.136400E+4	1.536053E-2
2.136425E+4	3.464599E-2
2.136450E+4	1.652823E-1
2.136475E+4	2.389949E-1
2.136500E+4	2.061172E-1
2.136525E+4	1.868293E-1
2.136550E+4	1.561878E-1
2.136575E+4	3.704973E-2
2.136600E+4	6.443313E-2
2.136625E+4	9.193792E-2
2.136650E+4	1.422885E-1
2.136675E+4	2.226819E-1
2.136700E+4	1.140265E-1
2.136725E+4	7.606178E-2
2.136750E+4	7.596245E-2
2.136775E+4	1.960837E-1
2.136800E+4	3.347046E-1
2.136825E+4	1.755298E-1
2.136850E+4	8.795245E-2
2.136875E+4	8.016193E-2
2.136900E+4	1.247731E-1
2.136925E+4	6.091977E-2
2.136950E+4	9.520651E-3
2.136975E+4	3.532331E-3
2.137000E+4	2.373279E-2
2.137025E+4	1.828743E-2
2.137050E+4	4.004145E-3
2.137075E+4	5.412680E-2
2.137100E+4	1.251777E-1
2.137125E+4	1.138665E-1
2.137150E+4	9.050104E-2
2.137175E+4	1.780698E-1
2.137200E+4	3.632826E-1
2.137225E+4	4.377180E-1
2.137250E+4	3.266680E-1
2.137275E+4	1.183851E-1
2.137300E+4	5.274730E-3
2.137325E+4	4.558411E-2
2.137350E+4	8.868526E-2
2.137375E+4	1.123401E-1
2.137400E+4	1.259379E-1
2.137425E+4	1.182974E-1
2.137450E+4	1.060907E-1
2.137475E+4	1.251399E-1
2.137500E+4	2.001351E-1
2.137525E+4	1.926318E-1
2.137550E+4	8.717564E-2
2.137575E+4	3.967002E-2
2.137600E+4	6.404572E-2
2.137625E+4	2.146708E-1
2.137650E+4	4.060190E-1
2.137675E+4	3.849270E-1
2.137700E+4	3.335672E-1
2.137725E+4	3.389419E-1
2.137750E+4	3.527700E-1
2.137775E+4	1.740963E-1
2.137800E+4	5.022705E-2
2.137825E+4	2.339872E-2
2.137850E+4	2.255517E-2
2.137875E+4	3.379634E-2
2.137900E+4	5.677025E-2
2.137925E+4	9.254756E-2
2.137950E+4	1.539668E-1
2.137975E+4	2.598588E-1
2.138000E+4	3.863536E-1
2.138025E+4	3.734903E-1
2.138050E+4	4.004344E-1
2.138075E+4	5.608429E-1
2.138100E+4	6.431398E-1
2.138125E+4	5.683660E-1
2.138150E+4	3.770128E-1
2.138175E+4	8.139219E-2
2.138200E+4	1.138106E-1
2.138225E+4	2.600639E-1
2.138250E+4	1.871304E-1
2.138275E+4	8.901062E-2
2.138300E+4	3.038170E-2
2.138325E+4	6.729968E-3
2.138350E+4	1.428902E-4
2.138375E+4	3.637099E-3
2.138400E+4	1.667717E-2
2.138425E+4	2.830177E-2
2.138450E+4	4.691364E-2
2.138475E+4	9.998534E-2
2.138500E+4	4.153063E-2
2.138525E+4	8.746909E-3
2.138550E+4	6.132103E-3
2.138575E+4	1.092960E-2
2.138600E+4	2.502689E-2
2.138625E+4	4.577923E-2
2.138650E+4	4.847674E-2
2.138675E+4	4.896806E-2
2.138700E+4	5.249088E-2
2.138725E+4	5.036632E-2
2.138750E+4	4.608397E-2
2.138775E+4	5.096809E-2
2.138800E+4	5.872750E-2
2.138825E+4	3.490811E-2
2.138850E+4	5.072917E-3
2.138875E+4	2.060427E-2
2.138900E+4	8.770751E-2
2.138925E+4	2.358633E-1
2.138950E+4	3.804196E-1
2.138975E+4	1.662631E-1
2.139000E+4	1.322435E-2
2.139025E+4	9.157691E-2
2.139050E+4	2.304385E-1
2.139075E+4	3.347080E-1
2.139100E+4	3.872690E-1
2.139125E+4	4.108026E-1
2.139150E+4	4.563417E-1
2.139175E+4	5.259091E-1
2.139200E+4	5.732104E-1
2.139225E+4	6.090467E-1
2.139250E+4	6.728110E-1
2.139275E+4	7.497516E-1
2.139300E+4	7.884163E-1
2.139325E+4	7.492973E-1
2.139350E+4	4.836906E-1
2.139375E+4	3.143328E-1
2.139400E+4	3.349374E-1
2.139425E+4	2.417823E-1
2.139450E+4	1.453519E-1
2.139475E+4	1.317463E-1
2.139500E+4	1.816333E-1
2.139525E+4	2.202565E-1
2.139550E+4	1.806278E-1
2.139575E+4	8.323189E-2
2.139600E+4	1.729539E-1
2.139625E+4	1.949870E-1
2.139650E+4	1.216637E-1
2.139675E+4	2.200142E-2
2.139700E+4	2.457557E-1
2.139725E+4	2.592470E-1
2.139750E+4	2.079194E-1
2.139775E+4	1.397248E-1
2.139800E+4	4.635412E-2
2.139825E+4	2.033337E-2
2.139850E+4	6.494816E-2
2.139875E+4	8.846880E-2
2.139900E+4	1.149739E-1
2.139925E+4	1.578881E-1
2.139950E+4	1.351182E-1
2.139975E+4	6.425838E-2
2.140000E+4	6.998220E-2
2.140025E+4	1.481468E-1
2.140050E+4	2.440290E-1
2.140075E+4	2.855771E-1
2.140100E+4	2.739272E-1
2.140125E+4	2.189266E-1
2.140150E+4	1.040853E-1
2.140175E+4	2.369543E-2
2.140200E+4	8.553401E-2
2.140225E+4	1.516306E-1
2.140250E+4	1.566201E-1
2.140275E+4	8.352131E-2
2.140300E+4	1.131720E-1
2.140325E+4	2.698109E-1
2.140350E+4	3.714269E-1
2.140375E+4	4.789015E-1
2.140400E+4	5.424458E-1
2.140425E+4	4.101731E-1
2.140450E+4	2.822744E-1
2.140475E+4	2.404718E-1
2.140500E+4	2.558487E-1
2.140525E+4	3.091006E-1
2.140550E+4	2.603940E-1
2.140575E+4	1.492283E-1
2.140600E+4	1.345778E-1
2.140625E+4	1.240167E-1
2.140650E+4	6.943950E-2
2.140675E+4	3.400762E-2
2.140700E+4	1.359128E-1
2.140725E+4	2.438280E-1
2.140750E+4	2.726091E-1
2.140775E+4	2.651799E-1
2.140800E+4	2.104604E-1
2.140825E+4	2.870005E-2
2.140850E+4	1.605177E-2
2.140875E+4	3.833179E-2
2.140900E+4	6.307285E-2
2.140925E+4	7.399225E-2
2.140950E+4	5.102561E-2
2.140975E+4	4.427265E-2
2.141000E+4	1.055578E-1
2.141025E+4	2.294123E-1
2.141050E+4	2.713012E-1
2.141075E+4	1.721493E-1
2.141100E+4	5.165893E-2
2.141125E+4	2.760101E-2
2.141150E+4	6.486022E-1
2.141175E+4	6.354398E-1
2.141200E+4	5.003674E-1
2.141225E+4	3.961135E-1
2.141250E+4	2.361592E-1
2.141275E+4	3.789334E-2
2.141300E+4	6.067361E-2
2.141325E+4	4.103684E-1
2.141350E+4	4.056698E-1
2.141375E+4	2.203308E-1
2.141400E+4	1.594559E-1
2.141425E+4	2.078904E-1
2.141450E+4	2.974741E-1
2.141475E+4	2.541593E-1
2.141500E+4	1.010909E-1
2.141525E+4	1.337040E-2
2.141550E+4	1.936276E-2
2.141575E+4	6.995764E-2
2.141600E+4	1.236867E-1
2.141625E+4	1.903885E-1
2.141650E+4	2.834693E-1
2.141675E+4	3.612636E-1
2.141700E+4	3.529364E-1
2.141725E+4	2.430897E-1
2.141750E+4	8.012677E-2
2.141775E+4	6.730315E-3
2.141800E+4	7.194080E-2
2.141825E+4	1.007416E-1
2.141850E+4	3.814873E-2
2.141875E+4	3.393405E-3
2.141900E+4	2.267876E-2
2.141925E+4	1.065163E-1
2.141950E+4	2.498148E-1
2.141975E+4	8.003828E-2
2.142000E+4	4.397921E-2
2.142025E+4	1.171151E-1
2.142050E+4	2.275337E-1
2.142075E+4	1.041578E-1
2.142100E+4	2.200347E-2
2.142125E+4	1.476930E-2
2.142150E+4	7.650181E-3
2.142175E+4	4.631332E-3
2.142200E+4	5.497130E-2
2.142225E+4	1.398015E-1
2.142250E+4	1.775642E-1
2.142275E+4	1.532435E-1
2.142300E+4	1.522308E-1
2.142325E+4	3.234615E-1
2.142350E+4	4.965041E-1
2.142375E+4	3.240128E-1
2.142400E+4	1.977300E-1
2.142425E+4	1.666320E-1
2.142450E+4	1.989928E-1
2.142475E+4	1.837617E-1
2.142500E+4	1.446459E-1
2.142525E+4	1.140498E-1
2.142550E+4	9.862917E-2
2.142575E+4	1.423251E-1
2.142600E+4	1.731987E-1
2.142625E+4	1.769646E-1
2.142650E+4	1.233428E-1
2.142675E+4	3.187067E-3
2.142700E+4	5.794950E-2
2.142725E+4	1.266824E-1
2.142750E+4	1.324051E-1
2.142775E+4	3.951459E-2
2.142800E+4	8.312789E-2
2.142825E+4	1.817108E-1
2.142850E+4	2.396450E-1
2.142875E+4	2.529342E-1
2.142900E+4	1.490708E-1
2.142925E+4	4.703380E-2
2.142950E+4	1.254101E-1
2.142975E+4	1.133467E-1
2.143000E+4	1.563574E-2
2.143025E+4	1.252819E-1
2.143050E+4	4.591601E-1
2.143075E+4	5.735695E-1
2.143100E+4	5.846129E-1
2.143125E+4	5.729615E-1
2.143150E+4	5.187934E-1
2.143175E+4	3.818754E-1
2.143200E+4	2.525557E-1
2.143225E+4	1.672595E-1
2.143250E+4	1.233002E-1
2.143275E+4	6.277305E-2
2.143300E+4	3.436149E-2
2.143325E+4	3.532824E-2
2.143350E+4	3.853242E-2
2.143375E+4	4.541542E-2
2.143400E+4	1.639278E-1
2.143425E+4	2.648154E-1
2.143450E+4	3.293824E-1
2.143475E+4	3.833342E-1
2.143500E+4	4.298321E-1
2.143525E+4	4.639296E-1
2.143550E+4	4.346712E-1
2.143575E+4	3.172314E-1
2.143600E+4	1.869737E-1
2.143625E+4	6.602277E-2
2.143650E+4	5.835198E-3
2.143675E+4	6.390037E-3
2.143700E+4	1.927190E-2
2.143725E+4	2.979135E-2
2.143750E+4	6.643679E-2
2.143775E+4	1.401065E-1
2.143800E+4	1.548124E-1
2.143825E+4	6.462136E-2
2.143850E+4	1.497561E-3
2.143875E+4	7.287045E-2
2.143900E+4	1.683182E-1
2.143925E+4	2.323927E-1
2.143950E+4	3.075881E-1
2.143975E+4	3.271947E-1
2.144000E+4	2.604624E-1
2.144025E+4	1.521386E-1
2.144050E+4	5.176910E-2
2.144075E+4	1.035366E-3
2.144100E+4	3.983531E-2
2.144125E+4	1.087217E-1
2.144150E+4	1.145983E-1
2.144175E+4	1.015609E-1
2.144200E+4	9.418035E-2
2.144225E+4	6.626015E-2
2.144250E+4	3.754795E-2
2.144275E+4	2.391226E-2
2.144300E+4	1.685304E-2
2.144325E+4	1.853644E-2
2.144350E+4	3.520670E-2
2.144375E+4	6.251707E-2
2.144400E+4	8.188361E-2
2.144425E+4	7.488683E-2
2.144450E+4	4.245429E-2
2.144475E+4	1.978038E-2
2.144500E+4	2.188204E-2
2.144525E+4	3.671664E-2
2.144550E+4	4.456679E-2
2.144575E+4	2.434844E-2
2.144600E+4	2.642335E-3
2.144625E+4	2.225135E-2
2.144650E+4	8.302006E-2
2.144675E+4	1.725654E-1
2.144700E+4	2.603550E-1
2.144725E+4	2.817705E-1
2.144750E+4	2.422334E-1
2.144775E+4	2.248935E-1
2.144800E+4	2.302505E-1
2.144825E+4	1.867135E-1
2.144850E+4	1.504620E-1
2.144875E+4	1.380202E-1
2.144900E+4	1.324149E-1
2.144925E+4	9.749703E-2
2.144950E+4	1.482366E-2
2.144975E+4	4.646599E-2
2.145000E+4	1.302582E-1
2.145025E+4	2.590465E-1
2.145050E+4	4.489672E-1
2.145075E+4	5.683203E-1
2.145100E+4	5.232205E-1
2.145125E+4	4.103682E-1
2.145150E+4	2.915169E-1
2.145175E+4	2.476459E-1
2.145200E+4	3.188121E-1
2.145225E+4	3.959698E-1
2.145250E+4	3.159718E-1
2.145275E+4	1.544217E-1
2.145300E+4	8.395213E-2
2.145325E+4	1.083572E-1
2.145350E+4	2.745200E-1
2.145375E+4	2.804027E-1
2.145400E+4	1.144644E-1
2.145425E+4	4.053583E-2
2.145450E+4	1.145508E-2
2.145475E+4	1.447158E-2
2.145500E+4	3.096946E-2
2.145525E+4	5.063471E-2
2.145550E+4	8.370791E-2
2.145575E+4	1.433513E-1
2.145600E+4	1.367948E-1
2.145625E+4	9.000658E-2
2.145650E+4	3.982237E-2
2.145675E+4	3.367426E-3
2.145700E+4	5.728812E-2
2.145725E+4	5.456012E-2
2.145750E+4	3.727331E-2
2.145775E+4	2.420452E-2
2.145800E+4	4.001171E-2
2.145825E+4	7.351535E-2
2.145850E+4	4.584207E-2
2.145875E+4	8.285673E-3
2.145900E+4	1.267133E-2
2.145925E+4	6.881656E-2
2.145950E+4	1.305920E-1
2.145975E+4	1.748644E-1
2.146000E+4	1.945838E-1
2.146025E+4	1.361417E-1
2.146050E+4	6.875118E-2
2.146075E+4	9.994684E-2
2.146100E+4	2.170909E-1
2.146125E+4	3.375815E-1
2.146150E+4	3.242028E-1
2.146175E+4	1.259051E-1
2.146200E+4	4.770483E-3
2.146225E+4	7.091877E-2
2.146250E+4	1.377584E-1
2.146275E+4	1.302379E-1
2.146300E+4	7.191531E-2
2.146325E+4	1.651130E-1
2.146350E+4	4.555172E-1
2.146375E+4	5.185570E-1
2.146400E+4	4.480285E-1
2.146425E+4	3.203432E-1
2.146450E+4	2.049439E-1
2.146475E+4	1.635693E-1
2.146500E+4	1.775259E-1
2.146525E+4	2.744178E-1
2.146550E+4	5.577233E-1
2.146575E+4	3.061282E-1
2.146600E+4	1.180940E-1
2.146625E+4	5.387958E-2
2.146650E+4	5.853317E-2
2.146675E+4	1.042489E-1
2.146700E+4	1.280328E-1
2.146725E+4	1.338223E-1
2.146750E+4	1.372237E-1
2.146775E+4	1.174939E-1
2.146800E+4	4.609363E-2
2.146825E+4	8.291835E-3
2.146850E+4	8.960383E-4
2.146875E+4	6.699974E-3
2.146900E+4	4.923263E-2
2.146925E+4	6.396928E-2
2.146950E+4	9.541139E-2
2.146975E+4	1.402250E-1
2.147000E+4	1.680165E-1
2.147025E+4	1.444739E-1
2.147050E+4	1.030867E-1
2.147075E+4	1.027996E-1
2.147100E+4	1.883052E-1
2.147125E+4	2.582940E-1
2.147150E+4	1.811084E-1
2.147175E+4	9.239785E-2
2.147200E+4	3.791088E-2
2.147225E+4	1.070019E-2
2.147250E+4	1.889307E-3
2.147275E+4	1.612280E-3
2.147300E+4	5.018253E-3
2.147325E+4	3.985937E-2
2.147350E+4	1.389949E-1
2.147375E+4	1.438215E-1
2.147400E+4	9.902760E-2
2.147425E+4	7.754811E-2
2.147450E+4	8.029996E-2
2.147475E+4	1.008496E-1
2.147500E+4	1.019635E-1
2.147525E+4	6.856641E-2
2.147550E+4	3.413527E-2
2.147575E+4	2.213192E-2
2.147600E+4	1.399544E-1
2.147625E+4	1.663627E-1
2.147650E+4	1.140102E-1
2.147675E+4	7.506987E-2
2.147700E+4	3.852031E-2
2.147725E+4	6.326929E-2
2.147750E+4	1.664251E-1
2.147775E+4	2.313344E-1
2.147800E+4	2.936871E-1
2.147825E+4	3.785879E-1
2.147850E+4	4.890089E-1
2.147875E+4	5.412944E-1
2.147900E+4	5.053020E-1
2.147925E+4	5.275130E-1
2.147950E+4	5.332341E-1
2.147975E+4	3.775128E-1
2.148000E+4	1.883936E-1
2.148025E+4	1.228082E-1
2.148050E+4	9.509005E-2
2.148075E+4	8.765159E-2
2.148100E+4	1.819686E-1
2.148125E+4	2.299714E-1
2.148150E+4	2.567366E-1
2.148175E+4	2.796355E-1
2.148200E+4	2.170454E-1
2.148225E+4	8.557781E-4
2.148250E+4	4.210441E-2
2.148275E+4	9.215513E-2
2.148300E+4	2.127083E-1
2.148325E+4	5.141039E-1
2.148350E+4	4.171257E-1
2.148375E+4	2.584422E-1
2.148400E+4	1.648161E-1
2.148425E+4	1.008667E-1
2.148450E+4	1.321695E-1
2.148475E+4	4.790711E-1
2.148500E+4	6.029394E-1
2.148525E+4	4.960408E-1
2.148550E+4	3.311694E-1
2.148575E+4	1.464305E-1
2.148600E+4	3.150508E-2
2.148625E+4	4.504711E-4
2.148650E+4	6.112719E-3
2.148675E+4	1.333865E-2
2.148700E+4	1.550845E-2
2.148725E+4	1.000802E-2
2.148750E+4	3.501093E-2
2.148775E+4	2.110706E-1
2.148800E+4	3.187960E-1
2.148825E+4	3.485575E-1
2.148850E+4	3.229493E-1
2.148875E+4	1.997555E-1
2.148900E+4	1.361050E-1
2.148925E+4	3.451035E-1
2.148950E+4	5.197400E-1
2.148975E+4	5.880182E-1
2.149000E+4	5.537995E-1
2.149025E+4	4.443056E-1
2.149050E+4	3.808751E-1
2.149075E+4	4.696205E-1
2.149100E+4	4.822371E-1
2.149125E+4	3.225418E-1
2.149150E+4	1.748522E-1
2.149175E+4	1.703427E-1
2.149200E+4	3.621498E-1
2.149225E+4	5.680780E-1
2.149250E+4	5.076874E-1
2.149275E+4	2.965341E-1
2.149300E+4	1.121967E-1
2.149325E+4	8.789593E-3
2.149350E+4	2.101928E-1
2.149375E+4	4.162388E-1
2.149400E+4	2.980159E-1
2.149425E+4	2.311972E-1
2.149450E+4	2.158702E-1
2.149475E+4	2.524515E-1
2.149500E+4	3.306308E-1
2.149525E+4	3.269050E-1
2.149550E+4	2.366842E-1
2.149575E+4	1.808856E-1
2.149600E+4	2.028695E-1
2.149625E+4	2.899814E-1
2.149650E+4	3.208294E-1
2.149675E+4	2.956593E-1
2.149700E+4	2.470817E-1
2.149725E+4	1.573789E-1
2.149750E+4	3.766115E-2
2.149775E+4	1.768674E-2
2.149800E+4	5.994952E-2
2.149825E+4	7.675679E-2
2.149850E+4	4.929910E-2
2.149875E+4	1.031848E-2
2.149900E+4	2.802769E-2
2.149925E+4	4.258300E-2
2.149950E+4	2.415807E-2
2.149975E+4	1.550335E-2
2.150000E+4	6.823677E-2
2.150025E+4	1.975157E-1
2.150050E+4	2.460083E-1
2.150075E+4	1.680461E-1
2.150100E+4	1.140085E-1
2.150125E+4	9.995925E-2
2.150150E+4	8.001841E-2
2.150175E+4	1.946270E-2
2.150200E+4	7.255461E-2
2.150225E+4	8.597238E-2
2.150250E+4	7.165007E-2
2.150275E+4	4.625018E-2
2.150300E+4	2.683298E-2
2.150325E+4	2.038761E-2
2.150350E+4	2.827342E-2
2.150375E+4	4.003304E-2
2.150400E+4	1.938083E-2
2.150425E+4	2.392876E-4
2.150450E+4	3.870207E-2
2.150475E+4	1.996712E-1
2.150500E+4	1.293947E-1
2.150525E+4	5.700932E-2
2.150550E+4	1.885790E-2
2.150575E+4	1.411949E-3
2.150600E+4	3.059928E-2
2.150625E+4	1.293956E-1
2.150650E+4	1.870616E-1
2.150675E+4	1.592890E-1
2.150700E+4	7.744439E-2
2.150725E+4	7.028066E-3
2.150750E+4	3.853341E-2
2.150775E+4	1.558316E-1
2.150800E+4	3.713901E-1
2.150825E+4	5.452570E-1
2.150850E+4	1.934249E-1
2.150875E+4	3.757382E-2
2.150900E+4	3.625819E-2
2.150925E+4	9.707312E-2
2.150950E+4	2.007571E-1
2.150975E+4	2.730127E-1
2.151000E+4	1.762449E-1
2.151025E+4	5.785034E-2
2.151050E+4	4.189488E-2
2.151075E+4	1.096781E-1
2.151100E+4	2.607993E-1
2.151125E+4	4.538178E-1
2.151150E+4	4.713151E-1
2.151175E+4	3.143287E-1
2.151200E+4	1.678827E-1
2.151225E+4	1.080385E-1
2.151250E+4	2.000853E-1
2.151275E+4	4.057764E-1
2.151300E+4	6.061197E-1
2.151325E+4	7.563239E-1
2.151350E+4	7.207080E-1
2.151375E+4	5.967804E-1
2.151400E+4	7.037786E-1
2.151425E+4	8.083319E-1
2.151450E+4	8.188829E-1
2.151475E+4	7.212944E-1
2.151500E+4	6.048191E-1
2.151525E+4	5.470885E-1
2.151550E+4	5.472500E-1
2.151575E+4	5.081014E-1
2.151600E+4	2.863567E-1
2.151625E+4	1.959396E-1
2.151650E+4	1.724782E-1
2.151675E+4	1.069062E-1
2.151700E+4	9.283076E-2
2.151725E+4	1.635206E-1
2.151750E+4	1.871693E-1
2.151775E+4	1.398548E-1
2.151800E+4	5.822276E-2
2.151825E+4	5.152277E-2
2.151850E+4	1.068165E-1
2.151875E+4	1.605166E-1
2.151900E+4	1.864420E-1
2.151925E+4	1.250106E-1
2.151950E+4	3.593542E-2
2.151975E+4	1.229985E-1
2.152000E+4	1.801823E-1
2.152025E+4	2.064973E-1
2.152050E+4	2.232872E-1
2.152075E+4	2.735708E-1
2.152100E+4	4.175878E-1
2.152125E+4	5.635308E-1
2.152150E+4	5.474096E-1
2.152175E+4	2.869132E-1
2.152200E+4	6.099912E-2
2.152225E+4	3.580861E-3
2.152250E+4	6.517469E-3
2.152275E+4	6.042693E-2
2.152300E+4	1.892974E-1
2.152325E+4	1.782424E-1
2.152350E+4	1.119033E-1
2.152375E+4	4.731446E-2
2.152400E+4	1.845157E-2
2.152425E+4	1.394320E-1
2.152450E+4	1.260549E-1
2.152475E+4	8.495909E-2
2.152500E+4	4.440465E-2
2.152525E+4	2.394479E-2
2.152550E+4	1.127414E-1
2.152575E+4	1.610030E-1
2.152600E+4	1.349871E-1
2.152625E+4	9.930387E-2
2.152650E+4	5.566696E-2
2.152675E+4	2.490088E-2
2.152700E+4	3.201834E-2
2.152725E+4	4.914921E-2
2.152750E+4	1.144591E-1
2.152775E+4	3.243249E-1
2.152800E+4	1.854755E-1
2.152825E+4	1.048594E-1
2.152850E+4	6.032317E-2
2.152875E+4	2.906175E-2
2.152900E+4	4.038979E-2
2.152925E+4	7.847472E-2
2.152950E+4	5.691502E-2
2.152975E+4	3.063741E-2
2.153000E+4	2.957952E-2
2.153025E+4	9.875291E-2
2.153050E+4	1.584435E-1
2.153075E+4	7.959566E-2
2.153100E+4	3.726232E-2
2.153125E+4	2.612233E-2
2.153150E+4	4.480446E-2
2.153175E+4	5.048086E-2
2.153200E+4	2.258810E-2
2.153225E+4	1.054203E-2
2.153250E+4	9.485727E-3
2.153275E+4	2.783622E-2
2.153300E+4	6.215416E-2
2.153325E+4	1.116342E-1
2.153350E+4	1.830815E-1
2.153375E+4	1.831952E-1
2.153400E+4	1.341070E-1
2.153425E+4	1.383103E-1
2.153450E+4	1.486780E-1
2.153475E+4	8.125057E-2
2.153500E+4	3.238246E-4
2.153525E+4	5.730557E-2
2.153550E+4	1.735254E-1
2.153575E+4	3.411132E-1
2.153600E+4	5.250686E-1
2.153625E+4	4.822460E-1
2.153650E+4	2.714387E-1
2.153675E+4	1.526074E-1
2.153700E+4	1.306129E-1
2.153725E+4	1.588706E-1
2.153750E+4	1.875074E-1
2.153775E+4	2.308585E-1
2.153800E+4	3.144637E-1
2.153825E+4	3.860187E-1
2.153850E+4	3.422417E-1
2.153875E+4	2.237692E-1
2.153900E+4	1.652530E-1
2.153925E+4	2.045300E-1
2.153950E+4	2.719206E-1
2.153975E+4	2.688954E-1
2.154000E+4	1.726655E-1
2.154025E+4	6.776886E-2
2.154050E+4	4.077682E-2
2.154075E+4	7.216408E-2
2.154100E+4	1.118006E-1
2.154125E+4	1.622931E-1
2.154150E+4	2.276314E-1
2.154175E+4	2.501473E-1
2.154200E+4	2.050150E-1
2.154225E+4	2.000312E-1
2.154250E+4	2.064456E-1
2.154275E+4	1.876286E-1
2.154300E+4	1.137962E-1
2.154325E+4	2.433905E-2
2.154350E+4	6.823865E-4
2.154375E+4	8.915093E-4
2.154400E+4	3.199095E-3
2.154425E+4	4.314721E-2
2.154450E+4	9.781397E-2
2.154475E+4	1.032200E-1
2.154500E+4	6.894413E-2
2.154525E+4	4.744535E-2
2.154550E+4	1.828104E-1
2.154575E+4	1.451046E-1
2.154600E+4	4.030351E-2
2.154625E+4	4.288634E-3
2.154650E+4	7.530525E-2
2.154675E+4	2.842227E-1
2.154700E+4	2.179854E-1
2.154725E+4	3.365920E-2
2.154750E+4	2.419883E-2
2.154775E+4	1.493593E-1
2.154800E+4	2.600873E-1
2.154825E+4	2.763248E-1
2.154850E+4	2.478770E-1
2.154875E+4	1.970623E-1
2.154900E+4	1.126847E-1
2.154925E+4	6.059440E-2
2.154950E+4	1.142976E-1
2.154975E+4	1.205546E-1
2.155000E+4	6.427517E-2
2.155025E+4	1.164632E-1
2.155050E+4	2.976602E-1
2.155075E+4	3.042747E-1
2.155100E+4	2.363294E-1
2.155125E+4	1.730083E-1
2.155150E+4	1.591210E-1
2.155175E+4	2.508231E-1
2.155200E+4	2.833445E-1
2.155225E+4	1.782840E-1
2.155250E+4	1.508126E-1
2.155275E+4	3.668741E-1
2.155300E+4	1.651344E-1
2.155325E+4	5.702937E-2
2.155350E+4	1.592926E-2
2.155375E+4	3.249445E-2
2.155400E+4	2.258394E-1
2.155425E+4	4.892552E-1
2.155450E+4	2.867260E-1
2.155475E+4	2.190993E-1
2.155500E+4	2.366871E-1
2.155525E+4	2.697659E-1
2.155550E+4	2.246356E-1
2.155575E+4	7.113352E-2
2.155600E+4	4.947793E-2
2.155625E+4	1.164452E-1
2.155650E+4	1.225352E-1
2.155675E+4	1.065864E-1
2.155700E+4	1.102012E-1
2.155725E+4	1.666565E-1
2.155750E+4	1.453367E-1
2.155775E+4	6.051236E-2
2.155800E+4	6.523329E-2
2.155825E+4	8.765073E-2
2.155850E+4	1.044205E-1
2.155875E+4	1.070850E-1
2.155900E+4	1.109110E-1
2.155925E+4	1.497097E-1
2.155950E+4	1.946916E-1
2.155975E+4	1.976466E-1
2.156000E+4	1.644355E-1
2.156025E+4	1.101886E-1
2.156050E+4	4.928506E-2
2.156075E+4	3.202563E-2
2.156100E+4	1.579903E-1
2.156125E+4	2.881903E-1
2.156150E+4	2.688201E-1
2.156175E+4	1.996533E-1
2.156200E+4	1.389593E-1
2.156225E+4	8.421873E-2
2.156250E+4	6.628573E-2
2.156275E+4	1.485126E-1
2.156300E+4	2.595258E-1
2.156325E+4	3.885928E-1
2.156350E+4	5.255377E-1
2.156375E+4	4.012275E-1
2.156400E+4	3.619552E-2
2.156425E+4	2.548132E-2
2.156450E+4	1.400178E-1
2.156475E+4	2.984655E-1
2.156500E+4	2.629531E-1
2.156525E+4	9.404822E-2
2.156550E+4	1.950817E-1
2.156575E+4	3.116808E-1
2.156600E+4	3.752449E-1
2.156625E+4	2.778668E-1
2.156650E+4	1.221935E-1
2.156675E+4	8.700153E-2
2.156700E+4	8.937461E-2
2.156725E+4	7.156752E-2
2.156750E+4	3.813511E-2
2.156775E+4	4.396770E-2
2.156800E+4	1.156799E-1
2.156825E+4	1.837249E-1
2.156850E+4	2.268165E-1
2.156875E+4	2.784183E-1
2.156900E+4	3.447718E-1
2.156925E+4	3.553344E-1
2.156950E+4	2.178045E-1
2.156975E+4	4.875559E-2
2.157000E+4	4.519784E-2
2.157025E+4	1.065278E-1
2.157050E+4	1.683944E-1
2.157075E+4	2.552320E-1
2.157100E+4	4.024770E-1
2.157125E+4	1.907807E-1
2.157150E+4	4.080429E-2
2.157175E+4	4.930002E-3
2.157200E+4	3.681082E-2
2.157225E+4	1.892062E-1
2.157250E+4	3.235608E-1
2.157275E+4	2.858345E-1
2.157300E+4	1.871521E-1
2.157325E+4	5.895953E-2
2.157350E+4	1.520153E-1
2.157375E+4	3.401202E-1
2.157400E+4	2.888499E-1
2.157425E+4	2.774186E-1
2.157450E+4	2.961808E-1
2.157475E+4	2.808543E-1
2.157500E+4	1.893024E-1
2.157525E+4	1.372652E-1
2.157550E+4	1.302235E-1
2.157575E+4	1.085206E-1
2.157600E+4	3.797187E-2
2.157625E+4	8.210936E-2
2.157650E+4	1.700331E-1
2.157675E+4	2.185833E-1
2.157700E+4	7.728911E-2
2.157725E+4	3.721563E-2
2.157750E+4	6.086427E-2
2.157775E+4	1.199644E-1
2.157800E+4	1.974818E-1
2.157825E+4	1.809181E-1
2.157850E+4	1.267062E-1
2.157875E+4	1.133616E-1
2.157900E+4	1.411262E-1
2.157925E+4	1.865037E-1
2.157950E+4	1.573481E-1
2.157975E+4	1.010810E-1
2.158000E+4	4.390202E-2
2.158025E+4	1.255413E-3
2.158050E+4	3.321279E-2
2.158075E+4	1.006714E-1
2.158100E+4	1.513268E-1
2.158125E+4	1.810932E-1
2.158150E+4	1.944745E-1
2.158175E+4	2.116896E-1
2.158200E+4	2.475296E-1
2.158225E+4	2.858721E-1
2.158250E+4	2.943069E-1
2.158275E+4	2.558104E-1
2.158300E+4	2.058177E-1
2.158325E+4	2.213708E-1
2.158350E+4	2.980923E-1
2.158375E+4	3.678585E-1
2.158400E+4	4.443067E-1
2.158425E+4	5.367678E-1
2.158450E+4	5.672913E-1
2.158475E+4	4.483226E-1
2.158500E+4	2.763297E-1
2.158525E+4	1.847111E-1
2.158550E+4	2.328939E-1
2.158575E+4	4.204749E-1
2.158600E+4	3.756427E-1
2.158625E+4	2.706234E-1
2.158650E+4	2.062081E-1
2.158675E+4	1.308088E-1
2.158700E+4	3.830567E-2
2.158725E+4	4.067055E-2
2.158750E+4	2.457873E-1
2.158775E+4	4.390890E-1
2.158800E+4	4.303538E-1
2.158825E+4	2.855907E-1
2.158850E+4	1.691118E-1
2.158875E+4	1.771795E-1
2.158900E+4	3.020108E-1
2.158925E+4	3.365837E-1
2.158950E+4	2.614127E-1
2.158975E+4	1.663374E-1
2.159000E+4	7.268538E-2
2.159025E+4	2.896778E-2
2.159050E+4	8.562973E-2
2.159075E+4	1.891720E-1
2.159100E+4	2.416303E-1
2.159125E+4	2.484584E-1
2.159150E+4	2.592533E-1
2.159175E+4	2.682906E-1
2.159200E+4	2.381679E-1
2.159225E+4	2.039958E-1
2.159250E+4	2.201847E-1
2.159275E+4	2.656920E-1
2.159300E+4	2.647100E-1
2.159325E+4	1.837422E-1
2.159350E+4	7.125409E-2
2.159375E+4	8.405427E-2
2.159400E+4	1.149000E-1
2.159425E+4	6.948344E-2
2.159450E+4	2.227322E-2
2.159475E+4	8.904156E-3
2.159500E+4	5.550395E-2
2.159525E+4	1.325942E-1
2.159550E+4	1.734712E-1
2.159575E+4	1.650369E-1
2.159600E+4	1.012123E-1
2.159625E+4	2.820737E-2
2.159650E+4	1.241138E-2
2.159675E+4	1.949926E-2
2.159700E+4	3.836095E-2
2.159725E+4	4.600179E-2
2.159750E+4	2.524985E-2
2.159775E+4	3.691939E-2
2.159800E+4	8.703800E-2
2.159825E+4	2.082535E-1
2.159850E+4	4.575549E-1
2.159875E+4	7.707726E-1
2.159900E+4	6.664605E-1
2.159925E+4	3.261019E-1
2.159950E+4	1.250378E-1
2.159975E+4	2.764333E-2
2.160000E+4	5.212769E-3
2.160025E+4	3.787753E-2
2.160050E+4	3.372725E-2
2.160075E+4	1.121739E-2
2.160100E+4	2.557033E-5
2.160125E+4	4.168763E-3
2.160150E+4	5.932544E-3
2.160175E+4	1.748744E-2
2.160200E+4	8.167676E-2
2.160225E+4	1.465716E-1
2.160250E+4	1.208413E-1
2.160275E+4	6.387429E-2
2.160300E+4	3.076266E-2
2.160325E+4	1.483608E-1
2.160350E+4	4.345928E-1
2.160375E+4	5.186841E-1
2.160400E+4	4.608651E-1
2.160425E+4	3.231200E-1
2.160450E+4	1.021376E-1
2.160475E+4	1.157852E-1
2.160500E+4	2.731706E-1
2.160525E+4	3.485847E-1
2.160550E+4	3.350804E-1
2.160575E+4	2.983159E-1
2.160600E+4	3.329453E-1
2.160625E+4	4.018974E-1
2.160650E+4	3.909954E-1
2.160675E+4	2.376355E-1
2.160700E+4	3.794204E-2
2.160725E+4	2.857618E-2
2.160750E+4	1.806232E-1
2.160775E+4	2.984934E-1
2.160800E+4	3.018152E-1
2.160825E+4	1.817592E-1
2.160850E+4	6.794843E-2
2.160875E+4	7.294218E-2
2.160900E+4	1.000879E-1
2.160925E+4	8.686490E-2
2.160950E+4	3.850563E-2
2.160975E+4	3.782846E-3
2.161000E+4	1.078762E-1
2.161025E+4	2.031072E-1
2.161050E+4	1.993756E-1
2.161075E+4	1.951319E-1
2.161100E+4	2.048373E-1
2.161125E+4	2.198934E-1
2.161150E+4	2.212759E-1
2.161175E+4	1.852468E-1
2.161200E+4	1.183300E-1
2.161225E+4	4.920336E-2
2.161250E+4	7.982869E-3
2.161275E+4	3.183863E-3
2.161300E+4	1.115669E-2
2.161325E+4	2.373075E-2
2.161350E+4	6.036778E-2
2.161375E+4	6.759209E-2
2.161400E+4	2.513768E-2
2.161425E+4	1.316370E-3
2.161450E+4	1.048463E-2
2.161475E+4	7.250745E-2
2.161500E+4	1.703319E-1
2.161525E+4	1.861963E-1
2.161550E+4	1.742761E-1
2.161575E+4	2.515782E-1
2.161600E+4	5.029205E-1
2.161625E+4	6.443991E-1
2.161650E+4	5.296092E-1
2.161675E+4	4.257731E-1
2.161700E+4	3.497746E-1
2.161725E+4	2.147574E-1
2.161750E+4	1.582294E-2
2.161775E+4	4.373877E-2
2.161800E+4	7.876208E-2
2.161825E+4	4.452462E-2
2.161850E+4	9.379422E-3
2.161875E+4	8.262180E-2
2.161900E+4	2.484878E-1
2.161925E+4	3.837620E-1
2.161950E+4	3.369119E-1
2.161975E+4	1.931918E-1
2.162000E+4	1.154713E-1
2.162025E+4	1.025454E-1
2.162050E+4	1.189770E-1
2.162075E+4	1.331278E-1
2.162100E+4	1.369712E-1
2.162125E+4	1.259701E-1
2.162150E+4	1.407832E-1
2.162175E+4	2.723165E-1
2.162200E+4	2.907781E-1
2.162225E+4	3.154944E-1
2.162250E+4	3.496275E-1
2.162275E+4	3.681819E-1
2.162300E+4	3.311122E-1
2.162325E+4	2.151904E-1
2.162350E+4	5.217835E-2
2.162375E+4	4.202949E-2
2.162400E+4	3.525323E-1
2.162425E+4	3.896749E-1
2.162450E+4	2.439957E-2
2.162475E+4	2.196833E-1
2.162500E+4	4.202181E-1
2.162525E+4	4.452983E-1
2.162550E+4	3.623157E-1
2.162575E+4	1.869411E-1
2.162600E+4	6.824678E-2
2.162625E+4	2.672584E-1
2.162650E+4	4.305929E-1
2.162675E+4	4.753590E-1
2.162700E+4	4.873983E-1
2.162725E+4	5.157814E-1
2.162750E+4	4.987017E-1
2.162775E+4	4.003062E-1
2.162800E+4	2.145376E-1
2.162825E+4	1.385563E-2
2.162850E+4	1.878211E-1
2.162875E+4	3.762500E-1
2.162900E+4	4.679430E-1
2.162925E+4	5.146447E-1
2.162950E+4	5.167691E-1
2.162975E+4	4.519755E-1
2.163000E+4	3.409846E-1
2.163025E+4	2.691932E-1
2.163050E+4	2.588423E-1
2.163075E+4	2.567819E-1
2.163100E+4	1.998611E-1
2.163125E+4	8.008312E-2
2.163150E+4	1.674763E-2
2.163175E+4	7.860430E-2
2.163200E+4	2.866151E-1
2.163225E+4	5.289167E-1
2.163250E+4	5.773893E-1
2.163275E+4	4.487904E-1
2.163300E+4	2.662342E-1
2.163325E+4	8.738869E-2
2.163350E+4	3.269799E-3
2.163375E+4	9.032906E-2
2.163400E+4	9.922323E-2
2.163425E+4	8.681522E-2
2.163450E+4	9.912342E-2
2.163475E+4	1.029167E-1
2.163500E+4	7.609847E-2
2.163525E+4	4.167236E-2
2.163550E+4	9.989698E-2
2.163575E+4	2.878577E-1
2.163600E+4	2.975122E-1
2.163625E+4	1.548961E-1
2.163650E+4	1.264157E-1
2.163675E+4	2.890079E-1
2.163700E+4	3.557472E-1
2.163725E+4	2.981298E-1
2.163750E+4	1.932313E-1
2.163775E+4	1.107993E-1
2.163800E+4	9.207164E-2
2.163825E+4	1.000743E-1
2.163850E+4	9.331076E-2
2.163875E+4	9.314495E-2
2.163900E+4	1.969128E-1
2.163925E+4	4.187371E-1
2.163950E+4	3.605389E-1
2.163975E+4	1.935775E-1
2.164000E+4	8.742531E-2
2.164025E+4	3.223134E-2
2.164050E+4	1.594681E-2
2.164075E+4	2.577133E-2
2.164100E+4	3.442463E-2
2.164125E+4	2.993278E-2
2.164150E+4	1.813211E-2
2.164175E+4	3.422437E-2
2.164200E+4	7.192963E-2
2.164225E+4	8.849174E-2
2.164250E+4	1.038491E-1
2.164275E+4	1.564362E-1
2.164300E+4	2.626379E-1
2.164325E+4	3.465174E-1
2.164350E+4	4.107951E-1
2.164375E+4	4.922020E-1
2.164400E+4	5.681043E-1
2.164425E+4	4.262587E-1
2.164450E+4	2.500095E-1
2.164475E+4	2.516404E-1
2.164500E+4	3.240412E-1
2.164525E+4	3.756916E-1
2.164550E+4	2.136859E-1
2.164575E+4	7.223590E-2
2.164600E+4	3.964041E-2
2.164625E+4	4.787615E-2
2.164650E+4	7.515548E-2
2.164675E+4	1.019134E-1
2.164700E+4	1.184046E-1
2.164725E+4	1.341544E-1
2.164750E+4	1.546293E-1
2.164775E+4	9.576896E-2
2.164800E+4	3.630705E-2
2.164825E+4	3.555077E-2
2.164850E+4	8.461187E-2
2.164875E+4	1.221285E-1
2.164900E+4	8.721796E-2
2.164925E+4	1.048620E-1
2.164950E+4	2.508699E-1
2.164975E+4	3.442319E-1
2.165000E+4	3.079632E-1
2.165025E+4	1.524936E-1
2.165050E+4	1.552189E-2
2.165075E+4	2.238110E-1
2.165100E+4	3.843470E-1
2.165125E+4	2.201995E-1
2.165150E+4	6.715719E-2
2.165175E+4	1.073954E-1
2.165200E+4	2.081326E-1
2.165225E+4	2.654078E-1
2.165250E+4	2.789250E-1
2.165275E+4	4.098902E-1
2.165300E+4	5.706633E-1
2.165325E+4	6.592317E-1
2.165350E+4	5.031303E-1
2.165375E+4	1.293873E-2
2.165400E+4	1.873282E-1
2.165425E+4	2.718808E-1
2.165450E+4	2.357308E-1
2.165475E+4	1.088199E-1
2.165500E+4	4.805761E-1
2.165525E+4	6.438002E-1
2.165550E+4	6.436145E-1
2.165575E+4	5.774857E-1
2.165600E+4	4.224590E-1
2.165625E+4	2.662190E-1
2.165650E+4	1.771722E-1
2.165675E+4	9.942904E-2
2.165700E+4	9.613955E-3
2.165725E+4	6.909399E-2
2.165750E+4	1.016088E-1
2.165775E+4	5.756838E-2
2.165800E+4	2.622183E-2
2.165825E+4	2.853982E-2
2.165850E+4	8.057095E-2
2.165875E+4	1.547424E-1
2.165900E+4	1.066138E-1
2.165925E+4	2.958832E-2
2.165950E+4	6.780558E-2
2.165975E+4	2.553967E-1
2.166000E+4	3.562546E-1
2.166025E+4	2.916482E-1
2.166050E+4	1.717720E-1
2.166075E+4	7.006784E-2
2.166100E+4	5.788940E-2
2.166125E+4	1.581756E-1
2.166150E+4	2.851165E-1
2.166175E+4	9.155354E-2
2.166200E+4	1.040141E-2
2.166225E+4	3.561185E-4
2.166250E+4	8.284769E-4
2.166275E+4	4.197132E-3
2.166300E+4	3.548910E-2
2.166325E+4	1.058970E-1
2.166350E+4	1.647643E-1
2.166375E+4	2.366988E-1
2.166400E+4	3.257817E-1
2.166425E+4	3.139442E-1
2.166450E+4	2.348773E-1
2.166475E+4	1.944205E-1
2.166500E+4	1.834733E-1
2.166525E+4	1.628757E-1
2.166550E+4	9.030037E-2
2.166575E+4	2.457064E-2
2.166600E+4	3.106203E-3
2.166625E+4	8.330621E-3
2.166650E+4	5.365941E-2
2.166675E+4	1.588995E-1
2.166700E+4	2.330720E-1
2.166725E+4	2.115358E-1
2.166750E+4	1.423567E-1
2.166775E+4	7.742540E-2
2.166800E+4	8.224399E-2
2.166825E+4	2.971785E-1
2.166850E+4	5.036914E-1
2.166875E+4	4.646961E-1
2.166900E+4	3.598737E-1
2.166925E+4	2.138617E-1
2.166950E+4	3.275136E-2
2.166975E+4	4.543899E-1
2.167000E+4	3.383785E-1
2.167025E+4	1.484735E-1
2.167050E+4	1.781341E-2
2.167075E+4	1.005812E-2
2.167100E+4	5.549576E-2
2.167125E+4	8.717720E-2
2.167150E+4	9.098507E-2
2.167175E+4	1.056207E-1
2.167200E+4	1.495959E-1
2.167225E+4	1.225197E-1
2.167250E+4	3.722577E-2
2.167275E+4	2.609877E-1
2.167300E+4	4.200671E-1
2.167325E+4	3.220426E-1
2.167350E+4	2.123320E-1
2.167375E+4	1.020172E-1
2.167400E+4	8.680275E-2
2.167425E+4	3.151941E-1
2.167450E+4	4.322879E-1
2.167475E+4	3.532847E-1
2.167500E+4	1.574290E-1
2.167525E+4	9.914955E-4
2.167550E+4	1.688725E-1
2.167575E+4	3.251077E-1
2.167600E+4	3.703756E-1
2.167625E+4	1.992380E-1
2.167650E+4	1.986499E-2
2.167675E+4	1.384034E-1
2.167700E+4	2.382363E-1
2.167725E+4	2.768095E-1
2.167750E+4	2.151460E-1
2.167775E+4	8.894021E-2
2.167800E+4	1.133889E-1
2.167825E+4	3.660621E-1
2.167850E+4	5.423198E-1
2.167875E+4	5.455842E-1
2.167900E+4	4.423670E-1
2.167925E+4	2.744675E-1
2.167950E+4	1.656362E-1
2.167975E+4	1.763753E-1
2.168000E+4	2.132091E-1
2.168025E+4	2.843265E-1
2.168050E+4	4.342716E-1
2.168075E+4	5.367570E-1
2.168100E+4	4.241474E-1
2.168125E+4	2.234533E-1
2.168150E+4	3.008453E-2
2.168175E+4	4.940612E-2
2.168200E+4	9.501975E-2
2.168225E+4	4.724967E-2
2.168250E+4	8.204890E-3
2.168275E+4	4.829781E-2
2.168300E+4	1.518504E-1
2.168325E+4	2.505503E-1
2.168350E+4	3.259816E-1
2.168375E+4	4.086547E-1
2.168400E+4	4.801855E-1
2.168425E+4	4.942905E-1
2.168450E+4	4.981726E-1
2.168475E+4	4.429729E-1
2.168500E+4	1.918155E-1
2.168525E+4	6.456588E-2
2.168550E+4	3.063151E-1
2.168575E+4	4.009929E-1
2.168600E+4	3.608042E-1
2.168625E+4	3.057008E-1
2.168650E+4	3.368098E-1
2.168675E+4	4.709244E-1
2.168700E+4	6.790087E-1
2.168725E+4	8.601997E-1
2.168750E+4	6.558448E-1
2.168775E+4	3.059190E-1
2.168800E+4	1.716631E-1
2.168825E+4	1.112835E-1
2.168850E+4	5.404966E-2
2.168875E+4	2.902059E-3
2.168900E+4	5.351914E-2
2.168925E+4	2.399621E-1
2.168950E+4	4.082640E-1
2.168975E+4	4.529584E-1
2.169000E+4	1.974011E-1
2.169025E+4	6.122980E-2
2.169050E+4	6.804181E-2
2.169075E+4	1.245980E-1
2.169100E+4	2.231686E-1
2.169125E+4	2.354182E-1
2.169150E+4	1.271044E-1
2.169175E+4	1.410009E-1
2.169200E+4	3.310235E-1
2.169225E+4	6.331147E-1
2.169250E+4	3.979210E-1
2.169275E+4	1.956671E-1
2.169300E+4	1.262380E-1
2.169325E+4	1.309177E-1
2.169350E+4	1.654735E-1
2.169375E+4	1.212488E-1
2.169400E+4	1.010241E-1
2.169425E+4	1.481851E-1
2.169450E+4	2.794939E-1
2.169475E+4	3.406618E-1
2.169500E+4	2.111740E-1
2.169525E+4	1.013791E-1
2.169550E+4	1.184422E-1
2.169575E+4	3.051885E-1
2.169600E+4	1.327117E-1
2.169625E+4	5.309677E-2
2.169650E+4	5.010728E-2
2.169675E+4	1.586276E-1
2.169700E+4	3.133655E-1
2.169725E+4	2.056573E-1
2.169750E+4	1.048038E-1
2.169775E+4	7.625658E-2
2.169800E+4	6.299555E-2
2.169825E+4	3.404027E-2
2.169850E+4	1.267667E-1
2.169875E+4	2.492524E-1
2.169900E+4	2.809885E-1
2.169925E+4	2.855735E-1
2.169950E+4	3.078051E-1
2.169975E+4	2.944114E-1
2.170000E+4	2.174801E-1
2.170025E+4	1.780481E-1
2.170050E+4	1.278268E-1
2.170075E+4	5.224126E-2
2.170100E+4	9.671950E-3
2.170125E+4	8.144390E-2
2.170150E+4	1.455239E-1
2.170175E+4	1.575929E-1
2.170200E+4	1.317678E-1
2.170225E+4	1.487261E-1
2.170250E+4	2.024533E-1
2.170275E+4	2.912889E-1
2.170300E+4	3.125621E-1
2.170325E+4	2.551517E-1
2.170350E+4	2.484774E-1
2.170375E+4	2.848497E-1
2.170400E+4	3.173633E-1
2.170425E+4	2.353786E-1
2.170450E+4	8.228751E-2
2.170475E+4	1.213017E-2
2.170500E+4	4.221084E-2
2.170525E+4	8.503212E-2
2.170550E+4	6.802400E-2
2.170575E+4	5.503957E-2
2.170600E+4	6.958063E-2
2.170625E+4	1.324398E-1
2.170650E+4	2.307513E-1
2.170675E+4	2.824732E-1
2.170700E+4	2.601604E-1
2.170725E+4	1.721251E-1
2.170750E+4	7.186831E-2
2.170775E+4	5.722221E-2
2.170800E+4	1.097479E-1
2.170825E+4	8.913236E-2
2.170850E+4	3.498349E-2
2.170875E+4	2.119032E-2
2.170900E+4	3.922303E-2
2.170925E+4	5.638965E-2
2.170950E+4	4.387565E-2
2.170975E+4	5.541089E-3
2.171000E+4	3.754073E-2
2.171025E+4	1.184465E-1
2.171050E+4	1.542446E-1
2.171075E+4	1.785983E-1
2.171100E+4	2.378414E-1
2.171125E+4	3.585990E-1
2.171150E+4	4.811550E-1
2.171175E+4	4.581695E-1
2.171200E+4	3.264727E-1
2.171225E+4	2.264150E-1
2.171250E+4	1.995736E-1
2.171275E+4	2.245316E-1
2.171300E+4	2.455902E-1
2.171325E+4	2.140027E-1
2.171350E+4	3.520631E-1
2.171375E+4	6.063953E-1
2.171400E+4	7.079399E-1
2.171425E+4	6.957441E-1
2.171450E+4	6.158109E-1
2.171475E+4	4.937382E-1
2.171500E+4	3.503351E-1
2.171525E+4	2.214730E-1
2.171550E+4	1.547233E-1
2.171575E+4	1.411605E-1
2.171600E+4	1.777401E-1
2.171625E+4	2.645684E-1
2.171650E+4	3.250927E-1
2.171675E+4	3.110885E-1
2.171700E+4	2.059639E-1
2.171725E+4	1.282213E-2
2.171750E+4	2.139179E-1
2.171775E+4	2.684686E-1
2.171800E+4	1.251159E-1
2.171825E+4	2.092471E-2
2.171850E+4	1.070770E-1
2.171875E+4	2.743679E-1
2.171900E+4	3.895824E-1
2.171925E+4	4.357662E-1
2.171950E+4	3.764025E-1
2.171975E+4	1.311307E-1
2.172000E+4	2.466754E-1
2.172025E+4	3.577907E-1
2.172050E+4	3.331843E-1
2.172075E+4	2.412154E-1
2.172100E+4	3.225214E-1
2.172125E+4	3.540002E-1
2.172150E+4	3.544134E-1
2.172175E+4	3.148135E-1
2.172200E+4	5.004631E-2
2.172225E+4	2.324529E-1
2.172250E+4	2.330918E-1
2.172275E+4	1.879489E-1
2.172300E+4	1.262796E-1
2.172325E+4	3.035223E-1
2.172350E+4	4.320030E-1
2.172375E+4	3.139912E-1
2.172400E+4	2.245129E-1
2.172425E+4	1.573566E-1
2.172450E+4	6.757172E-2
2.172475E+4	9.085330E-3
2.172500E+4	9.644205E-2
2.172525E+4	1.769942E-1
2.172550E+4	2.011411E-1
2.172575E+4	1.494074E-1
2.172600E+4	4.766868E-2
2.172625E+4	1.412235E-2
2.172650E+4	8.664960E-2
2.172675E+4	1.167083E-1
2.172700E+4	7.854584E-2
2.172725E+4	1.625659E-1
2.172750E+4	3.405388E-1
2.172775E+4	4.418207E-1
2.172800E+4	4.445807E-1
2.172825E+4	3.784923E-1
2.172850E+4	3.666587E-1
2.172875E+4	4.844405E-1
2.172900E+4	5.446449E-1
2.172925E+4	4.068746E-1
2.172950E+4	1.249492E-1
2.172975E+4	4.336455E-2
2.173000E+4	1.705898E-1
2.173025E+4	2.174337E-1
2.173050E+4	2.251270E-1
2.173075E+4	2.439210E-1
2.173100E+4	2.647264E-1
2.173125E+4	2.632476E-1
2.173150E+4	2.415002E-1
2.173175E+4	3.351749E-1
2.173200E+4	4.625507E-1
2.173225E+4	4.243456E-1
2.173250E+4	2.378841E-1
2.173275E+4	9.754302E-2
2.173300E+4	5.418958E-2
2.173325E+4	6.366121E-2
2.173350E+4	9.639737E-2
2.173375E+4	1.782938E-3
2.173400E+4	1.559059E-3
2.173425E+4	5.428717E-3
2.173450E+4	1.840859E-2
2.173475E+4	5.071982E-2
2.173500E+4	8.797953E-2
2.173525E+4	7.457483E-2
2.173550E+4	5.887552E-2
2.173575E+4	1.390442E-1
2.173600E+4	2.605331E-1
2.173625E+4	2.863076E-1
2.173650E+4	2.357918E-1
2.173675E+4	1.924186E-1
2.173700E+4	1.693643E-1
2.173725E+4	1.190172E-1
2.173750E+4	1.119029E-2
2.173775E+4	1.928311E-1
2.173800E+4	4.007849E-1
2.173825E+4	5.073395E-1
2.173850E+4	4.840059E-1
2.173875E+4	3.619658E-1
2.173900E+4	2.711004E-1
2.173925E+4	2.532447E-1
2.173950E+4	2.413883E-1
2.173975E+4	1.929127E-1
2.174000E+4	1.421675E-1
2.174025E+4	1.455467E-1
2.174050E+4	1.078456E-1
2.174075E+4	4.377692E-2
2.174100E+4	1.891836E-2
2.174125E+4	1.280172E-2
2.174150E+4	2.237562E-2
2.174175E+4	2.290841E-2
2.174200E+4	9.806542E-3
2.174225E+4	9.255863E-3
2.174250E+4	2.498269E-2
2.174275E+4	6.173414E-2
2.174300E+4	8.819576E-2
2.174325E+4	6.096870E-2
2.174350E+4	1.633132E-2
2.174375E+4	1.361264E-1
2.174400E+4	3.423891E-1
2.174425E+4	3.019458E-1
2.174450E+4	1.928357E-1
2.174475E+4	1.801221E-1
2.174500E+4	3.098051E-1
2.174525E+4	4.081774E-1
2.174550E+4	4.378616E-1
2.174575E+4	3.681324E-1
2.174600E+4	1.541482E-1
2.174625E+4	5.202565E-3
2.174650E+4	2.975794E-2
2.174675E+4	8.844671E-2
2.174700E+4	8.965371E-2
2.174725E+4	1.914694E-2
2.174750E+4	2.151271E-2
2.174775E+4	1.522471E-1
2.174800E+4	2.569674E-1
2.174825E+4	1.265589E-1
2.174850E+4	3.846418E-2
2.174875E+4	6.550574E-2
2.174900E+4	1.492669E-1
2.174925E+4	2.442583E-1
2.174950E+4	2.780793E-1
2.174975E+4	1.889032E-1
2.175000E+4	4.035199E-2
2.175025E+4	1.369750E-2
2.175050E+4	1.051972E-1
2.175075E+4	1.136337E-1
2.175100E+4	5.659956E-2
2.175125E+4	3.032210E-2
2.175150E+4	2.553704E-2
2.175175E+4	1.816787E-2
2.175200E+4	1.126590E-2
2.175225E+4	5.697689E-2
2.175250E+4	1.358772E-1
2.175275E+4	1.180170E-1
2.175300E+4	9.212678E-2
2.175325E+4	5.827436E-2
2.175350E+4	2.825330E-2
2.175375E+4	4.773659E-2
2.175400E+4	5.699069E-2
2.175425E+4	5.053723E-2
2.175450E+4	4.094050E-2
2.175475E+4	4.888920E-2
2.175500E+4	8.968811E-2
2.175525E+4	1.591969E-1
2.175550E+4	2.076972E-1
2.175575E+4	1.974987E-1
2.175600E+4	2.687143E-1
2.175625E+4	3.997027E-1
2.175650E+4	3.945374E-1
2.175675E+4	1.877950E-1
2.175700E+4	7.161359E-2
2.175725E+4	8.773972E-2
2.175750E+4	1.807061E-1
2.175775E+4	2.898096E-1
2.175800E+4	3.613233E-1
2.175825E+4	3.934252E-1
2.175850E+4	3.745933E-1
2.175875E+4	2.562501E-1
2.175900E+4	6.807489E-2
2.175925E+4	3.229387E-2
2.175950E+4	2.911336E-1
2.175975E+4	3.809068E-1
2.176000E+4	3.322205E-1
2.176025E+4	3.017395E-1
2.176050E+4	2.681069E-1
2.176075E+4	1.501743E-1
2.176100E+4	2.829426E-2
2.176125E+4	3.357226E-2
2.176150E+4	1.432471E-1
2.176175E+4	2.624964E-1
2.176200E+4	2.194360E-1
2.176225E+4	1.067000E-1
2.176250E+4	4.046277E-2
2.176275E+4	2.351805E-2
2.176300E+4	7.196651E-2
2.176325E+4	2.028822E-1
2.176350E+4	2.967903E-1
2.176375E+4	2.742559E-1
2.176400E+4	1.599242E-1
2.176425E+4	4.449738E-2
2.176450E+4	2.472989E-2
2.176475E+4	5.781930E-2
2.176500E+4	9.048847E-2
2.176525E+4	1.029273E-1
2.176550E+4	8.930311E-2
2.176575E+4	7.267888E-2
2.176600E+4	1.035234E-1
2.176625E+4	1.919651E-1
2.176650E+4	2.602059E-1
2.176675E+4	2.819999E-1
2.176700E+4	2.815541E-1
2.176725E+4	2.776410E-1
2.176750E+4	2.663770E-1
2.176775E+4	8.758109E-2
2.176800E+4	3.678442E-3
2.176825E+4	9.307056E-3
2.176850E+4	6.635685E-2
2.176875E+4	2.596580E-1
2.176900E+4	4.820034E-1
2.176925E+4	5.570094E-1
2.176950E+4	5.415032E-1
2.176975E+4	4.614220E-1
2.177000E+4	2.666617E-1
2.177025E+4	1.136396E-1
2.177050E+4	1.906391E-1
2.177075E+4	2.898091E-1
2.177100E+4	3.153065E-1
2.177125E+4	2.610750E-1
2.177150E+4	2.486688E-1
2.177175E+4	3.385910E-1
2.177200E+4	4.250258E-1
2.177225E+4	3.954275E-1
2.177250E+4	2.348634E-1
2.177275E+4	8.754963E-2
2.177300E+4	2.279165E-2
2.177325E+4	1.394830E-2
2.177350E+4	3.659228E-2
2.177375E+4	6.253783E-2
2.177400E+4	7.145573E-2
2.177425E+4	6.386882E-2
2.177450E+4	8.248252E-2
2.177475E+4	1.479994E-1
2.177500E+4	1.478295E-1
2.177525E+4	1.305093E-1
2.177550E+4	1.377179E-1
2.177575E+4	2.091851E-1
2.177600E+4	3.621741E-1
2.177625E+4	2.641330E-1
2.177650E+4	8.659450E-2
2.177675E+4	1.844321E-2
2.177700E+4	5.747545E-4
2.177725E+4	5.573263E-2
2.177750E+4	2.690032E-1
2.177775E+4	2.914624E-1
2.177800E+4	1.373517E-1
2.177825E+4	2.756060E-2
2.177850E+4	1.010515E-2
2.177875E+4	1.097772E-1
2.177900E+4	2.270852E-1
2.177925E+4	1.737806E-1
2.177950E+4	1.065628E-2
2.177975E+4	8.445704E-2
2.178000E+4	2.059778E-1
2.178025E+4	2.662816E-1
2.178050E+4	2.600398E-1
2.178075E+4	1.374986E-1
2.178100E+4	4.952398E-2
2.178125E+4	3.492624E-2
2.178150E+4	1.519995E-1
2.178175E+4	4.390438E-1
2.178200E+4	5.113027E-1
2.178225E+4	3.001170E-1
2.178250E+4	1.481979E-1
2.178275E+4	2.004667E-1
2.178300E+4	3.466204E-1
2.178325E+4	2.790041E-1
2.178350E+4	4.448080E-2
2.178375E+4	3.741446E-2
2.178400E+4	2.109748E-1
2.178425E+4	3.611654E-1
2.178450E+4	3.701481E-1
2.178475E+4	2.580189E-1
2.178500E+4	1.898318E-1
2.178525E+4	2.008308E-1
2.178550E+4	1.921115E-1
2.178575E+4	1.161220E-1
2.178600E+4	3.031487E-2
2.178625E+4	1.518138E-2
2.178650E+4	3.988684E-2
2.178675E+4	4.504321E-2
2.178700E+4	3.919695E-2
2.178725E+4	6.813131E-2
2.178750E+4	1.310547E-1
2.178775E+4	1.422944E-1
2.178800E+4	1.148784E-1
2.178825E+4	1.229119E-1
2.178850E+4	2.176776E-1
2.178875E+4	3.193042E-1
2.178900E+4	3.776848E-1
2.178925E+4	3.904147E-1
2.178950E+4	2.812887E-1
2.178975E+4	9.377349E-2
2.179000E+4	2.080672E-1
2.179025E+4	2.065160E-1
2.179050E+4	9.869110E-2
2.179075E+4	5.179740E-2
2.179100E+4	2.316801E-1
2.179125E+4	4.164008E-1
2.179150E+4	4.618467E-1
2.179175E+4	2.761378E-1
2.179200E+4	4.197688E-2
2.179225E+4	1.251009E-1
2.179250E+4	2.884897E-1
2.179275E+4	2.259040E-1
2.179300E+4	2.688553E-2
2.179325E+4	7.922374E-2
2.179350E+4	1.462865E-1
2.179375E+4	1.489525E-1
2.179400E+4	8.718291E-2
2.179425E+4	3.848544E-2
2.179450E+4	1.772834E-2
2.179475E+4	2.137300E-3
2.179500E+4	4.141458E-2
2.179525E+4	1.521415E-1
2.179550E+4	9.982066E-2
2.179575E+4	3.183280E-2
2.179600E+4	2.741988E-2
2.179625E+4	9.356156E-2
2.179650E+4	1.181469E-1
2.179675E+4	6.442446E-2
2.179700E+4	9.692014E-2
2.179725E+4	2.762799E-1
2.179750E+4	4.975820E-1
2.179775E+4	6.171221E-1
2.179800E+4	2.791029E-1
2.179825E+4	8.429561E-3
2.179850E+4	6.382342E-2
2.179875E+4	9.109856E-2
2.179900E+4	4.913525E-2
2.179925E+4	1.392117E-2
2.179950E+4	1.275064E-1
2.179975E+4	2.083717E-1
2.180000E+4	1.461569E-1
2.180025E+4	5.932841E-2
2.180050E+4	2.394711E-1
2.180075E+4	4.963733E-1
2.180100E+4	5.447815E-1
2.180125E+4	3.970539E-1
2.180150E+4	9.726554E-2
2.180175E+4	1.497270E-1
2.180200E+4	1.726795E-1
2.180225E+4	1.059732E-1
2.180250E+4	9.165908E-2
2.180275E+4	1.917026E-1
2.180300E+4	3.212116E-1
2.180325E+4	4.148861E-1
2.180350E+4	5.082085E-1
2.180375E+4	6.728736E-1
2.180400E+4	6.521262E-1
2.180425E+4	3.933104E-1
2.180450E+4	1.777668E-1
2.180475E+4	1.353306E-1
2.180500E+4	2.372556E-1
2.180525E+4	3.945882E-1
2.180550E+4	3.265762E-1
2.180575E+4	3.965626E-2
2.180600E+4	1.311682E-2
2.180625E+4	5.528347E-2
2.180650E+4	1.601763E-1
2.180675E+4	4.649389E-1
2.180700E+4	6.593732E-1
2.180725E+4	3.921105E-1
2.180750E+4	1.711819E-1
2.180775E+4	9.010142E-2
2.180800E+4	2.522066E-1
2.180825E+4	5.404211E-1
2.180850E+4	6.593260E-1
2.180875E+4	5.349432E-1
2.180900E+4	2.304251E-1
2.180925E+4	3.503673E-2
2.180950E+4	1.371635E-1
2.180975E+4	5.936453E-1
2.181000E+4	5.404364E-1
2.181025E+4	3.032218E-1
2.181050E+4	2.276469E-1
2.181075E+4	1.874304E-1
2.181100E+4	1.141183E-1
2.181125E+4	2.439130E-2
2.181150E+4	7.601508E-2
2.181175E+4	1.693287E-1
2.181200E+4	2.360985E-1
2.181225E+4	1.977716E-1
2.181250E+4	6.780841E-2
2.181275E+4	6.085164E-2
2.181300E+4	4.338530E-2
2.181325E+4	1.116782E-2
2.181350E+4	1.173700E-1
2.181375E+4	2.521507E-1
2.181400E+4	3.584626E-1
2.181425E+4	4.182248E-1
2.181450E+4	3.252700E-1
2.181475E+4	5.455279E-2
2.181500E+4	1.396378E-1
2.181525E+4	4.826623E-1
2.181550E+4	7.108462E-1
2.181575E+4	3.765083E-1
2.181600E+4	1.780391E-2
2.181625E+4	5.228093E-2
2.181650E+4	2.093555E-1
2.181675E+4	2.688912E-1
2.181700E+4	1.038892E-1
2.181725E+4	1.621738E-2
2.181750E+4	3.459763E-2
2.181775E+4	9.725432E-2
2.181800E+4	2.352657E-1
2.181825E+4	5.247839E-1
2.181850E+4	3.891397E-1
2.181875E+4	2.005482E-1
2.181900E+4	1.413829E-1
2.181925E+4	1.506288E-1
2.181950E+4	2.824052E-1
2.181975E+4	3.927580E-1
2.182000E+4	1.445371E-1
2.182025E+4	6.663476E-2
2.182050E+4	7.027039E-2
2.182075E+4	1.418363E-1
2.182100E+4	2.746573E-1
2.182125E+4	3.150782E-1
2.182150E+4	2.567438E-1
2.182175E+4	2.034252E-1
2.182200E+4	1.283851E-1
2.182225E+4	6.462545E-3
2.182250E+4	4.629366E-2
2.182275E+4	1.483850E-1
2.182300E+4	2.843468E-1
2.182325E+4	4.066984E-1
2.182350E+4	4.737045E-1
2.182375E+4	5.206358E-1
2.182400E+4	5.671719E-1
2.182425E+4	5.633058E-1
2.182450E+4	4.496755E-1
2.182475E+4	3.253939E-1
2.182500E+4	3.043420E-1
2.182525E+4	3.005435E-1
2.182550E+4	2.142024E-1
2.182575E+4	1.516326E-1
2.182600E+4	1.246188E-1
2.182625E+4	1.157161E-1
2.182650E+4	1.119213E-1
2.182675E+4	1.001649E-1
2.182700E+4	7.236547E-2
2.182725E+4	4.239108E-2
2.182750E+4	4.895193E-2
2.182775E+4	1.643676E-1
2.182800E+4	4.040695E-1
2.182825E+4	4.993611E-1
2.182850E+4	4.281201E-1
2.182875E+4	3.391575E-1
2.182900E+4	2.655578E-1
2.182925E+4	2.062976E-1
2.182950E+4	2.034277E-1
2.182975E+4	2.810964E-1
2.183000E+4	2.594968E-1
2.183025E+4	2.169762E-1
2.183050E+4	1.853810E-1
2.183075E+4	1.792823E-1
2.183100E+4	2.257437E-1
2.183125E+4	3.095810E-1
2.183150E+4	3.571879E-1
2.183175E+4	3.663439E-1
2.183200E+4	3.328924E-1
2.183225E+4	2.519752E-1
2.183250E+4	1.770401E-1
2.183275E+4	1.190017E-1
2.183300E+4	6.644926E-2
2.183325E+4	3.870940E-2
2.183350E+4	1.093877E-1
2.183375E+4	1.993186E-1
2.183400E+4	2.237032E-1
2.183425E+4	2.014302E-1
2.183450E+4	1.415987E-1
2.183475E+4	7.370052E-2
2.183500E+4	3.222965E-2
2.183525E+4	2.275644E-2
2.183550E+4	4.228712E-2
2.183575E+4	5.399140E-2
2.183600E+4	4.347486E-2
2.183625E+4	3.232291E-2
2.183650E+4	3.321458E-2
2.183675E+4	5.029599E-2
2.183700E+4	8.673794E-2
2.183725E+4	1.827242E-1
2.183750E+4	5.834252E-1
2.183775E+4	8.995961E-2
2.183800E+4	1.560368E-2
2.183825E+4	5.473407E-3
2.183850E+4	7.531113E-3
2.183875E+4	1.876421E-2
2.183900E+4	3.855723E-2
2.183925E+4	6.993779E-2
2.183950E+4	1.122260E-1
2.183975E+4	1.015793E-1
2.184000E+4	3.254328E-2
2.184025E+4	1.976081E-2
2.184050E+4	1.088385E-1
2.184075E+4	3.079160E-1
2.184100E+4	7.982727E-2
2.184125E+4	1.482169E-2
2.184150E+4	2.156635E-4
2.184175E+4	1.547630E-2
2.184200E+4	9.227427E-2
2.184225E+4	1.456434E-1
2.184250E+4	9.958037E-2
2.184275E+4	7.336941E-2
2.184300E+4	8.024174E-2
2.184325E+4	1.233395E-1
2.184350E+4	1.468347E-1
2.184375E+4	1.346703E-1
2.184400E+4	1.326411E-1
2.184425E+4	8.571904E-2
2.184450E+4	1.897123E-3
2.184475E+4	3.302228E-2
2.184500E+4	1.149085E-1
2.184525E+4	2.609890E-1
2.184550E+4	4.622973E-1
2.184575E+4	5.822137E-1
2.184600E+4	4.635459E-1
2.184625E+4	2.209699E-1
2.184650E+4	5.941726E-2
2.184675E+4	5.014719E-3
2.184700E+4	3.068234E-3
2.184725E+4	1.920191E-2
2.184750E+4	3.719812E-2
2.184775E+4	3.509987E-2
2.184800E+4	1.439953E-2
2.184825E+4	9.214759E-3
2.184850E+4	8.791507E-2
2.184875E+4	2.610720E-1
2.184900E+4	4.171134E-1
2.184925E+4	5.091680E-1
2.184950E+4	5.464000E-1
2.184975E+4	5.156396E-1
2.185000E+4	5.049568E-1
2.185025E+4	4.948470E-1
2.185050E+4	4.769051E-1
2.185075E+4	4.772504E-1
2.185100E+4	5.274684E-1
2.185125E+4	6.070566E-1
2.185150E+4	6.367900E-1
2.185175E+4	4.748472E-1
2.185200E+4	2.263761E-1
2.185225E+4	2.130085E-1
2.185250E+4	1.888623E-1
2.185275E+4	4.481650E-2
2.185300E+4	2.263963E-1
2.185325E+4	5.829204E-1
2.185350E+4	6.254921E-1
2.185375E+4	4.999088E-1
2.185400E+4	2.703257E-1
2.185425E+4	1.955134E-1
2.185450E+4	3.457746E-1
2.185475E+4	4.411485E-1
2.185500E+4	4.627662E-1
2.185525E+4	4.621940E-1
2.185550E+4	4.781662E-1
2.185575E+4	3.006480E-1
2.185600E+4	1.738464E-1
2.185625E+4	1.355280E-1
2.185650E+4	1.084107E-1
2.185675E+4	9.477910E-2
2.185700E+4	1.079546E-1
2.185725E+4	1.511048E-1
2.185750E+4	1.787506E-1
2.185775E+4	1.037254E-1
2.185800E+4	1.412030E-2
2.185825E+4	3.214119E-2
2.185850E+4	3.632797E-2
2.185875E+4	1.935883E-2
2.185900E+4	5.916907E-4
2.185925E+4	8.974699E-2
2.185950E+4	1.382786E-1
2.185975E+4	9.219114E-2
2.186000E+4	4.837195E-2
2.186025E+4	1.456638E-2
2.186050E+4	5.593505E-2
2.186075E+4	6.387716E-2
2.186100E+4	4.727663E-2
2.186125E+4	3.825620E-2
2.186150E+4	4.265559E-2
2.186175E+4	7.372366E-2
2.186200E+4	1.146789E-1
2.186225E+4	1.549838E-1
2.186250E+4	2.248905E-1
2.186275E+4	3.440203E-1
2.186300E+4	4.387811E-1
2.186325E+4	1.699015E-1
2.186350E+4	1.184136E-2
2.186375E+4	6.895410E-2
2.186400E+4	1.447518E-1
2.186425E+4	1.421394E-1
2.186450E+4	1.191409E-1
2.186475E+4	1.002753E-1
2.186500E+4	7.884085E-2
2.186525E+4	6.780009E-2
2.186550E+4	7.180610E-2
2.186575E+4	5.180080E-2
2.186600E+4	2.739193E-2
2.186625E+4	6.180076E-2
2.186650E+4	2.457662E-1
2.186675E+4	4.115940E-1
2.186700E+4	2.974844E-1
2.186725E+4	1.638064E-1
2.186750E+4	8.121189E-2
2.186775E+4	8.097534E-2
2.186800E+4	1.685472E-1
2.186825E+4	1.796398E-1
2.186850E+4	1.835535E-1
2.186875E+4	2.183846E-1
2.186900E+4	2.547126E-1
2.186925E+4	1.471315E-1
2.186950E+4	4.635863E-2
2.186975E+4	3.522788E-2
2.187000E+4	6.548745E-2
2.187025E+4	1.027412E-1
2.187050E+4	1.328245E-1
2.187075E+4	1.678186E-1
2.187100E+4	2.286491E-1
2.187125E+4	3.026876E-1
2.187150E+4	3.819545E-1
2.187175E+4	4.790314E-1
2.187200E+4	4.783651E-1
2.187225E+4	4.243373E-1
2.187250E+4	4.301154E-1
2.187275E+4	4.487753E-1
2.187300E+4	4.058913E-1
2.187325E+4	2.738572E-1
2.187350E+4	2.536710E-1
2.187375E+4	2.072180E-1
2.187400E+4	1.324968E-1
2.187425E+4	6.941253E-2
2.187450E+4	6.558851E-2
2.187475E+4	1.610156E-1
2.187500E+4	3.182538E-1
2.187525E+4	4.032345E-1
2.187550E+4	3.262865E-1
2.187575E+4	4.672354E-2
2.187600E+4	1.070161E-1
2.187625E+4	3.572850E-1
2.187650E+4	5.854787E-1
2.187675E+4	7.424258E-1
2.187700E+4	7.128981E-1
2.187725E+4	4.993764E-1
2.187750E+4	4.989933E-1
2.187775E+4	6.888715E-1
2.187800E+4	7.504959E-1
2.187825E+4	6.325054E-1
2.187850E+4	4.077822E-1
2.187875E+4	1.562012E-1
2.187900E+4	1.449632E-1
2.187925E+4	3.184208E-1
2.187950E+4	3.432162E-1
2.187975E+4	2.502082E-1
2.188000E+4	7.080429E-2
2.188025E+4	8.000852E-2
2.188050E+4	1.643340E-1
2.188075E+4	1.583528E-1
2.188100E+4	8.039112E-2
2.188125E+4	9.572983E-3
2.188150E+4	1.389205E-2
2.188175E+4	3.426991E-2
2.188200E+4	9.885630E-3
2.188225E+4	1.257578E-1
2.188250E+4	2.988101E-1
2.188275E+4	3.774770E-1
2.188300E+4	2.946036E-1
2.188325E+4	6.163763E-2
2.188350E+4	4.984427E-2
2.188375E+4	1.422572E-1
2.188400E+4	2.506437E-1
2.188425E+4	4.030140E-1
2.188450E+4	5.503862E-1
2.188475E+4	8.931850E-2
2.188500E+4	1.868199E-3
2.188525E+4	1.978421E-2
2.188550E+4	5.629006E-2
2.188575E+4	8.040438E-2
2.188600E+4	5.889948E-2
2.188625E+4	4.269206E-2
2.188650E+4	1.098700E-1
2.188675E+4	3.118472E-1
2.188700E+4	3.741981E-1
2.188725E+4	2.757555E-1
2.188750E+4	1.960322E-1
2.188775E+4	1.732268E-1
2.188800E+4	1.930583E-1
2.188825E+4	2.277270E-1
2.188850E+4	2.638244E-1
2.188875E+4	2.750033E-1
2.188900E+4	2.471719E-1
2.188925E+4	2.126353E-1
2.188950E+4	1.687292E-1
2.188975E+4	1.089092E-1
2.189000E+4	8.739745E-2
2.189025E+4	1.156136E-1
2.189050E+4	1.289493E-1
2.189075E+4	1.688786E-1
2.189100E+4	2.390989E-1
2.189125E+4	1.622344E-1
2.189150E+4	2.789657E-2
2.189175E+4	9.401895E-2
2.189200E+4	3.275462E-1
2.189225E+4	5.384154E-1
2.189250E+4	5.607970E-1
2.189275E+4	4.766461E-1
2.189300E+4	4.162969E-1
2.189325E+4	4.607076E-1
2.189350E+4	5.358987E-1
2.189375E+4	4.237293E-1
2.189400E+4	1.887815E-1
2.189425E+4	5.853836E-2
2.189450E+4	6.382807E-2
2.189475E+4	1.077500E-1
2.189500E+4	1.164566E-1
2.189525E+4	5.233087E-2
2.189550E+4	2.025211E-2
2.189575E+4	3.555236E-1
2.189600E+4	5.404844E-1
2.189625E+4	4.596354E-1
2.189650E+4	2.287704E-1
2.189675E+4	1.955681E-1
2.189700E+4	4.986103E-1
2.189725E+4	6.762942E-1
2.189750E+4	6.872746E-1
2.189775E+4	5.403948E-1
2.189800E+4	2.099181E-1
2.189825E+4	8.511107E-2
2.189850E+4	1.370998E-1
2.189875E+4	5.635378E-2
2.189900E+4	8.298945E-2
2.189925E+4	1.655427E-1
2.189950E+4	1.855647E-1
2.189975E+4	9.344112E-2
2.190000E+4	7.604227E-2
2.190025E+4	3.420291E-1
2.190050E+4	5.043612E-1
2.190075E+4	5.055555E-1
2.190100E+4	2.768549E-1
2.190125E+4	2.927731E-2
2.190150E+4	7.196840E-2
2.190175E+4	1.297307E-1
2.190200E+4	1.312641E-1
2.190225E+4	1.083736E-1
2.190250E+4	9.471335E-2
2.190275E+4	1.026563E-1
2.190300E+4	1.051372E-1
2.190325E+4	6.094483E-2
2.190350E+4	2.044401E-2
2.190375E+4	2.980728E-2
2.190400E+4	9.169240E-2
2.190425E+4	1.325913E-1
2.190450E+4	8.817575E-2
2.190475E+4	2.343226E-2
2.190500E+4	1.439245E-2
2.190525E+4	1.093110E-1
2.190550E+4	1.776057E-1
2.190575E+4	9.631975E-2
2.190600E+4	1.089751E-1
2.190625E+4	2.917669E-1
2.190650E+4	4.834688E-1
2.190675E+4	4.886148E-1
2.190700E+4	3.424205E-1
2.190725E+4	1.665214E-1
2.190750E+4	8.221431E-2
2.190775E+4	2.635645E-1
2.190800E+4	3.821701E-1
2.190825E+4	3.127606E-1
2.190850E+4	2.290708E-1
2.190875E+4	1.441336E-1
2.190900E+4	5.796174E-2
2.190925E+4	3.519189E-3
2.190950E+4	3.841069E-2
2.190975E+4	2.895878E-1
2.191000E+4	5.482702E-1
2.191025E+4	4.634604E-1
2.191050E+4	3.446119E-1
2.191075E+4	2.575955E-1
2.191100E+4	1.481727E-1
2.191125E+4	2.793417E-2
2.191150E+4	8.390011E-5
2.191175E+4	1.063186E-2
2.191200E+4	2.424687E-2
2.191225E+4	3.563533E-2
2.191250E+4	4.818925E-2
2.191275E+4	6.928003E-2
2.191300E+4	5.699254E-2
2.191325E+4	4.050658E-2
2.191350E+4	9.429438E-2
2.191375E+4	2.589109E-1
2.191400E+4	5.348641E-1
2.191425E+4	6.715831E-1
2.191450E+4	5.252922E-1
2.191475E+4	2.885190E-1
2.191500E+4	8.480719E-2
2.191525E+4	1.469813E-3
2.191550E+4	1.705640E-2
2.191575E+4	4.281208E-2
2.191600E+4	6.412242E-2
2.191625E+4	1.883985E-1
2.191650E+4	3.447976E-1
2.191675E+4	4.756703E-1
2.191700E+4	6.349428E-1
2.191725E+4	8.005323E-1
2.191750E+4	8.641782E-1
2.191775E+4	7.473507E-1
2.191800E+4	5.224266E-1
2.191825E+4	2.629345E-1
2.191850E+4	7.607590E-2
2.191875E+4	2.529102E-2
2.191900E+4	8.535519E-2
2.191925E+4	1.667646E-1
2.191950E+4	1.178979E-1
2.191975E+4	4.825675E-2
2.192000E+4	1.627443E-2
2.192025E+4	1.110590E-1
2.192050E+4	3.632268E-1
2.192075E+4	4.417997E-1
2.192100E+4	3.953652E-1
2.192125E+4	3.276995E-1
2.192150E+4	2.111389E-1
2.192175E+4	3.965450E-2
2.192200E+4	2.370337E-2
2.192225E+4	5.191247E-2
2.192250E+4	7.342837E-2
2.192275E+4	1.126304E-1
2.192300E+4	1.714965E-1
2.192325E+4	1.976301E-1
2.192350E+4	6.007563E-2
2.192375E+4	1.331923E-1
2.192400E+4	2.720134E-1
2.192425E+4	3.868070E-1
2.192450E+4	4.124205E-1
2.192475E+4	2.322236E-1
2.192500E+4	1.277133E-2
2.192525E+4	9.746802E-2
2.192550E+4	2.651844E-1
2.192575E+4	1.833891E-1
2.192600E+4	8.946165E-2
2.192625E+4	5.537165E-2
2.192650E+4	6.794145E-2
2.192675E+4	1.166925E-1
2.192700E+4	1.798308E-1
2.192725E+4	2.164936E-1
2.192750E+4	2.364117E-1
2.192775E+4	2.164437E-1
2.192800E+4	1.386186E-1
2.192825E+4	4.627301E-2
2.192850E+4	8.783975E-4
2.192875E+4	8.392660E-2
2.192900E+4	1.960927E-1
2.192925E+4	2.273852E-1
2.192950E+4	2.235838E-1
2.192975E+4	2.345295E-1
2.193000E+4	3.087216E-1
2.193025E+4	3.623357E-1
2.193050E+4	2.125768E-1
2.193075E+4	1.030783E-1
2.193100E+4	7.841299E-2
2.193125E+4	1.160269E-1
2.193150E+4	2.006603E-1
2.193175E+4	3.278436E-1
2.193200E+4	4.949499E-1
2.193225E+4	6.447144E-1
2.193250E+4	7.211107E-1
2.193275E+4	7.310840E-1
2.193300E+4	6.814470E-1
2.193325E+4	5.537880E-1
2.193350E+4	3.500001E-1
2.193375E+4	2.651818E-1
2.193400E+4	3.660677E-1
2.193425E+4	3.996856E-1
2.193450E+4	3.137602E-1
2.193475E+4	1.777045E-1
2.193500E+4	6.207263E-2
2.193525E+4	2.204794E-2
2.193550E+4	1.479982E-1
2.193575E+4	4.645365E-1
2.193600E+4	5.898815E-1
2.193625E+4	4.166552E-1
2.193650E+4	1.578597E-1
2.193675E+4	1.667722E-3
2.193700E+4	1.059731E-1
2.193725E+4	2.244388E-1
2.193750E+4	2.651336E-1
2.193775E+4	2.350769E-1
2.193800E+4	1.609365E-1
2.193825E+4	1.414486E-1
2.193850E+4	1.603523E-1
2.193875E+4	2.028776E-1
2.193900E+4	2.771924E-1
2.193925E+4	3.869608E-1
2.193950E+4	2.046962E-1
2.193975E+4	5.024798E-2
2.194000E+4	2.026918E-1
2.194025E+4	2.507502E-1
2.194050E+4	2.150399E-1
2.194075E+4	1.216629E-1
2.194100E+4	3.678012E-2
2.194125E+4	1.366683E-1
2.194150E+4	2.835953E-1
2.194175E+4	2.625449E-1
2.194200E+4	9.432317E-2
2.194225E+4	9.107846E-4
2.194250E+4	2.843894E-2
2.194275E+4	9.025901E-2
2.194300E+4	2.032482E-1
2.194325E+4	3.880387E-1
2.194350E+4	1.899295E-1
2.194375E+4	7.484939E-2
2.194400E+4	9.873159E-2
2.194425E+4	3.241491E-1
2.194450E+4	4.142859E-1
2.194475E+4	2.832102E-1
2.194500E+4	2.070040E-1
2.194525E+4	1.561959E-1
2.194550E+4	9.778423E-2
2.194575E+4	3.879608E-2
2.194600E+4	2.406773E-2
2.194625E+4	3.421038E-2
2.194650E+4	8.186981E-2
2.194675E+4	1.965012E-1
2.194700E+4	2.430916E-1
2.194725E+4	1.702568E-1
2.194750E+4	3.105053E-2
2.194775E+4	1.175900E-2
2.194800E+4	7.343269E-2
2.194825E+4	1.067898E-1
2.194850E+4	8.355204E-2
2.194875E+4	1.095201E-2
2.194900E+4	9.322421E-2
2.194925E+4	1.416989E-1
2.194950E+4	8.451943E-2
2.194975E+4	1.845308E-2
2.195000E+4	1.046804E-2
2.195025E+4	3.126549E-2
2.195050E+4	3.724925E-2
2.195075E+4	8.962135E-2
2.195100E+4	2.026622E-1
2.195125E+4	2.681940E-1
2.195150E+4	2.397262E-1
2.195175E+4	1.293511E-1
2.195200E+4	1.239002E-2
2.195225E+4	2.340548E-2
2.195250E+4	4.520468E-2
2.195275E+4	4.536053E-2
2.195300E+4	5.330462E-2
2.195325E+4	9.338121E-2
2.195350E+4	1.854531E-1
2.195375E+4	2.284684E-1
2.195400E+4	1.664502E-1
2.195425E+4	1.162640E-1
2.195450E+4	5.944732E-2
2.195475E+4	2.696120E-2
2.195500E+4	5.417518E-2
2.195525E+4	1.343885E-1
2.195550E+4	2.411568E-1
2.195575E+4	2.426409E-1
2.195600E+4	1.388069E-1
2.195625E+4	8.117199E-2
2.195650E+4	5.785780E-2
2.195675E+4	4.119132E-2
2.195700E+4	2.722979E-2
2.195725E+4	2.267161E-2
2.195750E+4	2.200226E-2
2.195775E+4	6.404631E-2
2.195800E+4	1.770009E-1
2.195825E+4	1.854651E-1
2.195850E+4	6.588302E-2
2.195875E+4	2.527618E-3
2.195900E+4	1.227972E-1
2.195925E+4	3.876690E-1
2.195950E+4	5.606663E-1
2.195975E+4	4.229932E-1
2.196000E+4	8.312220E-2
2.196025E+4	5.723853E-2
2.196050E+4	4.362138E-1
2.196075E+4	4.860012E-1
2.196100E+4	1.838343E-1
2.196125E+4	8.002734E-2
2.196150E+4	1.265638E-1
2.196175E+4	2.299228E-1
2.196200E+4	2.803189E-1
2.196225E+4	6.397476E-2
2.196250E+4	2.566257E-2
2.196275E+4	9.838372E-2
2.196300E+4	1.567051E-1
2.196325E+4	1.701353E-1
2.196350E+4	1.223268E-1
2.196375E+4	6.566158E-2
2.196400E+4	6.241849E-2
2.196425E+4	1.154354E-1
2.196450E+4	2.021795E-1
2.196475E+4	2.432853E-1
2.196500E+4	1.607521E-1
2.196525E+4	9.945307E-2
2.196550E+4	1.659248E-1
2.196575E+4	2.435630E-1
2.196600E+4	2.149455E-1
2.196625E+4	7.564202E-2
2.196650E+4	3.269042E-2
2.196675E+4	1.480374E-1
2.196700E+4	3.132913E-1
2.196725E+4	3.811250E-1
2.196750E+4	2.135134E-1
2.196775E+4	5.271412E-2
2.196800E+4	2.480640E-2
2.196825E+4	7.042206E-2
2.196850E+4	2.154820E-1
2.196875E+4	2.738432E-1
2.196900E+4	2.788216E-1
2.196925E+4	2.693970E-1
2.196950E+4	2.638366E-1
2.196975E+4	4.399430E-1
2.197000E+4	5.578499E-1
2.197025E+4	4.539777E-1
2.197050E+4	3.388706E-1
2.197075E+4	2.036897E-1
2.197100E+4	9.799419E-2
2.197125E+4	8.766370E-2
2.197150E+4	8.955565E-2
2.197175E+4	5.562565E-2
2.197200E+4	1.481090E-2
2.197225E+4	1.725008E-2
2.197250E+4	2.078790E-2
2.197275E+4	1.030688E-1
2.197300E+4	3.983788E-1
2.197325E+4	4.165366E-1
2.197350E+4	3.045200E-1
2.197375E+4	2.207291E-1
2.197400E+4	1.734813E-1
2.197425E+4	2.629226E-1
2.197450E+4	2.044501E-1
2.197475E+4	1.346736E-1
2.197500E+4	1.005099E-1
2.197525E+4	7.985237E-2
2.197550E+4	6.509198E-2
2.197575E+4	4.248834E-2
2.197600E+4	1.472385E-2
2.197625E+4	1.504472E-2
2.197650E+4	1.549666E-2
2.197675E+4	1.347457E-2
2.197700E+4	1.203876E-2
2.197725E+4	2.930799E-2
2.197750E+4	1.203974E-1
2.197775E+4	3.313351E-1
2.197800E+4	5.161063E-1
2.197825E+4	3.826461E-1
2.197850E+4	1.825752E-1
2.197875E+4	7.387957E-2
2.197900E+4	3.262404E-2
2.197925E+4	1.252919E-1
2.197950E+4	2.982868E-1
2.197975E+4	1.932497E-1
2.198000E+4	2.060144E-1
2.198025E+4	3.745201E-1
2.198050E+4	6.378428E-1
2.198075E+4	6.634560E-1
2.198100E+4	5.055614E-1
2.198125E+4	3.232777E-1
2.198150E+4	1.293659E-1
2.198175E+4	4.594238E-3
2.198200E+4	1.447035E-1
2.198225E+4	2.745001E-1
2.198250E+4	2.241961E-1
2.198275E+4	9.436800E-2
2.198300E+4	9.364215E-2
2.198325E+4	1.494542E-1
2.198350E+4	1.534309E-1
2.198375E+4	1.182948E-1
2.198400E+4	7.131072E-2
2.198425E+4	7.828638E-2
2.198450E+4	1.918913E-1
2.198475E+4	2.770188E-1
2.198500E+4	4.273921E-1
2.198525E+4	5.579731E-1
2.198550E+4	3.612622E-1
2.198575E+4	2.981527E-1
2.198600E+4	3.711398E-1
2.198625E+4	5.002012E-1
2.198650E+4	4.880452E-1
2.198675E+4	3.125743E-1
2.198700E+4	1.842133E-1
2.198725E+4	1.388488E-1
2.198750E+4	1.634552E-1
2.198775E+4	8.669484E-2
2.198800E+4	6.955664E-3
2.198825E+4	6.341818E-2
2.198850E+4	2.249460E-1
2.198875E+4	3.659455E-1
2.198900E+4	3.171802E-1
2.198925E+4	1.611884E-1
2.198950E+4	2.046875E-2
2.198975E+4	3.356073E-2
2.199000E+4	1.656320E-1
2.199025E+4	1.591485E-1
2.199050E+4	1.887898E-2
2.199075E+4	8.169743E-2
2.199100E+4	3.012028E-1
2.199125E+4	3.674026E-1
2.199150E+4	2.685265E-1
2.199175E+4	7.047936E-2
2.199200E+4	2.221086E-2
2.199225E+4	2.718253E-1
2.199250E+4	3.886195E-1
2.199275E+4	1.594066E-1
2.199300E+4	1.233552E-1
2.199325E+4	1.929728E-1
2.199350E+4	1.954994E-1
2.199375E+4	1.264923E-1
2.199400E+4	7.639365E-2
2.199425E+4	7.857898E-2
2.199450E+4	6.233501E-2
2.199475E+4	1.912721E-2
2.199500E+4	5.705304E-2
2.199525E+4	1.230423E-1
2.199550E+4	1.391494E-1
2.199575E+4	6.243321E-2
2.199600E+4	8.516684E-2
2.199625E+4	1.884518E-1
2.199650E+4	2.082494E-1
2.199675E+4	1.624510E-1
2.199700E+4	6.904317E-2
2.199725E+4	6.389613E-2
2.199750E+4	2.195000E-1
2.199775E+4	8.095055E-2
2.199800E+4	2.667081E-2
2.199825E+4	3.034153E-2
2.199850E+4	5.606753E-2
2.199875E+4	9.497659E-2
2.199900E+4	1.491071E-1
2.199925E+4	1.670460E-1
2.199950E+4	1.456874E-1
2.199975E+4	1.257282E-1
2.200000E+4	1.017997E-1
2.200025E+4	9.016502E-2
2.200050E+4	1.088143E-1
2.200075E+4	1.516103E-1
2.200100E+4	2.354627E-1
2.200125E+4	3.704228E-1
2.200150E+4	4.414175E-1
2.200175E+4	3.824551E-1
2.200200E+4	3.164645E-1
2.200225E+4	3.008348E-1
2.200250E+4	3.229605E-1
2.200275E+4	3.280322E-1
2.200300E+4	3.518369E-1
2.200325E+4	3.799709E-1
2.200350E+4	3.419751E-1
2.200375E+4	2.276279E-1
2.200400E+4	1.169539E-1
2.200425E+4	1.287970E-1
2.200450E+4	2.883410E-1
2.200475E+4	2.288500E-1
2.200500E+4	1.258646E-1
2.200525E+4	5.095272E-2
2.200550E+4	6.367114E-2
2.200575E+4	1.193148E-1
2.200600E+4	5.245479E-2
2.200625E+4	1.046726E-2
2.200650E+4	3.203553E-3
2.200675E+4	4.011105E-2
2.200700E+4	1.046029E-1
2.200725E+4	1.662633E-1
2.200750E+4	1.816711E-1
2.200775E+4	8.385709E-2
2.200800E+4	1.566144E-2
2.200825E+4	1.306215E-1
2.200850E+4	3.821204E-1
2.200875E+4	3.631096E-1
2.200900E+4	6.816277E-2
2.200925E+4	4.709364E-2
2.200950E+4	1.152118E-1
2.200975E+4	2.200819E-1
2.201000E+4	2.768429E-1
2.201025E+4	1.522917E-1
2.201050E+4	1.033222E-1
2.201075E+4	1.559368E-1
2.201100E+4	2.770703E-1
2.201125E+4	2.861480E-1
2.201150E+4	1.384719E-1
2.201175E+4	1.257684E-1
2.201200E+4	1.803641E-1
2.201225E+4	2.748574E-1
2.201250E+4	9.831414E-2
2.201275E+4	1.511163E-2
2.201300E+4	5.911973E-2
2.201325E+4	1.505946E-1
2.201350E+4	2.715981E-1
2.201375E+4	3.296445E-1
2.201400E+4	1.888429E-1
2.201425E+4	3.102261E-2
2.201450E+4	2.731661E-2
2.201475E+4	5.401179E-2
2.201500E+4	7.664179E-2
2.201525E+4	1.331360E-1
2.201550E+4	2.817040E-1
2.201575E+4	4.252634E-1
2.201600E+4	3.604820E-1
2.201625E+4	1.474900E-1
2.201650E+4	9.841614E-5
2.201675E+4	1.385293E-1
2.201700E+4	3.109770E-1
2.201725E+4	3.755949E-1
2.201750E+4	3.208485E-1
2.201775E+4	1.074622E-1
2.201800E+4	1.878278E-1
2.201825E+4	4.033383E-1
2.201850E+4	5.905598E-1
2.201875E+4	7.003034E-1
2.201900E+4	6.649171E-1
2.201925E+4	5.495291E-1
2.201950E+4	4.093047E-1
2.201975E+4	2.311138E-1
2.202000E+4	8.300506E-2
2.202025E+4	1.785401E-1
2.202050E+4	2.442263E-1
2.202075E+4	1.724743E-1
2.202100E+4	9.343860E-2
2.202125E+4	2.382969E-1
2.202150E+4	2.958309E-1
2.202175E+4	2.632055E-1
2.202200E+4	1.645576E-1
2.202225E+4	6.082666E-2
2.202250E+4	5.350986E-2
2.202275E+4	7.189571E-2
2.202300E+4	8.062106E-2
2.202325E+4	7.927302E-2
2.202350E+4	5.766647E-2
2.202375E+4	3.661838E-3
2.202400E+4	2.651814E-2
2.202425E+4	3.720338E-2
2.202450E+4	2.857002E-2
2.202475E+4	1.863701E-2
2.202500E+4	4.637466E-2
2.202525E+4	1.531706E-1
2.202550E+4	3.083867E-1
2.202575E+4	4.545127E-1
2.202600E+4	4.723973E-1
2.202625E+4	2.791350E-1
2.202650E+4	1.383326E-1
2.202675E+4	8.336427E-2
2.202700E+4	6.482627E-2
2.202725E+4	6.465376E-2
2.202750E+4	7.434280E-2
2.202775E+4	9.009475E-2
2.202800E+4	1.161445E-1
2.202825E+4	1.516828E-1
2.202850E+4	1.339325E-1
2.202875E+4	5.342009E-2
2.202900E+4	9.605475E-2
2.202925E+4	1.648562E-1
2.202950E+4	2.505314E-1
2.202975E+4	2.890423E-1
2.203000E+4	8.743918E-2
2.203025E+4	6.721006E-3
2.203050E+4	3.455985E-2
2.203075E+4	8.225289E-2
2.203100E+4	1.060100E-1
2.203125E+4	3.929080E-2
2.203150E+4	2.253897E-2
2.203175E+4	4.686442E-2
2.203200E+4	1.079207E-1
2.203225E+4	1.221743E-1
2.203250E+4	5.866395E-2
2.203275E+4	2.941483E-2
2.203300E+4	1.509956E-2
2.203325E+4	3.816259E-2
2.203350E+4	2.355895E-1
2.203375E+4	3.833615E-1
2.203400E+4	4.077140E-1
2.203425E+4	4.404274E-1
2.203450E+4	4.112496E-1
2.203475E+4	1.472857E-1
2.203500E+4	1.138942E-1
2.203525E+4	2.359134E-1
2.203550E+4	3.796925E-1
2.203575E+4	5.453424E-1
2.203600E+4	3.526222E-1
2.203625E+4	1.139047E-1
2.203650E+4	1.105651E-1
2.203675E+4	7.747891E-2
2.203700E+4	1.699801E-2
2.203725E+4	7.089936E-2
2.203750E+4	2.123873E-1
2.203775E+4	3.727625E-1
2.203800E+4	4.717098E-1
2.203825E+4	1.972634E-1
2.203850E+4	4.759746E-2
2.203875E+4	9.287426E-2
2.203900E+4	1.464470E-1
2.203925E+4	1.155321E-1
2.203950E+4	7.768923E-2
2.203975E+4	7.787258E-2
2.204000E+4	1.021665E-1
2.204025E+4	1.476996E-1
2.204050E+4	1.735964E-1
2.204075E+4	1.146348E-1
2.204100E+4	3.196513E-2
2.204125E+4	1.313616E-2
2.204150E+4	2.690536E-2
2.204175E+4	3.765164E-2
2.204200E+4	5.063701E-2
2.204225E+4	7.346397E-2
2.204250E+4	9.003516E-2
2.204275E+4	1.027939E-1
2.204300E+4	1.351689E-1
2.204325E+4	1.841933E-1
2.204350E+4	2.052919E-1
2.204375E+4	1.614230E-1
2.204400E+4	8.878331E-2
2.204425E+4	3.632987E-2
2.204450E+4	7.884730E-2
2.204475E+4	1.811103E-1
2.204500E+4	2.196559E-1
2.204525E+4	2.134207E-1
2.204550E+4	1.486668E-1
2.204575E+4	3.757293E-2
2.204600E+4	9.917022E-3
2.204625E+4	2.078195E-2
2.204650E+4	4.510467E-2
2.204675E+4	1.090044E-1
2.204700E+4	2.313825E-1
2.204725E+4	3.191149E-1
2.204750E+4	3.329644E-1
2.204775E+4	3.251420E-1
2.204800E+4	2.263133E-1
2.204825E+4	7.486839E-2
2.204850E+4	2.395450E-2
2.204875E+4	2.508780E-2
2.204900E+4	9.006572E-2
2.204925E+4	2.552211E-1
2.204950E+4	3.180010E-1
2.204975E+4	2.145722E-1
2.205000E+4	1.073512E-1
2.205025E+4	2.950771E-2
2.205050E+4	2.687417E-2
2.205075E+4	5.516354E-2
2.205100E+4	5.281830E-2
2.205125E+4	1.061741E-1
2.205150E+4	2.326409E-1
2.205175E+4	2.733783E-1
2.205200E+4	1.825808E-1
2.205225E+4	5.602789E-2
2.205250E+4	2.329298E-2
2.205275E+4	8.377066E-2
2.205300E+4	1.720838E-1
2.205325E+4	3.233924E-1
2.205350E+4	1.712930E-1
2.205375E+4	1.727213E-2
2.205400E+4	6.847658E-2
2.205425E+4	1.435649E-1
2.205450E+4	2.188269E-1
2.205475E+4	2.440871E-1
2.205500E+4	1.839330E-1
2.205525E+4	1.015413E-1
2.205550E+4	1.116371E-1
2.205575E+4	1.852342E-1
2.205600E+4	2.101741E-1
2.205625E+4	1.956395E-1
2.205650E+4	2.599647E-1
2.205675E+4	2.374538E-1
2.205700E+4	1.461398E-1
2.205725E+4	1.083558E-1
2.205750E+4	1.001693E-1
2.205775E+4	1.121763E-1
2.205800E+4	9.533733E-2
2.205825E+4	1.819546E-2
2.205850E+4	6.621227E-2
2.205875E+4	1.937430E-1
2.205900E+4	3.443494E-1
2.205925E+4	2.673222E-1
2.205950E+4	7.383305E-2
2.205975E+4	4.823520E-2
2.206000E+4	9.815355E-2
2.206025E+4	1.688866E-1
2.206050E+4	4.543991E-2
2.206075E+4	2.765515E-2
2.206100E+4	9.867764E-2
2.206125E+4	1.831372E-1
2.206150E+4	2.598929E-1
2.206175E+4	2.486804E-1
2.206200E+4	1.481158E-1
2.206225E+4	7.715111E-2
2.206250E+4	1.054144E-1
2.206275E+4	1.723149E-1
2.206300E+4	1.782121E-1
2.206325E+4	9.446963E-2
2.206350E+4	9.431873E-3
2.206375E+4	7.605113E-2
2.206400E+4	1.432784E-1
2.206425E+4	1.257754E-1
2.206450E+4	8.503341E-2
2.206475E+4	1.792521E-1
2.206500E+4	4.738524E-1
2.206525E+4	6.063195E-1
2.206550E+4	4.588641E-1
2.206575E+4	2.483677E-1
2.206600E+4	2.530133E-1
2.206625E+4	3.314645E-1
2.206650E+4	3.323911E-1
2.206675E+4	2.556870E-1
2.206700E+4	2.515797E-1
2.206725E+4	3.640805E-1
2.206750E+4	4.677173E-1
2.206775E+4	4.574970E-1
2.206800E+4	3.548479E-1
2.206825E+4	4.708245E-1
2.206850E+4	5.614589E-1
2.206875E+4	5.261105E-1
2.206900E+4	1.923440E-1
2.206925E+4	1.016416E-1
2.206950E+4	3.677171E-1
2.206975E+4	4.281013E-1
2.207000E+4	2.973603E-1
2.207025E+4	1.282099E-1
2.207050E+4	1.285003E-1
2.207075E+4	3.061648E-1
2.207100E+4	4.974266E-1
2.207125E+4	5.913193E-1
2.207150E+4	5.331678E-1
2.207175E+4	2.976488E-1
2.207200E+4	1.536956E-1
2.207225E+4	1.755628E-1
2.207250E+4	1.936422E-1
2.207275E+4	1.839756E-1
2.207300E+4	1.661925E-1
2.207325E+4	1.906943E-1
2.207350E+4	3.280588E-1
2.207375E+4	3.837471E-1
2.207400E+4	2.193760E-1
2.207425E+4	9.720088E-2
2.207450E+4	6.918277E-2
2.207475E+4	9.261641E-2
2.207500E+4	1.289886E-1
2.207525E+4	1.204597E-1
2.207550E+4	3.240119E-2
2.207575E+4	9.363160E-3
2.207600E+4	6.752783E-2
2.207625E+4	1.347614E-1
2.207650E+4	1.439224E-1
2.207675E+4	7.983856E-2
2.207700E+4	1.694821E-2
2.207725E+4	1.217974E-2
2.207750E+4	1.287155E-1
2.207775E+4	3.971636E-1
2.207800E+4	3.811651E-1
2.207825E+4	1.903301E-1
2.207850E+4	6.917197E-2
2.207875E+4	2.174629E-2
2.207900E+4	7.030525E-2
2.207925E+4	2.207734E-1
2.207950E+4	3.205396E-1
2.207975E+4	2.762121E-1
2.208000E+4	9.814572E-2
2.208025E+4	1.511807E-2
2.208050E+4	1.129516E-1
2.208075E+4	1.372374E-1
2.208100E+4	1.160883E-1
2.208125E+4	8.490689E-2
2.208150E+4	9.201395E-2
2.208175E+4	1.419542E-1
2.208200E+4	1.312982E-1
2.208225E+4	7.191369E-2
2.208250E+4	2.229216E-2
2.208275E+4	5.154229E-3
2.208300E+4	2.333831E-2
2.208325E+4	3.797105E-2
2.208350E+4	2.522431E-2
2.208375E+4	1.938605E-2
2.208400E+4	4.549464E-2
2.208425E+4	6.215270E-2
2.208450E+4	3.403076E-2
2.208475E+4	4.108153E-3
2.208500E+4	5.185473E-3
2.208525E+4	3.479365E-2
2.208550E+4	6.326069E-2
2.208575E+4	9.955279E-2
2.208600E+4	2.362626E-1
2.208625E+4	5.422875E-1
2.208650E+4	6.864443E-1
2.208675E+4	4.983214E-1
2.208700E+4	2.795437E-1
2.208725E+4	1.251778E-1
2.208750E+4	5.973508E-2
2.208775E+4	1.043112E-1
2.208800E+4	2.223785E-1
2.208825E+4	3.899527E-1
2.208850E+4	5.392296E-1
2.208875E+4	4.908277E-1
2.208900E+4	3.348469E-1
2.208925E+4	2.251380E-1
2.208950E+4	1.534508E-1
2.208975E+4	9.870614E-2
2.209000E+4	1.130808E-1
2.209025E+4	1.589699E-1
2.209050E+4	1.477104E-1
2.209075E+4	1.172192E-1
2.209100E+4	1.118213E-1
2.209125E+4	1.312461E-1
2.209150E+4	1.451036E-1
2.209175E+4	1.102625E-1
2.209200E+4	4.252423E-2
2.209225E+4	1.304984E-2
2.209250E+4	3.003330E-2
2.209275E+4	9.173759E-2
2.209300E+4	1.107246E-1
2.209325E+4	9.043059E-2
2.209350E+4	6.204885E-2
2.209375E+4	2.901517E-2
2.209400E+4	2.875210E-3
2.209425E+4	6.593657E-2
2.209450E+4	8.084922E-2
2.209475E+4	7.684809E-2
2.209500E+4	1.230762E-1
2.209525E+4	2.555665E-1
2.209550E+4	4.322656E-1
2.209575E+4	5.062170E-1
2.209600E+4	4.858574E-1
2.209625E+4	4.345268E-1
2.209650E+4	3.306030E-1
2.209675E+4	1.739359E-1
2.209700E+4	2.389674E-1
2.209725E+4	3.727592E-1
2.209750E+4	3.903865E-1
2.209775E+4	3.279487E-1
2.209800E+4	1.946909E-1
2.209825E+4	3.403613E-2
2.209850E+4	3.468232E-2
2.209875E+4	1.412975E-1
2.209900E+4	1.514088E-1
2.209925E+4	7.645883E-2
2.209950E+4	2.438503E-2
2.209975E+4	1.565871E-2
2.210000E+4	5.465005E-2
2.210025E+4	1.861785E-1
2.210050E+4	3.548433E-1
2.210075E+4	4.880629E-1
2.210100E+4	6.235582E-1
2.210125E+4	8.386209E-1
2.210150E+4	8.412099E-1
2.210175E+4	4.067270E-1
2.210200E+4	2.674008E-1
2.210225E+4	2.107908E-1
2.210250E+4	1.487136E-1
2.210275E+4	7.216864E-2
2.210300E+4	1.808325E-2
2.210325E+4	7.477087E-3
2.210350E+4	3.813571E-2
2.210375E+4	1.862082E-1
2.210400E+4	4.566604E-1
2.210425E+4	5.537446E-1
2.210450E+4	5.127834E-1
2.210475E+4	3.940315E-1
2.210500E+4	1.782777E-1
2.210525E+4	1.419283E-1
2.210550E+4	2.580092E-1
2.210575E+4	3.928741E-1
2.210600E+4	4.691041E-1
2.210625E+4	4.100247E-1
2.210650E+4	2.861306E-1
2.210675E+4	1.811249E-1
2.210700E+4	1.017507E-1
2.210725E+4	8.163334E-2
2.210750E+4	2.121618E-1
2.210775E+4	2.535881E-1
2.210800E+4	1.405555E-1
2.210825E+4	4.833461E-2
2.210850E+4	1.154995E-1
2.210875E+4	2.705703E-1
2.210900E+4	4.132921E-1
2.210925E+4	3.875244E-1
2.210950E+4	8.941628E-2
2.210975E+4	3.642270E-2
2.211000E+4	2.833058E-1
2.211025E+4	4.933813E-1
2.211050E+4	4.604520E-1
2.211075E+4	2.117250E-1
2.211100E+4	2.064170E-2
2.211125E+4	4.215213E-2
2.211150E+4	1.021824E-1
2.211175E+4	1.141410E-1
2.211200E+4	1.777030E-1
2.211225E+4	2.913676E-1
2.211250E+4	2.402723E-1
2.211275E+4	7.221062E-2
2.211300E+4	5.568404E-2
2.211325E+4	1.727439E-1
2.211350E+4	3.468505E-1
2.211375E+4	2.683576E-1
2.211400E+4	2.746971E-2
2.211425E+4	2.345431E-2
2.211450E+4	1.183042E-1
2.211475E+4	1.909589E-1
2.211500E+4	2.137203E-1
2.211525E+4	2.156149E-1
2.211550E+4	2.299188E-1
2.211575E+4	2.521064E-1
2.211600E+4	2.926215E-1
2.211625E+4	4.151043E-1
2.211650E+4	6.857757E-1
2.211675E+4	5.062258E-1
2.211700E+4	1.054388E-1
2.211725E+4	4.942252E-2
2.211750E+4	1.291584E-1
2.211775E+4	2.587635E-1
2.211800E+4	2.814320E-1
2.211825E+4	1.713133E-1
2.211850E+4	5.105038E-2
2.211875E+4	2.708128E-2
2.211900E+4	1.762157E-1
2.211925E+4	3.162421E-1
2.211950E+4	3.724794E-1
2.211975E+4	4.154972E-1
2.212000E+4	4.258361E-1
2.212025E+4	3.738124E-1
2.212050E+4	3.328071E-1
2.212075E+4	3.566911E-1
2.212100E+4	4.176524E-1
2.212125E+4	3.339721E-1
2.212150E+4	1.288562E-1
2.212175E+4	3.565364E-2
2.212200E+4	1.797687E-2
2.212225E+4	6.711711E-3
2.212250E+4	2.545516E-3
2.212275E+4	4.187580E-2
2.212300E+4	1.250309E-1
2.212325E+4	2.380837E-1
2.212350E+4	2.815955E-1
2.212375E+4	1.767471E-1
2.212400E+4	1.249207E-1
2.212425E+4	1.218678E-1
2.212450E+4	1.282446E-1
2.212475E+4	1.718229E-1
2.212500E+4	3.365345E-1
2.212525E+4	4.821229E-1
2.212550E+4	4.653007E-1
2.212575E+4	3.724184E-1
2.212600E+4	2.816764E-1
2.212625E+4	1.759543E-1
2.212650E+4	5.606036E-2
2.212675E+4	4.770523E-2
2.212700E+4	8.211334E-2
2.212725E+4	1.248393E-1
2.212750E+4	1.646331E-1
2.212775E+4	1.115068E-1
2.212800E+4	6.554949E-3
2.212825E+4	7.889957E-2
2.212850E+4	1.772606E-1
2.212875E+4	3.595720E-1
2.212900E+4	1.677870E-1
2.212925E+4	1.644340E-1
2.212950E+4	2.025387E-1
2.212975E+4	2.707948E-1
2.213000E+4	4.149984E-1
2.213025E+4	3.149278E-1
2.213050E+4	6.350225E-3
2.213075E+4	7.018387E-2
2.213100E+4	1.418661E-1
2.213125E+4	1.957440E-1
2.213150E+4	1.871518E-1
2.213175E+4	1.259465E-1
2.213200E+4	2.530837E-1
2.213225E+4	5.496303E-1
2.213250E+4	5.793055E-1
2.213275E+4	5.167089E-1
2.213300E+4	4.615155E-1
2.213325E+4	3.911612E-1
2.213350E+4	2.543889E-1
2.213375E+4	1.250882E-1
2.213400E+4	8.022537E-2
2.213425E+4	5.805237E-2
2.213450E+4	4.936158E-2
2.213475E+4	1.607804E-1
2.213500E+4	3.820457E-1
2.213525E+4	5.640611E-1
2.213550E+4	6.092497E-1
2.213575E+4	4.910996E-1
2.213600E+4	3.040764E-1
2.213625E+4	1.577620E-1
2.213650E+4	8.012904E-2
2.213675E+4	5.115265E-2
2.213700E+4	3.733459E-2
2.213725E+4	2.622993E-2
2.213750E+4	6.188532E-2
2.213775E+4	2.293659E-1
2.213800E+4	3.834386E-1
2.213825E+4	4.477266E-1
2.213850E+4	4.621075E-1
2.213875E+4	4.413792E-1
2.213900E+4	3.967953E-1
2.213925E+4	3.491927E-1
2.213950E+4	2.829736E-1
2.213975E+4	1.801520E-1
2.214000E+4	7.989593E-2
2.214025E+4	3.657834E-2
2.214050E+4	4.325187E-2
2.214075E+4	6.992369E-3
2.214100E+4	6.029784E-2
2.214125E+4	1.117685E-1
2.214150E+4	7.390733E-2
2.214175E+4	1.356715E-4
2.214200E+4	2.282039E-1
2.214225E+4	5.599450E-1
2.214250E+4	6.839798E-1
2.214275E+4	7.093695E-1
2.214300E+4	6.623408E-1
2.214325E+4	3.644151E-1
2.214350E+4	3.084511E-2
2.214375E+4	2.442306E-1
2.214400E+4	2.909493E-1
2.214425E+4	2.529263E-1
2.214450E+4	1.845320E-1
2.214475E+4	1.173776E-1
2.214500E+4	7.496958E-2
2.214525E+4	6.146808E-2
2.214550E+4	5.606230E-2
2.214575E+4	5.298138E-2
2.214600E+4	6.475277E-2
2.214625E+4	9.804396E-2
2.214650E+4	1.384831E-1
2.214675E+4	1.612330E-1
2.214700E+4	1.611983E-1
2.214725E+4	1.314757E-1
2.214750E+4	8.755425E-2
2.214775E+4	7.241077E-2
2.214800E+4	8.799166E-2
2.214825E+4	1.399041E-1
2.214850E+4	1.873964E-1
2.214875E+4	1.036863E-1
2.214900E+4	5.753631E-2
2.214925E+4	7.146735E-2
2.214950E+4	1.046015E-1
2.214975E+4	1.282201E-1
2.215000E+4	1.149397E-1
2.215025E+4	7.413444E-2
2.215050E+4	5.446429E-2
2.215075E+4	6.793906E-2
2.215100E+4	7.559040E-2
2.215125E+4	5.771484E-2
2.215150E+4	2.639855E-2
2.215175E+4	6.707975E-3
2.215200E+4	1.875702E-2
2.215225E+4	3.161695E-2
2.215250E+4	3.676997E-2
2.215275E+4	9.983570E-2
2.215300E+4	2.335452E-1
2.215325E+4	2.615742E-1
2.215350E+4	1.989334E-1
2.215375E+4	1.238700E-1
2.215400E+4	7.207528E-2
2.215425E+4	6.454398E-2
2.215450E+4	7.237905E-2
2.215475E+4	4.693514E-2
2.215500E+4	1.929032E-2
2.215525E+4	1.012122E-2
2.215550E+4	1.265103E-2
2.215575E+4	3.863234E-2
2.215600E+4	1.459074E-1
2.215625E+4	2.476091E-1
2.215650E+4	3.439495E-1
2.215675E+4	4.389700E-1
2.215700E+4	4.336422E-1
2.215725E+4	3.174800E-1
2.215750E+4	2.132198E-1
2.215775E+4	1.487480E-1
2.215800E+4	1.037965E-1
2.215825E+4	3.463784E-2
2.215850E+4	1.998410E-3
2.215875E+4	1.098624E-2
2.215900E+4	2.824104E-2
2.215925E+4	3.685088E-2
2.215950E+4	2.947580E-2
2.215975E+4	3.416350E-2
2.216000E+4	7.765091E-2
2.216025E+4	1.360672E-1
2.216050E+4	1.053469E-1
2.216075E+4	4.550297E-2
2.216100E+4	1.829360E-1
2.216125E+4	5.172253E-1
2.216150E+4	5.516535E-1
2.216175E+4	3.050623E-1
2.216200E+4	1.301521E-1
2.216225E+4	6.895625E-2
2.216250E+4	8.526011E-2
2.216275E+4	1.224402E-1
2.216300E+4	9.108191E-2
2.216325E+4	2.343728E-2
2.216350E+4	5.845667E-2
2.216375E+4	3.247354E-1
2.216400E+4	5.159007E-1
2.216425E+4	3.620454E-1
2.216450E+4	1.961482E-1
2.216475E+4	7.438416E-2
2.216500E+4	2.615515E-2
2.216525E+4	1.299354E-1
2.216550E+4	3.389003E-1
2.216575E+4	1.896593E-1
2.216600E+4	5.903966E-2
2.216625E+4	1.112870E-2
2.216650E+4	1.354016E-4
2.216675E+4	1.045892E-2
2.216700E+4	3.707891E-2
2.216725E+4	4.541678E-2
2.216750E+4	2.314063E-2
2.216775E+4	1.559805E-3
2.216800E+4	1.865525E-2
2.216825E+4	8.407757E-2
2.216850E+4	1.571960E-1
2.216875E+4	2.418942E-1
2.216900E+4	3.635755E-1
2.216925E+4	4.570512E-1
2.216950E+4	3.583850E-1
2.216975E+4	2.593311E-1
2.217000E+4	2.325180E-1
2.217025E+4	2.518846E-1
2.217050E+4	3.441298E-1
2.217075E+4	5.013504E-1
2.217100E+4	5.273907E-1
2.217125E+4	4.580497E-1
2.217150E+4	3.411214E-1
2.217175E+4	2.140131E-1
2.217200E+4	1.175526E-1
2.217225E+4	1.924740E-1
2.217250E+4	3.566320E-1
2.217275E+4	3.331460E-1
2.217300E+4	2.740331E-1
2.217325E+4	2.072577E-1
2.217350E+4	1.312894E-1
2.217375E+4	1.926390E-1
2.217400E+4	1.200300E-1
2.217425E+4	4.288319E-2
2.217450E+4	1.637221E-2
2.217475E+4	8.002307E-2
2.217500E+4	1.589439E-1
2.217525E+4	1.722939E-1
2.217550E+4	7.965777E-2
2.217575E+4	1.567271E-2
2.217600E+4	2.871314E-1
2.217625E+4	4.736276E-1
2.217650E+4	4.655462E-1
2.217675E+4	1.099462E-1
2.217700E+4	2.589941E-1
2.217725E+4	3.720639E-1
2.217750E+4	3.811866E-1
2.217775E+4	2.949640E-1
2.217800E+4	7.386068E-2
2.217825E+4	8.661316E-2
2.217850E+4	4.109469E-1
2.217875E+4	5.539252E-1
2.217900E+4	5.344073E-1
2.217925E+4	1.812538E-1
2.217950E+4	3.273058E-2
2.217975E+4	2.027335E-1
2.218000E+4	3.278245E-1
2.218025E+4	4.288944E-1
2.218050E+4	1.101728E-1
2.218075E+4	1.637596E-2
2.218100E+4	5.529752E-2
2.218125E+4	7.997057E-2
2.218150E+4	9.823052E-2
2.218175E+4	9.016070E-2
2.218200E+4	3.907572E-2
2.218225E+4	2.483238E-2
2.218250E+4	9.695028E-2
2.218275E+4	1.314986E-1
2.218300E+4	9.410534E-2
2.218325E+4	2.480448E-2
2.218350E+4	6.628390E-2
2.218375E+4	3.049396E-1
2.218400E+4	4.575161E-1
2.218425E+4	5.002106E-1
2.218450E+4	4.882581E-1
2.218475E+4	3.963267E-1
2.218500E+4	2.568352E-1
2.218525E+4	1.558648E-1
2.218550E+4	9.741378E-2
2.218575E+4	1.037392E-1
2.218600E+4	1.588390E-1
2.218625E+4	1.975444E-1
2.218650E+4	2.494527E-1
2.218675E+4	3.015953E-1
2.218700E+4	3.125147E-1
2.218725E+4	2.819939E-1
2.218750E+4	2.542543E-1
2.218775E+4	2.704709E-1
2.218800E+4	2.893538E-1
2.218825E+4	1.943422E-1
2.218850E+4	1.150474E-1
2.218875E+4	8.462493E-2
2.218900E+4	3.327555E-2
2.218925E+4	1.402000E-2
2.218950E+4	1.369889E-1
2.218975E+4	2.579670E-1
2.219000E+4	2.863689E-1
2.219025E+4	1.981696E-1
2.219050E+4	1.397698E-1
2.219075E+4	1.628455E-1
2.219100E+4	2.100768E-1
2.219125E+4	2.455059E-1
2.219150E+4	2.634910E-1
2.219175E+4	3.591133E-1
2.219200E+4	4.680230E-1
2.219225E+4	4.316406E-1
2.219250E+4	3.864410E-1
2.219275E+4	3.452986E-1
2.219300E+4	3.071318E-1
2.219325E+4	2.484953E-1
2.219350E+4	1.123403E-1
2.219375E+4	3.894225E-3
2.219400E+4	6.973723E-2
2.219425E+4	2.686139E-1
2.219450E+4	2.364414E-1
2.219475E+4	1.411908E-1
2.219500E+4	7.160823E-2
2.219525E+4	2.184759E-2
2.219550E+4	2.579267E-2
2.219575E+4	8.500621E-2
2.219600E+4	8.052104E-2
2.219625E+4	6.760394E-2
2.219650E+4	7.110972E-2
2.219675E+4	1.183146E-1
2.219700E+4	1.189070E-1
2.219725E+4	1.014937E-1
2.219750E+4	9.277291E-2
2.219775E+4	7.319209E-2
2.219800E+4	1.002386E-2
2.219825E+4	1.113227E-2
2.219850E+4	4.241692E-2
2.219875E+4	7.737483E-2
2.219900E+4	1.292988E-1
2.219925E+4	2.113304E-1
2.219950E+4	2.757121E-1
2.219975E+4	2.425311E-1
2.220000E+4	1.482271E-1
2.220025E+4	4.244208E-2
2.220050E+4	1.761578E-2
2.220075E+4	2.365090E-2
2.220100E+4	4.258505E-2
2.220125E+4	7.247163E-2
2.220150E+4	1.004814E-1
2.220175E+4	5.962168E-2
2.220200E+4	7.393878E-3
2.220225E+4	5.452030E-4
2.220250E+4	1.227624E-3
2.220275E+4	8.725305E-4
2.220300E+4	6.258270E-2
2.220325E+4	1.100640E-1
2.220350E+4	1.232738E-1
2.220375E+4	1.633899E-1
2.220400E+4	2.501715E-1
2.220425E+4	1.718564E-1
2.220450E+4	1.030656E-1
2.220475E+4	8.970644E-2
2.220500E+4	7.216013E-2
2.220525E+4	4.661096E-2
2.220550E+4	4.020866E-2
2.220575E+4	4.413076E-2
2.220600E+4	5.141493E-2
2.220625E+4	5.310450E-2
2.220650E+4	4.629208E-2
2.220675E+4	5.975887E-2
2.220700E+4	5.998379E-2
2.220725E+4	1.829183E-2
2.220750E+4	1.210425E-2
2.220775E+4	5.871927E-2
2.220800E+4	1.183599E-1
2.220825E+4	1.876771E-1
2.220850E+4	7.558204E-2
2.220875E+4	3.299368E-3
2.220900E+4	5.970227E-2
2.220925E+4	1.926887E-1
2.220950E+4	6.600873E-2
2.220975E+4	9.716749E-4
2.221000E+4	8.286215E-3
2.221025E+4	1.844688E-2
2.221050E+4	1.897361E-2
2.221075E+4	1.077082E-2
2.221100E+4	6.509512E-3
2.221125E+4	1.068717E-2
2.221150E+4	2.800588E-2
2.221175E+4	4.497339E-2
2.221200E+4	4.342566E-2
2.221225E+4	2.387185E-2
2.221250E+4	4.403634E-3
2.221275E+4	5.974005E-2
2.221300E+4	1.515855E-1
2.221325E+4	1.632400E-1
2.221350E+4	1.193467E-1
2.221375E+4	8.382884E-2
2.221400E+4	8.289489E-2
2.221425E+4	1.179399E-1
2.221450E+4	1.987382E-1
2.221475E+4	2.956216E-1
2.221500E+4	3.298223E-1
2.221525E+4	2.947552E-1
2.221550E+4	2.291737E-1
2.221575E+4	2.234386E-1
2.221600E+4	2.674200E-1
2.221625E+4	2.534848E-1
2.221650E+4	1.876052E-1
2.221675E+4	8.730701E-2
2.221700E+4	1.090631E-2
2.221725E+4	9.565554E-3
2.221750E+4	2.151734E-2
2.221775E+4	2.952667E-2
2.221800E+4	4.211274E-2
2.221825E+4	6.742042E-2
2.221850E+4	1.020312E-1
2.221875E+4	1.338471E-1
2.221900E+4	1.789308E-1
2.221925E+4	2.484704E-1
2.221950E+4	2.637191E-1
2.221975E+4	1.345081E-1
2.222000E+4	6.181565E-2
2.222025E+4	4.055966E-2
2.222050E+4	1.192576E-1
2.222075E+4	2.405932E-1
2.222100E+4	3.430707E-1
2.222125E+4	4.089696E-1
2.222150E+4	2.799145E-1
2.222175E+4	6.742046E-2
2.222200E+4	3.572898E-1
2.222225E+4	4.662471E-1
2.222250E+4	4.224395E-1
2.222275E+4	2.220962E-1
2.222300E+4	7.268094E-2
2.222325E+4	6.867963E-2
2.222350E+4	9.617107E-2
2.222375E+4	5.700043E-2
2.222400E+4	1.094885E-3
2.222425E+4	1.785493E-2
2.222450E+4	3.574037E-2
2.222475E+4	3.296553E-3
2.222500E+4	7.583270E-2
2.222525E+4	1.614065E-1
2.222550E+4	2.053450E-1
2.222575E+4	2.458697E-1
2.222600E+4	2.850816E-1
2.222625E+4	2.621195E-1
2.222650E+4	1.626852E-1
2.222675E+4	7.144718E-2
2.222700E+4	1.760965E-2
2.222725E+4	4.163255E-3
2.222750E+4	2.330693E-2
2.222775E+4	8.401967E-2
2.222800E+4	2.324791E-1
2.222825E+4	4.727284E-1
2.222850E+4	6.327052E-1
2.222875E+4	3.753119E-1
2.222900E+4	6.260957E-2
2.222925E+4	6.081970E-2
2.222950E+4	1.405608E-1
2.222975E+4	1.996098E-1
2.223000E+4	2.211418E-1
2.223025E+4	1.726309E-1
2.223050E+4	2.422410E-2
2.223075E+4	1.706909E-2
2.223100E+4	5.016332E-2
2.223125E+4	4.398719E-2
2.223150E+4	1.408066E-2
2.223175E+4	1.072142E-2
2.223200E+4	3.189715E-2
2.223225E+4	9.167808E-2
2.223250E+4	2.258522E-1
2.223275E+4	3.954209E-1
2.223300E+4	4.444089E-1
2.223325E+4	3.418163E-1
2.223350E+4	1.501426E-1
2.223375E+4	7.945158E-2
2.223400E+4	4.210368E-1
2.223425E+4	6.950220E-1
2.223450E+4	7.200726E-1
2.223475E+4	4.728590E-1
2.223500E+4	2.299885E-1
2.223525E+4	1.012404E-1
2.223550E+4	4.262257E-2
2.223575E+4	4.683249E-2
2.223600E+4	1.347839E-1
2.223625E+4	7.402647E-2
2.223650E+4	4.527705E-3
2.223675E+4	4.454792E-2
2.223700E+4	1.494989E-1
2.223725E+4	2.502899E-1
2.223750E+4	2.999803E-1
2.223775E+4	2.864230E-1
2.223800E+4	2.620164E-1
2.223825E+4	2.526864E-1
2.223850E+4	2.474449E-1
2.223875E+4	2.775459E-1
2.223900E+4	4.021986E-1
2.223925E+4	6.266510E-1
2.223950E+4	6.061143E-1
2.223975E+4	1.666583E-1
2.224000E+4	6.495166E-2
2.224025E+4	2.307776E-1
2.224050E+4	3.480794E-1
2.224075E+4	2.750301E-1
2.224100E+4	1.502454E-1
2.224125E+4	3.362510E-1
2.224150E+4	4.913254E-1
2.224175E+4	5.205895E-1
2.224200E+4	3.373355E-1
2.224225E+4	2.422847E-2
2.224250E+4	2.429103E-1
2.224275E+4	4.444330E-1
2.224300E+4	5.288292E-1
2.224325E+4	5.129866E-1
2.224350E+4	3.597590E-1
2.224375E+4	2.526672E-1
2.224400E+4	2.986667E-1
2.224425E+4	3.698397E-1
2.224450E+4	4.336478E-1
2.224475E+4	4.049983E-1
2.224500E+4	2.065255E-1
2.224525E+4	9.242374E-2
2.224550E+4	2.487423E-2
2.224575E+4	9.935021E-2
2.224600E+4	2.786647E-1
2.224625E+4	3.286655E-1
2.224650E+4	3.218575E-1
2.224675E+4	2.861430E-1
2.224700E+4	2.116777E-1
2.224725E+4	1.064056E-1
2.224750E+4	1.201148E-1
2.224775E+4	2.381476E-1
2.224800E+4	2.565050E-1
2.224825E+4	1.912010E-1
2.224850E+4	1.317111E-1
2.224875E+4	1.473812E-1
2.224900E+4	1.859097E-1
2.224925E+4	1.715217E-1
2.224950E+4	7.108579E-2
2.224975E+4	5.936383E-3
2.225000E+4	1.300343E-1
2.225025E+4	3.676357E-1
2.225050E+4	6.199342E-1
2.225075E+4	6.198338E-1
2.225100E+4	2.966965E-1
2.225125E+4	4.741431E-2
2.225150E+4	2.881843E-2
2.225175E+4	1.910426E-1
2.225200E+4	2.114177E-1
2.225225E+4	7.734072E-2
2.225250E+4	1.937838E-2
2.225275E+4	9.115612E-2
2.225300E+4	2.674750E-1
2.225325E+4	4.260774E-1
2.225350E+4	9.110804E-2
2.225375E+4	6.632604E-2
2.225400E+4	1.619933E-1
2.225425E+4	1.546072E-1
2.225450E+4	8.914600E-2
2.225475E+4	1.546447E-2
2.225500E+4	4.006104E-2
2.225525E+4	1.465817E-1
2.225550E+4	1.330816E-1
2.225575E+4	1.116887E-1
2.225600E+4	1.439724E-1
2.225625E+4	1.941664E-1
2.225650E+4	2.006049E-1
2.225675E+4	1.317091E-1
2.225700E+4	1.222118E-1
2.225725E+4	2.355426E-1
2.225750E+4	3.094063E-1
2.225775E+4	2.721131E-1
2.225800E+4	7.383808E-2
2.225825E+4	9.264274E-2
2.225850E+4	2.984519E-1
2.225875E+4	3.561054E-1
2.225900E+4	3.060583E-1
2.225925E+4	1.938972E-1
2.225950E+4	6.894442E-2
2.225975E+4	1.709442E-2
2.226000E+4	2.417590E-2
2.226025E+4	1.003349E-2
2.226050E+4	4.479138E-2
2.226075E+4	3.616255E-1
2.226100E+4	5.878081E-1
2.226125E+4	4.238798E-1
2.226150E+4	3.088832E-1
2.226175E+4	2.246904E-1
2.226200E+4	1.008345E-1
2.226225E+4	4.330079E-2
2.226250E+4	1.616678E-1
2.226275E+4	2.959607E-1
2.226300E+4	4.245290E-1
2.226325E+4	4.038112E-1
2.226350E+4	1.980699E-1
2.226375E+4	1.083852E-1
2.226400E+4	1.336612E-1
2.226425E+4	2.038372E-1
2.226450E+4	1.975198E-1
2.226475E+4	1.751103E-1
2.226500E+4	2.457106E-1
2.226525E+4	2.731709E-1
2.226550E+4	2.165310E-1
2.226575E+4	9.756829E-2
2.226600E+4	9.703287E-3
2.226625E+4	8.669004E-2
2.226650E+4	2.557763E-1
2.226675E+4	3.441147E-1
2.226700E+4	3.651436E-1
2.226725E+4	3.600463E-1
2.226750E+4	2.913586E-1
2.226775E+4	1.084925E-1
2.226800E+4	2.019352E-2
2.226825E+4	1.771793E-1
2.226850E+4	3.706928E-1
2.226875E+4	5.211130E-1
2.226900E+4	5.939566E-1
2.226925E+4	4.219706E-1
2.226950E+4	1.279171E-1
2.226975E+4	1.218235E-1
2.227000E+4	1.969518E-1
2.227025E+4	2.263264E-1
2.227050E+4	1.931254E-1
2.227075E+4	1.205255E-1
2.227100E+4	5.144472E-2
2.227125E+4	5.830397E-2
2.227150E+4	1.478357E-1
2.227175E+4	1.230366E-1
2.227200E+4	1.060396E-1
2.227225E+4	1.941431E-1
2.227250E+4	3.146490E-1
2.227275E+4	3.932851E-1
2.227300E+4	3.301122E-1
2.227325E+4	8.541785E-2
2.227350E+4	1.871113E-1
2.227375E+4	3.478359E-1
2.227400E+4	4.398898E-1
2.227425E+4	5.242232E-1
2.227450E+4	6.249637E-1
2.227475E+4	6.547192E-1
2.227500E+4	5.291532E-1
2.227525E+4	3.309247E-1
2.227550E+4	2.233977E-1
2.227575E+4	2.723909E-1
2.227600E+4	1.143078E-1
2.227625E+4	3.076632E-2
2.227650E+4	5.959275E-2
2.227675E+4	1.224036E-1
2.227700E+4	2.086729E-1
2.227725E+4	2.958191E-1
2.227750E+4	1.214066E-1
2.227775E+4	2.339062E-2
2.227800E+4	6.721752E-3
2.227825E+4	4.584293E-2
2.227850E+4	2.562181E-1
2.227875E+4	4.291763E-1
2.227900E+4	4.852315E-1
2.227925E+4	4.716776E-1
2.227950E+4	3.508136E-1
2.227975E+4	1.699964E-1
2.228000E+4	1.714741E-1
2.228025E+4	2.480383E-1
2.228050E+4	3.086226E-1
2.228075E+4	3.166144E-1
2.228100E+4	1.893192E-1
2.228125E+4	1.587661E-1
2.228150E+4	1.608418E-1
2.228175E+4	1.724211E-1
2.228200E+4	2.244843E-1
2.228225E+4	3.455555E-1
2.228250E+4	4.145832E-1
2.228275E+4	2.369325E-1
2.228300E+4	6.988272E-2
2.228325E+4	2.682805E-2
2.228350E+4	8.324737E-2
2.228375E+4	1.447744E-1
2.228400E+4	9.243634E-2
2.228425E+4	1.893455E-2
2.228450E+4	4.531901E-3
2.228475E+4	2.595526E-2
2.228500E+4	1.339042E-2
2.228525E+4	5.694389E-3
2.228550E+4	7.760095E-3
2.228575E+4	9.291524E-3
2.228600E+4	1.062801E-2
2.228625E+4	2.401634E-2
2.228650E+4	4.796825E-2
2.228675E+4	9.624033E-2
2.228700E+4	1.786983E-1
2.228725E+4	7.112539E-2
2.228750E+4	2.627947E-2
2.228775E+4	2.799865E-2
2.228800E+4	5.934898E-2
2.228825E+4	1.523915E-1
2.228850E+4	3.556631E-1
2.228875E+4	5.205961E-1
2.228900E+4	3.921896E-1
2.228925E+4	2.863216E-1
2.228950E+4	2.797821E-1
2.228975E+4	3.099318E-1
2.229000E+4	3.478541E-1
2.229025E+4	3.877408E-1
2.229050E+4	4.314979E-1
2.229075E+4	4.443983E-1
2.229100E+4	2.723238E-1
2.229125E+4	8.641808E-2
2.229150E+4	2.075107E-2
2.229175E+4	1.637170E-3
2.229200E+4	7.337228E-3
2.229225E+4	5.120653E-2
2.229250E+4	1.200799E-1
2.229275E+4	1.629102E-1
2.229300E+4	2.032890E-1
2.229325E+4	2.555829E-1
2.229350E+4	2.926895E-1
2.229375E+4	1.887970E-1
2.229400E+4	4.108097E-2
2.229425E+4	6.473005E-2
2.229450E+4	1.305929E-1
2.229475E+4	2.072305E-1
2.229500E+4	3.067212E-1
2.229525E+4	4.416315E-1
2.229550E+4	5.869943E-1
2.229575E+4	5.227607E-1
2.229600E+4	1.629839E-1
2.229625E+4	3.745694E-2
2.229650E+4	1.842942E-1
2.229675E+4	5.487578E-1
2.229700E+4	4.384846E-1
2.229725E+4	1.509629E-1
2.229750E+4	6.230059E-2
2.229775E+4	7.568690E-2
2.229800E+4	2.216362E-1
2.229825E+4	3.715130E-1
2.229850E+4	1.949343E-1
2.229875E+4	9.588965E-2
2.229900E+4	5.736175E-2
2.229925E+4	3.134132E-2
2.229950E+4	2.046199E-3
2.229975E+4	1.110466E-2
2.230000E+4	4.359408E-2
2.230025E+4	1.005983E-1
2.230050E+4	1.202276E-1
2.230075E+4	1.541819E-2
2.230100E+4	6.714856E-3
2.230125E+4	3.813405E-2
2.230150E+4	5.535173E-2
2.230175E+4	4.365366E-2
2.230200E+4	1.511152E-2
2.230225E+4	4.209719E-3
2.230250E+4	6.253503E-2
2.230275E+4	1.418847E-1
2.230300E+4	2.208378E-1
2.230325E+4	3.045129E-1
2.230350E+4	3.448259E-1
2.230375E+4	2.776986E-1
2.230400E+4	1.659821E-1
2.230425E+4	2.176039E-1
2.230450E+4	3.940288E-1
2.230475E+4	4.523338E-1
2.230500E+4	4.068418E-1
2.230525E+4	3.276133E-1
2.230550E+4	1.557411E-1
2.230575E+4	1.004475E-1
2.230600E+4	2.361500E-1
2.230625E+4	3.449220E-1
2.230650E+4	4.534972E-1
2.230675E+4	5.257309E-1
2.230700E+4	5.369523E-1
2.230725E+4	4.618178E-1
2.230750E+4	2.111498E-1
2.230775E+4	2.834272E-2
2.230800E+4	1.323135E-1
2.230825E+4	2.024539E-1
2.230850E+4	2.012223E-1
2.230875E+4	1.442529E-1
2.230900E+4	3.643518E-1
2.230925E+4	6.447875E-1
2.230950E+4	5.896093E-1
2.230975E+4	3.915197E-1
2.231000E+4	1.918716E-1
2.231025E+4	5.322561E-2
2.231050E+4	1.798107E-2
2.231075E+4	9.870975E-2
2.231100E+4	2.029119E-1
2.231125E+4	2.545810E-1
2.231150E+4	2.104018E-1
2.231175E+4	4.727295E-2
2.231200E+4	2.366049E-2
2.231225E+4	1.009314E-1
2.231250E+4	1.763134E-1
2.231275E+4	2.332138E-1
2.231300E+4	2.561086E-1
2.231325E+4	2.757534E-1
2.231350E+4	3.274989E-1
2.231375E+4	3.458874E-1
2.231400E+4	2.344983E-1
2.231425E+4	6.617353E-2
2.231450E+4	5.440784E-4
2.231475E+4	1.611370E-2
2.231500E+4	2.427275E-2
2.231525E+4	1.145989E-2
2.231550E+4	9.069082E-2
2.231575E+4	3.260527E-1
2.231600E+4	4.919897E-1
2.231625E+4	5.709224E-1
2.231650E+4	6.294109E-1
2.231675E+4	6.085224E-1
2.231700E+4	2.458206E-1
2.231725E+4	3.584749E-1
2.231750E+4	4.799006E-1
2.231775E+4	5.149445E-1
2.231800E+4	3.683687E-1
2.231825E+4	1.993854E-1
2.231850E+4	2.716288E-1
2.231875E+4	4.186895E-1
2.231900E+4	5.386819E-1
2.231925E+4	5.703320E-1
2.231950E+4	4.147890E-1
2.231975E+4	2.679523E-1
2.232000E+4	2.190145E-1
2.232025E+4	7.193428E-2
2.232050E+4	3.534855E-2
2.232075E+4	3.195919E-1
2.232100E+4	4.358593E-1
2.232125E+4	3.835396E-1
2.232150E+4	2.743098E-1
2.232175E+4	3.886077E-1
2.232200E+4	5.076943E-1
2.232225E+4	4.164336E-1
2.232250E+4	2.675885E-1
2.232275E+4	8.999128E-2
2.232300E+4	1.178294E-1
2.232325E+4	6.330853E-1
2.232350E+4	8.133704E-1
2.232375E+4	8.096970E-1
2.232400E+4	6.744187E-1
2.232425E+4	3.561408E-1
2.232450E+4	2.067691E-1
2.232475E+4	1.310102E-1
2.232500E+4	4.150464E-2
2.232525E+4	5.527585E-2
2.232550E+4	2.338165E-1
2.232575E+4	3.380426E-1
2.232600E+4	3.774740E-1
2.232625E+4	2.956192E-1
2.232650E+4	7.018432E-2
2.232675E+4	5.961430E-2
2.232700E+4	2.370364E-2
2.232725E+4	7.725639E-3
2.232750E+4	6.374451E-2
2.232775E+4	1.516628E-1
2.232800E+4	1.794528E-1
2.232825E+4	9.082523E-2
2.232850E+4	4.887398E-4
2.232875E+4	1.371990E-1
2.232900E+4	3.261357E-1
2.232925E+4	3.934527E-1
2.232950E+4	4.041445E-1
2.232975E+4	4.178633E-1
2.233000E+4	4.131899E-1
2.233025E+4	3.977678E-1
2.233050E+4	4.052025E-1
2.233075E+4	4.422146E-1
2.233100E+4	4.136629E-1
2.233125E+4	3.097311E-1
2.233150E+4	2.618973E-1
2.233175E+4	3.398073E-1
2.233200E+4	3.951945E-1
2.233225E+4	2.138956E-1
2.233250E+4	6.451501E-2
2.233275E+4	9.657210E-2
2.233300E+4	1.443520E-1
2.233325E+4	1.676734E-1
2.233350E+4	1.594841E-1
2.233375E+4	8.476110E-2
2.233400E+4	3.113312E-2
2.233425E+4	1.338733E-2
2.233450E+4	1.009905E-2
2.233475E+4	3.654975E-2
2.233500E+4	1.259529E-1
2.233525E+4	2.583263E-1
2.233550E+4	3.604595E-1
2.233575E+4	4.074546E-1
2.233600E+4	3.532355E-1
2.233625E+4	2.553399E-1
2.233650E+4	2.013921E-1
2.233675E+4	1.989653E-1
2.233700E+4	2.446180E-1
2.233725E+4	2.514720E-1
2.233750E+4	1.510619E-1
2.233775E+4	1.056288E-1
2.233800E+4	9.367924E-2
2.233825E+4	8.380402E-2
2.233850E+4	2.952786E-2
2.233875E+4	9.571165E-3
2.233900E+4	6.831867E-2
2.233925E+4	1.509378E-1
2.233950E+4	2.589116E-1
2.233975E+4	3.385920E-1
2.234000E+4	3.276309E-1
2.234025E+4	2.001826E-1
2.234050E+4	3.917163E-2
2.234075E+4	4.401564E-2
2.234100E+4	1.363391E-1
2.234125E+4	2.790120E-1
2.234150E+4	2.950898E-1
2.234175E+4	2.661019E-2
2.234200E+4	1.071539E-2
2.234225E+4	1.602286E-2
2.234250E+4	2.081920E-2
2.234275E+4	2.728450E-2
2.234300E+4	3.333508E-2
2.234325E+4	3.893277E-2
2.234350E+4	5.256248E-2
2.234375E+4	7.552702E-2
2.234400E+4	5.396620E-2
2.234425E+4	1.801158E-2
2.234450E+4	8.899239E-3
2.234475E+4	1.316252E-1
2.234500E+4	1.806812E-1
2.234525E+4	1.227760E-1
2.234550E+4	9.468830E-2
2.234575E+4	9.140202E-2
2.234600E+4	1.107627E-1
2.234625E+4	1.097625E-1
2.234650E+4	1.027710E-1
2.234675E+4	1.435246E-1
2.234700E+4	2.757078E-1
2.234725E+4	4.954438E-1
2.234750E+4	4.348256E-1
2.234775E+4	2.693918E-1
2.234800E+4	2.024730E-1
2.234825E+4	2.077202E-1
2.234850E+4	1.346172E-1
2.234875E+4	9.416912E-2
2.234900E+4	1.258235E-1
2.234925E+4	1.996038E-1
2.234950E+4	2.927409E-1
2.234975E+4	3.208003E-1
2.235000E+4	2.536308E-1
2.235025E+4	1.466338E-1
2.235050E+4	7.424208E-2
2.235075E+4	6.458324E-2
2.235100E+4	9.301358E-2
2.235125E+4	1.679647E-1
2.235150E+4	3.142793E-1
2.235175E+4	4.196821E-1
2.235200E+4	3.681613E-1
2.235225E+4	2.773830E-1
2.235250E+4	2.108560E-1
2.235275E+4	2.011205E-1
2.235300E+4	2.333170E-1
2.235325E+4	2.401162E-1
2.235350E+4	2.063624E-1
2.235375E+4	2.241165E-1
2.235400E+4	4.243889E-1
2.235425E+4	5.993245E-1
2.235450E+4	7.310033E-1
2.235475E+4	7.781336E-1
2.235500E+4	6.647127E-1
2.235525E+4	5.067987E-1
2.235550E+4	4.057401E-1
2.235575E+4	3.174812E-1
2.235600E+4	1.548999E-1
2.235625E+4	8.664126E-2
2.235650E+4	1.848608E-1
2.235675E+4	2.582800E-1
2.235700E+4	1.466990E-1
2.235725E+4	1.568464E-2
2.235750E+4	5.795964E-2
2.235775E+4	1.070160E-1
2.235800E+4	1.386253E-1
2.235825E+4	1.767237E-1
2.235850E+4	2.011999E-1
2.235875E+4	1.781742E-1
2.235900E+4	1.320622E-1
2.235925E+4	7.543164E-2
2.235950E+4	2.210475E-2
2.235975E+4	1.528610E-1
2.236000E+4	4.689433E-1
2.236025E+4	2.411065E-1
2.236050E+4	1.345231E-1
2.236075E+4	8.792237E-2
2.236100E+4	8.322185E-2
2.236125E+4	1.280410E-1
2.236150E+4	2.201697E-1
2.236175E+4	2.860359E-1
2.236200E+4	2.613996E-1
2.236225E+4	1.690747E-1
2.236250E+4	8.964157E-2
2.236275E+4	6.151034E-2
2.236300E+4	5.574091E-2
2.236325E+4	5.879602E-2
2.236350E+4	6.282763E-2
2.236375E+4	6.035118E-2
2.236400E+4	5.157428E-2
2.236425E+4	3.452329E-2
2.236450E+4	7.711458E-3
2.236475E+4	6.785409E-3
2.236500E+4	4.675482E-2
2.236525E+4	6.979319E-2
2.236550E+4	6.430566E-2
2.236575E+4	4.344233E-2
2.236600E+4	4.637235E-2
2.236625E+4	9.728907E-2
2.236650E+4	1.052246E-1
2.236675E+4	7.285903E-2
2.236700E+4	3.199178E-2
2.236725E+4	6.453130E-3
2.236750E+4	2.574539E-2
2.236775E+4	4.183158E-2
2.236800E+4	2.776376E-3
2.236825E+4	5.671573E-2
2.236850E+4	1.835858E-1
2.236875E+4	2.287029E-1
2.236900E+4	2.152812E-1
2.236925E+4	1.813364E-1
2.236950E+4	1.101051E-1
2.236975E+4	2.000571E-2
2.237000E+4	1.995575E-2
2.237025E+4	1.094753E-1
2.237050E+4	2.060077E-1
2.237075E+4	2.062801E-1
2.237100E+4	2.104921E-2
2.237125E+4	1.724006E-1
2.237150E+4	4.995976E-1
2.237175E+4	6.747476E-1
2.237200E+4	5.680726E-1
2.237225E+4	1.407068E-1
2.237250E+4	1.880723E-2
2.237275E+4	1.067045E-1
2.237300E+4	1.376966E-1
2.237325E+4	7.866489E-2
2.237350E+4	8.116183E-3
2.237375E+4	1.073091E-2
2.237400E+4	5.148999E-2
2.237425E+4	9.143213E-2
2.237450E+4	1.544830E-1
2.237475E+4	2.232561E-1
2.237500E+4	1.660259E-1
2.237525E+4	9.071068E-2
2.237550E+4	3.639632E-1
2.237575E+4	5.647243E-1
2.237600E+4	6.139138E-1
2.237625E+4	6.010689E-1
2.237650E+4	5.193715E-1
2.237675E+4	2.952109E-1
2.237700E+4	4.555781E-2
2.237725E+4	3.296369E-3
2.237750E+4	2.248503E-2
2.237775E+4	8.065815E-3
2.237800E+4	2.650915E-2
2.237825E+4	8.016671E-2
2.237850E+4	9.171619E-2
2.237875E+4	7.172707E-2
2.237900E+4	4.336545E-2
2.237925E+4	4.224707E-2
2.237950E+4	1.506300E-1
2.237975E+4	2.432268E-1
2.238000E+4	1.395479E-1
2.238025E+4	1.068206E-1
2.238050E+4	1.253132E-1
2.238075E+4	1.161803E-1
2.238100E+4	3.906074E-2
2.238125E+4	1.650924E-2
2.238150E+4	4.725443E-2
2.238175E+4	1.572882E-1
2.238200E+4	3.077576E-1
2.238225E+4	3.148645E-1
2.238250E+4	2.759424E-1
2.238275E+4	2.324315E-1
2.238300E+4	1.443694E-1
2.238325E+4	1.952749E-2
2.238350E+4	3.362089E-2
2.238375E+4	1.759722E-1
2.238400E+4	3.215745E-1
2.238425E+4	3.798573E-1
2.238450E+4	3.535741E-1
2.238475E+4	2.945738E-1
2.238500E+4	2.194650E-1
2.238525E+4	1.389227E-1
2.238550E+4	2.146767E-1
2.238575E+4	2.612491E-1
2.238600E+4	1.436097E-1
2.238625E+4	1.427021E-2
2.238650E+4	7.228529E-2
2.238675E+4	3.642278E-1
2.238700E+4	5.028788E-1
2.238725E+4	4.455717E-1
2.238750E+4	3.772225E-1
2.238775E+4	4.148986E-1
2.238800E+4	4.870547E-1
2.238825E+4	3.253057E-1
2.238850E+4	6.726562E-2
2.238875E+4	1.879455E-2
2.238900E+4	1.135180E-1
2.238925E+4	1.961343E-1
2.238950E+4	1.453748E-1
2.238975E+4	4.405908E-2
2.239000E+4	5.901559E-2
2.239025E+4	1.916560E-1
2.239050E+4	2.597226E-1
2.239075E+4	1.601190E-1
2.239100E+4	4.214495E-2
2.239125E+4	3.732740E-3
2.239150E+4	1.032185E-1
2.239175E+4	1.999077E-1
2.239200E+4	1.609320E-1
2.239225E+4	9.253474E-2
2.239250E+4	1.002304E-1
2.239275E+4	3.638602E-1
2.239300E+4	4.398640E-1
2.239325E+4	3.647964E-1
2.239350E+4	2.989227E-1
2.239375E+4	2.198428E-1
2.239400E+4	5.607039E-2
2.239425E+4	2.074563E-1
2.239450E+4	6.802196E-1
2.239475E+4	8.245082E-1
2.239500E+4	8.498009E-1
2.239525E+4	7.454021E-1
2.239550E+4	4.958936E-1
2.239575E+4	2.146006E-1
2.239600E+4	1.118999E-1
2.239625E+4	1.230654E-1
2.239650E+4	1.342798E-1
2.239675E+4	1.375232E-1
2.239700E+4	1.365729E-1
2.239725E+4	1.054898E-1
2.239750E+4	4.284459E-2
2.239775E+4	1.398115E-2
2.239800E+4	3.441793E-2
2.239825E+4	1.706180E-1
2.239850E+4	3.544225E-1
2.239875E+4	4.498365E-1
2.239900E+4	4.911745E-1
2.239925E+4	4.946178E-1
2.239950E+4	4.720565E-1
2.239975E+4	4.604734E-1
2.240000E+4	5.212973E-1
2.240025E+4	5.204587E-1
2.240050E+4	1.721575E-1
2.240075E+4	7.151758E-2
2.240100E+4	5.979286E-2
2.240125E+4	7.098376E-2
2.240150E+4	8.484753E-2
2.240175E+4	9.279757E-2
2.240200E+4	1.134897E-1
2.240225E+4	1.427972E-1
2.240250E+4	1.612444E-1
2.240275E+4	1.392775E-1
2.240300E+4	6.430432E-2
2.240325E+4	1.433457E-1
2.240350E+4	2.924411E-1
2.240375E+4	2.781861E-1
2.240400E+4	1.298494E-1
2.240425E+4	1.515784E-2
2.240450E+4	2.248239E-1
2.240475E+4	4.052540E-1
2.240500E+4	2.486920E-1
2.240525E+4	8.694158E-2
2.240550E+4	8.057540E-2
2.240575E+4	1.831536E-1
2.240600E+4	2.375024E-1
2.240625E+4	1.293848E-1
2.240650E+4	9.251223E-2
2.240675E+4	2.152817E-1
2.240700E+4	3.648122E-1
2.240725E+4	3.541109E-1
2.240750E+4	1.519782E-1
2.240775E+4	2.606804E-2
2.240800E+4	2.131110E-1
2.240825E+4	2.893562E-1
2.240850E+4	1.225927E-1
2.240875E+4	4.907720E-2
2.240900E+4	3.595891E-2
2.240925E+4	4.093443E-2
2.240950E+4	2.976532E-2
2.240975E+4	5.292682E-3
2.241000E+4	6.014194E-3
2.241025E+4	8.094108E-2
2.241050E+4	1.543364E-1
2.241075E+4	9.791372E-2
2.241100E+4	8.378724E-2
2.241125E+4	1.307518E-1
2.241150E+4	2.344249E-1
2.241175E+4	2.207938E-1
2.241200E+4	9.795100E-2
2.241225E+4	2.737203E-2
2.241250E+4	8.383690E-2
2.241275E+4	1.620720E-1
2.241300E+4	1.622538E-1
2.241325E+4	1.484697E-1
2.241350E+4	1.358786E-1
2.241375E+4	9.703404E-2
2.241400E+4	5.274843E-2
2.241425E+4	3.738568E-2
2.241450E+4	4.578758E-2
2.241475E+4	8.490339E-2
2.241500E+4	1.712125E-1
2.241525E+4	3.498076E-1
2.241550E+4	6.393418E-1
2.241575E+4	4.793716E-1
2.241600E+4	1.179114E-1
2.241625E+4	8.419578E-3
2.241650E+4	1.255839E-1
2.241675E+4	5.044142E-1
2.241700E+4	4.197162E-1
2.241725E+4	2.405685E-1
2.241750E+4	1.194235E-1
2.241775E+4	7.366554E-2
2.241800E+4	1.431436E-1
2.241825E+4	1.539708E-1
2.241850E+4	1.562232E-1
2.241875E+4	1.819075E-1
2.241900E+4	2.404168E-1
2.241925E+4	1.539011E-1
2.241950E+4	5.911337E-2
2.241975E+4	1.559493E-2
2.242000E+4	2.844869E-2
2.242025E+4	2.583026E-1
2.242050E+4	3.775786E-1
2.242075E+4	2.704786E-1
2.242100E+4	1.873388E-1
2.242125E+4	1.423693E-1
2.242150E+4	1.338769E-1
2.242175E+4	1.758721E-1
2.242200E+4	3.099739E-1
2.242225E+4	4.680269E-1
2.242250E+4	4.749961E-1
2.242275E+4	4.096253E-1
2.242300E+4	3.433906E-1
2.242325E+4	2.791254E-1
2.242350E+4	1.991923E-1
2.242375E+4	1.201874E-1
2.242400E+4	8.037274E-2
2.242425E+4	6.865936E-2
2.242450E+4	7.048900E-2
2.242475E+4	8.450884E-2
2.242500E+4	1.389239E-1
2.242525E+4	1.908943E-1
2.242550E+4	2.098810E-1
2.242575E+4	2.200436E-1
2.242600E+4	2.062602E-1
2.242625E+4	1.708818E-1
2.242650E+4	1.391694E-1
2.242675E+4	1.243563E-1
2.242700E+4	1.233423E-1
2.242725E+4	1.253793E-1
2.242750E+4	1.129287E-1
2.242775E+4	8.067702E-2
2.242800E+4	6.016738E-2
2.242825E+4	1.174981E-1
2.242850E+4	3.570452E-1
2.242875E+4	4.964305E-1
2.242900E+4	2.026733E-1
2.242925E+4	4.943842E-2
2.242950E+4	2.000106E-2
2.242975E+4	3.699569E-2
2.243000E+4	6.104028E-2
2.243025E+4	1.016923E-1
2.243050E+4	1.887071E-1
2.243075E+4	3.770128E-1
2.243100E+4	6.749489E-1
2.243125E+4	5.790634E-1
2.243150E+4	2.305136E-1
2.243175E+4	6.504732E-2
2.243200E+4	1.389936E-2
2.243225E+4	4.303480E-2
2.243250E+4	7.339984E-2
2.243275E+4	3.432714E-2
2.243300E+4	1.122291E-2
2.243325E+4	3.860813E-2
2.243350E+4	1.396081E-1
2.243375E+4	3.095396E-1
2.243400E+4	3.913171E-1
2.243425E+4	1.118176E-1
2.243450E+4	1.326092E-1
2.243475E+4	4.061654E-1
2.243500E+4	5.843619E-1
2.243525E+4	6.535202E-1
2.243550E+4	5.971265E-1
2.243575E+4	4.060261E-1
2.243600E+4	2.101270E-1
2.243625E+4	1.298107E-1
2.243650E+4	1.410994E-1
2.243675E+4	2.042942E-1
2.243700E+4	2.848054E-1
2.243725E+4	2.459503E-1
2.243750E+4	1.815155E-1
2.243775E+4	2.470307E-1
2.243800E+4	3.267491E-1
2.243825E+4	3.464971E-1
2.243850E+4	3.060584E-1
2.243875E+4	2.303393E-1
2.243900E+4	1.352190E-1
2.243925E+4	4.092633E-2
2.243950E+4	7.400885E-4
2.243975E+4	8.235821E-2
2.244000E+4	2.115699E-1
2.244025E+4	2.573324E-1
2.244050E+4	2.815041E-1
2.244075E+4	2.864678E-1
2.244100E+4	2.100608E-1
2.244125E+4	9.638697E-2
2.244150E+4	9.315399E-2
2.244175E+4	1.603555E-1
2.244200E+4	2.017301E-1
2.244225E+4	1.304656E-1
2.244250E+4	2.200834E-2
2.244275E+4	2.801176E-2
2.244300E+4	1.317260E-1
2.244325E+4	2.679053E-1
2.244350E+4	2.861353E-1
2.244375E+4	1.106441E-1
2.244400E+4	1.112357E-1
2.244425E+4	3.003180E-1
2.244450E+4	4.762322E-1
2.244475E+4	4.836080E-1
2.244500E+4	3.644325E-1
2.244525E+4	2.455838E-1
2.244550E+4	1.796605E-1
2.244575E+4	2.031290E-1
2.244600E+4	3.188724E-1
2.244625E+4	3.829194E-1
2.244650E+4	3.855129E-1
2.244675E+4	3.458549E-1
2.244700E+4	2.635263E-1
2.244725E+4	1.459871E-1
2.244750E+4	3.603051E-2
2.244775E+4	3.007361E-2
2.244800E+4	2.054329E-1
2.244825E+4	4.141810E-1
2.244850E+4	4.788587E-1
2.244875E+4	4.336323E-1
2.244900E+4	3.331758E-1
2.244925E+4	1.573342E-1
2.244950E+4	1.422170E-2
2.244975E+4	6.457893E-2
2.245000E+4	7.548401E-2
2.245025E+4	5.678464E-2
2.245050E+4	2.606976E-2
2.245075E+4	7.284064E-4
2.245100E+4	2.910279E-2
2.245125E+4	1.495228E-1
2.245150E+4	3.607674E-1
2.245175E+4	3.798675E-1
2.245200E+4	7.529555E-2
2.245225E+4	3.892124E-2
2.245250E+4	2.373283E-1
2.245275E+4	3.438186E-1
2.245300E+4	2.192051E-1
2.245325E+4	5.852051E-2
2.245350E+4	4.428653E-2
2.245375E+4	1.701104E-1
2.245400E+4	2.042511E-1
2.245425E+4	1.138130E-1
2.245450E+4	5.609915E-2
2.245475E+4	2.718764E-1
2.245500E+4	5.905446E-1
2.245525E+4	5.809241E-1
2.245550E+4	5.167139E-1
2.245575E+4	5.119140E-1
2.245600E+4	5.223019E-1
2.245625E+4	3.131873E-1
2.245650E+4	1.073306E-1
2.245675E+4	3.967264E-2
2.245700E+4	1.854277E-2
2.245725E+4	1.898316E-2
2.245750E+4	6.237114E-2
2.245775E+4	8.688578E-2
2.245800E+4	6.679506E-2
2.245825E+4	2.818937E-2
2.245850E+4	5.431684E-2
2.245875E+4	2.058319E-1
2.245900E+4	2.349933E-1
2.245925E+4	1.681620E-1
2.245950E+4	6.333986E-2
2.245975E+4	2.870873E-2
2.246000E+4	1.949812E-1
2.246025E+4	3.131668E-1
2.246050E+4	1.664197E-1
2.246075E+4	4.377893E-2
2.246100E+4	1.008201E-1
2.246125E+4	2.944880E-1
2.246150E+4	4.113932E-1
2.246175E+4	2.088480E-1
2.246200E+4	3.504637E-2
2.246225E+4	3.349249E-2
2.246250E+4	5.342007E-2
2.246275E+4	2.667734E-2
2.246300E+4	6.860713E-3
2.246325E+4	4.101906E-2
2.246350E+4	1.989365E-1
2.246375E+4	4.175760E-1
2.246400E+4	2.450857E-1
2.246425E+4	7.883821E-2
2.246450E+4	2.643097E-2
2.246475E+4	1.398599E-1
2.246500E+4	3.396499E-1
2.246525E+4	1.181744E-1
2.246550E+4	2.396993E-2
2.246575E+4	8.540309E-5
2.246600E+4	3.943637E-2
2.246625E+4	1.695409E-1
2.246650E+4	2.589816E-1
2.246675E+4	3.671760E-1
2.246700E+4	4.969292E-1
2.246725E+4	5.293155E-1
2.246750E+4	3.736717E-1
2.246775E+4	1.824761E-1
2.246800E+4	1.452632E-1
2.246825E+4	2.299641E-1
2.246850E+4	2.318763E-1
2.246875E+4	1.470316E-1
2.246900E+4	7.802372E-2
2.246925E+4	8.255698E-2
2.246950E+4	1.560786E-1
2.246975E+4	2.063019E-1
2.247000E+4	1.733197E-1
2.247025E+4	1.581270E-1
2.247050E+4	2.536600E-1
2.247075E+4	3.567830E-1
2.247100E+4	4.324212E-1
2.247125E+4	4.502646E-1
2.247150E+4	3.014612E-1
2.247175E+4	6.717135E-2
2.247200E+4	2.827244E-2
2.247225E+4	8.256643E-2
2.247250E+4	1.881842E-1
2.247275E+4	3.884788E-1
2.247300E+4	5.291610E-1
2.247325E+4	4.431023E-1
2.247350E+4	2.707264E-1
2.247375E+4	2.478625E-1
2.247400E+4	4.604527E-1
2.247425E+4	7.792164E-1
2.247450E+4	6.962658E-1
2.247475E+4	9.484069E-2
2.247500E+4	4.207648E-2
2.247525E+4	2.227085E-1
2.247550E+4	4.035037E-1
2.247575E+4	4.529839E-1
2.247600E+4	2.601745E-1
2.247625E+4	3.308861E-1
2.247650E+4	5.120071E-1
2.247675E+4	3.829363E-1
2.247700E+4	1.188415E-1
2.247725E+4	1.848649E-1
2.247750E+4	3.394478E-1
2.247775E+4	4.562148E-1
2.247800E+4	3.820962E-1
2.247825E+4	1.654213E-1
2.247850E+4	3.332760E-1
2.247875E+4	5.161155E-1
2.247900E+4	5.703883E-1
2.247925E+4	4.262728E-1
2.247950E+4	1.391758E-1
2.247975E+4	1.159441E-2
2.248000E+4	3.376329E-1
2.248025E+4	5.476106E-1
2.248050E+4	4.527071E-1
2.248075E+4	3.676978E-1
2.248100E+4	3.377707E-1
2.248125E+4	3.521904E-1
2.248150E+4	3.598263E-1
2.248175E+4	1.782151E-1
2.248200E+4	8.870388E-5
2.248225E+4	7.954201E-2
2.248250E+4	1.574157E-1
2.248275E+4	1.557532E-1
2.248300E+4	9.595930E-2
2.248325E+4	3.801402E-2
2.248350E+4	5.523920E-2
2.248375E+4	1.573767E-1
2.248400E+4	2.725335E-1
2.248425E+4	3.636654E-1
2.248450E+4	4.178727E-1
2.248475E+4	3.720077E-1
2.248500E+4	2.173445E-1
2.248525E+4	9.928875E-2
2.248550E+4	1.183294E-1
2.248575E+4	2.437699E-1
2.248600E+4	3.482111E-1
2.248625E+4	2.272608E-1
2.248650E+4	6.573222E-2
2.248675E+4	1.451528E-1
2.248700E+4	2.853577E-1
2.248725E+4	3.319373E-1
2.248750E+4	2.457261E-1
2.248775E+4	8.330867E-2
2.248800E+4	2.973285E-3
2.248825E+4	6.244693E-2
2.248850E+4	5.509925E-2
2.248875E+4	1.930596E-2
2.248900E+4	1.644449E-2
2.248925E+4	5.614426E-2
2.248950E+4	1.472328E-1
2.248975E+4	3.383400E-1
2.249000E+4	5.692179E-1
2.249025E+4	4.888783E-1
2.249050E+4	3.253667E-1
2.249075E+4	2.106976E-1
2.249100E+4	1.192813E-1
2.249125E+4	4.236821E-2
2.249150E+4	4.861092E-3
2.249175E+4	1.144806E-2
2.249200E+4	2.418940E-2
2.249225E+4	2.459614E-2
2.249250E+4	4.320786E-2
2.249275E+4	9.358736E-2
2.249300E+4	1.473961E-1
2.249325E+4	1.773695E-1
2.249350E+4	1.762333E-1
2.249375E+4	1.619331E-1
2.249400E+4	1.754586E-1
2.249425E+4	2.695292E-1
2.249450E+4	1.402466E-1
2.249475E+4	9.007856E-2
2.249500E+4	1.170622E-1
2.249525E+4	2.066574E-1
2.249550E+4	3.327463E-1
2.249575E+4	4.161460E-1
2.249600E+4	4.088248E-1
2.249625E+4	3.369238E-1
2.249650E+4	3.721633E-1
2.249675E+4	7.699585E-1
2.249700E+4	7.781753E-1
2.249725E+4	6.854417E-1
2.249750E+4	5.870619E-1
2.249775E+4	4.722378E-1
2.249800E+4	3.482933E-1
2.249825E+4	2.364059E-1
2.249850E+4	1.458132E-1
2.249875E+4	7.704895E-2
2.249900E+4	3.069959E-2
2.249925E+4	1.020364E-2
2.249950E+4	6.593122E-2
2.249975E+4	2.598919E-1
2.250000E+4	2.243196E-1
2.250025E+4	1.541171E-1
2.250050E+4	1.144874E-1
2.250075E+4	8.918230E-2
2.250100E+4	7.205244E-2
2.250125E+4	7.107102E-2
2.250150E+4	1.441606E-1
2.250175E+4	2.606575E-1
2.250200E+4	2.796239E-1
2.250225E+4	2.925722E-1
2.250250E+4	3.088494E-1
2.250275E+4	3.012041E-1
2.250300E+4	2.344478E-1
2.250325E+4	1.265933E-1
2.250350E+4	4.617740E-2
2.250375E+4	2.027454E-2
2.250400E+4	3.777320E-2
2.250425E+4	6.483679E-2
2.250450E+4	8.476624E-2
2.250475E+4	8.705121E-2
2.250500E+4	4.884056E-2
2.250525E+4	1.726842E-2
2.250550E+4	2.205691E-1
2.250575E+4	3.619597E-1
2.250600E+4	4.232209E-1
2.250625E+4	4.214956E-1
2.250650E+4	2.517324E-1
2.250675E+4	7.184722E-3
2.250700E+4	1.398661E-1
2.250725E+4	3.111905E-1
2.250750E+4	4.173980E-1
2.250775E+4	4.646849E-1
2.250800E+4	2.215484E-1
2.250825E+4	5.842702E-2
2.250850E+4	9.338304E-2
2.250875E+4	7.903555E-2
2.250900E+4	4.211162E-2
2.250925E+4	2.673572E-3
2.250950E+4	1.006709E-1
2.250975E+4	3.260651E-1
2.251000E+4	2.767637E-1
2.251025E+4	2.625628E-1
2.251050E+4	2.979551E-1
2.251075E+4	3.413373E-1
2.251100E+4	3.546324E-1
2.251125E+4	3.610271E-1
2.251150E+4	3.856505E-1
2.251175E+4	3.386289E-1
2.251200E+4	5.053274E-2
2.251225E+4	2.688595E-2
2.251250E+4	1.985856E-1
2.251275E+4	4.097644E-1
2.251300E+4	1.221759E-1
2.251325E+4	3.267343E-2
2.251350E+4	7.066855E-2
2.251375E+4	1.745314E-1
2.251400E+4	3.700465E-1
2.251425E+4	2.448479E-1
2.251450E+4	3.596085E-2
2.251475E+4	1.032516E-2
2.251500E+4	2.606212E-2
2.251525E+4	4.651186E-2
2.251550E+4	1.923891E-2
2.251575E+4	2.439849E-2
2.251600E+4	6.496130E-2
2.251625E+4	1.423714E-1
2.251650E+4	2.065095E-1
2.251675E+4	6.414852E-2
2.251700E+4	1.443796E-2
2.251725E+4	2.019055E-2
2.251750E+4	5.005065E-2
2.251775E+4	8.107009E-2
2.251800E+4	8.989698E-2
2.251825E+4	1.736557E-1
2.251850E+4	3.773653E-1
2.251875E+4	4.557707E-1
2.251900E+4	4.553654E-1
2.251925E+4	4.166573E-1
2.251950E+4	3.384085E-1
2.251975E+4	2.714970E-1
2.252000E+4	2.327587E-1
2.252025E+4	1.563194E-1
2.252050E+4	4.168215E-2
2.252075E+4	8.685030E-2
2.252100E+4	3.336174E-1
2.252125E+4	5.322578E-1
2.252150E+4	6.307302E-1
2.252175E+4	5.495937E-1
2.252200E+4	4.197681E-1
2.252225E+4	4.345383E-1
2.252250E+4	4.459051E-1
2.252275E+4	3.466315E-1
2.252300E+4	2.078584E-1
2.252325E+4	1.257996E-1
2.252350E+4	6.942283E-2
2.252375E+4	8.924981E-3
2.252400E+4	1.817916E-1
2.252425E+4	5.140936E-1
2.252450E+4	3.567223E-1
2.252475E+4	1.708515E-1
2.252500E+4	2.722295E-2
2.252525E+4	5.902392E-2
2.252550E+4	1.694763E-1
2.252575E+4	1.312007E-1
2.252600E+4	4.539306E-2
2.252625E+4	3.894038E-2
2.252650E+4	8.179185E-2
2.252675E+4	1.273001E-1
2.252700E+4	1.655070E-1
2.252725E+4	1.894746E-1
2.252750E+4	1.558260E-1
2.252775E+4	3.940049E-2
2.252800E+4	1.018437E-1
2.252825E+4	1.634059E-1
2.252850E+4	1.754498E-1
2.252875E+4	1.597430E-1
2.252900E+4	1.666199E-1
2.252925E+4	2.544240E-1
2.252950E+4	3.990411E-1
2.252975E+4	5.220902E-1
2.253000E+4	4.920447E-1
2.253025E+4	1.083441E-1
2.253050E+4	6.783591E-2
2.253075E+4	1.335141E-1
2.253100E+4	1.686678E-1
2.253125E+4	2.025941E-1
2.253150E+4	2.440837E-1
2.253175E+4	1.963913E-1
2.253200E+4	9.349329E-2
2.253225E+4	3.722297E-2
2.253250E+4	3.805217E-3
2.253275E+4	2.757042E-2
2.253300E+4	9.768289E-2
2.253325E+4	1.351362E-1
2.253350E+4	1.643029E-1
2.253375E+4	1.708171E-1
2.253400E+4	9.313793E-2
2.253425E+4	1.433585E-2
2.253450E+4	4.494046E-2
2.253475E+4	1.219108E-1
2.253500E+4	2.115778E-1
2.253525E+4	2.663536E-1
2.253550E+4	1.533659E-1
2.253575E+4	1.005131E-1
2.253600E+4	3.261847E-1
2.253625E+4	3.789499E-1
2.253650E+4	1.739271E-1
2.253675E+4	3.358266E-2
2.253700E+4	5.444246E-2
2.253725E+4	1.570756E-1
2.253750E+4	1.734051E-1
2.253775E+4	7.565410E-2
2.253800E+4	3.796078E-2
2.253825E+4	5.956598E-2
2.253850E+4	7.053655E-2
2.253875E+4	5.365276E-2
2.253900E+4	3.361707E-2
2.253925E+4	1.276547E-1
2.253950E+4	2.020732E-1
2.253975E+4	1.387775E-1
2.254000E+4	7.871639E-2
2.254025E+4	9.605410E-2
2.254050E+4	1.703021E-1
2.254075E+4	1.917702E-1
2.254100E+4	2.077832E-1
2.254125E+4	2.258434E-1
2.254150E+4	1.857541E-1
2.254175E+4	8.681080E-2
2.254200E+4	2.979157E-2
2.254225E+4	1.454024E-2
2.254250E+4	1.416489E-2
2.254275E+4	9.963562E-3
2.254300E+4	3.267906E-2
2.254325E+4	1.010455E-1
2.254350E+4	1.396730E-1
2.254375E+4	1.072756E-1
2.254400E+4	9.233580E-2
2.254425E+4	2.355645E-1
2.254450E+4	4.159589E-1
2.254475E+4	4.335962E-1
2.254500E+4	3.587374E-1
2.254525E+4	2.314431E-1
2.254550E+4	5.547699E-2
2.254575E+4	3.311310E-2
2.254600E+4	5.056816E-2
2.254625E+4	5.186701E-2
2.254650E+4	1.387648E-1
2.254675E+4	3.265055E-1
2.254700E+4	4.618874E-1
2.254725E+4	5.348798E-1
2.254750E+4	5.087410E-1
2.254775E+4	2.534427E-1
2.254800E+4	4.718223E-2
2.254825E+4	2.439092E-2
2.254850E+4	4.422117E-2
2.254875E+4	7.866497E-2
2.254900E+4	2.970060E-1
2.254925E+4	2.908180E-1
2.254950E+4	2.534305E-1
2.254975E+4	1.437769E-1
2.255000E+4	5.904809E-2
2.255025E+4	2.400200E-1
2.255050E+4	4.414480E-1
2.255075E+4	5.200301E-1
2.255100E+4	4.576843E-1
2.255125E+4	2.566613E-1
2.255150E+4	5.285447E-2
2.255175E+4	7.145166E-2
2.255200E+4	1.445944E-1
2.255225E+4	1.379147E-1
2.255250E+4	1.428959E-1
2.255275E+4	1.986397E-1
2.255300E+4	2.641736E-1
2.255325E+4	2.202538E-1
2.255350E+4	6.408701E-2
2.255375E+4	1.592486E-3
2.255400E+4	5.784421E-3
2.255425E+4	8.901858E-3
2.255450E+4	1.458265E-3
2.255475E+4	7.546472E-2
2.255500E+4	3.977992E-1
2.255525E+4	5.800269E-1
2.255550E+4	5.146557E-1
2.255575E+4	4.092209E-1
2.255600E+4	3.245826E-1
2.255625E+4	2.461967E-1
2.255650E+4	1.464059E-1
2.255675E+4	4.878916E-2
2.255700E+4	6.296991E-3
2.255725E+4	3.049304E-2
2.255750E+4	8.612915E-2
2.255775E+4	7.228048E-2
2.255800E+4	3.837131E-2
2.255825E+4	1.911235E-2
2.255850E+4	7.589027E-3
2.255875E+4	1.712961E-3
2.255900E+4	5.711775E-3
2.255925E+4	3.047142E-2
2.255950E+4	1.193524E-1
2.255975E+4	2.484527E-1
2.256000E+4	2.097055E-1
2.256025E+4	1.673438E-1
2.256050E+4	2.358160E-1
2.256075E+4	3.255441E-1
2.256100E+4	1.690668E-1
2.256125E+4	9.009625E-2
2.256150E+4	4.230444E-2
2.256175E+4	2.170482E-2
2.256200E+4	1.652030E-1
2.256225E+4	2.570350E-1
2.256250E+4	2.364804E-1
2.256275E+4	2.242224E-1
2.256300E+4	1.893179E-1
2.256325E+4	8.476895E-2
2.256350E+4	6.381781E-2
2.256375E+4	7.788568E-2
2.256400E+4	1.104992E-1
2.256425E+4	1.759237E-1
2.256450E+4	1.718100E-1
2.256475E+4	1.025293E-1
2.256500E+4	7.087263E-2
2.256525E+4	6.517364E-2
2.256550E+4	7.960393E-2
2.256575E+4	9.705736E-2
2.256600E+4	8.738949E-2
2.256625E+4	3.809404E-2
2.256650E+4	2.107627E-2
2.256675E+4	1.663964E-1
2.256700E+4	3.219366E-1
2.256725E+4	4.288953E-1
2.256750E+4	4.759540E-1
2.256775E+4	4.219711E-1
2.256800E+4	3.009034E-1
2.256825E+4	2.057236E-1
2.256850E+4	1.902416E-1
2.256875E+4	3.122954E-1
2.256900E+4	5.814493E-1
2.256925E+4	5.741565E-1
2.256950E+4	2.284932E-1
2.256975E+4	1.882189E-1
2.257000E+4	2.491340E-1
2.257025E+4	3.426193E-1
2.257050E+4	4.623529E-1
2.257075E+4	5.516811E-1
2.257100E+4	4.624528E-1
2.257125E+4	2.416390E-1
2.257150E+4	8.275907E-2
2.257175E+4	2.960620E-2
2.257200E+4	5.378486E-2
2.257225E+4	9.559599E-2
2.257250E+4	1.140293E-1
2.257275E+4	9.333653E-2
2.257300E+4	3.201366E-2
2.257325E+4	2.018856E-3
2.257350E+4	3.661369E-2
2.257375E+4	4.073003E-2
2.257400E+4	2.907373E-2
2.257425E+4	5.302150E-2
2.257450E+4	1.301721E-1
2.257475E+4	1.947959E-1
2.257500E+4	1.661040E-1
2.257525E+4	1.026381E-1
2.257550E+4	5.514335E-2
2.257575E+4	3.502892E-2
2.257600E+4	1.078725E-1
2.257625E+4	2.381135E-1
2.257650E+4	2.475042E-1
2.257675E+4	2.472025E-1
2.257700E+4	2.678251E-1
2.257725E+4	3.210532E-1
2.257750E+4	4.091227E-1
2.257775E+4	4.687646E-1
2.257800E+4	4.026764E-1
2.257825E+4	2.505166E-1
2.257850E+4	2.066028E-1
2.257875E+4	2.468462E-1
2.257900E+4	2.163469E-1
2.257925E+4	1.445414E-1
2.257950E+4	7.683852E-2
2.257975E+4	6.476186E-2
2.258000E+4	1.671731E-1
2.258025E+4	2.805098E-1
2.258050E+4	2.508201E-1
2.258075E+4	1.290395E-1
2.258100E+4	1.382125E-1
2.258125E+4	3.042714E-1
2.258150E+4	3.910279E-1
2.258175E+4	4.360490E-1
2.258200E+4	4.413671E-1
2.258225E+4	2.015801E-1
2.258250E+4	1.704102E-1
2.258275E+4	2.087428E-1
2.258300E+4	2.382703E-1
2.258325E+4	2.619796E-1
2.258350E+4	2.782332E-1
2.258375E+4	2.855240E-1
2.258400E+4	3.129364E-1
2.258425E+4	3.522371E-1
2.258450E+4	3.385645E-1
2.258475E+4	1.965947E-1
2.258500E+4	9.162231E-2
2.258525E+4	7.876784E-2
2.258550E+4	9.228526E-2
2.258575E+4	9.689532E-2
2.258600E+4	9.087681E-2
2.258625E+4	1.029700E-1
2.258650E+4	1.322887E-1
2.258675E+4	1.701224E-1
2.258700E+4	2.041425E-1
2.258725E+4	2.056660E-1
2.258750E+4	1.474950E-1
2.258775E+4	4.985970E-2
2.258800E+4	6.777795E-3
2.258825E+4	8.003936E-2
2.258850E+4	1.124293E-1
2.258875E+4	1.078275E-1
2.258900E+4	1.014559E-1
2.258925E+4	1.089585E-1
2.258950E+4	1.333753E-1
2.258975E+4	1.340266E-1
2.259000E+4	1.365160E-1
2.259025E+4	1.693927E-1
2.259050E+4	2.175740E-1
2.259075E+4	2.203700E-1
2.259100E+4	1.655962E-1
2.259125E+4	1.344181E-1
2.259150E+4	1.684604E-1
2.259175E+4	2.554831E-1
2.259200E+4	3.288350E-1
2.259225E+4	2.967917E-1
2.259250E+4	1.609883E-1
2.259275E+4	5.446226E-2
2.259300E+4	5.528846E-2
2.259325E+4	1.667171E-1
2.259350E+4	4.020675E-1
2.259375E+4	4.951553E-1
2.259400E+4	3.069029E-1
2.259425E+4	1.435245E-1
2.259450E+4	9.369653E-2
2.259475E+4	1.298804E-1
2.259500E+4	1.697359E-1
2.259525E+4	1.820360E-1
2.259550E+4	1.740581E-1
2.259575E+4	1.169375E-1
2.259600E+4	2.061404E-2
2.259625E+4	1.130515E-2
2.259650E+4	1.143378E-2
2.259675E+4	1.138946E-2
2.259700E+4	5.510785E-2
2.259725E+4	3.849261E-2
2.259750E+4	3.193134E-2
2.259775E+4	3.701792E-2
2.259800E+4	5.763025E-2
2.259825E+4	8.595598E-2
2.259850E+4	3.659286E-2
2.259875E+4	8.994844E-3
2.259900E+4	1.723550E-2
2.259925E+4	4.637877E-2
2.259950E+4	1.204845E-1
2.259975E+4	3.080182E-1
2.260000E+4	6.299610E-1
2.260025E+4	6.143354E-1
2.260050E+4	3.762354E-1
2.260075E+4	2.640432E-1
2.260100E+4	2.271655E-1
2.260125E+4	1.773474E-1
2.260150E+4	6.310877E-2
2.260175E+4	1.151167E-2
2.260200E+4	9.178245E-2
2.260225E+4	2.480581E-1
2.260250E+4	3.596735E-1
2.260275E+4	2.771444E-1
2.260300E+4	1.226689E-1
2.260325E+4	1.439526E-1
2.260350E+4	2.330436E-1
2.260375E+4	2.703994E-1
2.260400E+4	2.703809E-1
2.260425E+4	2.762726E-1
2.260450E+4	5.255528E-1
2.260475E+4	6.388005E-1
2.260500E+4	6.236885E-1
2.260525E+4	6.091832E-1
2.260550E+4	5.437473E-1
2.260575E+4	2.705375E-1
2.260600E+4	7.086386E-2
2.260625E+4	6.124201E-1
2.260650E+4	5.884139E-1
2.260675E+4	3.022928E-1
2.260700E+4	1.367638E-1
2.260725E+4	1.738569E-1
2.260750E+4	3.148040E-1
2.260775E+4	4.147283E-1
2.260800E+4	3.195302E-1
2.260825E+4	1.701354E-1
2.260850E+4	1.348255E-1
2.260875E+4	3.016154E-1
2.260900E+4	5.531572E-1
2.260925E+4	5.422909E-1
2.260950E+4	4.578823E-1
2.260975E+4	3.299174E-1
2.261000E+4	1.301710E-1
2.261025E+4	4.256744E-1
2.261050E+4	5.750445E-1
2.261075E+4	4.691766E-1
2.261100E+4	2.967768E-1
2.261125E+4	1.968479E-1
2.261150E+4	4.660288E-1
2.261175E+4	7.249376E-1
2.261200E+4	7.420288E-1
2.261225E+4	6.124956E-1
2.261250E+4	4.038844E-1
2.261275E+4	2.080407E-1
2.261300E+4	9.604196E-2
2.261325E+4	4.434115E-2
2.261350E+4	7.078100E-3
2.261375E+4	1.975852E-2
2.261400E+4	8.419898E-2
2.261425E+4	2.227948E-1
2.261450E+4	4.879747E-1
2.261475E+4	6.087561E-1
2.261500E+4	3.007988E-1
2.261525E+4	4.646262E-2
2.261550E+4	3.005436E-2
2.261575E+4	2.404906E-1
2.261600E+4	3.280344E-1
2.261625E+4	2.771548E-1
2.261650E+4	2.002059E-1
2.261675E+4	1.502750E-1
2.261700E+4	1.770560E-1
2.261725E+4	2.613256E-1
2.261750E+4	2.620312E-1
2.261775E+4	1.556924E-1
2.261800E+4	1.831917E-1
2.261825E+4	2.743296E-1
2.261850E+4	3.477401E-1
2.261875E+4	4.308837E-1
2.261900E+4	5.225611E-1
2.261925E+4	4.999454E-1
2.261950E+4	2.852302E-1
2.261975E+4	6.398993E-2
2.262000E+4	2.915120E-2
2.262025E+4	2.401400E-1
2.262050E+4	3.547527E-1
2.262075E+4	2.686068E-1
2.262100E+4	7.608633E-2
2.262125E+4	4.559385E-2
2.262150E+4	2.865325E-1
2.262175E+4	3.849824E-1
2.262200E+4	3.949170E-1
2.262225E+4	3.734805E-1
2.262250E+4	3.029329E-1
2.262275E+4	1.249376E-1
2.262300E+4	1.175453E-1
2.262325E+4	2.321720E-1
2.262350E+4	3.098437E-1
2.262375E+4	3.276019E-1
2.262400E+4	2.837544E-1
2.262425E+4	2.677187E-1
2.262450E+4	2.707350E-1
2.262475E+4	2.588588E-1
2.262500E+4	1.947333E-1
2.262525E+4	5.305085E-2
2.262550E+4	9.219893E-2
2.262575E+4	2.119059E-1
2.262600E+4	2.154562E-1
2.262625E+4	8.955750E-2
2.262650E+4	7.251022E-2
2.262675E+4	2.361695E-1
2.262700E+4	3.332279E-1
2.262725E+4	3.638710E-1
2.262750E+4	3.242935E-1
2.262775E+4	2.126977E-1
2.262800E+4	1.555393E-1
2.262825E+4	1.166500E-1
2.262850E+4	1.613060E-1
2.262875E+4	2.995103E-1
2.262900E+4	4.565689E-1
2.262925E+4	6.061275E-1
2.262950E+4	6.343161E-1
2.262975E+4	2.851871E-1
2.263000E+4	7.421079E-2
2.263025E+4	2.121077E-1
2.263050E+4	5.170087E-1
2.263075E+4	6.810213E-1
2.263100E+4	6.180012E-1
2.263125E+4	6.307598E-1
2.263150E+4	6.543255E-1
2.263175E+4	5.513381E-1
2.263200E+4	2.705242E-1
2.263225E+4	5.013236E-2
2.263250E+4	2.457237E-3
2.263275E+4	3.588570E-2
2.263300E+4	1.010524E-1
2.263325E+4	1.848680E-1
2.263350E+4	2.304257E-1
2.263375E+4	1.908934E-1
2.263400E+4	1.066048E-1
2.263425E+4	3.729436E-2
2.263450E+4	1.539258E-2
2.263475E+4	4.117321E-2
2.263500E+4	5.723529E-2
2.263525E+4	6.919742E-2
2.263550E+4	1.055986E-1
2.263575E+4	1.422628E-1
2.263600E+4	1.317286E-1
2.263625E+4	1.041031E-1
2.263650E+4	1.532107E-1
2.263675E+4	3.236883E-1
2.263700E+4	4.230070E-1
2.263725E+4	4.783649E-1
2.263750E+4	5.544029E-1
2.263775E+4	6.514236E-1
2.263800E+4	5.963222E-1
2.263825E+4	1.292818E-1
2.263850E+4	3.945369E-2
2.263875E+4	1.171695E-1
2.263900E+4	9.627241E-2
2.263925E+4	3.064005E-2
2.263950E+4	4.327399E-2
2.263975E+4	1.617733E-1
2.264000E+4	2.854621E-1
2.264025E+4	3.114754E-1
2.264050E+4	2.635242E-1
2.264075E+4	2.726204E-1
2.264100E+4	4.402279E-1
2.264125E+4	6.465923E-1
2.264150E+4	8.126457E-1
2.264175E+4	8.466434E-1
2.264200E+4	5.945341E-1
2.264225E+4	2.636757E-1
2.264250E+4	7.779389E-2
2.264275E+4	8.982399E-3
2.264300E+4	1.178132E-2
2.264325E+4	4.380124E-2
2.264350E+4	6.089883E-2
2.264375E+4	6.442287E-2
2.264400E+4	6.731914E-2
2.264425E+4	7.132595E-2
2.264450E+4	7.513191E-2
2.264475E+4	7.994677E-2
2.264500E+4	9.173220E-2
2.264525E+4	1.572041E-1
2.264550E+4	3.971883E-1
2.264575E+4	2.729621E-1
2.264600E+4	2.232399E-1
2.264625E+4	2.282043E-1
2.264650E+4	2.706025E-1
2.264675E+4	3.511065E-1
2.264700E+4	3.920590E-1
2.264725E+4	2.675489E-1
2.264750E+4	1.257756E-1
2.264775E+4	4.382514E-2
2.264800E+4	1.972451E-2
2.264825E+4	3.946251E-2
2.264850E+4	4.278728E-2
2.264875E+4	3.217836E-2
2.264900E+4	5.453424E-2
2.264925E+4	1.547087E-1
2.264950E+4	3.050880E-1
2.264975E+4	3.612527E-1
2.265000E+4	3.067958E-1
2.265025E+4	2.528855E-1
2.265050E+4	2.180772E-1
2.265075E+4	1.642761E-1
2.265100E+4	8.844704E-2
2.265125E+4	2.714698E-2
2.265150E+4	3.909095E-3
2.265175E+4	5.930209E-2
2.265200E+4	1.734162E-1
2.265225E+4	1.592973E-1
2.265250E+4	1.110068E-1
2.265275E+4	1.118202E-1
2.265300E+4	1.769340E-1
2.265325E+4	2.209933E-1
2.265350E+4	2.072905E-1
2.265375E+4	1.203610E-1
2.265400E+4	4.174682E-2
2.265425E+4	8.981275E-2
2.265450E+4	1.291721E-1
2.265475E+4	1.075188E-1
2.265500E+4	5.524421E-2
2.265525E+4	1.394326E-2
2.265550E+4	6.262666E-4
2.265575E+4	1.611649E-2
2.265600E+4	6.487845E-2
2.265625E+4	9.178641E-2
2.265650E+4	1.353669E-1
2.265675E+4	1.786762E-1
2.265700E+4	1.524884E-1
2.265725E+4	4.367753E-2
2.265750E+4	2.632713E-2
2.265775E+4	7.582021E-2
2.265800E+4	1.126995E-1
2.265825E+4	8.092478E-2
2.265850E+4	2.619298E-2
2.265875E+4	2.825455E-3
2.265900E+4	5.624241E-3
2.265925E+4	2.310179E-2
2.265950E+4	5.486188E-2
2.265975E+4	1.075634E-1
2.266000E+4	1.792212E-1
2.266025E+4	2.403199E-1
2.266050E+4	2.697780E-1
2.266075E+4	2.703417E-1
2.266100E+4	2.160026E-1
2.266125E+4	1.032477E-1
2.266150E+4	1.090098E-2
2.266175E+4	1.368277E-1
2.266200E+4	4.547478E-1
2.266225E+4	4.972777E-1
2.266250E+4	3.861186E-1
2.266275E+4	3.151428E-1
2.266300E+4	3.473460E-1
2.266325E+4	4.483231E-1
2.266350E+4	4.841286E-1
2.266375E+4	3.517265E-1
2.266400E+4	1.445753E-1
2.266425E+4	7.443565E-2
2.266450E+4	1.582916E-1
2.266475E+4	2.772748E-1
2.266500E+4	2.515986E-1
2.266525E+4	2.334980E-2
2.266550E+4	2.996776E-2
2.266575E+4	6.013060E-2
2.266600E+4	4.485686E-2
2.266625E+4	3.344589E-3
2.266650E+4	4.184554E-2
2.266675E+4	1.398710E-1
2.266700E+4	1.818885E-1
2.266725E+4	1.820732E-1
2.266750E+4	1.594407E-1
2.266775E+4	1.344186E-1
2.266800E+4	1.363616E-1
2.266825E+4	1.276358E-1
2.266850E+4	1.045189E-1
2.266875E+4	8.290086E-2
2.266900E+4	7.628080E-2
2.266925E+4	9.350789E-2
2.266950E+4	8.383076E-2
2.266975E+4	5.846416E-3
2.267000E+4	1.202275E-2
2.267025E+4	3.062431E-2
2.267050E+4	6.207345E-2
2.267075E+4	1.275005E-1
2.267100E+4	2.326356E-1
2.267125E+4	2.567245E-1
2.267150E+4	1.925622E-1
2.267175E+4	1.262026E-1
2.267200E+4	6.831413E-2
2.267225E+4	2.451697E-2
2.267250E+4	2.456239E-3
2.267275E+4	1.516032E-2
2.267300E+4	1.174194E-1
2.267325E+4	3.715802E-1
2.267350E+4	5.317672E-1
2.267375E+4	5.060121E-1
2.267400E+4	4.856677E-1
2.267425E+4	5.622760E-1
2.267450E+4	6.810502E-1
2.267475E+4	1.769910E-1
2.267500E+4	6.083635E-2
2.267525E+4	8.904910E-2
2.267550E+4	1.494736E-1
2.267575E+4	2.368664E-1
2.267600E+4	3.312966E-1
2.267625E+4	3.231242E-1
2.267650E+4	1.940521E-1
2.267675E+4	9.139439E-2
2.267700E+4	4.526274E-2
2.267725E+4	8.800145E-2
2.267750E+4	2.734363E-1
2.267775E+4	1.633101E-1
2.267800E+4	5.201645E-2
2.267825E+4	5.044075E-3
2.267850E+4	9.984738E-3
2.267875E+4	5.690349E-2
2.267900E+4	1.105042E-1
2.267925E+4	1.409966E-1
2.267950E+4	1.213019E-1
2.267975E+4	3.005867E-2
2.268000E+4	3.369675E-2
2.268025E+4	1.833632E-1
2.268050E+4	3.344309E-1
2.268075E+4	2.988782E-1
2.268100E+4	1.146148E-2
2.268125E+4	7.640568E-2
2.268150E+4	2.279198E-1
2.268175E+4	3.758474E-1
2.268200E+4	3.991205E-1
2.268225E+4	1.214546E-1
2.268250E+4	1.349830E-1
2.268275E+4	3.134169E-1
2.268300E+4	5.102700E-1
2.268325E+4	5.032578E-1
2.268350E+4	1.694363E-1
2.268375E+4	1.283280E-1
2.268400E+4	2.796813E-1
2.268425E+4	5.117832E-1
2.268450E+4	4.091197E-1
2.268475E+4	1.465097E-2
2.268500E+4	5.510075E-2
2.268525E+4	1.966019E-1
2.268550E+4	3.260688E-1
2.268575E+4	3.789903E-1
2.268600E+4	3.328584E-1
2.268625E+4	1.799136E-1
2.268650E+4	3.705427E-2
2.268675E+4	8.808722E-2
2.268700E+4	1.378161E-1
2.268725E+4	1.273903E-1
2.268750E+4	8.519667E-2
2.268775E+4	8.986787E-2
2.268800E+4	1.833767E-1
2.268825E+4	2.442202E-1
2.268850E+4	2.007053E-1
2.268875E+4	1.304012E-1
2.268900E+4	2.730173E-1
2.268925E+4	5.068069E-1
2.268950E+4	5.916271E-1
2.268975E+4	5.476342E-1
2.269000E+4	5.332834E-1
2.269025E+4	5.784441E-1
2.269050E+4	5.964083E-1
2.269075E+4	5.031966E-1
2.269100E+4	3.709505E-1
2.269125E+4	3.613432E-1
2.269150E+4	4.191524E-1
2.269175E+4	4.768670E-1
2.269200E+4	4.731903E-1
2.269225E+4	2.993685E-1
2.269250E+4	2.083554E-1
2.269275E+4	1.784394E-1
2.269300E+4	1.195909E-1
2.269325E+4	1.763427E-1
2.269350E+4	4.465327E-1
2.269375E+4	6.515664E-1
2.269400E+4	6.551837E-1
2.269425E+4	4.591573E-1
2.269450E+4	2.296303E-1
2.269475E+4	1.866116E-1
2.269500E+4	2.422707E-1
2.269525E+4	2.811260E-1
2.269550E+4	2.664618E-1
2.269575E+4	1.802956E-1
2.269600E+4	8.755539E-2
2.269625E+4	1.542381E-1
2.269650E+4	1.645215E-1
2.269675E+4	1.300208E-1
2.269700E+4	1.281044E-1
2.269725E+4	2.006686E-1
2.269750E+4	3.463342E-1
2.269775E+4	5.214594E-1
2.269800E+4	6.484643E-1
2.269825E+4	5.519452E-1
2.269850E+4	2.076086E-1
2.269875E+4	4.081672E-2
2.269900E+4	1.599285E-3
2.269925E+4	6.578484E-3
2.269950E+4	3.330559E-2
2.269975E+4	7.354196E-2
2.270000E+4	7.824855E-2
2.270025E+4	3.783869E-2
2.270050E+4	2.232963E-2
2.270075E+4	2.278017E-2
2.270100E+4	3.648111E-2
2.270125E+4	3.366653E-2
2.270150E+4	1.224665E-2
2.270175E+4	7.337372E-3
2.270200E+4	9.504310E-2
2.270225E+4	2.900547E-1
2.270250E+4	2.794341E-1
2.270275E+4	1.593225E-1
2.270300E+4	6.035865E-2
2.270325E+4	2.310755E-2
2.270350E+4	1.020627E-1
2.270375E+4	2.619925E-1
2.270400E+4	1.871478E-1
2.270425E+4	2.884860E-2
2.270450E+4	1.390327E-1
2.270475E+4	4.263853E-1
2.270500E+4	4.722900E-1
2.270525E+4	1.472752E-1
2.270550E+4	1.382752E-2
2.270575E+4	7.195601E-3
2.270600E+4	9.062426E-2
2.270625E+4	2.658943E-1
2.270650E+4	3.688917E-1
2.270675E+4	3.336722E-1
2.270700E+4	1.565076E-1
2.270725E+4	9.950236E-2
2.270750E+4	3.715559E-1
2.270775E+4	4.607384E-1
2.270800E+4	4.802219E-1
2.270825E+4	4.761773E-1
2.270850E+4	4.098867E-1
2.270875E+4	3.336870E-1
2.270900E+4	2.946289E-1
2.270925E+4	2.773450E-1
2.270950E+4	3.250959E-1
2.270975E+4	4.220410E-1
2.271000E+4	4.953082E-1
2.271025E+4	5.373623E-1
2.271050E+4	5.181237E-1
2.271075E+4	2.904235E-1
2.271100E+4	1.265321E-1
2.271125E+4	7.320454E-2
2.271150E+4	1.272887E-1
2.271175E+4	3.555228E-1
2.271200E+4	5.151109E-1
2.271225E+4	4.566270E-1
2.271250E+4	3.155176E-1
2.271275E+4	1.664364E-1
2.271300E+4	3.705875E-2
2.271325E+4	4.625318E-2
2.271350E+4	2.037690E-1
2.271375E+4	2.710250E-1
2.271400E+4	2.228487E-1
2.271425E+4	8.549586E-2
2.271450E+4	2.040450E-2
2.271475E+4	4.078226E-2
2.271500E+4	7.579562E-2
2.271525E+4	1.122317E-1
2.271550E+4	1.582656E-1
2.271575E+4	1.904012E-1
2.271600E+4	1.575347E-1
2.271625E+4	9.624062E-2
2.271650E+4	4.354684E-2
2.271675E+4	2.336113E-2
2.271700E+4	5.993051E-2
2.271725E+4	6.111751E-2
2.271750E+4	4.437229E-2
2.271775E+4	2.602771E-2
2.271800E+4	9.065922E-3
2.271825E+4	8.220891E-3
2.271850E+4	4.834863E-2
2.271875E+4	3.599808E-2
2.271900E+4	2.918429E-3
2.271925E+4	3.514612E-2
2.271950E+4	1.391468E-1
2.271975E+4	3.296068E-1
2.272000E+4	5.044770E-1
2.272025E+4	1.824915E-1
2.272050E+4	2.015637E-1
2.272075E+4	3.951034E-1
2.272100E+4	5.504133E-1
2.272125E+4	5.709040E-1
2.272150E+4	4.142852E-1
2.272175E+4	2.746662E-1
2.272200E+4	2.253864E-1
2.272225E+4	1.380932E-1
2.272250E+4	4.513860E-2
2.272275E+4	1.133746E-2
2.272300E+4	9.488108E-3
2.272325E+4	5.896856E-3
2.272350E+4	1.760167E-2
2.272375E+4	1.437994E-1
2.272400E+4	4.615076E-1
2.272425E+4	6.168312E-1
2.272450E+4	4.891918E-1
2.272475E+4	2.903673E-1
2.272500E+4	1.071623E-1
2.272525E+4	4.614640E-2
2.272550E+4	9.337308E-2
2.272575E+4	1.138522E-1
2.272600E+4	1.261127E-1
2.272625E+4	1.406318E-1
2.272650E+4	1.451144E-1
2.272675E+4	1.465976E-1
2.272700E+4	1.597174E-1
2.272725E+4	1.846235E-1
2.272750E+4	1.970807E-1
2.272775E+4	1.673518E-1
2.272800E+4	7.722806E-2
2.272825E+4	1.046284E-2
2.272850E+4	2.320483E-1
2.272875E+4	2.836357E-1
2.272900E+4	2.436422E-1
2.272925E+4	1.703335E-1
2.272950E+4	1.230473E-1
2.272975E+4	3.005388E-1
2.273000E+4	4.038471E-1
2.273025E+4	3.524649E-1
2.273050E+4	2.590273E-1
2.273075E+4	1.769887E-1
2.273100E+4	1.602144E-1
2.273125E+4	1.610766E-1
2.273150E+4	1.168336E-1
2.273175E+4	1.692132E-2
2.273200E+4	1.131574E-1
2.273225E+4	3.023927E-1
2.273250E+4	3.252803E-1
2.273275E+4	3.069546E-1
2.273300E+4	2.458859E-1
2.273325E+4	1.025725E-1
2.273350E+4	6.877638E-2
2.273375E+4	1.324559E-1
2.273400E+4	1.524479E-1
2.273425E+4	9.314036E-2
2.273450E+4	1.376162E-2
2.273475E+4	1.583687E-1
2.273500E+4	3.530694E-1
2.273525E+4	4.158150E-1
2.273550E+4	3.877099E-1
2.273575E+4	3.268660E-1
2.273600E+4	3.065062E-1
2.273625E+4	4.011958E-1
2.273650E+4	5.213932E-1
2.273675E+4	5.504532E-1
2.273700E+4	5.243831E-1
2.273725E+4	4.270258E-1
2.273750E+4	2.376527E-1
2.273775E+4	1.465895E-1
2.273800E+4	1.354904E-1
2.273825E+4	1.313460E-1
2.273850E+4	1.035233E-1
2.273875E+4	5.523892E-2
2.273900E+4	1.252378E-2
2.273925E+4	4.102668E-2
2.273950E+4	1.682149E-1
2.273975E+4	2.530224E-1
2.274000E+4	3.021530E-1
2.274025E+4	3.296376E-1
2.274050E+4	2.557139E-1
2.274075E+4	1.111299E-1
2.274100E+4	2.949850E-1
2.274125E+4	3.303493E-1
2.274150E+4	2.528511E-1
2.274175E+4	1.284996E-1
2.274200E+4	3.520698E-2
2.274225E+4	1.756014E-1
2.274250E+4	5.496782E-1
2.274275E+4	3.260052E-1
2.274300E+4	5.217988E-2
2.274325E+4	4.200754E-2
2.274350E+4	2.060478E-1
2.274375E+4	3.918437E-1
2.274400E+4	4.670954E-1
2.274425E+4	3.170904E-1
2.274450E+4	1.281078E-1
2.274475E+4	1.049378E-1
2.274500E+4	1.462587E-1
2.274525E+4	2.034575E-1
2.274550E+4	2.385039E-1
2.274575E+4	2.230166E-1
2.274600E+4	2.010352E-1
2.274625E+4	2.000413E-1
2.274650E+4	2.381207E-1
2.274675E+4	2.345615E-1
2.274700E+4	1.976172E-1
2.274725E+4	1.629038E-1
2.274750E+4	1.210166E-1
2.274775E+4	1.043597E-1
2.274800E+4	1.605630E-1
2.274825E+4	2.028423E-1
2.274850E+4	2.128727E-1
2.274875E+4	1.919357E-1
2.274900E+4	1.354096E-1
2.274925E+4	9.814050E-2
2.274950E+4	1.569173E-1
2.274975E+4	2.341697E-1
2.275000E+4	2.787287E-1
2.275025E+4	2.832571E-1
2.275050E+4	2.540901E-1
2.275075E+4	2.322109E-1
2.275100E+4	2.295849E-1
2.275125E+4	1.639305E-1
2.275150E+4	9.230549E-2
2.275175E+4	8.734992E-2
2.275200E+4	1.027324E-1
2.275225E+4	1.151867E-1
2.275250E+4	1.006175E-1
2.275275E+4	1.630461E-1
2.275300E+4	3.439788E-1
2.275325E+4	3.581460E-1
2.275350E+4	3.147099E-1
2.275375E+4	2.118844E-1
2.275400E+4	2.529773E-1
2.275425E+4	5.291453E-1
2.275450E+4	6.770965E-1
2.275475E+4	6.861156E-1
2.275500E+4	5.657870E-1
2.275525E+4	2.357863E-1
2.275550E+4	1.824701E-2
2.275575E+4	2.847501E-1
2.275600E+4	5.010771E-1
2.275625E+4	5.093444E-1
2.275650E+4	1.301275E-1
2.275675E+4	6.920774E-2
2.275700E+4	1.884697E-1
2.275725E+4	2.502196E-1
2.275750E+4	2.327712E-1
2.275775E+4	1.174161E-1
2.275800E+4	6.831844E-2
2.275825E+4	1.323590E-1
2.275850E+4	9.938731E-2
2.275875E+4	2.416866E-1
2.275900E+4	4.899571E-1
2.275925E+4	5.949856E-1
2.275950E+4	6.699763E-1
2.275975E+4	6.283879E-1
2.276000E+4	1.120912E-1
2.276025E+4	1.739410E-1
2.276050E+4	4.109243E-1
2.276075E+4	5.972714E-1
2.276100E+4	5.432645E-1
2.276125E+4	1.650063E-1
2.276150E+4	8.581451E-2
2.276175E+4	1.642788E-1
2.276200E+4	3.358415E-1
2.276225E+4	5.981318E-1
2.276250E+4	7.073239E-1
2.276275E+4	5.293700E-1
2.276300E+4	3.444402E-1
2.276325E+4	2.511371E-1
2.276350E+4	2.339417E-1
2.276375E+4	2.498367E-1
2.276400E+4	2.371776E-1
2.276425E+4	1.787440E-1
2.276450E+4	6.573152E-2
2.276475E+4	7.621111E-3
2.276500E+4	2.296918E-2
2.276525E+4	4.862289E-2
2.276550E+4	5.430507E-2
2.276575E+4	8.163129E-2
2.276600E+4	2.109473E-1
2.276625E+4	2.671273E-1
2.276650E+4	3.065097E-1
2.276675E+4	3.333993E-1
2.276700E+4	3.144882E-1
2.276725E+4	2.286117E-1
2.276750E+4	1.715645E-1
2.276775E+4	2.300819E-1
2.276800E+4	3.187738E-1
2.276825E+4	3.258063E-1
2.276850E+4	3.405303E-1
2.276875E+4	3.370339E-1
2.276900E+4	2.337541E-1
2.276925E+4	4.988808E-2
2.276950E+4	6.595500E-2
2.276975E+4	1.550149E-1
2.277000E+4	2.406233E-1
2.277025E+4	2.898667E-1
2.277050E+4	2.328554E-1
2.277075E+4	1.985954E-1
2.277100E+4	2.037104E-1
2.277125E+4	1.892032E-1
2.277150E+4	1.350065E-1
2.277175E+4	1.377823E-1
2.277200E+4	1.823225E-1
2.277225E+4	2.309738E-1
2.277250E+4	2.206440E-1
2.277275E+4	1.584263E-1
2.277300E+4	1.007257E-1
2.277325E+4	1.602050E-1
2.277350E+4	3.211345E-1
2.277375E+4	1.984805E-1
2.277400E+4	4.393722E-2
2.277425E+4	7.573651E-3
2.277450E+4	1.327454E-1
2.277475E+4	2.641887E-1
2.277500E+4	2.317625E-1
2.277525E+4	7.232199E-2
2.277550E+4	1.972010E-1
2.277575E+4	4.799002E-1
2.277600E+4	4.706816E-1
2.277625E+4	3.587020E-1
2.277650E+4	1.901447E-1
2.277675E+4	1.580047E-2
2.277700E+4	2.918989E-1
2.277725E+4	3.763638E-1
2.277750E+4	3.575670E-1
2.277775E+4	3.412814E-1
2.277800E+4	3.071024E-1
2.277825E+4	1.936653E-1
2.277850E+4	7.774258E-2
2.277875E+4	1.906317E-2
2.277900E+4	3.331629E-2
2.277925E+4	1.699633E-1
2.277950E+4	3.292793E-1
2.277975E+4	4.918541E-1
2.278000E+4	5.819854E-1
2.278025E+4	4.475431E-1
2.278050E+4	2.230063E-1
2.278075E+4	9.688087E-2
2.278100E+4	5.895226E-2
2.278125E+4	4.394553E-2
2.278150E+4	6.433064E-2
2.278175E+4	1.552554E-1
2.278200E+4	2.540930E-1
2.278225E+4	3.646032E-1
2.278250E+4	5.133021E-1
2.278275E+4	5.467458E-1
2.278300E+4	1.268975E-1
2.278325E+4	8.162653E-2
2.278350E+4	8.239527E-2
2.278375E+4	1.262419E-1
2.278400E+4	2.329228E-1
2.278425E+4	2.571795E-1
2.278450E+4	1.947505E-1
2.278475E+4	9.611355E-2
2.278500E+4	3.869360E-2
2.278525E+4	2.094503E-1
2.278550E+4	3.929532E-1
2.278575E+4	4.597434E-1
2.278600E+4	4.790923E-1
2.278625E+4	2.182711E-1
2.278650E+4	5.829818E-2
2.278675E+4	7.623080E-2
2.278700E+4	5.303525E-2
2.278725E+4	4.649333E-3
2.278750E+4	3.284860E-2
2.278775E+4	8.893360E-2
2.278800E+4	7.513216E-2
2.278825E+4	7.446523E-3
2.278850E+4	1.009530E-1
2.278875E+4	3.355228E-1
2.278900E+4	4.345878E-1
2.278925E+4	4.853553E-1
2.278950E+4	4.758591E-1
2.278975E+4	1.888282E-1
2.279000E+4	7.240518E-3
2.279025E+4	1.488062E-2
2.279050E+4	6.173711E-2
2.279075E+4	1.549973E-1
2.279100E+4	2.490914E-1
2.279125E+4	2.236529E-1
2.279150E+4	1.085137E-1
2.279175E+4	7.569886E-2
2.279200E+4	2.074383E-1
2.279225E+4	2.359778E-1
2.279250E+4	1.336600E-1
2.279275E+4	8.159787E-2
2.279300E+4	1.272806E-1
2.279325E+4	2.017542E-1
2.279350E+4	1.497085E-1
2.279375E+4	7.563298E-2
2.279400E+4	8.948431E-2
2.279425E+4	1.685304E-1
2.279450E+4	3.037164E-1
2.279475E+4	5.116251E-1
2.279500E+4	6.997566E-1
2.279525E+4	7.477914E-1
2.279550E+4	6.617933E-1
2.279575E+4	3.681167E-1
2.279600E+4	7.561807E-2
2.279625E+4	1.555386E-1
2.279650E+4	4.037401E-1
2.279675E+4	4.478855E-1
2.279700E+4	2.091108E-1
2.279725E+4	3.185010E-2
2.279750E+4	1.749486E-2
2.279775E+4	5.813821E-2
2.279800E+4	7.534360E-2
2.279825E+4	6.223634E-2
2.279850E+4	6.171462E-2
2.279875E+4	6.809730E-2
2.279900E+4	4.973609E-2
2.279925E+4	2.628780E-2
2.279950E+4	2.224739E-2
2.279975E+4	4.188308E-2
2.280000E+4	1.011911E-1
2.280025E+4	1.742081E-1
2.280050E+4	2.285431E-1
2.280075E+4	3.008090E-1
2.280100E+4	3.516528E-1
2.280125E+4	2.922709E-1
2.280150E+4	1.817388E-1
2.280175E+4	2.054235E-1
2.280200E+4	3.371705E-1
2.280225E+4	4.328011E-1
2.280250E+4	2.972866E-1
2.280275E+4	1.010706E-1
2.280300E+4	1.714175E-2
2.280325E+4	4.554970E-2
2.280350E+4	8.487775E-2
2.280375E+4	5.379016E-2
2.280400E+4	2.450403E-2
2.280425E+4	5.303204E-3
2.280450E+4	1.333935E-2
2.280475E+4	6.700447E-2
2.280500E+4	7.479070E-2
2.280525E+4	5.796065E-2
2.280550E+4	4.323765E-2
2.280575E+4	3.330158E-2
2.280600E+4	2.408802E-2
2.280625E+4	6.211328E-2
2.280650E+4	2.409751E-1
2.280675E+4	4.283181E-1
2.280700E+4	4.996220E-1
2.280725E+4	4.995526E-1
2.280750E+4	4.592141E-1
2.280775E+4	3.820572E-1
2.280800E+4	2.842923E-1
2.280825E+4	2.028483E-1
2.280850E+4	1.521153E-1
2.280875E+4	1.307524E-1
2.280900E+4	1.668924E-1
2.280925E+4	3.025732E-1
2.280950E+4	4.892635E-1
2.280975E+4	6.250152E-1
2.281000E+4	6.586808E-1
2.281025E+4	5.501990E-1
2.281050E+4	3.194385E-1
2.281075E+4	1.508383E-1
2.281100E+4	1.204852E-1
2.281125E+4	1.592846E-1
2.281150E+4	2.252758E-1
2.281175E+4	3.106278E-1
2.281200E+4	3.876760E-1
2.281225E+4	3.573121E-1
2.281250E+4	2.306452E-1
2.281275E+4	1.328092E-1
2.281300E+4	8.260510E-2
2.281325E+4	5.487503E-2
2.281350E+4	2.600006E-2
2.281375E+4	3.558697E-3
2.281400E+4	2.901198E-3
2.281425E+4	3.175292E-2
2.281450E+4	8.371939E-2
2.281475E+4	1.177846E-1
2.281500E+4	1.095296E-1
2.281525E+4	6.819660E-2
2.281550E+4	1.384166E-2
2.281575E+4	2.954082E-2
2.281600E+4	2.266958E-1
2.281625E+4	2.852745E-1
2.281650E+4	2.292881E-1
2.281675E+4	2.017919E-1
2.281700E+4	2.398535E-1
2.281725E+4	3.397189E-1
2.281750E+4	4.568236E-1
2.281775E+4	4.292870E-1
2.281800E+4	8.079416E-2
2.281825E+4	2.550122E-1
2.281850E+4	5.215798E-1
2.281875E+4	4.943772E-1
2.281900E+4	3.393707E-1
2.281925E+4	2.046227E-1
2.281950E+4	1.328901E-1
2.281975E+4	1.267646E-1
2.282000E+4	7.646327E-2
2.282025E+4	4.951064E-2
2.282050E+4	6.155010E-2
2.282075E+4	1.025955E-1
2.282100E+4	2.636082E-1
2.282125E+4	4.032599E-1
2.282150E+4	3.403656E-1
2.282175E+4	3.774917E-1
2.282200E+4	4.666586E-1
2.282225E+4	5.093720E-1
2.282250E+4	2.481286E-1
2.282275E+4	5.933590E-2
2.282300E+4	1.106989E-1
2.282325E+4	2.073946E-1
2.282350E+4	2.123102E-1
2.282375E+4	9.835697E-2
2.282400E+4	2.486838E-2
2.282425E+4	4.640905E-2
2.282450E+4	9.876757E-2
2.282475E+4	6.134714E-2
2.282500E+4	1.748357E-2
2.282525E+4	1.801711E-1
2.282550E+4	3.091885E-1
2.282575E+4	3.663818E-1
2.282600E+4	4.018676E-1
2.282625E+4	3.871413E-1
2.282650E+4	2.038049E-1
2.282675E+4	3.117179E-2
2.282700E+4	1.650127E-3
2.282725E+4	2.900846E-2
2.282750E+4	3.858495E-2
2.282775E+4	9.096723E-3
2.282800E+4	1.040485E-1
2.282825E+4	2.234788E-1
2.282850E+4	2.951315E-1
2.282875E+4	2.519202E-1
2.282900E+4	1.022869E-1
2.282925E+4	3.288830E-2
2.282950E+4	9.404852E-2
2.282975E+4	8.667952E-2
2.283000E+4	6.666581E-2
2.283025E+4	2.054887E-1
2.283050E+4	4.177056E-1
2.283075E+4	4.836257E-1
2.283100E+4	3.191294E-1
2.283125E+4	1.458211E-1
2.283150E+4	1.256195E-1
2.283175E+4	2.723914E-1
2.283200E+4	4.636781E-1
2.283225E+4	5.015650E-1
2.283250E+4	4.886925E-1
2.283275E+4	5.150045E-1
2.283300E+4	5.463468E-1
2.283325E+4	3.647306E-1
2.283350E+4	6.638203E-2
2.283375E+4	4.766991E-2
2.283400E+4	6.489295E-2
2.283425E+4	5.704995E-2
2.283450E+4	6.972081E-2
2.283475E+4	2.084523E-1
2.283500E+4	4.171268E-1
2.283525E+4	6.003299E-1
2.283550E+4	6.912346E-1
2.283575E+4	4.046079E-1
2.283600E+4	3.643081E-2
2.283625E+4	2.360172E-1
2.283650E+4	4.975030E-1
2.283675E+4	6.341778E-1
2.283700E+4	6.296317E-1
2.283725E+4	5.063949E-1
2.283750E+4	2.959516E-1
2.283775E+4	1.279821E-1
2.283800E+4	1.144680E-1
2.283825E+4	9.147819E-2
2.283850E+4	6.238965E-2
2.283875E+4	6.075876E-2
2.283900E+4	1.175171E-1
2.283925E+4	2.197152E-1
2.283950E+4	3.228565E-1
2.283975E+4	3.794264E-1
2.284000E+4	3.313289E-1
2.284025E+4	2.170936E-1
2.284050E+4	1.777702E-1
2.284075E+4	2.881642E-1
2.284100E+4	4.080004E-1
2.284125E+4	2.940884E-1
2.284150E+4	1.437494E-1
2.284175E+4	8.520403E-2
2.284200E+4	9.689783E-2
2.284225E+4	1.511485E-1
2.284250E+4	1.534958E-1
2.284275E+4	9.645243E-2
2.284300E+4	1.440291E-1
2.284325E+4	2.156266E-1
2.284350E+4	2.951437E-1
2.284375E+4	3.698719E-1
2.284400E+4	3.793680E-1
2.284425E+4	2.653284E-1
2.284450E+4	6.475357E-2
2.284475E+4	3.487190E-2
2.284500E+4	2.853586E-1
2.284525E+4	4.386716E-1
2.284550E+4	3.715405E-1
2.284575E+4	1.910825E-1
2.284600E+4	4.566500E-2
2.284625E+4	8.438536E-3
2.284650E+4	1.848946E-2
2.284675E+4	2.061622E-2
2.284700E+4	1.971311E-2
2.284725E+4	2.162727E-2
2.284750E+4	3.781167E-2
2.284775E+4	1.228548E-1
2.284800E+4	2.164115E-1
2.284825E+4	2.139658E-1
2.284850E+4	1.373298E-1
2.284875E+4	3.471902E-2
2.284900E+4	1.120458E-1
2.284925E+4	2.642842E-1
2.284950E+4	2.167725E-1
2.284975E+4	9.018645E-2
2.285000E+4	1.547899E-1
2.285025E+4	7.044659E-1
2.285050E+4	6.799341E-1
2.285075E+4	4.689302E-1
2.285100E+4	2.698585E-1
2.285125E+4	1.337184E-1
2.285150E+4	2.607588E-1
2.285175E+4	4.075121E-1
2.285200E+4	1.613597E-1
2.285225E+4	1.581816E-4
2.285250E+4	1.302116E-1
2.285275E+4	3.354471E-1
2.285300E+4	4.258956E-1
2.285325E+4	3.530265E-1
2.285350E+4	1.515508E-1
2.285375E+4	5.177862E-2
2.285400E+4	3.192515E-2
2.285425E+4	1.822150E-2
2.285450E+4	4.199437E-2
2.285475E+4	1.434019E-1
2.285500E+4	2.238599E-1
2.285525E+4	2.541733E-1
2.285550E+4	2.521110E-1
2.285575E+4	2.164152E-1
2.285600E+4	1.473470E-1
2.285625E+4	9.089123E-2
2.285650E+4	1.500839E-1
2.285675E+4	1.978210E-1
2.285700E+4	1.551667E-1
2.285725E+4	7.681015E-2
2.285750E+4	2.755308E-1
2.285775E+4	2.899656E-1
2.285800E+4	7.450766E-2
2.285825E+4	2.851640E-2
2.285850E+4	1.533465E-1
2.285875E+4	4.252974E-1
2.285900E+4	6.602170E-1
2.285925E+4	7.136458E-1
2.285950E+4	6.034163E-1
2.285975E+4	4.538674E-1
2.286000E+4	4.340277E-1
2.286025E+4	5.947991E-1
2.286050E+4	6.469140E-1
2.286075E+4	4.376762E-1
2.286100E+4	2.462283E-1
2.286125E+4	1.217275E-1
2.286150E+4	3.378090E-2
2.286175E+4	1.422750E-2
2.286200E+4	7.532138E-2
2.286225E+4	1.567360E-1
2.286250E+4	3.159508E-1
2.286275E+4	4.648789E-1
2.286300E+4	5.456571E-1
2.286325E+4	5.637879E-1
2.286350E+4	4.732087E-1
2.286375E+4	1.220834E-1
2.286400E+4	7.093061E-2
2.286425E+4	3.796603E-1
2.286450E+4	6.808459E-1
2.286475E+4	9.148455E-1
2.286500E+4	5.715537E-1
2.286525E+4	1.824597E-1
2.286550E+4	5.242824E-2
2.286575E+4	5.377965E-3
2.286600E+4	3.625989E-2
2.286625E+4	2.251383E-1
2.286650E+4	3.365614E-1
2.286675E+4	1.515895E-1
2.286700E+4	1.125090E-1
2.286725E+4	2.870331E-1
2.286750E+4	4.013566E-1
2.286775E+4	3.659444E-1
2.286800E+4	1.653542E-1
2.286825E+4	2.545238E-2
2.286850E+4	8.666030E-2
2.286875E+4	1.956622E-1
2.286900E+4	1.839733E-1
2.286925E+4	2.024534E-2
2.286950E+4	3.626430E-2
2.286975E+4	1.532222E-1
2.287000E+4	2.414717E-1
2.287025E+4	2.157690E-1
2.287050E+4	3.711033E-2
2.287075E+4	7.203446E-2
2.287100E+4	2.447909E-1
2.287125E+4	3.748878E-1
2.287150E+4	4.332885E-1
2.287175E+4	3.809435E-1
2.287200E+4	1.732906E-1
2.287225E+4	4.677083E-2
2.287250E+4	2.123755E-2
2.287275E+4	4.995125E-2
2.287300E+4	2.850727E-1
2.287325E+4	5.920961E-1
2.287350E+4	7.221910E-1
2.287375E+4	6.580617E-1
2.287400E+4	4.439915E-1
2.287425E+4	1.561428E-1
2.287450E+4	1.206181E-2
2.287475E+4	8.868523E-2
2.287500E+4	1.496694E-1
2.287525E+4	2.062083E-2
2.287550E+4	8.923754E-3
2.287575E+4	3.089515E-2
2.287600E+4	3.011564E-2
2.287625E+4	3.785495E-2
2.287650E+4	1.232347E-1
2.287675E+4	1.398358E-1
2.287700E+4	8.686144E-2
2.287725E+4	4.614593E-2
2.287750E+4	1.099364E-1
2.287775E+4	4.517362E-1
2.287800E+4	6.629465E-1
2.287825E+4	2.782795E-1
2.287850E+4	1.268896E-1
2.287875E+4	3.750407E-1
2.287900E+4	6.208441E-1
2.287925E+4	5.163844E-1
2.287950E+4	3.869674E-1
2.287975E+4	4.487046E-1
2.288000E+4	4.261572E-1
2.288025E+4	3.340333E-1
2.288050E+4	2.549853E-1
2.288075E+4	2.023298E-1
2.288100E+4	1.396222E-1
2.288125E+4	2.440362E-2
2.288150E+4	9.723266E-3
2.288175E+4	4.788796E-2
2.288200E+4	5.890785E-2
2.288225E+4	2.386899E-2
2.288250E+4	1.242041E-1
2.288275E+4	2.685398E-1
2.288300E+4	1.385776E-1
2.288325E+4	2.328362E-2
2.288350E+4	2.815613E-2
2.288375E+4	1.663007E-1
2.288400E+4	2.036683E-1
2.288425E+4	8.854598E-2
2.288450E+4	1.389598E-1
2.288475E+4	4.206937E-1
2.288500E+4	5.595988E-1
2.288525E+4	4.258866E-1
2.288550E+4	1.192705E-1
2.288575E+4	2.159586E-1
2.288600E+4	3.244561E-1
2.288625E+4	2.456267E-1
2.288650E+4	8.465471E-2
2.288675E+4	4.239741E-2
2.288700E+4	3.034082E-1
2.288725E+4	5.254919E-1
2.288750E+4	4.099099E-1
2.288775E+4	2.709610E-1
2.288800E+4	3.274902E-1
2.288825E+4	4.476395E-1
2.288850E+4	4.770338E-1
2.288875E+4	2.979301E-1
2.288900E+4	1.126276E-1
2.288925E+4	1.120997E-1
2.288950E+4	1.097848E-1
2.288975E+4	8.672994E-2
2.289000E+4	1.256814E-1
2.289025E+4	1.595971E-1
2.289050E+4	9.753180E-2
2.289075E+4	7.618774E-2
2.289100E+4	1.391016E-1
2.289125E+4	2.215449E-1
2.289150E+4	2.418394E-1
2.289175E+4	1.958024E-1
2.289200E+4	2.014637E-1
2.289225E+4	2.513681E-1
2.289250E+4	2.543486E-1
2.289275E+4	1.807732E-1
2.289300E+4	8.006820E-2
2.289325E+4	2.125238E-2
2.289350E+4	2.857130E-2
2.289375E+4	2.921726E-1
2.289400E+4	5.566069E-1
2.289425E+4	5.521215E-1
2.289450E+4	3.972695E-1
2.289475E+4	1.745392E-1
2.289500E+4	1.298513E-2
2.289525E+4	4.155611E-2
2.289550E+4	1.946671E-1
2.289575E+4	2.556789E-1
2.289600E+4	3.614697E-2
2.289625E+4	1.135550E-1
2.289650E+4	2.519935E-1
2.289675E+4	2.036575E-1
2.289700E+4	3.510948E-2
2.289725E+4	1.097580E-2
2.289750E+4	9.011291E-2
2.289775E+4	1.954026E-1
2.289800E+4	3.420401E-1
2.289825E+4	6.540542E-1
2.289850E+4	5.460839E-1
2.289875E+4	4.802887E-1
2.289900E+4	5.253867E-1
2.289925E+4	5.830473E-1
2.289950E+4	5.792216E-1
2.289975E+4	3.662970E-1
2.290000E+4	2.245290E-1
2.290025E+4	3.121348E-1
2.290050E+4	3.335558E-1
2.290075E+4	3.025281E-1
2.290100E+4	3.034516E-1
2.290125E+4	3.737589E-1
2.290150E+4	4.857547E-1
2.290175E+4	5.320198E-1
2.290200E+4	3.889085E-1
2.290225E+4	1.866027E-1
2.290250E+4	7.687532E-2
2.290275E+4	3.707202E-2
2.290300E+4	3.300196E-2
2.290325E+4	5.313843E-2
2.290350E+4	7.558934E-2
2.290375E+4	7.809621E-2
2.290400E+4	7.258529E-2
2.290425E+4	1.055466E-1
2.290450E+4	1.615916E-1
2.290475E+4	1.600515E-1
2.290500E+4	1.554735E-1
2.290525E+4	2.916067E-1
2.290550E+4	6.173733E-1
2.290575E+4	7.412977E-1
2.290600E+4	6.121150E-1
2.290625E+4	3.741869E-1
2.290650E+4	1.476480E-1
2.290675E+4	1.587875E-1
2.290700E+4	4.143125E-1
2.290725E+4	6.692732E-1
2.290750E+4	7.337459E-1
2.290775E+4	5.469223E-1
2.290800E+4	2.687136E-1
2.290825E+4	7.753928E-2
2.290850E+4	5.346406E-3
2.290875E+4	2.924777E-3
2.290900E+4	6.281465E-3
2.290925E+4	1.086656E-2
2.290950E+4	2.993838E-2
2.290975E+4	5.776461E-2
2.291000E+4	9.374259E-2
2.291025E+4	1.697214E-1
2.291050E+4	2.760108E-1
2.291075E+4	3.632600E-1
2.291100E+4	3.734709E-1
2.291125E+4	2.955564E-1
2.291150E+4	1.974707E-1
2.291175E+4	1.790001E-1
2.291200E+4	1.913365E-1
2.291225E+4	1.648306E-1
2.291250E+4	9.659571E-2
2.291275E+4	1.256345E-2
2.291300E+4	4.446144E-2
2.291325E+4	1.414429E-1
2.291350E+4	1.638154E-1
2.291375E+4	1.214472E-1
2.291400E+4	5.788431E-2
2.291425E+4	2.103023E-2
2.291450E+4	1.202990E-2
2.291475E+4	2.410287E-2
2.291500E+4	6.348236E-2
2.291525E+4	8.514947E-2
2.291550E+4	1.053647E-1
2.291575E+4	1.316349E-1
2.291600E+4	1.567987E-1
2.291625E+4	1.300388E-1
2.291650E+4	3.132867E-2
2.291675E+4	5.132471E-3
2.291700E+4	4.121120E-2
2.291725E+4	9.543375E-2
2.291750E+4	8.342724E-2
2.291775E+4	2.526624E-2
2.291800E+4	1.115748E-2
2.291825E+4	1.737405E-2
2.291850E+4	2.870101E-2
2.291875E+4	4.065785E-2
2.291900E+4	4.243882E-2
2.291925E+4	2.900368E-2
2.291950E+4	1.064143E-2
2.291975E+4	2.849432E-3
2.292000E+4	1.102076E-2
2.292025E+4	6.753557E-2
2.292050E+4	2.241226E-1
2.292075E+4	4.386724E-1
2.292100E+4	5.947727E-1
2.292125E+4	6.354136E-1
2.292150E+4	5.488768E-1
2.292175E+4	3.424526E-1
2.292200E+4	9.981268E-2
2.292225E+4	2.075620E-3
2.292250E+4	3.601730E-2
2.292275E+4	4.439651E-2
2.292300E+4	3.695925E-2
2.292325E+4	5.558618E-2
2.292350E+4	1.435756E-1
2.292375E+4	3.225951E-1
2.292400E+4	4.679598E-1
2.292425E+4	5.007800E-1
2.292450E+4	4.744977E-1
2.292475E+4	4.144971E-1
2.292500E+4	2.569895E-1
2.292525E+4	1.194990E-1
2.292550E+4	1.398061E-1
2.292575E+4	1.654763E-1
2.292600E+4	2.398995E-1
2.292625E+4	4.928972E-1
2.292650E+4	5.541146E-1
2.292675E+4	2.312777E-1
2.292700E+4	5.038892E-2
2.292725E+4	6.699384E-4
2.292750E+4	4.538154E-2
2.292775E+4	1.115922E-1
2.292800E+4	1.493983E-1
2.292825E+4	1.461560E-1
2.292850E+4	7.245191E-2
2.292875E+4	1.711215E-2
2.292900E+4	7.343877E-3
2.292925E+4	9.995970E-3
2.292950E+4	2.522429E-2
2.292975E+4	4.427980E-2
2.293000E+4	4.676110E-2
2.293025E+4	2.518946E-2
2.293050E+4	1.309146E-2
2.293075E+4	1.940174E-2
2.293100E+4	2.908030E-2
2.293125E+4	3.307603E-2
2.293150E+4	2.484308E-2
2.293175E+4	1.455974E-2
2.293200E+4	1.919930E-2
2.293225E+4	4.739105E-2
2.293250E+4	1.399161E-1
2.293275E+4	3.591836E-1
2.293300E+4	4.766262E-1
2.293325E+4	4.124401E-1
2.293350E+4	4.453529E-1
2.293375E+4	5.025277E-1
2.293400E+4	4.488718E-1
2.293425E+4	3.333537E-1
2.293450E+4	1.795693E-1
2.293475E+4	2.604128E-2
2.293500E+4	3.780772E-2
2.293525E+4	1.792093E-1
2.293550E+4	1.844461E-1
2.293575E+4	7.054519E-2
2.293600E+4	1.867700E-1
2.293625E+4	6.344963E-1
2.293650E+4	6.387563E-1
2.293675E+4	3.751178E-1
2.293700E+4	8.712231E-2
2.293725E+4	3.416162E-2
2.293750E+4	2.506471E-1
2.293775E+4	4.380260E-1
2.293800E+4	4.431431E-1
2.293825E+4	3.297020E-1
2.293850E+4	2.223113E-1
2.293875E+4	2.218188E-1
2.293900E+4	2.634359E-1
2.293925E+4	1.690547E-1
2.293950E+4	1.165979E-1
2.293975E+4	1.413180E-1
2.294000E+4	2.131343E-1
2.294025E+4	2.343327E-1
2.294050E+4	2.155132E-1
2.294075E+4	1.845124E-1
2.294100E+4	1.224892E-1
2.294125E+4	2.241367E-2
2.294150E+4	2.228199E-2
2.294175E+4	8.624116E-2
2.294200E+4	1.436059E-1
2.294225E+4	2.057480E-1
2.294250E+4	2.912500E-1
2.294275E+4	3.305036E-1
2.294300E+4	1.997687E-1
2.294325E+4	9.721767E-2
2.294350E+4	4.888171E-2
2.294375E+4	1.881168E-2
2.294400E+4	3.176292E-3
2.294425E+4	2.263546E-2
2.294450E+4	5.924167E-2
2.294475E+4	6.365875E-2
2.294500E+4	5.678577E-2
2.294525E+4	8.333750E-2
2.294550E+4	8.858919E-2
2.294575E+4	6.437121E-2
2.294600E+4	3.332110E-2
2.294625E+4	6.187590E-3
2.294650E+4	1.454563E-2
2.294675E+4	1.040198E-1
2.294700E+4	1.755533E-1
2.294725E+4	1.733464E-1
2.294750E+4	1.667504E-1
2.294775E+4	2.365216E-1
2.294800E+4	4.512325E-1
2.294825E+4	6.065637E-1
2.294850E+4	6.396395E-1
2.294875E+4	6.781169E-1
2.294900E+4	7.152920E-1
2.294925E+4	6.389661E-1
2.294950E+4	4.598618E-1
2.294975E+4	3.008080E-1
2.295000E+4	1.956139E-1
2.295025E+4	1.645928E-1
2.295050E+4	3.097524E-1
2.295075E+4	5.101767E-1
2.295100E+4	5.570111E-1
2.295125E+4	5.501826E-1
2.295150E+4	5.024202E-1
2.295175E+4	4.053444E-1
2.295200E+4	3.289327E-1
2.295225E+4	3.208523E-1
2.295250E+4	3.527496E-1
2.295275E+4	3.551465E-1
2.295300E+4	2.954225E-1
2.295325E+4	2.039313E-1
2.295350E+4	1.113749E-1
2.295375E+4	3.212751E-2
2.295400E+4	2.301264E-2
2.295425E+4	1.058726E-1
2.295450E+4	1.572447E-1
2.295475E+4	1.731188E-1
2.295500E+4	1.627010E-1
2.295525E+4	1.221681E-1
2.295550E+4	5.120218E-2
2.295575E+4	4.112214E-4
2.295600E+4	6.518087E-2
2.295625E+4	1.973421E-1
2.295650E+4	2.714267E-1
2.295675E+4	2.673627E-1
2.295700E+4	2.710684E-1
2.295725E+4	3.070848E-1
2.295750E+4	3.311213E-1
2.295775E+4	2.763926E-1
2.295800E+4	1.554252E-1
2.295825E+4	6.831366E-2
2.295850E+4	4.699443E-2
2.295875E+4	5.886418E-2
2.295900E+4	6.399980E-2
2.295925E+4	6.587770E-2
2.295950E+4	9.825583E-2
2.295975E+4	1.758572E-1
2.296000E+4	2.499609E-1
2.296025E+4	2.729859E-1
2.296050E+4	2.845954E-1
2.296075E+4	3.299834E-1
2.296100E+4	3.778179E-1
2.296125E+4	2.887341E-1
2.296150E+4	1.828040E-1
2.296175E+4	1.307243E-1
2.296200E+4	1.024160E-1
2.296225E+4	7.917503E-2
2.296250E+4	5.706085E-2
2.296275E+4	4.215770E-2
2.296300E+4	5.172746E-2
2.296325E+4	9.534789E-2
2.296350E+4	1.292276E-1
2.296375E+4	1.414638E-1
2.296400E+4	1.415243E-1
2.296425E+4	1.405391E-1
2.296450E+4	1.636408E-1
2.296475E+4	1.822643E-1
2.296500E+4	1.339234E-1
2.296525E+4	3.416965E-2
2.296550E+4	7.356170E-2
2.296575E+4	3.719048E-1
2.296600E+4	5.247662E-1
2.296625E+4	4.610202E-1
2.296650E+4	3.424507E-1
2.296675E+4	2.494557E-1
2.296700E+4	1.994446E-1
2.296725E+4	1.918550E-1
2.296750E+4	2.123873E-1
2.296775E+4	1.745498E-1
2.296800E+4	1.364001E-2
2.296825E+4	1.271541E-1
2.296850E+4	4.303170E-1
2.296875E+4	3.609280E-1
2.296900E+4	1.423893E-1
2.296925E+4	4.163072E-2
2.296950E+4	4.846251E-2
2.296975E+4	1.230405E-1
2.297000E+4	2.163259E-1
2.297025E+4	1.510998E-1
2.297050E+4	5.680561E-3
2.297075E+4	2.887685E-2
2.297100E+4	9.506153E-2
2.297125E+4	1.336272E-1
2.297150E+4	1.236749E-1
2.297175E+4	1.372620E-1
2.297200E+4	2.422516E-1
2.297225E+4	2.813453E-1
2.297250E+4	1.923901E-1
2.297275E+4	8.610703E-2
2.297300E+4	2.474080E-2
2.297325E+4	1.162517E-2
2.297350E+4	7.939645E-2
2.297375E+4	2.438577E-1
2.297400E+4	3.318048E-1
2.297425E+4	3.554218E-1
2.297450E+4	3.251444E-1
2.297475E+4	3.845469E-1
2.297500E+4	5.364054E-1
2.297525E+4	6.277044E-1
2.297550E+4	6.292194E-1
2.297575E+4	5.591048E-1
2.297600E+4	4.598515E-1
2.297625E+4	3.742075E-1
2.297650E+4	2.979485E-1
2.297675E+4	1.831987E-1
2.297700E+4	7.052873E-2
2.297725E+4	4.313490E-3
2.297750E+4	3.647522E-2
2.297775E+4	2.083140E-1
2.297800E+4	4.586565E-1
2.297825E+4	6.804771E-1
2.297850E+4	7.844221E-1
2.297875E+4	7.424787E-1
2.297900E+4	6.042154E-1
2.297925E+4	3.851487E-1
2.297950E+4	9.774940E-2
2.297975E+4	7.559657E-2
2.298000E+4	1.619297E-1
2.298025E+4	1.559086E-1
2.298050E+4	3.210788E-2
2.298075E+4	1.168446E-1
2.298100E+4	2.876794E-1
2.298125E+4	3.622507E-1
2.298150E+4	3.832526E-1
2.298175E+4	3.169746E-1
2.298200E+4	5.081976E-2
2.298225E+4	1.351482E-1
2.298250E+4	2.241045E-1
2.298275E+4	1.982258E-1
2.298300E+4	1.424357E-1
2.298325E+4	1.379466E-1
2.298350E+4	2.387235E-1
2.298375E+4	1.184341E-1
2.298400E+4	8.330343E-2
2.298425E+4	1.166681E-1
2.298450E+4	1.662399E-1
2.298475E+4	2.106252E-1
2.298500E+4	2.240054E-1
2.298525E+4	2.029616E-1
2.298550E+4	1.891907E-1
2.298575E+4	1.771038E-1
2.298600E+4	1.015139E-1
2.298625E+4	2.159879E-2
2.298650E+4	8.162902E-2
2.298675E+4	1.365825E-1
2.298700E+4	7.192930E-2
2.298725E+4	1.372997E-3
2.298750E+4	5.525894E-2
2.298775E+4	1.377747E-1
2.298800E+4	2.173398E-1
2.298825E+4	2.939001E-1
2.298850E+4	3.350854E-1
2.298875E+4	3.107910E-1
2.298900E+4	2.389505E-1
2.298925E+4	1.377977E-1
2.298950E+4	4.027983E-2
2.298975E+4	4.478256E-2
2.299000E+4	1.896689E-1
2.299025E+4	2.572830E-1
2.299050E+4	1.978288E-1
2.299075E+4	1.312633E-1
2.299100E+4	9.519342E-2
2.299125E+4	7.110236E-2
2.299150E+4	5.090515E-2
2.299175E+4	6.472617E-2
2.299200E+4	1.208750E-1
2.299225E+4	1.836654E-1
2.299250E+4	2.521870E-1
2.299275E+4	2.960297E-1
2.299300E+4	1.508319E-1
2.299325E+4	6.749940E-2
2.299350E+4	2.979652E-2
2.299375E+4	1.294599E-2
2.299400E+4	9.146232E-2
2.299425E+4	1.288524E-1
2.299450E+4	9.343809E-2
2.299475E+4	4.562415E-2
2.299500E+4	3.971158E-3
2.299525E+4	4.796492E-2
2.299550E+4	1.074700E-1
2.299575E+4	3.506062E-2
2.299600E+4	5.784899E-2
2.299625E+4	1.649789E-1
2.299650E+4	2.452542E-1
2.299675E+4	2.176963E-1
2.299700E+4	1.215027E-1
2.299725E+4	2.590569E-2
2.299750E+4	1.629367E-2
2.299775E+4	1.262997E-1
2.299800E+4	2.027238E-1
2.299825E+4	2.202635E-1
2.299850E+4	1.822792E-1
2.299875E+4	4.901766E-2
2.299900E+4	5.221305E-2
2.299925E+4	1.717325E-1
2.299950E+4	3.010317E-1
2.299975E+4	3.589791E-1
2.300000E+4	2.583978E-1
2.300025E+4	3.703939E-2
2.300050E+4	1.620850E-1
2.300075E+4	4.220915E-1
2.300100E+4	2.029279E-1
2.300125E+4	4.310713E-2
2.300150E+4	2.097283E-2
2.300175E+4	5.180439E-2
2.300200E+4	6.509021E-2
2.300225E+4	3.257532E-2
2.300250E+4	1.727357E-2
2.300275E+4	2.260573E-1
2.300300E+4	4.787173E-1
2.300325E+4	3.745782E-1
2.300350E+4	1.077031E-1
2.300375E+4	6.924540E-3
2.300400E+4	1.716597E-2
2.300425E+4	1.201182E-2
2.300450E+4	1.282615E-3
2.300475E+4	2.623089E-2
2.300500E+4	6.424305E-2
2.300525E+4	1.048299E-1
2.300550E+4	2.456177E-1
2.300575E+4	4.122726E-1
2.300600E+4	4.293747E-1
2.300625E+4	3.843215E-1
2.300650E+4	3.167124E-1
2.300675E+4	1.939217E-1
2.300700E+4	3.658129E-2
2.300725E+4	5.515756E-3
2.300750E+4	4.233066E-3
2.300775E+4	1.299784E-2
2.300800E+4	9.524529E-2
2.300825E+4	1.145649E-1
2.300850E+4	1.140172E-1
2.300875E+4	1.394493E-1
2.300900E+4	2.384157E-1
2.300925E+4	3.379151E-1
2.300950E+4	1.852880E-1
2.300975E+4	6.585891E-2
2.301000E+4	3.165488E-2
2.301025E+4	1.152842E-1
2.301050E+4	1.812463E-1
2.301075E+4	1.097772E-1
2.301100E+4	7.198448E-2
2.301125E+4	1.003371E-1
2.301150E+4	2.156502E-1
2.301175E+4	2.888230E-1
2.301200E+4	2.166782E-1
2.301225E+4	1.160291E-1
2.301250E+4	4.680387E-2
2.301275E+4	3.598985E-2
2.301300E+4	6.117604E-2
2.301325E+4	1.084577E-1
2.301350E+4	1.530162E-1
2.301375E+4	4.002530E-2
2.301400E+4	1.943712E-2
2.301425E+4	1.961758E-2
2.301450E+4	1.855835E-2
2.301475E+4	3.967057E-2
2.301500E+4	1.304293E-1
2.301525E+4	2.698619E-1
2.301550E+4	3.351736E-1
2.301575E+4	2.517594E-1
2.301600E+4	6.797650E-2
2.301625E+4	1.195166E-2
2.301650E+4	1.742879E-1
2.301675E+4	2.258166E-1
2.301700E+4	6.984815E-2
2.301725E+4	1.452096E-2
2.301750E+4	9.250380E-2
2.301775E+4	2.587658E-1
2.301800E+4	4.490338E-1
2.301825E+4	2.230666E-1
2.301850E+4	6.876308E-2
2.301875E+4	1.270700E-1
2.301900E+4	2.212655E-1
2.301925E+4	2.510953E-1
2.301950E+4	8.999188E-2
2.301975E+4	3.375446E-2
2.302000E+4	1.140999E-1
2.302025E+4	1.726132E-1
2.302050E+4	1.717439E-1
2.302075E+4	1.826848E-1
2.302100E+4	1.941294E-1
2.302125E+4	1.650150E-1
2.302150E+4	1.142542E-1
2.302175E+4	9.101914E-2
2.302200E+4	1.026105E-1
2.302225E+4	1.010235E-1
2.302250E+4	4.735768E-2
2.302275E+4	3.059933E-2
2.302300E+4	1.258172E-1
2.302325E+4	2.078995E-1
2.302350E+4	1.822782E-1
2.302375E+4	1.172405E-1
2.302400E+4	8.793841E-2
2.302425E+4	1.185394E-1
2.302450E+4	1.698367E-1
2.302475E+4	1.558082E-1
2.302500E+4	1.356832E-1
2.302525E+4	1.647129E-1
2.302550E+4	2.235081E-1
2.302575E+4	2.139476E-1
2.302600E+4	1.194674E-1
2.302625E+4	1.031680E-1
2.302650E+4	1.284184E-1
2.302675E+4	1.072565E-1
2.302700E+4	7.241246E-2
2.302725E+4	1.161238E-1
2.302750E+4	1.787580E-1
2.302775E+4	1.987838E-1
2.302800E+4	1.398769E-1
2.302825E+4	7.503295E-2
2.302850E+4	3.260761E-1
2.302875E+4	5.007690E-1
2.302900E+4	3.294836E-1
2.302925E+4	1.037686E-1
2.302950E+4	1.488421E-3
2.302975E+4	6.307544E-2
2.303000E+4	1.737790E-1
2.303025E+4	2.100509E-1
2.303050E+4	2.757336E-1
2.303075E+4	4.037517E-1
2.303100E+4	4.976220E-1
2.303125E+4	5.143904E-1
2.303150E+4	4.584439E-1
2.303175E+4	3.321681E-1
2.303200E+4	1.460757E-1
2.303225E+4	1.751894E-1
2.303250E+4	3.303558E-1
2.303275E+4	2.830169E-1
2.303300E+4	1.541930E-1
2.303325E+4	3.959870E-2
2.303350E+4	5.570720E-2
2.303375E+4	1.735430E-1
2.303400E+4	2.286198E-1
2.303425E+4	1.424081E-1
2.303450E+4	1.060160E-1
2.303475E+4	2.997122E-1
2.303500E+4	3.285855E-1
2.303525E+4	2.688146E-1
2.303550E+4	1.685334E-1
2.303575E+4	4.454633E-2
2.303600E+4	2.491327E-2
2.303625E+4	1.156877E-1
2.303650E+4	7.687644E-2
2.303675E+4	4.932999E-2
2.303700E+4	9.937383E-2
2.303725E+4	3.008800E-1
2.303750E+4	5.579471E-1
2.303775E+4	4.084153E-1
2.303800E+4	1.866573E-1
2.303825E+4	1.375084E-1
2.303850E+4	1.907678E-1
2.303875E+4	1.790017E-1
2.303900E+4	6.984680E-2
2.303925E+4	6.211117E-3
2.303950E+4	2.886674E-2
2.303975E+4	1.288715E-1
2.304000E+4	2.193617E-1
2.304025E+4	1.916397E-1
2.304050E+4	1.730014E-1
2.304075E+4	1.538140E-1
2.304100E+4	1.225930E-1
2.304125E+4	2.374480E-1
2.304150E+4	4.324177E-1
2.304175E+4	4.683838E-1
2.304200E+4	4.258264E-1
2.304225E+4	3.325998E-1
2.304250E+4	1.924652E-1
2.304275E+4	9.254399E-2
2.304300E+4	3.221193E-1
2.304325E+4	3.655599E-1
2.304350E+4	2.330043E-1
2.304375E+4	1.513449E-1
2.304400E+4	1.304882E-1
2.304425E+4	1.655302E-1
2.304450E+4	2.119948E-1
2.304475E+4	1.802930E-1
2.304500E+4	1.010142E-1
2.304525E+4	3.094075E-2
2.304550E+4	1.192002E-3
2.304575E+4	2.495407E-3
2.304600E+4	3.212620E-3
2.304625E+4	5.166696E-2
2.304650E+4	1.971241E-1
2.304675E+4	3.580780E-1
2.304700E+4	3.627399E-1
2.304725E+4	2.626713E-1
2.304750E+4	1.846628E-1
2.304775E+4	2.329155E-1
2.304800E+4	2.447531E-1
2.304825E+4	1.862677E-1
2.304850E+4	1.110150E-1
2.304875E+4	5.754625E-2
2.304900E+4	1.392494E-1
2.304925E+4	3.026846E-1
2.304950E+4	3.814100E-1
2.304975E+4	3.824357E-1
2.305000E+4	2.648100E-1
2.305025E+4	7.910473E-2
2.305050E+4	1.665910E-1
2.305075E+4	2.318160E-1
2.305100E+4	1.837651E-1
2.305125E+4	9.913874E-2
2.305150E+4	3.851251E-2
2.305175E+4	1.343393E-1
2.305200E+4	5.193789E-1
2.305225E+4	5.634660E-1
2.305250E+4	3.636462E-1
2.305275E+4	2.462802E-1
2.305300E+4	2.348360E-1
2.305325E+4	2.707594E-1
2.305350E+4	3.099730E-1
2.305375E+4	2.965943E-1
2.305400E+4	7.906758E-2
2.305425E+4	6.092337E-2
2.305450E+4	2.055245E-1
2.305475E+4	3.239852E-1
2.305500E+4	4.316662E-1
2.305525E+4	4.956021E-1
2.305550E+4	4.464062E-1
2.305575E+4	3.796554E-1
2.305600E+4	3.694144E-1
2.305625E+4	3.123627E-1
2.305650E+4	1.216134E-1
2.305675E+4	4.111109E-2
2.305700E+4	4.003751E-2
2.305725E+4	7.704327E-2
2.305750E+4	1.273567E-1
2.305775E+4	1.434661E-1
2.305800E+4	1.109533E-1
2.305825E+4	5.042006E-2
2.305850E+4	3.255258E-2
2.305875E+4	7.346887E-2
2.305900E+4	7.504520E-2
2.305925E+4	6.023294E-2
2.305950E+4	5.429146E-2
2.305975E+4	7.474135E-2
2.306000E+4	1.431932E-1
2.306025E+4	2.791383E-1
2.306050E+4	4.076477E-1
2.306075E+4	3.455386E-1
2.306100E+4	1.750972E-1
2.306125E+4	6.530547E-2
2.306150E+4	6.746472E-2
2.306175E+4	1.684300E-1
2.306200E+4	2.136130E-1
2.306225E+4	1.187822E-1
2.306250E+4	3.327578E-2
2.306275E+4	4.000435E-2
2.306300E+4	1.138563E-1
2.306325E+4	1.661006E-1
2.306350E+4	1.780428E-1
2.306375E+4	2.027757E-1
2.306400E+4	2.431316E-1
2.306425E+4	2.010708E-1
2.306450E+4	1.309049E-1
2.306475E+4	7.750274E-2
2.306500E+4	3.917540E-2
2.306525E+4	1.216604E-1
2.306550E+4	2.424178E-1
2.306575E+4	2.571438E-1
2.306600E+4	2.494524E-1
2.306625E+4	2.230407E-1
2.306650E+4	1.826163E-1
2.306675E+4	1.984520E-1
2.306700E+4	2.258703E-1
2.306725E+4	2.533437E-1
2.306750E+4	2.393699E-1
2.306775E+4	1.142829E-1
2.306800E+4	5.312666E-2
2.306825E+4	4.639189E-2
2.306850E+4	2.011731E-2
2.306875E+4	1.789163E-2
2.306900E+4	4.181286E-2
2.306925E+4	6.489368E-2
2.306950E+4	7.429991E-2
2.306975E+4	4.413066E-2
2.307000E+4	2.622052E-2
2.307025E+4	6.824308E-2
2.307050E+4	1.729509E-1
2.307075E+4	3.182472E-1
2.307100E+4	3.799656E-1
2.307125E+4	3.271466E-1
2.307150E+4	3.218244E-1
2.307175E+4	4.509826E-1
2.307200E+4	5.618343E-1
2.307225E+4	6.116429E-1
2.307250E+4	6.749313E-1
2.307275E+4	6.614860E-1
2.307300E+4	3.595241E-1
2.307325E+4	9.926238E-2
2.307350E+4	1.563905E-2
2.307375E+4	4.213826E-4
2.307400E+4	1.331653E-2
2.307425E+4	5.704792E-2
2.307450E+4	1.145338E-1
2.307475E+4	1.756138E-1
2.307500E+4	2.083335E-1
2.307525E+4	1.698678E-1
2.307550E+4	9.698187E-2
2.307575E+4	4.959482E-2
2.307600E+4	1.283195E-1
2.307625E+4	3.260492E-1
2.307650E+4	2.853604E-1
2.307675E+4	2.314399E-1
2.307700E+4	1.926414E-1
2.307725E+4	1.540157E-1
2.307750E+4	1.045629E-1
2.307775E+4	5.360706E-2
2.307800E+4	5.054620E-2
2.307825E+4	1.322484E-1
2.307850E+4	2.753903E-1
2.307875E+4	4.451639E-1
2.307900E+4	6.027306E-1
2.307925E+4	5.460957E-1
2.307950E+4	2.129134E-1
2.307975E+4	4.915987E-2
2.308000E+4	1.270880E-2
2.308025E+4	2.053341E-3
2.308050E+4	3.270619E-2
2.308075E+4	1.389666E-1
2.308100E+4	1.793963E-1
2.308125E+4	1.504385E-1
2.308150E+4	8.747919E-2
2.308175E+4	2.454411E-2
2.308200E+4	2.888924E-2
2.308225E+4	1.657930E-1
2.308250E+4	4.101587E-1
2.308275E+4	5.810635E-1
2.308300E+4	4.533789E-1
2.308325E+4	1.669819E-1
2.308350E+4	2.411076E-2
2.308375E+4	7.462500E-2
2.308400E+4	1.009758E-1
2.308425E+4	4.440126E-2
2.308450E+4	7.516857E-2
2.308475E+4	1.850844E-1
2.308500E+4	3.541165E-1
2.308525E+4	4.210300E-1
2.308550E+4	8.896178E-2
2.308575E+4	1.602794E-2
2.308600E+4	1.530703E-1
2.308625E+4	3.688707E-1
2.308650E+4	5.180484E-1
2.308675E+4	5.148244E-1
2.308700E+4	6.382870E-1
2.308725E+4	7.755664E-1
2.308750E+4	7.234126E-1
2.308775E+4	4.542645E-1
2.308800E+4	2.359352E-1
2.308825E+4	2.066310E-1
2.308850E+4	2.131716E-1
2.308875E+4	9.859410E-2
2.308900E+4	2.981788E-2
2.308925E+4	1.008939E-1
2.308950E+4	2.596509E-1
2.308975E+4	2.923398E-1
2.309000E+4	1.846828E-1
2.309025E+4	1.051122E-1
2.309050E+4	1.034739E-1
2.309075E+4	1.468307E-1
2.309100E+4	1.464612E-1
2.309125E+4	7.989619E-2
2.309150E+4	2.256083E-2
2.309175E+4	5.847878E-2
2.309200E+4	1.051324E-1
2.309225E+4	1.392326E-1
2.309250E+4	1.570990E-1
2.309275E+4	1.150032E-1
2.309300E+4	2.754732E-2
2.309325E+4	1.312438E-2
2.309350E+4	1.614539E-1
2.309375E+4	3.535246E-1
2.309400E+4	3.445261E-1
2.309425E+4	7.904982E-2
2.309450E+4	3.247221E-1
2.309475E+4	5.197422E-1
2.309500E+4	5.057092E-1
2.309525E+4	4.151602E-1
2.309550E+4	3.069339E-1
2.309575E+4	2.402035E-1
2.309600E+4	2.988506E-1
2.309625E+4	4.274772E-1
2.309650E+4	2.989228E-1
2.309675E+4	6.171154E-2
2.309700E+4	1.015794E-1
2.309725E+4	3.636092E-1
2.309750E+4	5.513261E-1
2.309775E+4	5.020335E-1
2.309800E+4	2.264789E-1
2.309825E+4	9.371139E-2
2.309850E+4	3.818292E-1
2.309875E+4	3.067012E-1
2.309900E+4	2.019577E-1
2.309925E+4	1.471519E-1
2.309950E+4	1.436671E-1
2.309975E+4	2.089168E-1
2.310000E+4	4.032898E-1
2.310025E+4	3.134041E-1
2.310050E+4	1.900055E-1
2.310075E+4	1.438645E-1
2.310100E+4	1.289870E-1
2.310125E+4	1.445156E-1
2.310150E+4	2.020494E-1
2.310175E+4	2.338234E-1
2.310200E+4	2.067141E-1
2.310225E+4	1.897969E-1
2.310250E+4	1.678566E-1
2.310275E+4	1.044403E-1
2.310300E+4	2.815162E-2
2.310325E+4	1.226558E-3
2.310350E+4	1.977729E-2
2.310375E+4	5.441129E-2
2.310400E+4	7.740166E-2
2.310425E+4	7.472903E-2
2.310450E+4	4.527722E-2
2.310475E+4	4.682236E-2
2.310500E+4	1.589601E-1
2.310525E+4	2.545331E-1
2.310550E+4	2.517269E-1
2.310575E+4	1.630147E-1
2.310600E+4	2.922726E-2
2.310625E+4	1.155860E-1
2.310650E+4	4.433106E-1
2.310675E+4	5.074048E-1
2.310700E+4	4.765049E-1
2.310725E+4	4.388882E-1
2.310750E+4	2.868530E-1
2.310775E+4	5.672793E-2
2.310800E+4	2.301325E-2
2.310825E+4	3.477958E-2
2.310850E+4	6.978614E-2
2.310875E+4	1.009142E-1
2.310900E+4	6.447999E-2
2.310925E+4	2.878189E-2
2.310950E+4	1.865873E-2
2.310975E+4	2.797338E-2
2.311000E+4	4.437032E-2
2.311025E+4	4.270447E-2
2.311050E+4	1.948802E-2
2.311075E+4	3.223249E-2
2.311100E+4	8.665177E-2
2.311125E+4	1.849499E-1
2.311150E+4	3.612833E-1
2.311175E+4	5.434947E-1
2.311200E+4	5.064898E-1
2.311225E+4	3.641247E-1
2.311250E+4	3.303311E-1
2.311275E+4	4.910100E-1
2.311300E+4	5.736259E-1
2.311325E+4	4.621755E-1
2.311350E+4	3.345499E-1
2.311375E+4	2.871602E-1
2.311400E+4	3.511054E-1
2.311425E+4	3.870174E-1
2.311450E+4	3.579951E-1
2.311475E+4	2.781241E-1
2.311500E+4	1.522402E-1
2.311525E+4	4.777189E-2
2.311550E+4	6.850317E-3
2.311575E+4	2.063188E-2
2.311600E+4	1.690205E-1
2.311625E+4	3.286555E-1
2.311650E+4	3.345416E-1
2.311675E+4	2.381762E-1
2.311700E+4	8.023288E-2
2.311725E+4	1.435070E-2
2.311750E+4	2.722000E-1
2.311775E+4	4.269772E-1
2.311800E+4	3.756758E-1
2.311825E+4	1.647499E-1
2.311850E+4	5.600976E-2
2.311875E+4	5.546829E-2
2.311900E+4	2.253890E-2
2.311925E+4	4.552918E-3
2.311950E+4	1.528337E-1
2.311975E+4	3.978628E-1
2.312000E+4	3.824220E-1
2.312025E+4	3.405048E-1
2.312050E+4	3.173059E-1
2.312075E+4	2.352609E-1
2.312100E+4	6.570792E-2
2.312125E+4	1.574281E-2
2.312150E+4	2.341148E-1
2.312175E+4	3.087743E-1
2.312200E+4	9.521108E-2
2.312225E+4	6.980471E-4
2.312250E+4	1.241588E-1
2.312275E+4	4.034722E-1
2.312300E+4	5.721791E-1
2.312325E+4	3.815883E-1
2.312350E+4	1.709154E-1
2.312375E+4	1.399990E-1
2.312400E+4	1.640917E-1
2.312425E+4	1.236503E-1
2.312450E+4	7.969605E-2
2.312475E+4	1.204612E-1
2.312500E+4	2.373320E-1
2.312525E+4	3.369918E-1
2.312550E+4	2.445160E-1
2.312575E+4	1.221335E-1
2.312600E+4	9.465168E-2
2.312625E+4	7.955972E-2
2.312650E+4	5.204877E-2
2.312675E+4	2.132400E-2
2.312700E+4	8.350039E-3
2.312725E+4	1.399653E-2
2.312750E+4	2.676537E-2
2.312775E+4	4.504060E-2
2.312800E+4	6.378203E-2
2.312825E+4	7.791132E-2
2.312850E+4	9.790067E-2
2.312875E+4	1.403623E-1
2.312900E+4	2.343649E-1
2.312925E+4	2.272915E-1
2.312950E+4	5.183122E-2
2.312975E+4	2.398751E-2
2.313000E+4	2.149448E-2
2.313025E+4	8.454519E-3
2.313050E+4	4.082902E-2
2.313075E+4	1.245745E-1
2.313100E+4	2.160801E-1
2.313125E+4	2.877000E-1
2.313150E+4	2.799588E-1
2.313175E+4	2.122919E-1
2.313200E+4	1.975296E-1
2.313225E+4	1.979819E-1
2.313250E+4	1.266012E-1
2.313275E+4	6.426318E-2
2.313300E+4	2.487277E-2
2.313325E+4	1.700571E-2
2.313350E+4	4.661444E-2
2.313375E+4	1.648035E-2
2.313400E+4	2.082958E-3
2.313425E+4	1.754694E-2
2.313450E+4	6.997042E-2
2.313475E+4	1.444033E-1
2.313500E+4	6.349270E-2
2.313525E+4	6.476533E-2
2.313550E+4	2.762221E-1
2.313575E+4	4.212567E-1
2.313600E+4	3.929496E-1
2.313625E+4	5.714732E-2
2.313650E+4	2.353255E-1
2.313675E+4	4.378257E-1
2.313700E+4	5.164492E-1
2.313725E+4	5.467134E-1
2.313750E+4	5.487839E-1
2.313775E+4	4.722930E-1
2.313800E+4	3.778770E-1
2.313825E+4	2.660779E-1
2.313850E+4	9.721022E-2
2.313875E+4	3.173094E-3
2.313900E+4	1.153220E-1
2.313925E+4	1.824874E-1
2.313950E+4	1.292800E-1
2.313975E+4	7.250148E-2
2.314000E+4	1.012976E-1
2.314025E+4	1.375023E-1
2.314050E+4	7.499346E-2
2.314075E+4	3.234457E-2
2.314100E+4	2.091910E-1
2.314125E+4	1.726315E-1
2.314150E+4	6.347617E-2
2.314175E+4	1.710617E-2
2.314200E+4	5.731314E-2
2.314225E+4	1.054472E-1
2.314250E+4	8.917661E-2
2.314275E+4	1.822943E-2
2.314300E+4	1.002835E-2
2.314325E+4	4.443886E-2
2.314350E+4	3.205426E-2
2.314375E+4	1.881884E-2
2.314400E+4	1.398462E-1
2.314425E+4	3.708834E-1
2.314450E+4	5.362540E-1
2.314475E+4	5.375179E-1
2.314500E+4	4.135203E-1
2.314525E+4	5.421042E-1
2.314550E+4	7.240873E-1
2.314575E+4	7.567100E-1
2.314600E+4	6.208598E-1
2.314625E+4	2.382854E-1
2.314650E+4	4.848983E-3
2.314675E+4	1.479109E-1
2.314700E+4	2.162351E-1
2.314725E+4	1.760351E-1
2.314750E+4	7.338232E-2
2.314775E+4	1.691687E-3
2.314800E+4	3.350647E-2
2.314825E+4	1.110008E-1
2.314850E+4	1.858153E-1
2.314875E+4	1.859612E-1
2.314900E+4	8.086113E-2
2.314925E+4	1.939373E-2
2.314950E+4	6.432033E-2
2.314975E+4	1.940615E-1
2.315000E+4	2.450892E-1
2.315025E+4	1.979529E-1
2.315050E+4	2.033481E-1
2.315075E+4	2.496871E-1
2.315100E+4	2.680518E-1
2.315125E+4	1.958655E-1
2.315150E+4	8.416576E-2
2.315175E+4	1.065722E-1
2.315200E+4	2.501478E-1
2.315225E+4	3.945681E-1
2.315250E+4	4.737266E-1
2.315275E+4	4.046777E-1
2.315300E+4	1.298635E-1
2.315325E+4	4.587120E-2
2.315350E+4	2.650446E-1
2.315375E+4	4.055730E-1
2.315400E+4	3.783505E-1
2.315425E+4	2.692616E-1
2.315450E+4	8.202523E-2
2.315475E+4	2.740418E-2
2.315500E+4	1.479075E-1
2.315525E+4	2.336324E-1
2.315550E+4	3.128318E-1
2.315575E+4	4.088219E-1
2.315600E+4	5.105723E-1
2.315625E+4	4.904018E-1
2.315650E+4	2.305421E-1
2.315675E+4	6.803941E-2
2.315700E+4	1.352697E-1
2.315725E+4	2.746152E-1
2.315750E+4	2.781378E-1
2.315775E+4	1.999741E-1
2.315800E+4	1.447121E-1
2.315825E+4	1.359387E-1
2.315850E+4	1.222329E-2
2.315875E+4	1.138898E-3
2.315900E+4	9.409234E-4
2.315925E+4	8.951566E-5
2.315950E+4	7.972817E-3
2.315975E+4	4.681494E-2
2.316000E+4	1.290858E-1
2.316025E+4	2.215407E-1
2.316050E+4	2.872577E-1
2.316075E+4	3.074620E-1
2.316100E+4	2.910552E-1
2.316125E+4	2.215661E-1
2.316150E+4	7.269719E-2
2.316175E+4	9.166616E-3
2.316200E+4	7.164955E-2
2.316225E+4	7.304613E-2
2.316250E+4	2.219938E-2
2.316275E+4	1.251294E-2
2.316300E+4	9.162217E-2
2.316325E+4	1.852661E-1
2.316350E+4	1.875227E-1
2.316375E+4	9.369637E-2
2.316400E+4	2.823860E-2
2.316425E+4	7.572931E-2
2.316450E+4	1.476914E-1
2.316475E+4	1.661933E-1
2.316500E+4	1.556887E-1
2.316525E+4	1.309301E-1
2.316550E+4	7.726143E-2
2.316575E+4	4.371167E-2
2.316600E+4	1.559829E-1
2.316625E+4	2.848069E-1
2.316650E+4	2.151919E-1
2.316675E+4	4.240774E-2
2.316700E+4	4.247107E-2
2.316725E+4	1.997731E-1
2.316750E+4	2.937355E-1
2.316775E+4	2.129522E-1
2.316800E+4	5.893245E-2
2.316825E+4	6.386337E-2
2.316850E+4	3.808923E-1
2.316875E+4	5.592434E-1
2.316900E+4	3.292723E-1
2.316925E+4	6.013858E-2
2.316950E+4	5.928787E-2
2.316975E+4	3.744083E-1
2.317000E+4	5.692366E-1
2.317025E+4	4.742781E-1
2.317050E+4	2.658826E-1
2.317075E+4	8.131638E-2
2.317100E+4	6.740346E-3
2.317125E+4	1.087373E-1
2.317150E+4	2.705607E-1
2.317175E+4	2.232376E-1
2.317200E+4	1.115622E-1
2.317225E+4	3.136509E-2
2.317250E+4	3.971662E-3
2.317275E+4	4.434646E-2
2.317300E+4	1.226756E-1
2.317325E+4	2.104619E-1
2.317350E+4	2.544401E-1
2.317375E+4	2.226166E-1
2.317400E+4	1.988529E-1
2.317425E+4	1.857033E-1
2.317450E+4	1.720240E-1
2.317475E+4	1.521240E-1
2.317500E+4	1.182020E-1
2.317525E+4	6.312921E-2
2.317550E+4	1.533073E-2
2.317575E+4	5.170599E-2
2.317600E+4	1.407244E-1
2.317625E+4	1.630941E-1
2.317650E+4	1.211126E-1
2.317675E+4	5.337405E-2
2.317700E+4	1.053833E-2
2.317725E+4	5.856706E-2
2.317750E+4	1.607813E-1
2.317775E+4	1.905613E-1
2.317800E+4	1.322243E-1
2.317825E+4	6.593905E-2
2.317850E+4	3.754486E-2
2.317875E+4	2.435971E-2
2.317900E+4	2.316045E-2
2.317925E+4	6.701026E-2
2.317950E+4	2.219371E-1
2.317975E+4	3.241343E-1
2.318000E+4	3.375544E-1
2.318025E+4	3.702721E-1
2.318050E+4	4.000040E-1
2.318075E+4	3.917127E-1
2.318100E+4	2.951724E-1
2.318125E+4	1.626047E-1
2.318150E+4	1.250746E-1
2.318175E+4	1.057823E-1
2.318200E+4	7.680520E-2
2.318225E+4	5.443847E-2
2.318250E+4	5.084532E-2
2.318275E+4	8.275217E-2
2.318300E+4	1.836024E-1
2.318325E+4	3.016884E-1
2.318350E+4	3.473828E-1
2.318375E+4	3.113330E-1
2.318400E+4	1.490903E-1
2.318425E+4	5.276862E-2
2.318450E+4	2.761112E-1
2.318475E+4	3.390179E-1
2.318500E+4	3.116651E-1
2.318525E+4	2.093199E-1
2.318550E+4	9.060633E-2
2.318575E+4	9.051707E-2
2.318600E+4	1.499469E-1
2.318625E+4	2.480643E-1
2.318650E+4	4.366816E-1
2.318675E+4	5.504534E-1
2.318700E+4	5.457515E-1
2.318725E+4	5.127064E-1
2.318750E+4	4.434421E-1
2.318775E+4	2.728073E-1
2.318800E+4	9.728408E-2
2.318825E+4	6.386130E-2
2.318850E+4	4.459171E-2
2.318875E+4	1.220402E-3
2.318900E+4	3.848280E-2
2.318925E+4	1.129765E-1
2.318950E+4	1.607360E-1
2.318975E+4	1.666290E-1
2.319000E+4	1.288211E-1
2.319025E+4	5.850719E-2
2.319050E+4	2.907867E-3
2.319075E+4	2.307777E-2
2.319100E+4	8.143358E-2
2.319125E+4	1.201109E-1
2.319150E+4	1.240702E-1
2.319175E+4	9.584051E-2
2.319200E+4	5.839322E-2
2.319225E+4	5.575598E-2
2.319250E+4	1.856901E-1
2.319275E+4	4.648508E-1
2.319300E+4	5.967919E-1
2.319325E+4	5.677248E-1
2.319350E+4	4.411076E-1
2.319375E+4	1.920825E-1
2.319400E+4	1.159944E-1
2.319425E+4	1.619224E-1
2.319450E+4	1.594178E-1
2.319475E+4	8.645497E-2
2.319500E+4	4.975582E-2
2.319525E+4	9.970763E-2
2.319550E+4	1.664223E-1
2.319575E+4	2.085642E-1
2.319600E+4	1.230555E-1
2.319625E+4	6.832813E-2
2.319650E+4	1.644515E-1
2.319675E+4	3.579917E-1
2.319700E+4	4.284823E-1
2.319725E+4	1.794894E-1
2.319750E+4	7.243879E-2
2.319775E+4	6.047524E-2
2.319800E+4	8.678828E-2
2.319825E+4	1.117140E-1
2.319850E+4	7.565353E-2
2.319875E+4	8.158376E-2
2.319900E+4	1.637075E-1
2.319925E+4	2.345433E-1
2.319950E+4	2.768227E-1
2.319975E+4	2.819299E-1
2.320000E+4	1.971630E-1
2.320025E+4	2.294463E-2
2.320050E+4	4.700455E-1
2.320075E+4	6.476539E-1
2.320100E+4	6.717403E-1
2.320125E+4	6.201496E-1
2.320150E+4	5.123016E-1
2.320175E+4	3.831449E-1
2.320200E+4	2.800664E-1
2.320225E+4	2.086374E-1
2.320250E+4	1.449980E-1
2.320275E+4	1.107653E-1
2.320300E+4	1.086285E-1
2.320325E+4	8.367080E-2
2.320350E+4	3.439272E-2
2.320375E+4	5.099559E-2
2.320400E+4	2.785737E-1
2.320425E+4	3.767151E-1
2.320450E+4	1.216875E-1
2.320475E+4	4.457442E-3
2.320500E+4	9.939337E-2
2.320525E+4	3.345534E-1
2.320550E+4	3.810120E-1
2.320575E+4	1.671710E-1
2.320600E+4	7.566783E-2
2.320625E+4	1.454704E-1
2.320650E+4	1.698246E-1
2.320675E+4	7.297774E-2
2.320700E+4	6.001788E-3
2.320725E+4	1.577540E-1
2.320750E+4	3.895355E-1
2.320775E+4	4.726802E-1
2.320800E+4	3.815440E-1
2.320825E+4	1.300155E-1
2.320850E+4	8.753520E-2
2.320875E+4	1.442410E-1
2.320900E+4	9.627052E-2
2.320925E+4	9.059546E-2
2.320950E+4	1.491572E-1
2.320975E+4	2.536055E-1
2.321000E+4	2.875206E-1
2.321025E+4	1.284206E-1
2.321050E+4	3.083660E-2
2.321075E+4	8.021776E-3
2.321100E+4	9.856535E-3
2.321125E+4	5.640967E-2
2.321150E+4	1.764370E-1
2.321175E+4	2.540190E-1
2.321200E+4	1.916082E-1
2.321225E+4	1.687470E-1
2.321250E+4	2.628475E-1
2.321275E+4	3.352237E-1
2.321300E+4	3.298098E-1
2.321325E+4	2.304198E-1
2.321350E+4	7.714236E-2
2.321375E+4	2.104892E-2
2.321400E+4	6.473882E-2
2.321425E+4	1.281767E-1
2.321450E+4	1.468188E-1
2.321475E+4	6.595360E-2
2.321500E+4	2.001204E-2
2.321525E+4	4.519826E-2
2.321550E+4	7.555776E-2
2.321575E+4	8.594526E-2
2.321600E+4	9.190987E-2
2.321625E+4	1.462757E-1
2.321650E+4	2.545694E-1
2.321675E+4	3.319544E-1
2.321700E+4	3.298984E-1
2.321725E+4	2.726900E-1
2.321750E+4	2.284631E-1
2.321775E+4	2.708292E-1
2.321800E+4	2.973168E-1
2.321825E+4	2.190145E-1
2.321850E+4	1.095318E-1
2.321875E+4	3.347450E-2
2.321900E+4	5.403744E-2
2.321925E+4	1.823127E-1
2.321950E+4	2.287766E-1
2.321975E+4	1.497535E-1
2.322000E+4	1.015125E-1
2.322025E+4	1.600458E-1
2.322050E+4	3.243151E-1
2.322075E+4	3.749068E-1
2.322100E+4	2.314340E-1
2.322125E+4	1.196283E-1
2.322150E+4	5.487726E-2
2.322175E+4	8.634988E-3
2.322200E+4	3.259573E-2
2.322225E+4	2.105529E-1
2.322250E+4	4.159719E-1
2.322275E+4	4.335045E-1
2.322300E+4	2.287404E-1
2.322325E+4	5.048316E-2
2.322350E+4	1.289084E-2
2.322375E+4	3.928727E-2
2.322400E+4	5.575337E-2
2.322425E+4	4.170449E-2
2.322450E+4	3.140440E-2
2.322475E+4	4.971141E-2
2.322500E+4	8.214164E-2
2.322525E+4	1.949576E-1
2.322550E+4	3.067755E-1
2.322575E+4	3.931918E-1
2.322600E+4	4.662944E-1
2.322625E+4	4.609136E-1
2.322650E+4	2.704895E-1
2.322675E+4	8.677726E-2
2.322700E+4	2.788642E-2
2.322725E+4	3.983398E-2
2.322750E+4	2.484172E-1
2.322775E+4	7.418555E-1
2.322800E+4	5.660948E-1
2.322825E+4	4.674780E-1
2.322850E+4	4.707669E-1
2.322875E+4	5.053971E-1
2.322900E+4	4.725955E-1
2.322925E+4	3.454419E-1
2.322950E+4	2.166850E-1
2.322975E+4	1.232474E-1
2.323000E+4	3.875134E-2
2.323025E+4	1.547268E-2
2.323050E+4	3.840257E-2
2.323075E+4	2.012837E-2
2.323100E+4	7.609446E-4
2.323125E+4	3.634196E-2
2.323150E+4	9.527945E-2
2.323175E+4	8.294286E-2
2.323200E+4	7.561753E-2
2.323225E+4	1.455543E-1
2.323250E+4	3.357529E-1
2.323275E+4	4.925884E-1
2.323300E+4	4.823391E-1
2.323325E+4	3.728247E-1
2.323350E+4	2.296598E-1
2.323375E+4	1.324993E-1
2.323400E+4	9.213549E-2
2.323425E+4	1.155352E-1
2.323450E+4	2.948683E-1
2.323475E+4	4.903835E-1
2.323500E+4	5.666352E-1
2.323525E+4	5.530261E-1
2.323550E+4	4.481651E-1
2.323575E+4	2.159190E-1
2.323600E+4	7.686212E-3
2.323625E+4	1.025016E-1
2.323650E+4	2.722973E-1
2.323675E+4	3.398176E-1
2.323700E+4	3.267544E-1
2.323725E+4	3.143337E-1
2.323750E+4	3.728054E-1
2.323775E+4	3.683919E-1
2.323800E+4	2.822499E-1
2.323825E+4	2.032753E-1
2.323850E+4	1.445431E-1
2.323875E+4	1.276368E-1
2.323900E+4	1.816306E-1
2.323925E+4	1.881341E-1
2.323950E+4	1.525654E-1
2.323975E+4	8.908962E-2
2.324000E+4	4.176720E-2
2.324025E+4	4.961478E-2
2.324050E+4	4.777857E-2
2.324075E+4	3.210908E-2
2.324100E+4	3.882382E-2
2.324125E+4	9.728254E-2
2.324150E+4	1.901583E-1
2.324175E+4	2.392386E-1
2.324200E+4	2.066943E-1
2.324225E+4	1.279934E-1
2.324250E+4	4.846389E-2
2.324275E+4	7.496974E-2
2.324300E+4	2.767008E-1
2.324325E+4	1.713108E-1
2.324350E+4	4.452541E-2
2.324375E+4	5.075995E-3
2.324400E+4	6.765919E-2
2.324425E+4	1.907495E-1
2.324450E+4	2.899063E-1
2.324475E+4	3.679676E-1
2.324500E+4	4.755447E-1
2.324525E+4	5.859981E-1
2.324550E+4	6.100070E-1
2.324575E+4	4.274689E-1
2.324600E+4	1.553631E-1
2.324625E+4	3.668397E-2
2.324650E+4	1.192155E-1
2.324675E+4	4.440148E-1
2.324700E+4	4.997808E-1
2.324725E+4	2.451671E-1
2.324750E+4	1.130608E-1
2.324775E+4	7.648173E-2
2.324800E+4	1.319663E-1
2.324825E+4	2.883866E-1
2.324850E+4	5.194685E-1
2.324875E+4	7.308497E-1
2.324900E+4	7.603646E-1
2.324925E+4	5.929585E-1
2.324950E+4	3.301327E-1
2.324975E+4	1.186880E-1
2.325000E+4	1.636547E-1
2.325025E+4	2.697288E-1
2.325050E+4	2.903061E-1
2.325075E+4	2.580712E-1
2.325100E+4	2.025537E-1
2.325125E+4	1.671163E-1
2.325150E+4	2.061052E-1
2.325175E+4	2.776567E-1
2.325200E+4	3.202578E-1
2.325225E+4	2.776479E-1
2.325250E+4	1.793148E-1
2.325275E+4	1.220416E-1
2.325300E+4	9.785014E-2
2.325325E+4	7.493211E-2
2.325350E+4	5.614628E-2
2.325375E+4	9.389086E-2
2.325400E+4	1.581097E-1
2.325425E+4	1.759753E-1
2.325450E+4	1.696050E-1
2.325475E+4	1.957367E-1
2.325500E+4	3.286227E-1
2.325525E+4	4.681051E-1
2.325550E+4	4.595715E-1
2.325575E+4	3.763104E-1
2.325600E+4	2.492960E-1
2.325625E+4	8.265372E-2
2.325650E+4	8.129552E-2
2.325675E+4	4.239503E-1
2.325700E+4	4.013588E-1
2.325725E+4	2.100009E-1
2.325750E+4	1.334336E-1
2.325775E+4	1.150348E-1
2.325800E+4	1.078528E-1
2.325825E+4	7.648602E-2
2.325850E+4	4.419435E-2
2.325875E+4	5.460480E-2
2.325900E+4	7.375310E-2
2.325925E+4	8.024332E-2
2.325950E+4	8.921531E-2
2.325975E+4	2.202661E-1
2.326000E+4	4.906232E-1
2.326025E+4	6.989660E-1
2.326050E+4	6.622907E-1
2.326075E+4	4.104057E-1
2.326100E+4	1.875783E-1
2.326125E+4	1.175176E-1
2.326150E+4	2.056993E-1
2.326175E+4	3.874801E-1
2.326200E+4	3.113690E-1
2.326225E+4	1.523641E-1
2.326250E+4	1.812823E-1
2.326275E+4	2.919974E-1
2.326300E+4	3.785984E-1
2.326325E+4	3.172542E-1
2.326350E+4	1.767223E-1
2.326375E+4	1.051255E-1
2.326400E+4	9.402533E-2
2.326425E+4	7.947534E-2
2.326450E+4	2.008932E-2
2.326475E+4	9.130084E-3
2.326500E+4	7.553309E-3
2.326525E+4	8.827592E-3
2.326550E+4	9.587727E-2
2.326575E+4	2.021868E-1
2.326600E+4	1.895458E-1
2.326625E+4	1.159949E-1
2.326650E+4	9.822790E-2
2.326675E+4	2.836221E-1
2.326700E+4	4.448907E-1
2.326725E+4	4.638113E-1
2.326750E+4	3.705983E-1
2.326775E+4	1.950675E-1
2.326800E+4	3.540735E-1
2.326825E+4	4.350732E-1
2.326850E+4	3.222013E-1
2.326875E+4	1.460784E-1
2.326900E+4	2.697401E-2
2.326925E+4	3.248753E-2
2.326950E+4	6.303455E-2
2.326975E+4	3.503066E-2
2.327000E+4	1.505124E-2
2.327025E+4	2.093542E-2
2.327050E+4	3.417927E-2
2.327075E+4	4.392515E-2
2.327100E+4	4.190606E-2
2.327125E+4	3.922060E-2
2.327150E+4	5.523929E-2
2.327175E+4	1.078111E-1
2.327200E+4	2.139403E-1
2.327225E+4	3.222737E-1
2.327250E+4	3.008287E-1
2.327275E+4	1.477888E-1
2.327300E+4	1.454435E-2
2.327325E+4	3.697760E-2
2.327350E+4	1.999711E-1
2.327375E+4	4.065611E-1
2.327400E+4	5.141189E-1
2.327425E+4	3.230201E-1
2.327450E+4	1.553269E-1
2.327475E+4	3.617226E-1
2.327500E+4	6.691510E-1
2.327525E+4	7.626841E-1
2.327550E+4	5.389444E-1
2.327575E+4	2.804820E-1
2.327600E+4	1.982707E-1
2.327625E+4	2.518727E-1
2.327650E+4	2.835228E-1
2.327675E+4	1.072159E-1
2.327700E+4	6.854294E-3
2.327725E+4	8.459560E-2
2.327750E+4	1.602941E-1
2.327775E+4	2.596854E-2
2.327800E+4	3.781301E-2
2.327825E+4	1.212001E-1
2.327850E+4	2.111778E-1
2.327875E+4	2.883794E-1
2.327900E+4	2.176680E-1
2.327925E+4	5.014680E-2
2.327950E+4	8.537375E-3
2.327975E+4	3.096501E-2
2.328000E+4	2.083128E-1
2.328025E+4	2.656878E-1
2.328050E+4	1.934913E-1
2.328075E+4	1.474476E-1
2.328100E+4	1.686040E-1
2.328125E+4	2.476373E-1
2.328150E+4	2.536429E-1
2.328175E+4	1.881036E-1
2.328200E+4	1.083854E-1
2.328225E+4	3.009645E-1
2.328250E+4	4.914616E-1
2.328275E+4	2.703832E-1
2.328300E+4	4.764815E-2
2.328325E+4	3.738053E-2
2.328350E+4	1.349948E-1
2.328375E+4	1.831471E-1
2.328400E+4	1.560003E-1
2.328425E+4	9.152592E-2
2.328450E+4	5.356082E-2
2.328475E+4	5.431036E-2
2.328500E+4	5.374889E-2
2.328525E+4	5.713969E-2
2.328550E+4	6.443822E-2
2.328575E+4	7.059552E-2
2.328600E+4	6.273023E-2
2.328625E+4	4.804814E-3
2.328650E+4	3.883115E-2
2.328675E+4	1.190573E-1
2.328700E+4	2.441166E-1
2.328725E+4	4.613261E-1
2.328750E+4	7.113729E-1
2.328775E+4	8.093708E-1
2.328800E+4	7.718412E-1
2.328825E+4	6.800428E-1
2.328850E+4	4.744142E-1
2.328875E+4	1.332265E-1
2.328900E+4	1.794562E-1
2.328925E+4	5.820219E-1
2.328950E+4	5.405390E-1
2.328975E+4	3.215420E-1
2.329000E+4	9.798369E-2
2.329025E+4	6.957652E-2
2.329050E+4	2.251232E-1
2.329075E+4	3.614911E-1
2.329100E+4	4.355014E-1
2.329125E+4	3.609305E-1
2.329150E+4	1.233132E-1
2.329175E+4	1.883786E-2
2.329200E+4	2.342114E-2
2.329225E+4	6.119616E-2
2.329250E+4	1.019114E-1
2.329275E+4	9.050007E-2
2.329300E+4	5.760829E-2
2.329325E+4	3.591563E-2
2.329350E+4	1.508410E-2
2.329375E+4	1.408479E-2
2.329400E+4	2.751793E-2
2.329425E+4	2.602682E-2
2.329450E+4	2.005492E-2
2.329475E+4	3.961175E-2
2.329500E+4	9.283933E-2
2.329525E+4	1.432405E-1
2.329550E+4	1.728667E-1
2.329575E+4	1.761101E-1
2.329600E+4	1.841378E-1
2.329625E+4	2.031942E-1
2.329650E+4	2.198742E-1
2.329675E+4	2.422336E-1
2.329700E+4	2.648122E-1
2.329725E+4	1.867265E-1
2.329750E+4	5.681979E-2
2.329775E+4	4.425343E-2
2.329800E+4	8.622375E-2
2.329825E+4	1.334587E-1
2.329850E+4	1.633545E-1
2.329875E+4	2.042571E-1
2.329900E+4	3.236290E-1
2.329925E+4	4.828993E-1
2.329950E+4	4.884063E-1
2.329975E+4	4.793533E-1
2.330000E+4	5.130387E-1
2.330025E+4	5.030067E-1
2.330050E+4	3.788675E-1
2.330075E+4	2.075117E-1
2.330100E+4	7.191163E-2
2.330125E+4	7.035702E-3
2.330150E+4	1.845445E-2
2.330175E+4	8.700022E-2
2.330200E+4	1.628566E-1
2.330225E+4	2.045951E-1
2.330250E+4	2.694920E-1
2.330275E+4	4.022334E-1
2.330300E+4	5.432281E-1
2.330325E+4	4.557911E-1
2.330350E+4	1.182369E-1
2.330375E+4	3.355693E-2
2.330400E+4	4.447523E-1
2.330425E+4	9.107754E-1
2.330450E+4	8.380399E-1
2.330475E+4	4.627334E-1
2.330500E+4	1.324764E-1
2.330525E+4	1.283405E-2
2.330550E+4	2.002248E-1
2.330575E+4	4.516896E-1
2.330600E+4	2.093639E-1
2.330625E+4	8.461186E-2
2.330650E+4	1.619029E-1
2.330675E+4	2.421348E-1
2.330700E+4	2.467668E-1
2.330725E+4	1.474875E-1
2.330750E+4	4.857930E-2
2.330775E+4	9.550358E-2
2.330800E+4	1.178355E-1
2.330825E+4	6.992347E-2
2.330850E+4	7.749968E-2
2.330875E+4	1.540709E-1
2.330900E+4	2.518872E-1
2.330925E+4	4.519093E-1
2.330950E+4	8.420979E-1
2.330975E+4	7.600222E-1
2.331000E+4	5.570585E-1
2.331025E+4	3.202600E-1
2.331050E+4	9.515181E-2
2.331075E+4	1.175640E-1
2.331100E+4	2.032896E-1
2.331125E+4	2.143930E-1
2.331150E+4	1.530767E-1
2.331175E+4	8.679728E-2
2.331200E+4	6.059368E-2
2.331225E+4	3.980430E-2
2.331250E+4	2.392724E-2
2.331275E+4	2.330506E-2
2.331300E+4	4.769261E-2
2.331325E+4	1.099667E-1
2.331350E+4	1.159013E-1
2.331375E+4	5.552930E-2
2.331400E+4	3.913022E-2
2.331425E+4	1.495242E-2
2.331450E+4	6.151445E-2
2.331475E+4	2.776309E-1
2.331500E+4	4.006046E-1
2.331525E+4	3.683108E-1
2.331550E+4	2.142409E-1
2.331575E+4	6.357610E-2
2.331600E+4	1.173570E-1
2.331625E+4	2.552292E-1
2.331650E+4	2.774099E-1
2.331675E+4	1.648188E-1
2.331700E+4	2.438673E-2
2.331725E+4	1.176260E-1
2.331750E+4	1.977665E-1
2.331775E+4	1.705080E-1
2.331800E+4	1.247702E-1
2.331825E+4	8.463795E-2
2.331850E+4	6.673998E-2
2.331875E+4	8.464809E-2
2.331900E+4	1.079370E-1
2.331925E+4	1.255873E-1
2.331950E+4	1.314472E-1
2.331975E+4	9.288775E-2
2.332000E+4	2.007327E-2
2.332025E+4	1.253983E-3
2.332050E+4	2.318355E-2
2.332075E+4	4.413308E-2
2.332100E+4	3.694307E-2
2.332125E+4	6.107842E-3
2.332150E+4	1.956929E-2
2.332175E+4	1.466151E-1
2.332200E+4	2.951964E-1
2.332225E+4	3.527404E-1
2.332250E+4	3.166011E-1
2.332275E+4	2.322614E-1
2.332300E+4	1.537678E-1
2.332325E+4	1.055087E-1
2.332350E+4	8.417863E-2
2.332375E+4	7.391112E-2
2.332400E+4	2.195530E-2
2.332425E+4	4.034460E-3
2.332450E+4	3.303211E-2
2.332475E+4	8.853632E-2
2.332500E+4	1.463420E-1
2.332525E+4	1.266465E-1
2.332550E+4	1.138686E-1
2.332575E+4	1.366385E-1
2.332600E+4	1.799609E-1
2.332625E+4	2.107969E-1
2.332650E+4	1.700589E-1
2.332675E+4	1.649019E-1
2.332700E+4	2.136293E-1
2.332725E+4	2.114443E-1
2.332750E+4	1.681958E-1
2.332775E+4	1.549446E-1
2.332800E+4	2.115104E-1
2.332825E+4	2.769373E-1
2.332850E+4	1.988373E-1
2.332875E+4	1.085217E-1
2.332900E+4	7.564825E-2
2.332925E+4	1.083358E-1
2.332950E+4	2.225042E-1
2.332975E+4	2.816500E-1
2.333000E+4	2.079471E-1
2.333025E+4	7.865279E-2
2.333050E+4	1.209340E-2
2.333075E+4	2.770964E-1
2.333100E+4	4.584062E-1
2.333125E+4	5.030313E-1
2.333150E+4	4.785526E-1
2.333175E+4	3.277990E-1
2.333200E+4	1.213699E-1
2.333225E+4	1.959989E-2
2.333250E+4	5.557245E-2
2.333275E+4	2.571656E-1
2.333300E+4	5.056977E-1
2.333325E+4	6.025082E-1
2.333350E+4	5.965312E-1
2.333375E+4	5.120751E-1
2.333400E+4	2.751976E-1
2.333425E+4	1.383572E-1
2.333450E+4	2.606943E-1
2.333475E+4	4.538743E-1
2.333500E+4	5.067923E-1
2.333525E+4	4.119904E-1
2.333550E+4	2.828519E-1
2.333575E+4	1.689584E-1
2.333600E+4	8.298696E-2
2.333625E+4	7.060370E-2
2.333650E+4	2.146522E-1
2.333675E+4	4.177282E-1
2.333700E+4	5.545016E-1
2.333725E+4	3.702759E-1
2.333750E+4	1.359592E-1
2.333775E+4	7.469534E-2
2.333800E+4	5.213202E-2
2.333825E+4	2.477699E-2
2.333850E+4	2.356221E-2
2.333875E+4	8.616772E-2
2.333900E+4	1.057289E-1
2.333925E+4	1.140711E-1
2.333950E+4	1.146404E-1
2.333975E+4	7.291603E-2
2.334000E+4	1.782173E-2
2.334025E+4	8.722920E-3
2.334050E+4	2.197842E-2
2.334075E+4	7.116991E-2
2.334100E+4	1.613389E-1
2.334125E+4	1.853384E-1
2.334150E+4	7.758480E-2
2.334175E+4	6.831959E-3
2.334200E+4	1.751539E-2
2.334225E+4	9.682540E-2
2.334250E+4	2.222797E-1
2.334275E+4	2.407294E-1
2.334300E+4	1.767118E-1
2.334325E+4	1.341834E-1
2.334350E+4	1.284668E-1
2.334375E+4	2.062511E-1
2.334400E+4	2.658690E-1
2.334425E+4	2.854793E-1
2.334450E+4	3.065873E-1
2.334475E+4	3.087073E-1
2.334500E+4	2.271846E-1
2.334525E+4	1.220096E-1
2.334550E+4	1.794035E-1
2.334575E+4	3.008498E-1
2.334600E+4	3.949160E-1
2.334625E+4	3.769866E-1
2.334650E+4	1.290255E-1
2.334675E+4	1.345218E-2
2.334700E+4	4.389971E-2
2.334725E+4	2.509102E-3
2.334750E+4	3.162292E-2
2.334775E+4	1.582886E-1
2.334800E+4	3.574315E-1
2.334825E+4	5.524651E-1
2.334850E+4	2.013440E-1
2.334875E+4	3.650133E-2
2.334900E+4	2.626930E-1
2.334925E+4	4.922045E-1
2.334950E+4	6.860414E-1
2.334975E+4	6.649815E-1
2.335000E+4	2.425403E-1
2.335025E+4	6.725669E-2
2.335050E+4	7.859401E-2
2.335075E+4	9.083039E-2
2.335100E+4	7.423830E-2
2.335125E+4	4.155812E-2
2.335150E+4	2.463510E-2
2.335175E+4	2.093918E-2
2.335200E+4	1.802294E-2
2.335225E+4	1.720390E-2
2.335250E+4	1.385704E-2
2.335275E+4	4.756397E-3
2.335300E+4	6.222765E-3
2.335325E+4	4.085785E-2
2.335350E+4	6.548884E-2
2.335375E+4	3.258125E-2
2.335400E+4	3.420703E-3
2.335425E+4	3.916646E-2
2.335450E+4	1.056887E-1
2.335475E+4	1.250320E-1
2.335500E+4	8.170256E-2
2.335525E+4	1.582447E-2
2.335550E+4	1.598372E-2
2.335575E+4	1.333634E-1
2.335600E+4	2.180715E-1
2.335625E+4	2.080798E-1
2.335650E+4	1.432253E-1
2.335675E+4	6.262968E-2
2.335700E+4	1.362765E-1
2.335725E+4	3.934302E-1
2.335750E+4	3.930097E-1
2.335775E+4	3.098597E-1
2.335800E+4	2.007289E-1
2.335825E+4	5.656641E-2
2.335850E+4	2.474269E-2
2.335875E+4	1.913759E-1
2.335900E+4	3.096241E-1
2.335925E+4	3.633977E-1
2.335950E+4	3.753840E-1
2.335975E+4	3.468381E-1
2.336000E+4	2.693384E-1
2.336025E+4	1.576806E-1
2.336050E+4	7.441334E-2
2.336075E+4	5.317508E-2
2.336100E+4	7.707140E-2
2.336125E+4	1.302422E-1
2.336150E+4	1.890195E-1
2.336175E+4	1.320816E-1
2.336200E+4	4.715468E-2
2.336225E+4	9.758593E-2
2.336250E+4	1.691300E-1
2.336275E+4	2.163621E-1
2.336300E+4	2.348986E-1
2.336325E+4	2.166669E-1
2.336350E+4	1.335410E-1
2.336375E+4	9.575143E-2
2.336400E+4	3.905681E-1
2.336425E+4	4.686310E-1
2.336450E+4	3.111486E-1
2.336475E+4	1.482529E-1
2.336500E+4	5.394503E-2
2.336525E+4	1.199015E-2
2.336550E+4	7.816329E-4
2.336575E+4	4.214905E-3
2.336600E+4	4.496766E-3
2.336625E+4	1.177995E-2
2.336650E+4	3.424807E-2
2.336675E+4	6.851122E-2
2.336700E+4	8.135450E-2
2.336725E+4	7.110485E-2
2.336750E+4	4.688994E-2
2.336775E+4	1.429546E-2
2.336800E+4	5.013154E-3
2.336825E+4	4.885492E-2
2.336850E+4	1.080305E-1
2.336875E+4	9.413385E-2
2.336900E+4	1.055740E-2
2.336925E+4	5.944395E-2
2.336950E+4	1.192097E-1
2.336975E+4	1.289463E-1
2.337000E+4	7.347104E-2
2.337025E+4	3.087002E-2
2.337050E+4	1.720716E-1
2.337075E+4	3.832843E-1
2.337100E+4	4.631008E-1
2.337125E+4	4.226588E-1
2.337150E+4	3.824827E-1
2.337175E+4	3.964695E-1
2.337200E+4	3.822270E-1
2.337225E+4	1.721671E-1
2.337250E+4	2.112207E-2
2.337275E+4	5.910653E-3
2.337300E+4	8.690433E-2
2.337325E+4	1.936128E-1
2.337350E+4	1.528112E-1
2.337375E+4	9.596691E-2
2.337400E+4	4.871815E-2
2.337425E+4	1.112788E-2
2.337450E+4	6.467743E-3
2.337475E+4	4.031525E-2
2.337500E+4	6.488422E-2
2.337525E+4	8.585032E-2
2.337550E+4	1.379165E-1
2.337575E+4	1.977656E-1
2.337600E+4	1.941008E-1
2.337625E+4	1.331598E-1
2.337650E+4	6.266957E-2
2.337675E+4	1.174503E-2
2.337700E+4	1.116163E-2
2.337725E+4	6.924897E-2
2.337750E+4	1.380485E-1
2.337775E+4	1.662039E-1
2.337800E+4	1.058576E-1
2.337825E+4	5.268990E-3
2.337850E+4	4.442349E-2
2.337875E+4	1.228782E-1
2.337900E+4	1.396703E-1
2.337925E+4	1.023040E-1
2.337950E+4	9.581844E-2
2.337975E+4	2.219955E-1
2.338000E+4	2.186540E-1
2.338025E+4	9.621934E-2
2.338050E+4	1.080780E-2
2.338075E+4	7.204113E-2
2.338100E+4	1.590257E-1
2.338125E+4	2.265160E-1
2.338150E+4	3.480894E-1
2.338175E+4	4.900260E-1
2.338200E+4	5.317049E-1
2.338225E+4	4.567206E-1
2.338250E+4	2.988079E-1
2.338275E+4	7.083181E-2
2.338300E+4	1.005747E-1
2.338325E+4	3.232516E-1
2.338350E+4	4.019411E-1
2.338375E+4	4.604499E-1
2.338400E+4	4.966673E-1
2.338425E+4	3.831381E-1
2.338450E+4	2.478299E-1
2.338475E+4	1.847114E-1
2.338500E+4	1.353621E-1
2.338525E+4	5.781098E-2
2.338550E+4	8.791251E-2
2.338575E+4	2.321216E-1
2.338600E+4	3.872293E-1
2.338625E+4	4.483632E-1
2.338650E+4	3.766680E-1
2.338675E+4	3.145521E-1
2.338700E+4	3.306734E-1
2.338725E+4	3.890173E-1
2.338750E+4	3.791801E-1
2.338775E+4	1.888083E-1
2.338800E+4	1.283305E-2
2.338825E+4	2.892008E-2
2.338850E+4	1.060825E-1
2.338875E+4	9.579498E-2
2.338900E+4	7.700550E-3
2.338925E+4	8.147910E-2
2.338950E+4	2.391065E-1
2.338975E+4	3.504312E-1
2.339000E+4	3.870067E-1
2.339025E+4	3.526780E-1
2.339050E+4	3.364985E-1
2.339075E+4	3.331207E-1
2.339100E+4	3.240362E-1
2.339125E+4	3.038907E-1
2.339150E+4	2.460736E-1
2.339175E+4	1.437445E-1
2.339200E+4	7.125270E-2
2.339225E+4	2.323919E-2
2.339250E+4	5.951287E-3
2.339275E+4	2.900732E-2
2.339300E+4	9.538640E-2
2.339325E+4	1.028379E-1
2.339350E+4	7.164743E-2
2.339375E+4	8.582849E-2
2.339400E+4	1.011685E-1
2.339425E+4	1.016688E-1
2.339450E+4	1.377345E-1
2.339475E+4	2.407394E-1
2.339500E+4	3.174399E-1
2.339525E+4	3.406138E-1
2.339550E+4	3.167567E-1
2.339575E+4	2.663171E-1
2.339600E+4	2.139512E-1
2.339625E+4	1.722886E-1
2.339650E+4	1.273496E-1
2.339675E+4	6.593441E-2
2.339700E+4	1.925355E-2
2.339725E+4	5.185658E-3
2.339750E+4	4.652586E-2
2.339775E+4	1.217947E-1
2.339800E+4	1.631688E-1
2.339825E+4	1.432755E-1
2.339850E+4	8.089095E-2
2.339875E+4	5.811002E-2
2.339900E+4	1.655546E-1
2.339925E+4	4.704669E-1
2.339950E+4	1.053009E-1
2.339975E+4	3.791039E-2
2.340000E+4	1.105423E-1
2.340025E+4	2.625696E-1
2.340050E+4	5.624910E-1
2.340075E+4	4.449785E-1
2.340100E+4	1.333273E-1
2.340125E+4	6.066661E-2
2.340150E+4	1.387349E-1
2.340175E+4	4.023773E-1
2.340200E+4	5.059420E-1
2.340225E+4	3.992550E-1
2.340250E+4	3.334340E-1
2.340275E+4	3.369164E-1
2.340300E+4	2.124881E-1
2.340325E+4	1.099044E-1
2.340350E+4	8.263407E-2
2.340375E+4	7.490849E-2
2.340400E+4	6.820647E-2
2.340425E+4	4.558018E-2
2.340450E+4	3.082498E-2
2.340475E+4	2.857919E-2
2.340500E+4	2.727419E-2
2.340525E+4	1.284248E-2
2.340550E+4	3.330548E-3
2.340575E+4	1.975961E-2
2.340600E+4	6.065627E-2
2.340625E+4	1.608899E-1
2.340650E+4	2.384520E-1
2.340675E+4	2.176964E-1
2.340700E+4	2.431031E-1
2.340725E+4	2.943981E-1
2.340750E+4	2.498801E-1
2.340775E+4	1.753763E-1
2.340800E+4	1.530598E-1
2.340825E+4	1.390450E-1
2.340850E+4	8.715514E-2
2.340875E+4	1.707683E-2
2.340900E+4	3.609708E-2
2.340925E+4	9.527775E-2
2.340950E+4	1.762018E-1
2.340975E+4	2.253622E-1
2.341000E+4	1.992336E-1
2.341025E+4	2.179878E-1
2.341050E+4	2.785950E-1
2.341075E+4	3.809076E-1
2.341100E+4	4.516791E-1
2.341125E+4	4.215652E-1
2.341150E+4	3.903807E-1
2.341175E+4	3.729236E-1
2.341200E+4	2.997586E-1
2.341225E+4	1.598555E-1
2.341250E+4	5.373175E-2
2.341275E+4	1.353215E-2
2.341300E+4	3.553099E-3
2.341325E+4	5.171459E-3
2.341350E+4	3.920897E-1
2.341375E+4	4.519809E-1
2.341400E+4	2.920890E-1
2.341425E+4	1.543198E-1
2.341450E+4	3.259667E-2
2.341475E+4	1.097648E-1
2.341500E+4	2.111904E-1
2.341525E+4	2.455049E-1
2.341550E+4	2.341967E-1
2.341575E+4	1.938318E-1
2.341600E+4	4.232581E-1
2.341625E+4	2.740485E-1
2.341650E+4	9.737690E-2
2.341675E+4	7.298790E-2
2.341700E+4	1.455259E-1
2.341725E+4	2.646306E-1
2.341750E+4	3.566783E-1
2.341775E+4	2.530557E-1
2.341800E+4	1.158422E-1
2.341825E+4	1.114945E-1
2.341850E+4	1.523662E-1
2.341875E+4	1.561728E-1
2.341900E+4	9.755779E-2
2.341925E+4	6.662399E-2
2.341950E+4	7.097848E-2
2.341975E+4	1.183842E-1
2.342000E+4	2.225142E-1
2.342025E+4	2.377945E-1
2.342050E+4	2.233399E-1
2.342075E+4	2.400114E-1
2.342100E+4	2.820710E-1
2.342125E+4	2.754750E-1
2.342150E+4	1.605613E-1
2.342175E+4	6.358480E-2
2.342200E+4	8.201067E-2
2.342225E+4	1.796619E-1
2.342250E+4	1.916555E-1
2.342275E+4	4.525385E-2
2.342300E+4	1.991463E-2
2.342325E+4	1.204421E-1
2.342350E+4	1.963489E-1
2.342375E+4	1.892183E-1
2.342400E+4	1.409779E-1
2.342425E+4	2.284836E-1
2.342450E+4	2.875806E-1
2.342475E+4	2.788149E-1
2.342500E+4	1.940046E-1
2.342525E+4	5.581103E-2
2.342550E+4	4.092892E-2
2.342575E+4	9.914651E-2
2.342600E+4	1.740874E-1
2.342625E+4	2.957080E-1
2.342650E+4	2.765450E-1
2.342675E+4	1.351934E-1
2.342700E+4	9.564506E-2
2.342725E+4	1.069853E-1
2.342750E+4	1.471422E-1
2.342775E+4	9.713140E-2
2.342800E+4	4.958677E-2
2.342825E+4	1.103538E-1
2.342850E+4	2.169268E-1
2.342875E+4	3.012841E-1
2.342900E+4	2.106934E-1
2.342925E+4	5.564130E-2
2.342950E+4	3.411159E-3
2.342975E+4	3.549042E-2
2.343000E+4	9.438807E-2
2.343025E+4	1.622153E-1
2.343050E+4	2.495372E-1
2.343075E+4	3.222112E-1
2.343100E+4	3.107718E-1
2.343125E+4	1.758421E-1
2.343150E+4	3.868693E-2
2.343175E+4	2.887111E-2
2.343200E+4	7.331536E-2
2.343225E+4	7.170461E-2
2.343250E+4	2.497876E-2
2.343275E+4	2.297242E-2
2.343300E+4	6.331533E-2
2.343325E+4	1.126021E-1
2.343350E+4	1.696875E-1
2.343375E+4	1.945292E-1
2.343400E+4	1.670350E-1
2.343425E+4	2.204144E-1
2.343450E+4	3.202003E-1
2.343475E+4	3.841076E-1
2.343500E+4	2.085541E-1
2.343525E+4	3.470310E-2
2.343550E+4	4.335015E-2
2.343575E+4	1.452976E-1
2.343600E+4	2.004605E-1
2.343625E+4	1.449593E-1
2.343650E+4	9.502093E-2
2.343675E+4	1.005650E-1
2.343700E+4	1.164708E-1
2.343725E+4	8.143606E-2
2.343750E+4	2.134179E-2
2.343775E+4	9.100105E-2
2.343800E+4	2.470706E-1
2.343825E+4	2.093887E-1
2.343850E+4	8.582511E-2
2.343875E+4	2.203614E-1
2.343900E+4	4.175260E-1
2.343925E+4	5.766448E-1
2.343950E+4	7.022683E-1
2.343975E+4	7.646970E-1
2.344000E+4	5.398720E-1
2.344025E+4	7.854303E-2
2.344050E+4	7.308927E-2
2.344075E+4	2.908117E-1
2.344100E+4	4.338382E-1
2.344125E+4	2.914500E-1
2.344150E+4	6.121156E-2
2.344175E+4	1.224671E-2
2.344200E+4	1.057851E-1
2.344225E+4	2.289065E-1
2.344250E+4	2.925710E-1
2.344275E+4	2.503457E-1
2.344300E+4	3.686873E-1
2.344325E+4	4.543992E-1
2.344350E+4	3.555691E-1
2.344375E+4	1.847018E-1
2.344400E+4	5.982944E-2
2.344425E+4	7.181956E-2
2.344450E+4	2.274240E-1
2.344475E+4	2.371885E-1
2.344500E+4	1.393947E-1
2.344525E+4	8.312233E-2
2.344550E+4	4.523635E-2
2.344575E+4	1.871628E-2
2.344600E+4	2.093645E-2
2.344625E+4	2.513700E-2
2.344650E+4	3.416808E-2
2.344675E+4	1.178931E-1
2.344700E+4	2.797716E-1
2.344725E+4	4.008698E-1
2.344750E+4	3.495209E-1
2.344775E+4	1.797259E-1
2.344800E+4	5.558828E-2
2.344825E+4	4.522369E-2
2.344850E+4	1.468665E-1
2.344875E+4	3.280390E-1
2.344900E+4	4.647163E-1
2.344925E+4	4.577554E-1
2.344950E+4	3.449374E-1
2.344975E+4	2.601751E-1
2.345000E+4	3.545649E-1
2.345025E+4	5.649537E-1
2.345050E+4	4.240387E-1
2.345075E+4	1.412013E-2
2.345100E+4	1.683726E-1
2.345125E+4	4.310259E-1
2.345150E+4	5.485814E-1
2.345175E+4	4.294015E-1
2.345200E+4	9.227326E-2
2.345225E+4	4.981927E-2
2.345250E+4	2.929691E-1
2.345275E+4	4.373512E-1
2.345300E+4	4.335529E-1
2.345325E+4	2.970764E-1
2.345350E+4	1.208645E-1
2.345375E+4	5.095127E-2
2.345400E+4	3.861132E-2
2.345425E+4	8.730108E-2
2.345450E+4	2.622771E-1
2.345475E+4	2.020679E-1
2.345500E+4	5.312808E-2
2.345525E+4	1.157928E-2
2.345550E+4	1.203591E-2
2.345575E+4	2.580241E-2
2.345600E+4	3.594051E-2
2.345625E+4	3.544149E-2
2.345650E+4	3.838369E-2
2.345675E+4	5.144361E-2
2.345700E+4	6.831827E-2
2.345725E+4	9.037490E-2
2.345750E+4	1.280180E-1
2.345775E+4	1.705871E-1
2.345800E+4	1.774737E-1
2.345825E+4	1.644580E-1
2.345850E+4	1.632680E-1
2.345875E+4	1.830850E-1
2.345900E+4	1.885272E-1
2.345925E+4	1.031051E-1
2.345950E+4	2.712060E-2
2.345975E+4	3.686467E-2
2.346000E+4	9.527498E-2
2.346025E+4	1.389104E-1
2.346050E+4	1.749805E-1
2.346075E+4	2.507637E-1
2.346100E+4	2.739296E-1
2.346125E+4	1.599898E-1
2.346150E+4	5.947143E-2
2.346175E+4	1.965508E-2
2.346200E+4	5.637546E-2
2.346225E+4	1.588297E-1
2.346250E+4	1.666110E-1
2.346275E+4	6.407778E-2
2.346300E+4	7.115056E-3
2.346325E+4	6.730283E-2
2.346350E+4	3.116217E-1
2.346375E+4	5.102231E-1
2.346400E+4	3.567034E-1
2.346425E+4	2.040752E-1
2.346450E+4	1.253221E-1
2.346475E+4	8.125269E-2
2.346500E+4	4.158993E-2
2.346525E+4	9.374385E-3
2.346550E+4	3.123176E-3
2.346575E+4	1.691109E-2
2.346600E+4	3.219887E-2
2.346625E+4	1.836882E-2
2.346650E+4	8.610252E-3
2.346675E+4	2.150055E-2
2.346700E+4	4.021627E-2
2.346725E+4	4.348213E-2
2.346750E+4	2.539859E-2
2.346775E+4	2.290792E-2
2.346800E+4	3.856192E-2
2.346825E+4	3.768933E-2
2.346850E+4	3.373088E-2
2.346875E+4	8.860731E-2
2.346900E+4	2.940350E-1
2.346925E+4	5.370377E-1
2.346950E+4	5.494215E-1
2.346975E+4	3.656252E-1
2.347000E+4	1.651765E-1
2.347025E+4	3.711758E-1
2.347050E+4	6.901039E-1
2.347075E+4	6.570514E-1
2.347100E+4	2.649160E-1
2.347125E+4	6.757353E-2
2.347150E+4	1.886281E-1
2.347175E+4	2.066320E-1
2.347200E+4	1.278730E-1
2.347225E+4	2.095121E-2
2.347250E+4	3.554566E-2
2.347275E+4	2.414076E-1
2.347300E+4	3.443128E-1
2.347325E+4	2.408084E-1
2.347350E+4	6.375764E-2
2.347375E+4	1.736494E-2
2.347400E+4	2.215777E-1
2.347425E+4	3.733133E-1
2.347450E+4	3.184701E-1
2.347475E+4	1.767167E-1
2.347500E+4	6.103629E-2
2.347525E+4	4.556920E-2
2.347550E+4	2.441443E-1
2.347575E+4	5.432226E-1
2.347600E+4	3.880638E-1
2.347625E+4	2.092887E-1
2.347650E+4	1.122259E-1
2.347675E+4	5.166679E-2
2.347700E+4	7.642197E-3
2.347725E+4	3.836322E-2
2.347750E+4	9.606456E-2
2.347775E+4	9.438519E-2
2.347800E+4	9.235843E-2
2.347825E+4	1.514143E-1
2.347850E+4	2.899225E-1
2.347875E+4	4.014439E-1
2.347900E+4	4.308214E-1
2.347925E+4	3.659658E-1
2.347950E+4	2.166337E-1
2.347975E+4	6.254960E-2
2.348000E+4	2.775534E-2
2.348025E+4	2.645803E-1
2.348050E+4	5.425416E-1
2.348075E+4	3.569861E-1
2.348100E+4	2.334295E-1
2.348125E+4	1.892710E-1
2.348150E+4	1.502246E-1
2.348175E+4	1.386783E-1
2.348200E+4	2.795231E-1
2.348225E+4	5.485182E-1
2.348250E+4	6.277239E-1
2.348275E+4	3.399143E-1
2.348300E+4	7.451348E-2
2.348325E+4	1.106163E-2
2.348350E+4	7.329648E-2
2.348375E+4	1.819504E-1
2.348400E+4	2.867601E-1
2.348425E+4	3.581159E-1
2.348450E+4	2.228229E-1
2.348475E+4	6.111874E-2
2.348500E+4	3.662243E-2
2.348525E+4	8.147095E-2
2.348550E+4	1.895858E-1
2.348575E+4	3.836748E-1
2.348600E+4	4.400638E-1
2.348625E+4	1.868317E-1
2.348650E+4	2.145619E-1
2.348675E+4	3.099392E-1
2.348700E+4	3.473797E-1
2.348725E+4	2.575872E-1
2.348750E+4	2.406635E-1
2.348775E+4	2.176473E-1
2.348800E+4	1.420396E-1
2.348825E+4	5.192500E-2
2.348850E+4	6.062331E-2
2.348875E+4	2.445279E-1
2.348900E+4	4.079891E-1
2.348925E+4	3.992321E-1
2.348950E+4	2.790277E-1
2.348975E+4	1.169603E-1
2.349000E+4	6.982346E-2
2.349025E+4	7.289999E-2
2.349050E+4	6.945406E-2
2.349075E+4	6.632315E-2
2.349100E+4	6.461423E-2
2.349125E+4	6.096625E-2
2.349150E+4	6.128496E-2
2.349175E+4	7.469807E-2
2.349200E+4	8.559185E-2
2.349225E+4	8.938537E-2
2.349250E+4	9.709623E-2
2.349275E+4	1.148709E-1
2.349300E+4	1.338672E-1
2.349325E+4	1.359956E-1
2.349350E+4	1.216502E-1
2.349375E+4	1.219156E-1
2.349400E+4	1.915568E-1
2.349425E+4	2.602612E-1
2.349450E+4	2.445619E-1
2.349475E+4	2.267450E-1
2.349500E+4	2.369408E-1
2.349525E+4	2.595434E-1
2.349550E+4	1.567181E-1
2.349575E+4	1.280092E-3
2.349600E+4	1.241632E-1
2.349625E+4	3.315570E-1
2.349650E+4	5.685414E-1
2.349675E+4	6.860662E-1
2.349700E+4	3.409133E-1
2.349725E+4	4.909172E-2
2.349750E+4	3.387641E-2
2.349775E+4	8.646489E-2
2.349800E+4	1.399893E-1
2.349825E+4	1.922575E-1
2.349850E+4	2.319103E-1
2.349875E+4	2.402109E-1
2.349900E+4	2.349265E-1
2.349925E+4	2.363484E-1
2.349950E+4	2.306582E-1
2.349975E+4	1.332603E-1
2.350000E+4	1.030000E-2
2.350025E+4	2.791739E-2
2.350050E+4	1.641110E-1
2.350075E+4	2.806615E-1
2.350100E+4	2.150046E-1
2.350125E+4	9.456930E-2
2.350150E+4	9.765793E-3
2.350175E+4	4.953248E-2
2.350200E+4	3.121039E-1
2.350225E+4	3.758190E-1
2.350250E+4	3.031501E-1
2.350275E+4	2.355581E-1
2.350300E+4	1.889422E-1
2.350325E+4	1.515638E-1
2.350350E+4	7.695510E-2
2.350375E+4	1.849426E-2
2.350400E+4	1.219932E-1
2.350425E+4	3.102317E-1
2.350450E+4	3.503948E-1
2.350475E+4	2.606260E-1
2.350500E+4	1.454034E-1
2.350525E+4	7.620703E-2
2.350550E+4	6.081444E-2
2.350575E+4	6.218113E-2
2.350600E+4	1.055305E-1
2.350625E+4	2.411590E-1
2.350650E+4	4.417744E-1
2.350675E+4	5.633382E-1
2.350700E+4	5.405125E-1
2.350725E+4	4.174473E-1
2.350750E+4	2.113661E-1
2.350775E+4	1.085902E-1
2.350800E+4	2.143422E-1
2.350825E+4	3.154539E-1
2.350850E+4	2.873408E-1
2.350875E+4	9.458136E-2
2.350900E+4	3.395687E-3
2.350925E+4	1.141199E-2
2.350950E+4	2.893108E-2
2.350975E+4	2.045479E-2
2.351000E+4	1.722835E-2
2.351025E+4	8.112857E-2
2.351050E+4	2.372508E-1
2.351075E+4	3.975467E-1
2.351100E+4	3.515047E-1
2.351125E+4	1.834703E-1
2.351150E+4	1.219173E-1
2.351175E+4	1.773740E-1
2.351200E+4	2.372786E-1
2.351225E+4	2.249869E-1
2.351250E+4	1.813082E-1
2.351275E+4	1.999830E-1
2.351300E+4	3.340460E-1
2.351325E+4	3.616067E-1
2.351350E+4	2.747611E-1
2.351375E+4	1.903605E-1
2.351400E+4	1.324327E-1
2.351425E+4	1.128830E-1
2.351450E+4	3.918460E-2
2.351475E+4	2.956265E-2
2.351500E+4	6.387313E-2
2.351525E+4	1.344999E-1
2.351550E+4	2.492635E-1
2.351575E+4	4.036158E-1
2.351600E+4	5.066570E-1
2.351625E+4	3.599865E-1
2.351650E+4	1.353598E-1
2.351675E+4	1.061583E-1
2.351700E+4	2.239875E-1
2.351725E+4	3.939931E-1
2.351750E+4	4.217467E-1
2.351775E+4	1.002076E-1
2.351800E+4	2.566990E-2
2.351825E+4	1.069429E-1
2.351850E+4	1.389329E-1
2.351875E+4	9.608642E-2
2.351900E+4	2.627326E-2
2.351925E+4	3.203726E-3
2.351950E+4	3.893402E-2
2.351975E+4	6.129680E-2
2.352000E+4	3.723053E-2
2.352025E+4	4.087102E-2
2.352050E+4	4.580635E-2
2.352075E+4	3.012307E-2
2.352100E+4	1.350436E-2
2.352125E+4	9.032076E-3
2.352150E+4	1.727447E-2
2.352175E+4	5.968365E-2
2.352200E+4	1.236503E-1
2.352225E+4	9.901890E-2
2.352250E+4	2.759749E-2
2.352275E+4	6.476808E-2
2.352300E+4	2.301089E-1
2.352325E+4	3.396997E-1
2.352350E+4	3.035083E-1
2.352375E+4	1.414425E-1
2.352400E+4	5.660491E-2
2.352425E+4	1.843803E-1
2.352450E+4	2.764331E-1
2.352475E+4	1.751121E-1
2.352500E+4	2.622135E-2
2.352525E+4	1.707166E-3
2.352550E+4	2.264134E-2
2.352575E+4	7.507558E-2
2.352600E+4	2.378869E-1
2.352625E+4	4.789769E-1
2.352650E+4	4.188099E-1
2.352675E+4	1.693748E-1
2.352700E+4	3.417016E-2
2.352725E+4	6.652449E-2
2.352750E+4	1.383140E-1
2.352775E+4	1.582365E-1
2.352800E+4	1.348271E-1
2.352825E+4	1.157601E-1
2.352850E+4	1.387679E-1
2.352875E+4	1.650443E-1
2.352900E+4	2.581345E-1
2.352925E+4	4.204079E-1
2.352950E+4	3.956815E-1
2.352975E+4	2.673003E-1
2.353000E+4	1.404284E-1
2.353025E+4	4.725731E-2
2.353050E+4	2.689273E-2
2.353075E+4	6.676274E-2
2.353100E+4	1.290966E-1
2.353125E+4	2.399439E-1
2.353150E+4	3.993387E-1
2.353175E+4	5.309042E-1
2.353200E+4	5.468673E-1
2.353225E+4	5.546685E-1
2.353250E+4	5.311679E-1
2.353275E+4	3.076151E-1
2.353300E+4	7.924966E-2
2.353325E+4	8.173871E-4
2.353350E+4	3.179451E-2
2.353375E+4	9.346108E-2
2.353400E+4	9.652984E-2
2.353425E+4	2.975524E-2
2.353450E+4	3.588571E-3
2.353475E+4	4.858032E-2
2.353500E+4	6.414306E-2
2.353525E+4	4.510710E-2
2.353550E+4	1.259082E-1
2.353575E+4	4.001187E-1
2.353600E+4	5.938522E-1
2.353625E+4	5.700475E-1
2.353650E+4	4.540408E-1
2.353675E+4	3.309354E-1
2.353700E+4	2.571851E-1
2.353725E+4	2.410555E-1
2.353750E+4	2.016166E-1
2.353775E+4	1.150270E-1
2.353800E+4	4.308186E-2
2.353825E+4	1.860877E-1
2.353850E+4	4.434016E-1
2.353875E+4	2.038779E-1
2.353900E+4	1.280114E-1
2.353925E+4	1.566445E-1
2.353950E+4	1.857431E-1
2.353975E+4	1.206267E-1
2.354000E+4	2.037528E-2
2.354025E+4	1.665333E-2
2.354050E+4	1.680120E-1
2.354075E+4	3.547796E-1
2.354100E+4	3.786829E-1
2.354125E+4	3.193283E-1
2.354150E+4	2.491370E-1
2.354175E+4	1.798466E-1
2.354200E+4	2.087763E-1
2.354225E+4	3.146744E-1
2.354250E+4	3.019148E-1
2.354275E+4	2.334330E-1
2.354300E+4	1.870393E-1
2.354325E+4	2.923639E-1
2.354350E+4	2.903900E-1
2.354375E+4	2.383904E-1
2.354400E+4	2.364580E-1
2.354425E+4	3.820529E-1
2.354450E+4	5.159707E-1
2.354475E+4	3.986821E-1
2.354500E+4	1.901009E-1
2.354525E+4	8.267705E-2
2.354550E+4	1.363881E-1
2.354575E+4	2.025263E-1
2.354600E+4	1.115464E-1
2.354625E+4	1.366965E-2
2.354650E+4	1.969114E-2
2.354675E+4	1.892589E-1
2.354700E+4	4.997637E-1
2.354725E+4	4.623136E-1
2.354750E+4	2.201372E-1
2.354775E+4	6.609738E-2
2.354800E+4	1.164191E-2
2.354825E+4	1.042721E-1
2.354850E+4	1.524732E-1
2.354875E+4	2.201826E-1
2.354900E+4	3.223583E-1
2.354925E+4	3.173397E-1
2.354950E+4	1.946380E-1
2.354975E+4	8.091095E-2
2.355000E+4	2.786682E-2
2.355025E+4	3.320156E-2
2.355050E+4	4.977724E-2
2.355075E+4	1.265588E-2
2.355100E+4	1.769281E-2
2.355125E+4	6.775355E-2
2.355150E+4	5.336464E-2
2.355175E+4	4.323933E-4
2.355200E+4	8.918750E-2
2.355225E+4	3.251477E-1
2.355250E+4	5.011602E-1
2.355275E+4	4.588558E-1
2.355300E+4	2.500908E-1
2.355325E+4	1.439171E-1
2.355350E+4	1.467461E-1
2.355375E+4	1.231927E-1
2.355400E+4	6.038928E-2
2.355425E+4	1.967646E-1
2.355450E+4	3.000483E-1
2.355475E+4	3.088322E-1
2.355500E+4	2.249829E-1
2.355525E+4	7.610954E-2
2.355550E+4	2.731125E-3
2.355575E+4	3.850603E-3
2.355600E+4	3.824840E-3
2.355625E+4	3.469135E-2
2.355650E+4	2.221592E-1
2.355675E+4	3.305084E-1
2.355700E+4	2.502921E-1
2.355725E+4	9.425208E-2
2.355750E+4	1.722571E-4
2.355775E+4	2.405152E-2
2.355800E+4	3.336182E-2
2.355825E+4	3.721669E-2
2.355850E+4	8.258848E-2
2.355875E+4	2.159727E-1
2.355900E+4	3.889070E-1
2.355925E+4	4.594423E-1
2.355950E+4	4.220463E-1
2.355975E+4	3.104753E-1
2.356000E+4	9.163263E-2
2.356025E+4	2.380851E-2
2.356050E+4	7.570284E-2
2.356075E+4	1.482297E-1
2.356100E+4	2.602728E-1
2.356125E+4	2.666753E-1
2.356150E+4	1.286217E-1
2.356175E+4	2.204871E-2
2.356200E+4	6.017154E-3
2.356225E+4	2.634250E-2
2.356250E+4	3.930305E-2
2.356275E+4	3.884239E-2
2.356300E+4	3.026842E-2
2.356325E+4	2.473244E-2
2.356350E+4	2.867942E-2
2.356375E+4	5.735637E-2
2.356400E+4	1.659001E-1
2.356425E+4	3.925865E-1
2.356450E+4	3.687119E-1
2.356475E+4	2.710071E-1
2.356500E+4	3.460869E-1
2.356525E+4	6.535624E-1
2.356550E+4	5.127109E-1
2.356575E+4	2.038828E-1
2.356600E+4	9.808087E-2
2.356625E+4	1.288612E-1
2.356650E+4	2.111057E-1
2.356675E+4	2.301304E-1
2.356700E+4	2.170817E-1
2.356725E+4	2.271118E-1
2.356750E+4	2.530001E-1
2.356775E+4	2.437748E-1
2.356800E+4	1.960842E-1
2.356825E+4	1.043379E-1
2.356850E+4	1.792399E-1
2.356875E+4	2.566263E-1
2.356900E+4	3.111361E-1
2.356925E+4	3.610644E-1
2.356950E+4	3.955517E-1
2.356975E+4	3.607816E-1
2.357000E+4	2.513872E-1
2.357025E+4	4.217045E-1
2.357050E+4	4.552435E-1
2.357075E+4	3.969063E-1
2.357100E+4	2.182008E-1
2.357125E+4	1.611698E-2
2.357150E+4	4.419745E-2
2.357175E+4	1.280147E-1
2.357200E+4	1.248436E-1
2.357225E+4	4.643977E-2
2.357250E+4	4.864074E-3
2.357275E+4	9.455577E-3
2.357300E+4	1.488828E-2
2.357325E+4	4.926062E-2
2.357350E+4	1.789302E-1
2.357375E+4	3.589665E-1
2.357400E+4	5.251381E-1
2.357425E+4	5.669198E-1
2.357450E+4	1.740990E-1
2.357475E+4	1.260107E-2
2.357500E+4	1.356231E-2
2.357525E+4	5.317234E-2
2.357550E+4	1.063505E-1
2.357575E+4	1.533122E-1
2.357600E+4	1.637109E-1
2.357625E+4	1.384244E-1
2.357650E+4	1.706830E-1
2.357675E+4	2.573764E-1
2.357700E+4	2.598658E-1
2.357725E+4	1.419433E-1
2.357750E+4	5.581006E-2
2.357775E+4	1.138081E-1
2.357800E+4	1.159066E-1
2.357825E+4	6.933938E-2
2.357850E+4	5.087810E-2
2.357875E+4	8.422748E-2
2.357900E+4	1.239418E-1
2.357925E+4	9.971691E-2
2.357950E+4	3.594322E-2
2.357975E+4	1.575635E-1
2.358000E+4	2.804788E-1
2.358025E+4	2.770514E-1
2.358050E+4	2.537816E-1
2.358075E+4	2.417531E-1
2.358100E+4	2.090310E-1
2.358125E+4	1.657020E-1
2.358150E+4	2.134231E-1
2.358175E+4	2.905166E-1
2.358200E+4	3.420816E-1
2.358225E+4	2.865996E-1
2.358250E+4	1.178006E-1
2.358275E+4	9.019375E-2
2.358300E+4	2.690018E-1
2.358325E+4	3.006301E-1
2.358350E+4	2.267534E-1
2.358375E+4	1.446172E-1
2.358400E+4	7.672175E-2
2.358425E+4	5.005255E-2
2.358450E+4	1.108534E-1
2.358475E+4	2.111627E-1
2.358500E+4	3.031888E-1
2.358525E+4	4.010218E-1
2.358550E+4	3.522234E-1
2.358575E+4	8.112175E-2
2.358600E+4	6.075528E-2
2.358625E+4	8.561274E-2
2.358650E+4	6.985791E-2
2.358675E+4	4.895085E-2
2.358700E+4	9.243257E-2
2.358725E+4	2.190709E-1
2.358750E+4	4.350181E-1
2.358775E+4	6.405250E-1
2.358800E+4	5.981568E-1
2.358825E+4	2.936020E-1
2.358850E+4	3.556558E-2
2.358875E+4	6.612676E-2
2.358900E+4	3.074228E-1
2.358925E+4	5.078821E-1
2.358950E+4	5.623479E-1
2.358975E+4	4.977192E-1
2.359000E+4	3.387542E-1
2.359025E+4	1.979881E-1
2.359050E+4	2.287187E-1
2.359075E+4	2.301090E-1
2.359100E+4	1.964193E-1
2.359125E+4	1.420442E-1
2.359150E+4	6.423217E-2
2.359175E+4	5.577502E-2
2.359200E+4	8.438353E-2
2.359225E+4	8.160724E-2
2.359250E+4	6.241603E-2
2.359275E+4	3.247119E-2
2.359300E+4	6.553071E-3
2.359325E+4	8.398602E-3
2.359350E+4	7.098057E-2
2.359375E+4	1.523074E-1
2.359400E+4	1.472961E-1
2.359425E+4	1.380452E-1
2.359450E+4	1.479558E-1
2.359475E+4	1.833472E-1
2.359500E+4	2.391130E-1
2.359525E+4	2.586008E-1
2.359550E+4	2.421337E-1
2.359575E+4	2.723059E-1
2.359600E+4	3.410222E-1
2.359625E+4	2.071656E-1
2.359650E+4	1.012341E-1
2.359675E+4	9.370404E-2
2.359700E+4	1.224651E-1
2.359725E+4	1.510644E-1
2.359750E+4	1.228580E-1
2.359775E+4	5.571172E-2
2.359800E+4	1.770320E-2
2.359825E+4	3.306582E-3
2.359850E+4	3.369333E-3
2.359875E+4	3.914776E-2
2.359900E+4	1.078592E-1
2.359925E+4	1.804497E-1
2.359950E+4	2.060947E-1
2.359975E+4	1.494350E-1
2.360000E+4	7.487090E-2
2.360025E+4	4.369613E-2
2.360050E+4	6.511827E-2
2.360075E+4	2.089267E-1
2.360100E+4	5.930726E-1
2.360125E+4	6.435449E-1
2.360150E+4	3.401584E-1
2.360175E+4	1.317821E-1
2.360200E+4	3.663749E-2
2.360225E+4	3.351905E-2
2.360250E+4	1.128394E-1
2.360275E+4	2.443095E-1
2.360300E+4	3.496562E-1
2.360325E+4	3.896667E-1
2.360350E+4	3.926545E-1
2.360375E+4	4.128990E-1
2.360400E+4	5.375403E-1
2.360425E+4	6.533778E-1
2.360450E+4	6.592941E-1
2.360475E+4	5.088631E-1
2.360500E+4	2.626830E-1
2.360525E+4	2.144618E-1
2.360550E+4	4.950464E-1
2.360575E+4	6.637232E-1
2.360600E+4	5.494770E-1
2.360625E+4	3.693220E-1
2.360650E+4	2.252886E-1
2.360675E+4	9.472591E-2
2.360700E+4	1.276272E-2
2.360725E+4	4.720931E-3
2.360750E+4	3.966770E-2
2.360775E+4	1.070387E-1
2.360800E+4	1.550165E-1
2.360825E+4	6.062126E-2
2.360850E+4	1.012240E-2
2.360875E+4	4.693905E-2
2.360900E+4	1.208602E-1
2.360925E+4	1.438820E-1
2.360950E+4	5.983549E-2
2.360975E+4	1.638753E-2
2.361000E+4	6.966388E-2
2.361025E+4	2.550630E-1
2.361050E+4	2.852655E-1
2.361075E+4	1.365286E-1
2.361100E+4	4.292423E-2
2.361125E+4	5.106759E-2
2.361150E+4	1.739238E-1
2.361175E+4	2.104937E-1
2.361200E+4	1.917667E-1
2.361225E+4	1.483321E-1
2.361250E+4	1.073309E-1
2.361275E+4	1.710524E-1
2.361300E+4	2.288911E-1
2.361325E+4	2.117921E-1
2.361350E+4	1.543995E-1
2.361375E+4	1.536353E-1
2.361400E+4	3.973841E-1
2.361425E+4	4.487851E-1
2.361450E+4	3.383891E-1
2.361475E+4	2.209446E-1
2.361500E+4	1.400700E-1
2.361525E+4	1.147583E-1
2.361550E+4	1.377093E-1
2.361575E+4	1.413694E-1
2.361600E+4	1.510755E-1
2.361625E+4	2.667577E-1
2.361650E+4	4.306034E-1
2.361675E+4	6.129897E-1
2.361700E+4	6.750273E-1
2.361725E+4	4.896048E-1
2.361750E+4	2.934236E-1
2.361775E+4	2.280478E-1
2.361800E+4	2.587989E-1
2.361825E+4	2.645785E-1
2.361850E+4	2.656503E-1
2.361875E+4	2.987120E-1
2.361900E+4	3.157976E-1
2.361925E+4	2.171242E-1
2.361950E+4	5.722655E-2
2.361975E+4	1.710463E-2
2.362000E+4	5.824156E-2
2.362025E+4	7.503068E-2
2.362050E+4	4.277830E-2
2.362075E+4	1.533847E-2
2.362100E+4	2.407378E-3
2.362125E+4	4.651118E-2
2.362150E+4	2.820155E-1
2.362175E+4	4.662106E-1
2.362200E+4	5.659117E-1
2.362225E+4	6.582340E-1
2.362250E+4	6.940143E-1
2.362275E+4	6.155103E-1
2.362300E+4	5.230416E-1
2.362325E+4	4.951654E-1
2.362350E+4	5.206728E-1
2.362375E+4	5.339027E-1
2.362400E+4	3.514679E-1
2.362425E+4	1.036173E-1
2.362450E+4	4.005868E-2
2.362475E+4	6.153856E-2
2.362500E+4	9.300777E-2
2.362525E+4	7.345232E-2
2.362550E+4	1.741454E-2
2.362575E+4	5.194110E-3
2.362600E+4	1.200610E-2
2.362625E+4	5.018128E-2
2.362650E+4	2.324142E-1
2.362675E+4	4.927029E-1
2.362700E+4	6.020374E-1
2.362725E+4	5.503855E-1
2.362750E+4	3.777471E-1
2.362775E+4	1.950455E-1
2.362800E+4	1.464126E-1
2.362825E+4	1.715233E-1
2.362850E+4	1.260829E-1
2.362875E+4	3.244397E-2
2.362900E+4	6.444232E-2
2.362925E+4	1.645257E-1
2.362950E+4	2.279160E-1
2.362975E+4	2.767620E-1
2.363000E+4	3.390977E-1
2.363025E+4	3.522131E-1
2.363050E+4	3.154837E-1
2.363075E+4	2.471367E-1
2.363100E+4	1.508552E-1
2.363125E+4	6.827085E-2
2.363150E+4	8.759556E-2
2.363175E+4	6.132624E-2
2.363200E+4	1.795494E-2
2.363225E+4	2.422412E-2
2.363250E+4	4.796110E-2
2.363275E+4	4.765767E-2
2.363300E+4	4.024306E-2
2.363325E+4	1.453122E-1
2.363350E+4	3.055067E-1
2.363375E+4	4.547312E-1
2.363400E+4	6.238299E-1
2.363425E+4	7.316709E-1
2.363450E+4	5.916102E-1
2.363475E+4	3.924593E-1
2.363500E+4	2.881779E-1
2.363525E+4	2.242260E-1
2.363550E+4	1.500761E-1
2.363575E+4	8.556957E-2
2.363600E+4	5.198606E-2
2.363625E+4	4.339445E-2
2.363650E+4	3.483830E-2
2.363675E+4	1.430920E-2
2.363700E+4	1.602357E-2
2.363725E+4	2.727160E-2
2.363750E+4	4.249796E-2
2.363775E+4	4.692993E-2
2.363800E+4	2.217598E-2
2.363825E+4	1.366037E-3
2.363850E+4	1.127742E-1
2.363875E+4	3.654146E-1
2.363900E+4	4.748440E-1
2.363925E+4	3.949809E-1
2.363950E+4	1.779149E-1
2.363975E+4	4.236158E-3
2.364000E+4	8.969433E-2
2.364025E+4	2.557024E-1
2.364050E+4	3.096801E-1
2.364075E+4	2.283524E-1
2.364100E+4	1.243004E-1
2.364125E+4	1.162787E-1
2.364150E+4	2.274290E-1
2.364175E+4	2.739619E-1
2.364200E+4	1.706710E-1
2.364225E+4	9.112736E-2
2.364250E+4	1.340755E-1
2.364275E+4	3.132769E-1
2.364300E+4	2.231306E-1
2.364325E+4	4.998976E-2
2.364350E+4	2.968816E-2
2.364375E+4	8.180598E-2
2.364400E+4	1.331927E-1
2.364425E+4	1.551605E-1
2.364450E+4	1.399428E-1
2.364475E+4	7.809480E-2
2.364500E+4	6.696505E-2
2.364525E+4	8.632668E-2
2.364550E+4	9.069980E-2
2.364575E+4	8.046555E-2
2.364600E+4	5.834557E-2
2.364625E+4	4.772693E-2
2.364650E+4	5.855067E-2
2.364675E+4	6.512359E-2
2.364700E+4	4.760955E-2
2.364725E+4	1.910863E-2
2.364750E+4	2.811477E-3
2.364775E+4	8.818088E-3
2.364800E+4	1.848277E-2
2.364825E+4	1.093326E-2
2.364850E+4	1.901682E-3
2.364875E+4	1.315820E-2
2.364900E+4	5.526980E-2
2.364925E+4	1.039245E-1
2.364950E+4	1.402886E-1
2.364975E+4	2.044814E-1
2.365000E+4	2.960462E-1
2.365025E+4	2.870657E-1
2.365050E+4	1.965383E-1
2.365075E+4	1.184982E-1
2.365100E+4	7.171301E-2
2.365125E+4	5.051485E-2
2.365150E+4	4.610576E-2
2.365175E+4	1.012200E-1
2.365200E+4	2.747245E-1
2.365225E+4	4.097805E-1
2.365250E+4	4.414391E-1
2.365275E+4	4.176537E-1
2.365300E+4	3.705268E-1
2.365325E+4	3.217441E-1
2.365350E+4	2.816799E-1
2.365375E+4	2.276473E-1
2.365400E+4	1.572310E-1
2.365425E+4	9.026816E-2
2.365450E+4	4.919347E-2
2.365475E+4	3.343681E-2
2.365500E+4	2.407652E-2
2.365525E+4	2.190262E-2
2.365550E+4	3.857551E-2
2.365575E+4	6.022949E-2
2.365600E+4	7.331893E-2
2.365625E+4	1.101311E-1
2.365650E+4	2.782718E-1
2.365675E+4	2.924073E-1
2.365700E+4	3.144406E-1
2.365725E+4	3.319201E-1
2.365750E+4	3.051887E-1
2.365775E+4	2.252696E-1
2.365800E+4	1.530528E-1
2.365825E+4	1.312913E-1
2.365850E+4	1.376796E-1
2.365875E+4	1.462722E-1
2.365900E+4	1.666772E-1
2.365925E+4	2.116517E-1
2.365950E+4	2.568492E-1
2.365975E+4	2.566782E-1
2.366000E+4	2.556656E-1
2.366025E+4	2.984168E-1
2.366050E+4	3.424919E-1
2.366075E+4	2.472367E-1
2.366100E+4	1.318662E-1
2.366125E+4	7.281129E-2
2.366150E+4	4.533553E-2
2.366175E+4	6.233679E-2
2.366200E+4	1.131602E-1
2.366225E+4	1.724618E-1
2.366250E+4	2.356519E-1
2.366275E+4	1.952382E-1
2.366300E+4	5.056427E-2
2.366325E+4	1.749319E-2
2.366350E+4	4.234899E-2
2.366375E+4	8.927916E-2
2.366400E+4	1.309966E-1
2.366425E+4	1.226322E-1
2.366450E+4	7.232752E-2
2.366475E+4	1.048265E-1
2.366500E+4	3.713239E-1
2.366525E+4	4.556112E-1
2.366550E+4	4.095586E-1
2.366575E+4	3.554773E-1
2.366600E+4	3.064027E-1
2.366625E+4	2.680319E-1
2.366650E+4	2.121653E-1
2.366675E+4	1.295670E-1
2.366700E+4	2.568299E-2
2.366725E+4	1.206727E-1
2.366750E+4	5.587382E-1
2.366775E+4	4.236237E-1
2.366800E+4	2.307372E-1
2.366825E+4	5.833063E-2
2.366850E+4	1.454729E-2
2.366875E+4	1.280374E-1
2.366900E+4	1.848351E-1
2.366925E+4	1.855234E-1
2.366950E+4	1.701244E-1
2.366975E+4	8.724661E-2
2.367000E+4	1.002767E-2
2.367025E+4	2.459889E-3
2.367050E+4	1.433388E-2
2.367075E+4	4.780606E-2
2.367100E+4	1.077148E-1
2.367125E+4	1.486049E-1
2.367150E+4	1.070366E-1
2.367175E+4	7.142305E-2
2.367200E+4	5.059443E-2
2.367225E+4	2.245583E-2
2.367250E+4	4.314514E-2
2.367275E+4	1.482068E-1
2.367300E+4	2.006835E-1
2.367325E+4	1.929747E-1
2.367350E+4	1.559296E-1
2.367375E+4	1.372607E-1
2.367400E+4	1.420548E-1
2.367425E+4	1.144890E-1
2.367450E+4	7.631207E-2
2.367475E+4	1.292955E-1
2.367500E+4	4.428007E-1
2.367525E+4	5.057546E-1
2.367550E+4	4.052107E-1
2.367575E+4	2.982657E-1
2.367600E+4	1.507671E-1
2.367625E+4	9.210885E-2
2.367650E+4	9.194417E-2
2.367675E+4	8.542674E-2
2.367700E+4	8.013741E-2
2.367725E+4	7.509066E-2
2.367750E+4	4.639989E-2
2.367775E+4	1.093762E-2
2.367800E+4	1.264263E-2
2.367825E+4	3.645657E-2
2.367850E+4	8.677489E-2
2.367875E+4	1.931574E-1
2.367900E+4	3.291193E-1
2.367925E+4	4.371042E-1
2.367950E+4	5.121397E-1
2.367975E+4	4.669083E-1
2.368000E+4	2.516298E-1
2.368025E+4	9.160331E-2
2.368050E+4	3.327935E-2
2.368075E+4	2.297639E-2
2.368100E+4	6.175295E-2
2.368125E+4	2.237997E-1
2.368150E+4	1.389587E-1
2.368175E+4	6.036457E-2
2.368200E+4	3.559524E-2
2.368225E+4	3.926319E-2
2.368250E+4	8.719028E-2
2.368275E+4	9.672137E-2
2.368300E+4	1.080711E-2
2.368325E+4	3.221323E-3
2.368350E+4	2.080765E-2
2.368375E+4	7.107270E-2
2.368400E+4	2.065741E-1
2.368425E+4	2.651412E-1
2.368450E+4	1.487323E-1
2.368475E+4	6.741473E-2
2.368500E+4	3.651418E-2
2.368525E+4	6.897065E-2
2.368550E+4	1.445487E-1
2.368575E+4	1.703546E-1
2.368600E+4	1.159394E-1
2.368625E+4	4.071675E-2
2.368650E+4	4.582504E-3
2.368675E+4	2.469527E-3
2.368700E+4	2.628294E-2
2.368725E+4	9.512200E-2
2.368750E+4	1.901033E-1
2.368775E+4	1.608639E-1
2.368800E+4	1.015926E-1
2.368825E+4	6.756917E-2
2.368850E+4	3.664002E-2
2.368875E+4	2.485667E-2
2.368900E+4	4.998358E-2
2.368925E+4	8.186863E-2
2.368950E+4	1.020785E-1
2.368975E+4	7.998953E-2
2.369000E+4	4.160764E-2
2.369025E+4	9.264166E-2
2.369050E+4	2.060956E-1
2.369075E+4	2.237670E-1
2.369100E+4	5.150989E-2
2.369125E+4	1.035335E-2
2.369150E+4	1.176025E-1
2.369175E+4	3.506108E-1
2.369200E+4	6.966347E-1
2.369225E+4	5.152913E-1
2.369250E+4	9.247352E-2
2.369275E+4	9.648014E-3
2.369300E+4	5.741028E-2
2.369325E+4	1.280416E-1
2.369350E+4	9.731714E-2
2.369375E+4	1.563371E-2
2.369400E+4	1.798460E-3
2.369425E+4	1.439740E-3
2.369450E+4	1.135462E-2
2.369475E+4	1.643852E-1
2.369500E+4	4.886039E-1
2.369525E+4	4.859449E-1
2.369550E+4	3.732727E-1
2.369575E+4	2.660495E-1
2.369600E+4	1.545229E-1
2.369625E+4	5.963368E-2
2.369650E+4	1.691779E-1
2.369675E+4	4.629176E-1
2.369700E+4	5.266342E-1
2.369725E+4	4.054033E-1
2.369750E+4	3.168578E-1
2.369775E+4	3.064800E-1
2.369800E+4	3.254025E-1
2.369825E+4	3.203239E-1
2.369850E+4	2.701849E-1
2.369875E+4	2.179639E-1
2.369900E+4	2.667578E-1
2.369925E+4	4.597238E-1
2.369950E+4	6.458803E-1
2.369975E+4	6.999505E-1
2.370000E+4	6.097456E-1
2.370025E+4	3.936949E-1
2.370050E+4	2.931811E-1
2.370075E+4	3.378749E-1
2.370100E+4	3.547277E-1
2.370125E+4	3.275998E-1
2.370150E+4	2.820398E-1
2.370175E+4	2.400470E-1
2.370200E+4	1.877210E-1
2.370225E+4	1.692853E-1
2.370250E+4	2.631357E-1
2.370275E+4	4.447553E-1
2.370300E+4	6.758685E-1
2.370325E+4	8.233085E-1
2.370350E+4	6.696484E-1
2.370375E+4	2.695122E-1
2.370400E+4	3.416160E-2
2.370425E+4	1.827051E-2
2.370450E+4	5.874956E-2
2.370475E+4	8.661078E-2
2.370500E+4	8.336215E-2
2.370525E+4	4.483299E-2
2.370550E+4	6.141992E-2
2.370575E+4	7.353470E-2
2.370600E+4	7.500554E-2
2.370625E+4	7.326317E-2
2.370650E+4	5.555739E-2
2.370675E+4	7.123381E-2
2.370700E+4	1.002827E-1
2.370725E+4	1.786124E-1
2.370750E+4	3.377795E-1
2.370775E+4	1.998174E-1
2.370800E+4	4.436251E-2
2.370825E+4	2.697287E-3
2.370850E+4	2.750764E-2
2.370875E+4	1.465275E-1
2.370900E+4	2.533833E-1
2.370925E+4	2.319522E-1
2.370950E+4	1.989889E-1
2.370975E+4	1.925926E-1
2.371000E+4	2.004488E-1
2.371025E+4	2.050049E-1
2.371050E+4	1.995234E-1
2.371075E+4	1.496749E-1
2.371100E+4	5.242795E-2
2.371125E+4	2.671314E-2
2.371150E+4	8.692858E-2
2.371175E+4	2.121501E-1
2.371200E+4	3.504710E-1
2.371225E+4	3.168567E-1
2.371250E+4	1.859465E-1
2.371275E+4	1.153735E-1
2.371300E+4	8.610095E-2
2.371325E+4	5.287992E-2
2.371350E+4	4.906929E-2
2.371375E+4	1.374280E-1
2.371400E+4	3.371496E-1
2.371425E+4	3.273114E-1
2.371450E+4	6.554780E-2
2.371475E+4	6.537345E-3
2.371500E+4	3.118238E-2
2.371525E+4	8.725373E-2
2.371550E+4	1.642688E-1
2.371575E+4	2.622445E-1
2.371600E+4	3.385942E-1
2.371625E+4	2.748895E-1
2.371650E+4	1.883566E-1
2.371675E+4	1.664489E-1
2.371700E+4	1.863800E-1
2.371725E+4	2.313387E-1
2.371750E+4	2.582936E-1
2.371775E+4	2.154831E-1
2.371800E+4	1.254699E-1
2.371825E+4	2.560383E-2
2.371850E+4	3.978771E-2
2.371875E+4	1.096595E-1
2.371900E+4	1.507188E-1
2.371925E+4	1.625389E-1
2.371950E+4	1.623479E-1
2.371975E+4	2.129665E-1
2.372000E+4	3.329195E-1
2.372025E+4	4.498338E-1
2.372050E+4	5.063940E-1
2.372075E+4	4.141567E-1
2.372100E+4	2.359702E-1
2.372125E+4	1.526264E-1
2.372150E+4	1.353439E-1
2.372175E+4	1.176952E-1
2.372200E+4	7.383527E-2
2.372225E+4	3.474279E-2
2.372250E+4	1.279566E-1
2.372275E+4	2.636148E-1
2.372300E+4	2.192057E-1
2.372325E+4	1.332966E-1
2.372350E+4	6.766862E-2
2.372375E+4	3.077035E-2
2.372400E+4	2.238190E-2
2.372425E+4	3.918544E-2
2.372450E+4	1.031822E-1
2.372475E+4	2.969422E-1
2.372500E+4	6.976879E-1
2.372525E+4	7.502176E-1
2.372550E+4	3.581327E-1
2.372575E+4	9.233130E-2
2.372600E+4	1.757022E-3
2.372625E+4	5.191740E-2
2.372650E+4	1.724175E-1
2.372675E+4	2.282576E-1
2.372700E+4	1.697569E-1
2.372725E+4	8.013729E-2
2.372750E+4	1.884723E-2
2.372775E+4	3.622149E-5
2.372800E+4	7.621941E-3
2.372825E+4	1.587279E-2
2.372850E+4	2.980579E-2
2.372875E+4	5.273463E-2
2.372900E+4	3.670835E-2
2.372925E+4	1.888946E-2
2.372950E+4	3.158006E-2
2.372975E+4	6.172268E-2
2.373000E+4	9.844897E-2
2.373025E+4	1.280942E-1
2.373050E+4	1.644011E-1
2.373075E+4	2.462334E-1
2.373100E+4	4.312837E-1
2.373125E+4	5.063823E-1
2.373150E+4	2.012535E-1
2.373175E+4	4.644730E-2
2.373200E+4	9.187501E-4
2.373225E+4	4.496644E-2
2.373250E+4	2.122968E-1
2.373275E+4	3.652866E-1
2.373300E+4	4.236910E-1
2.373325E+4	2.370450E-1
2.373350E+4	5.758970E-2
2.373375E+4	9.312292E-3
2.373400E+4	7.608554E-3
2.373425E+4	3.182218E-2
2.373450E+4	8.745728E-2
2.373475E+4	1.136365E-1
2.373500E+4	5.761109E-2
2.373525E+4	1.695062E-2
2.373550E+4	1.348629E-2
2.373575E+4	4.416582E-2
2.373600E+4	8.643246E-2
2.373625E+4	1.090902E-1
2.373650E+4	1.162647E-1
2.373675E+4	1.387337E-1
2.373700E+4	1.553872E-1
2.373725E+4	1.488540E-1
2.373750E+4	1.245847E-1
2.373775E+4	7.774405E-2
2.373800E+4	2.132759E-2
2.373825E+4	4.866827E-3
2.373850E+4	3.232247E-2
2.373875E+4	7.969277E-2
2.373900E+4	1.301014E-1
2.373925E+4	1.454809E-1
2.373950E+4	9.551384E-2
2.373975E+4	3.154070E-2
2.374000E+4	5.554482E-2
2.374025E+4	2.346745E-1
2.374050E+4	3.916834E-1
2.374075E+4	4.855446E-1
2.374100E+4	5.429766E-1
2.374125E+4	4.176540E-1
2.374150E+4	6.780160E-2
2.374175E+4	3.573406E-2
2.374200E+4	2.125933E-1
2.374225E+4	3.520668E-1
2.374250E+4	3.426133E-1
2.374275E+4	1.513593E-1
2.374300E+4	1.980664E-3
2.374325E+4	2.097118E-1
2.374350E+4	4.913029E-1
2.374375E+4	5.729574E-1
2.374400E+4	4.388209E-1
2.374425E+4	1.863710E-1
2.374450E+4	3.656096E-2
2.374475E+4	6.244290E-2
2.374500E+4	9.931008E-2
2.374525E+4	1.871301E-2
2.374550E+4	3.045613E-2
2.374575E+4	1.110953E-1
2.374600E+4	1.512976E-1
2.374625E+4	1.726970E-1
2.374650E+4	2.405756E-1
2.374675E+4	2.673235E-1
2.374700E+4	2.640066E-1
2.374725E+4	2.731190E-1
2.374750E+4	3.365613E-1
2.374775E+4	4.485585E-1
2.374800E+4	4.728804E-1
2.374825E+4	3.277008E-1
2.374850E+4	9.653720E-2
2.374875E+4	4.237918E-2
2.374900E+4	2.249916E-1
2.374925E+4	2.169417E-1
2.374950E+4	1.117857E-1
2.374975E+4	4.750933E-2
2.375000E+4	1.047468E-1
2.375025E+4	2.846106E-1
2.375050E+4	4.007445E-1
2.375075E+4	3.219365E-1
2.375100E+4	1.342879E-1
2.375125E+4	1.117127E-2
2.375150E+4	2.519916E-1
2.375175E+4	4.757490E-1
2.375200E+4	4.161042E-1
2.375225E+4	2.798068E-1
2.375250E+4	1.721214E-1
2.375275E+4	1.493968E-1
2.375300E+4	1.451451E-1
2.375325E+4	9.933604E-2
2.375350E+4	9.061632E-2
2.375375E+4	1.113806E-1
2.375400E+4	9.960145E-2
2.375425E+4	1.217662E-1
2.375450E+4	4.721496E-1
2.375475E+4	7.780630E-1
2.375500E+4	8.146428E-1
2.375525E+4	7.572389E-1
2.375550E+4	6.418049E-1
2.375575E+4	4.401411E-1
2.375600E+4	1.682232E-1
2.375625E+4	2.669103E-2
2.375650E+4	3.663172E-2
2.375675E+4	5.157611E-2
2.375700E+4	9.147333E-2
2.375725E+4	2.080463E-1
2.375750E+4	3.395605E-1
2.375775E+4	3.389312E-1
2.375800E+4	2.159424E-1
2.375825E+4	1.825629E-1
2.375850E+4	1.979726E-1
2.375875E+4	1.577978E-1
2.375900E+4	5.518237E-2
2.375925E+4	1.254207E-1
2.375950E+4	3.419451E-1
2.375975E+4	3.193305E-1
2.376000E+4	1.735624E-1
2.376025E+4	4.597625E-2
2.376050E+4	6.984621E-2
2.376075E+4	2.786341E-1
2.376100E+4	4.596074E-1
2.376125E+4	5.093107E-1
2.376150E+4	4.889521E-1
2.376175E+4	4.097721E-1
2.376200E+4	1.281449E-1
2.376225E+4	3.761205E-1
2.376250E+4	5.695367E-1
2.376275E+4	6.394267E-1
2.376300E+4	6.338614E-1
2.376325E+4	3.305556E-1
2.376350E+4	5.524543E-3
2.376375E+4	9.761557E-2
2.376400E+4	2.265732E-1
2.376425E+4	3.134350E-1
2.376450E+4	3.154354E-1
2.376475E+4	1.674680E-1
2.376500E+4	1.241107E-1
2.376525E+4	2.427093E-1
2.376550E+4	3.789139E-1
2.376575E+4	3.790489E-1
2.376600E+4	2.128127E-1
2.376625E+4	9.118116E-2
2.376650E+4	8.262786E-2
2.376675E+4	1.950963E-1
2.376700E+4	3.445666E-1
2.376725E+4	3.873583E-1
2.376750E+4	3.229309E-1
2.376775E+4	2.120909E-1
2.376800E+4	9.824985E-2
2.376825E+4	2.185677E-2
2.376850E+4	2.899432E-2
2.376875E+4	1.663211E-1
2.376900E+4	3.825069E-1
2.376925E+4	5.750661E-1
2.376950E+4	7.100215E-1
2.376975E+4	7.303542E-1
2.377000E+4	4.715382E-1
2.377025E+4	1.515816E-1
2.377050E+4	1.569683E-1
2.377075E+4	2.950100E-1
2.377100E+4	4.446324E-1
2.377125E+4	5.486280E-1
2.377150E+4	5.413544E-1
2.377175E+4	4.382777E-1
2.377200E+4	3.182200E-1
2.377225E+4	2.188634E-1
2.377250E+4	1.645579E-1
2.377275E+4	1.232744E-1
2.377300E+4	6.398939E-2
2.377325E+4	6.558370E-2
2.377350E+4	3.190729E-1
2.377375E+4	5.161157E-1
2.377400E+4	4.128154E-1
2.377425E+4	2.012195E-1
2.377450E+4	1.069241E-1
2.377475E+4	2.693873E-1
2.377500E+4	5.057024E-1
2.377525E+4	5.999609E-1
2.377550E+4	4.716274E-1
2.377575E+4	2.476858E-1
2.377600E+4	1.314672E-1
2.377625E+4	1.420422E-1
2.377650E+4	2.035901E-1
2.377675E+4	2.518238E-1
2.377700E+4	2.823086E-1
2.377725E+4	2.997464E-1
2.377750E+4	2.990933E-1
2.377775E+4	2.692072E-1
2.377800E+4	1.966307E-1
2.377825E+4	1.025716E-1
2.377850E+4	2.603073E-2
2.377875E+4	2.997448E-3
2.377900E+4	5.422130E-2
2.377925E+4	9.952308E-2
2.377950E+4	8.719830E-2
2.377975E+4	4.070585E-2
2.378000E+4	7.043858E-2
2.378025E+4	3.119417E-1
2.378050E+4	5.943739E-1
2.378075E+4	6.850033E-1
2.378100E+4	5.603765E-1
2.378125E+4	2.529597E-1
2.378150E+4	5.096347E-2
2.378175E+4	8.043347E-2
2.378200E+4	1.060949E-1
2.378225E+4	6.319548E-2
2.378250E+4	5.107063E-2
2.378275E+4	1.806905E-1
2.378300E+4	2.980095E-1
2.378325E+4	1.315312E-1
2.378350E+4	3.094871E-2
2.378375E+4	1.442905E-1
2.378400E+4	2.428259E-1
2.378425E+4	3.135038E-1
2.378450E+4	3.792184E-1
2.378475E+4	4.400155E-1
2.378500E+4	4.392609E-1
2.378525E+4	4.040669E-1
2.378550E+4	3.842666E-1
2.378575E+4	4.230867E-1
2.378600E+4	5.643038E-1
2.378625E+4	5.197808E-1
2.378650E+4	3.865283E-1
2.378675E+4	2.357714E-1
2.378700E+4	7.415966E-2
2.378725E+4	2.299485E-2
2.378750E+4	6.820207E-2
2.378775E+4	1.069123E-1
2.378800E+4	1.108332E-1
2.378825E+4	6.781052E-2
2.378850E+4	3.578255E-2
2.378875E+4	4.965507E-2
2.378900E+4	7.065334E-2
2.378925E+4	9.784409E-2
2.378950E+4	1.382832E-1
2.378975E+4	1.449124E-1
2.379000E+4	8.621318E-2
2.379025E+4	7.653039E-2
2.379050E+4	1.891232E-1
2.379075E+4	3.262065E-1
2.379100E+4	2.747959E-1
2.379125E+4	1.951403E-1
2.379150E+4	1.477255E-1
2.379175E+4	1.433379E-1
2.379200E+4	1.945492E-1
2.379225E+4	1.906264E-1
2.379250E+4	9.903691E-2
2.379275E+4	3.013686E-2
2.379300E+4	9.022146E-3
2.379325E+4	4.139915E-2
2.379350E+4	1.033528E-1
2.379375E+4	1.908236E-1
2.379400E+4	3.041864E-1
2.379425E+4	3.790307E-1
2.379450E+4	2.825663E-1
2.379475E+4	6.496405E-2
2.379500E+4	3.968317E-2
2.379525E+4	2.780445E-1
2.379550E+4	4.735039E-1
2.379575E+4	4.842169E-1
2.379600E+4	3.898047E-1
2.379625E+4	2.456686E-1
2.379650E+4	7.233969E-2
2.379675E+4	8.499633E-2
2.379700E+4	3.744476E-1
2.379725E+4	4.188081E-1
2.379750E+4	3.393068E-1
2.379775E+4	2.374512E-1
2.379800E+4	1.464411E-1
2.379825E+4	9.801116E-2
2.379850E+4	1.122305E-1
2.379875E+4	1.214302E-1
2.379900E+4	9.209815E-2
2.379925E+4	7.534068E-2
2.379950E+4	1.271394E-1
2.379975E+4	3.317440E-1
2.380000E+4	3.815925E-1
2.380025E+4	3.083743E-1
2.380050E+4	2.876097E-1
2.380075E+4	3.043290E-1
2.380100E+4	3.253029E-1
2.380125E+4	2.494724E-1
2.380150E+4	1.023726E-1
2.380175E+4	4.969364E-2
2.380200E+4	4.504847E-2
2.380225E+4	7.682522E-2
2.380250E+4	2.619309E-1
2.380275E+4	3.087654E-1
2.380300E+4	1.665956E-1
2.380325E+4	7.075211E-2
2.380350E+4	2.004017E-2
2.380375E+4	3.144673E-2
2.380400E+4	1.260068E-1
2.380425E+4	2.520943E-1
2.380450E+4	2.985913E-1
2.380475E+4	2.320942E-1
2.380500E+4	1.289091E-1
2.380525E+4	1.498986E-1
2.380550E+4	1.161559E-1
2.380575E+4	5.186907E-2
2.380600E+4	3.444254E-2
2.380625E+4	6.712279E-2
2.380650E+4	1.314108E-1
2.380675E+4	2.300831E-1
2.380700E+4	3.677677E-1
2.380725E+4	4.944424E-1
2.380750E+4	4.953226E-1
2.380775E+4	3.513671E-1
2.380800E+4	1.804176E-1
2.380825E+4	1.616981E-1
2.380850E+4	3.025335E-1
2.380875E+4	1.381564E-1
2.380900E+4	3.548792E-2
2.380925E+4	2.533150E-3
2.380950E+4	7.068425E-3
2.380975E+4	2.827223E-2
2.381000E+4	4.244930E-2
2.381025E+4	9.097448E-2
2.381050E+4	2.158441E-1
2.381075E+4	3.439795E-1
2.381100E+4	3.293850E-1
2.381125E+4	1.649114E-1
2.381150E+4	5.655254E-2
2.381175E+4	1.736486E-2
2.381200E+4	7.652157E-3
2.381225E+4	3.437564E-2
2.381250E+4	7.661861E-2
2.381275E+4	1.125291E-1
2.381300E+4	1.331814E-1
2.381325E+4	1.143999E-1
2.381350E+4	8.841475E-2
2.381375E+4	1.060566E-1
2.381400E+4	9.951482E-2
2.381425E+4	4.221433E-2
2.381450E+4	5.955215E-3
2.381475E+4	9.544693E-2
2.381500E+4	1.882630E-1
2.381525E+4	2.017215E-1
2.381550E+4	1.469015E-1
2.381575E+4	6.796611E-2
2.381600E+4	1.326903E-2
2.381625E+4	8.201022E-4
2.381650E+4	2.095763E-2
2.381675E+4	5.823916E-2
2.381700E+4	8.589232E-2
2.381725E+4	8.479193E-2
2.381750E+4	1.262087E-1
2.381775E+4	2.598439E-1
2.381800E+4	4.135602E-1
2.381825E+4	4.714912E-1
2.381850E+4	3.954461E-1
2.381875E+4	2.763274E-1
2.381900E+4	2.446603E-1
2.381925E+4	3.677315E-1
2.381950E+4	4.734662E-1
2.381975E+4	4.227760E-1
2.382000E+4	2.335744E-1
2.382025E+4	3.767163E-2
2.382050E+4	4.413022E-1
2.382075E+4	4.944522E-1
2.382100E+4	4.790310E-1
2.382125E+4	4.326326E-1
2.382150E+4	3.251233E-1
2.382175E+4	1.542812E-1
2.382200E+4	9.250683E-2
2.382225E+4	1.734516E-1
2.382250E+4	1.674234E-1
2.382275E+4	7.848943E-2
2.382300E+4	3.377907E-2
2.382325E+4	6.249881E-2
2.382350E+4	1.171038E-1
2.382375E+4	1.282109E-1
2.382400E+4	6.767873E-2
2.382425E+4	2.571670E-2
2.382450E+4	7.112932E-2
2.382475E+4	1.285115E-1
2.382500E+4	1.424997E-1
2.382525E+4	1.199434E-1
2.382550E+4	8.551396E-2
2.382575E+4	6.318082E-2
2.382600E+4	5.704188E-2
2.382625E+4	6.666437E-2
2.382650E+4	7.550316E-2
2.382675E+4	6.176077E-2
2.382700E+4	5.239728E-2
2.382725E+4	6.320707E-2
2.382750E+4	6.241363E-2
2.382775E+4	2.292075E-2
2.382800E+4	2.523522E-3
2.382825E+4	1.285336E-3
2.382850E+4	1.174517E-2
2.382875E+4	2.833194E-2
2.382900E+4	4.276822E-2
2.382925E+4	6.122575E-2
2.382950E+4	9.207406E-2
2.382975E+4	1.215688E-1
2.383000E+4	1.259755E-1
2.383025E+4	6.960333E-2
2.383050E+4	9.335231E-3
2.383075E+4	3.480496E-2
2.383100E+4	7.525805E-2
2.383125E+4	1.153479E-1
2.383150E+4	1.538325E-1
2.383175E+4	9.453954E-2
2.383200E+4	2.070462E-2
2.383225E+4	2.886135E-3
2.383250E+4	5.833027E-3
2.383275E+4	2.777083E-2
2.383300E+4	8.285337E-2
2.383325E+4	1.078027E-1
2.383350E+4	1.050152E-1
2.383375E+4	1.060012E-1
2.383400E+4	1.135106E-1
2.383425E+4	1.321102E-1
2.383450E+4	1.546957E-1
2.383475E+4	1.611083E-1
2.383500E+4	1.246585E-1
2.383525E+4	3.903777E-2
2.383550E+4	5.984346E-3
2.383575E+4	9.386940E-2
2.383600E+4	2.005654E-1
2.383625E+4	2.621149E-1
2.383650E+4	2.913500E-1
2.383675E+4	3.482594E-1
2.383700E+4	4.798106E-1
2.383725E+4	5.056413E-1
2.383750E+4	1.963151E-1
2.383775E+4	3.892557E-2
2.383800E+4	6.337218E-2
2.383825E+4	1.200771E-1
2.383850E+4	1.229844E-1
2.383875E+4	7.948522E-2
2.383900E+4	3.630488E-2
2.383925E+4	5.677742E-2
2.383950E+4	2.048534E-1
2.383975E+4	3.947500E-1
2.384000E+4	5.017100E-1
2.384025E+4	5.157956E-1
2.384050E+4	4.200062E-1
2.384075E+4	2.567392E-1
2.384100E+4	2.347413E-1
2.384125E+4	3.903487E-1
2.384150E+4	5.275986E-1
2.384175E+4	5.724056E-1
2.384200E+4	5.696502E-1
2.384225E+4	5.606426E-1
2.384250E+4	5.647893E-1
2.384275E+4	5.591815E-1
2.384300E+4	4.730459E-1
2.384325E+4	3.011644E-1
2.384350E+4	9.990586E-2
2.384375E+4	8.710865E-2
2.384400E+4	2.273439E-1
2.384425E+4	2.372302E-1
2.384450E+4	1.250592E-1
2.384475E+4	2.309046E-2
2.384500E+4	9.868477E-3
2.384525E+4	6.404795E-2
2.384550E+4	9.462666E-2
2.384575E+4	2.220077E-2
2.384600E+4	1.657286E-2
2.384625E+4	8.375696E-2
2.384650E+4	1.626773E-1
2.384675E+4	2.155697E-1
2.384700E+4	1.622591E-1
2.384725E+4	8.232146E-2
2.384750E+4	8.601309E-2
2.384775E+4	1.907066E-1
2.384800E+4	3.309324E-1
2.384825E+4	4.087970E-1
2.384850E+4	4.158873E-1
2.384875E+4	3.587627E-1
2.384900E+4	1.769187E-1
2.384925E+4	6.499253E-2
2.384950E+4	1.699437E-1
2.384975E+4	1.767357E-1
2.385000E+4	1.240501E-1
2.385025E+4	4.996237E-2
2.385050E+4	3.300585E-3
2.385075E+4	5.011666E-3
2.385100E+4	4.247246E-2
2.385125E+4	2.424329E-1
2.385150E+4	3.517598E-1
2.385175E+4	3.603465E-1
2.385200E+4	2.824627E-1
2.385225E+4	9.215939E-2
2.385250E+4	1.275517E-2
2.385275E+4	4.535400E-2
2.385300E+4	9.703638E-2
2.385325E+4	1.831923E-1
2.385350E+4	2.399044E-1
2.385375E+4	1.305364E-1
2.385400E+4	2.397550E-2
2.385425E+4	1.601786E-2
2.385450E+4	1.194322E-1
2.385475E+4	1.929343E-1
2.385500E+4	1.356293E-1
2.385525E+4	2.415774E-2
2.385550E+4	4.036798E-2
2.385575E+4	1.761202E-1
2.385600E+4	2.660129E-1
2.385625E+4	2.765482E-1
2.385650E+4	1.711476E-1
2.385675E+4	7.843703E-2
2.385700E+4	6.138221E-2
2.385725E+4	3.626284E-2
2.385750E+4	3.583240E-2
2.385775E+4	9.889170E-2
2.385800E+4	2.272354E-1
2.385825E+4	3.616430E-1
2.385850E+4	2.888467E-1
2.385875E+4	6.783696E-2
2.385900E+4	4.705573E-2
2.385925E+4	1.121344E-1
2.385950E+4	1.801894E-1
2.385975E+4	1.950482E-1
2.386000E+4	4.308926E-2
2.386025E+4	7.717698E-2
2.386050E+4	2.235897E-1
2.386075E+4	2.819997E-1
2.386100E+4	3.037493E-1
2.386125E+4	3.349179E-1
2.386150E+4	3.586929E-1
2.386175E+4	2.025797E-1
2.386200E+4	6.836438E-2
2.386225E+4	8.923860E-3
2.386250E+4	5.854104E-2
2.386275E+4	3.061784E-1
2.386300E+4	6.394278E-1
2.386325E+4	8.141040E-1
2.386350E+4	8.307298E-1
2.386375E+4	7.067272E-1
2.386400E+4	4.336780E-1
2.386425E+4	2.096304E-1
2.386450E+4	1.501754E-1
2.386475E+4	2.092053E-1
2.386500E+4	2.874391E-1
2.386525E+4	2.704675E-1
2.386550E+4	2.274084E-1
2.386575E+4	2.415302E-1
2.386600E+4	3.582884E-1
2.386625E+4	5.239842E-1
2.386650E+4	6.081841E-1
2.386675E+4	6.063476E-1
2.386700E+4	5.836799E-1
2.386725E+4	5.733488E-1
2.386750E+4	5.352163E-1
2.386775E+4	2.258172E-1
2.386800E+4	6.249811E-3
2.386825E+4	1.035197E-1
2.386850E+4	2.545799E-1
2.386875E+4	2.642112E-1
2.386900E+4	3.194519E-2
2.386925E+4	7.732150E-3
2.386950E+4	2.519848E-2
2.386975E+4	2.348143E-2
2.387000E+4	9.751951E-3
2.387025E+4	5.305391E-2
2.387050E+4	1.537344E-1
2.387075E+4	2.840652E-1
2.387100E+4	4.127950E-1
2.387125E+4	4.781672E-1
2.387150E+4	4.833547E-1
2.387175E+4	3.909225E-1
2.387200E+4	7.063057E-2
2.387225E+4	2.892669E-2
2.387250E+4	1.426311E-1
2.387275E+4	2.599853E-1
2.387300E+4	4.128565E-1
2.387325E+4	4.135072E-1
2.387350E+4	2.156656E-1
2.387375E+4	1.793276E-1
2.387400E+4	1.472191E-1
2.387425E+4	7.880429E-2
2.387450E+4	1.730793E-1
2.387475E+4	3.708311E-1
2.387500E+4	3.883341E-1
2.387525E+4	3.310327E-1
2.387550E+4	2.527056E-1
2.387575E+4	2.098808E-1
2.387600E+4	2.211708E-1
2.387625E+4	2.757615E-1
2.387650E+4	3.797779E-1
2.387675E+4	4.459807E-1
2.387700E+4	2.916781E-1
2.387725E+4	2.268507E-1
2.387750E+4	2.096301E-1
2.387775E+4	1.645585E-1
2.387800E+4	7.962143E-2
2.387825E+4	2.594006E-2
2.387850E+4	8.511046E-3
2.387875E+4	1.043378E-2
2.387900E+4	1.355153E-2
2.387925E+4	5.919066E-3
2.387950E+4	4.940935E-2
2.387975E+4	1.531229E-1
2.388000E+4	3.142593E-1
2.388025E+4	4.590823E-1
2.388050E+4	3.733536E-1
2.388075E+4	2.889899E-2
2.388100E+4	1.503701E-1
2.388125E+4	2.347463E-1
2.388150E+4	2.167478E-1
2.388175E+4	1.760325E-1
2.388200E+4	1.290136E-1
2.388225E+4	7.628716E-2
2.388250E+4	8.394160E-2
2.388275E+4	2.724701E-1
2.388300E+4	4.040958E-1
2.388325E+4	4.152512E-1
2.388350E+4	3.907793E-1
2.388375E+4	3.828196E-1
2.388400E+4	4.373649E-1
2.388425E+4	5.108049E-1
2.388450E+4	4.359494E-1
2.388475E+4	3.279526E-1
2.388500E+4	2.505319E-1
2.388525E+4	1.733740E-1
2.388550E+4	9.194717E-2
2.388575E+4	7.144522E-2
2.388600E+4	8.123550E-2
2.388625E+4	1.091565E-1
2.388650E+4	1.735601E-1
2.388675E+4	2.196246E-1
2.388700E+4	2.576176E-1
2.388725E+4	3.401707E-1
2.388750E+4	3.853885E-1
2.388775E+4	3.031476E-1
2.388800E+4	2.342241E-1
2.388825E+4	2.442899E-1
2.388850E+4	3.833508E-1
2.388875E+4	6.243780E-1
2.388900E+4	5.636684E-1
2.388925E+4	4.421374E-1
2.388950E+4	3.828183E-1
2.388975E+4	3.216407E-1
2.389000E+4	2.165056E-1
2.389025E+4	1.020216E-1
2.389050E+4	3.075199E-2
2.389075E+4	3.145615E-2
2.389100E+4	8.999062E-2
2.389125E+4	1.628917E-1
2.389150E+4	1.954959E-1
2.389175E+4	1.346263E-1
2.389200E+4	7.180480E-2
2.389225E+4	6.269748E-2
2.389250E+4	8.593683E-2
2.389275E+4	8.520346E-2
2.389300E+4	5.226479E-2
2.389325E+4	1.761908E-2
2.389350E+4	2.487512E-3
2.389375E+4	4.924051E-2
2.389400E+4	8.029429E-2
2.389425E+4	9.350540E-2
2.389450E+4	1.227078E-1
2.389475E+4	1.668779E-1
2.389500E+4	9.536583E-2
2.389525E+4	1.081381E-2
2.389550E+4	5.241972E-2
2.389575E+4	1.439837E-1
2.389600E+4	2.128312E-1
2.389625E+4	1.933619E-1
2.389650E+4	1.738046E-1
2.389675E+4	2.672433E-1
2.389700E+4	3.821252E-1
2.389725E+4	2.380730E-1
2.389750E+4	1.055454E-1
2.389775E+4	3.098219E-2
2.389800E+4	3.517404E-3
2.389825E+4	5.295577E-2
2.389850E+4	1.336115E-1
2.389875E+4	2.080972E-1
2.389900E+4	2.911766E-1
2.389925E+4	3.365526E-1
2.389950E+4	2.960583E-1
2.389975E+4	2.362595E-1
2.390000E+4	1.921224E-1
2.390025E+4	1.397048E-1
2.390050E+4	9.354446E-2
2.390075E+4	7.794839E-2
2.390100E+4	8.967958E-2
2.390125E+4	1.324749E-1
2.390150E+4	1.645701E-1
2.390175E+4	1.556733E-1
2.390200E+4	1.655484E-1
2.390225E+4	2.016839E-1
2.390250E+4	2.444617E-1
2.390275E+4	1.908889E-1
2.390300E+4	4.278188E-2
2.390325E+4	6.810082E-2
2.390350E+4	2.629719E-1
2.390375E+4	4.781946E-1
2.390400E+4	4.627213E-1
2.390425E+4	3.302990E-1
2.390450E+4	2.294009E-1
2.390475E+4	1.546103E-1
2.390500E+4	7.179545E-2
2.390525E+4	4.265940E-2
2.390550E+4	4.727295E-2
2.390575E+4	7.745631E-2
2.390600E+4	1.665844E-1
2.390625E+4	3.278251E-1
2.390650E+4	3.537434E-1
2.390675E+4	2.521346E-1
2.390700E+4	1.644976E-1
2.390725E+4	1.026786E-1
2.390750E+4	6.700793E-2
2.390775E+4	7.037362E-2
2.390800E+4	7.615297E-2
2.390825E+4	7.356933E-2
2.390850E+4	7.235450E-2
2.390875E+4	6.558872E-2
2.390900E+4	4.226537E-2
2.390925E+4	3.383507E-2
2.390950E+4	5.913720E-2
2.390975E+4	1.477340E-1
2.391000E+4	3.969777E-1
2.391025E+4	6.318654E-1
2.391050E+4	5.207604E-1
2.391075E+4	4.070921E-1
2.391100E+4	2.565606E-1
2.391125E+4	1.357682E-1
2.391150E+4	1.417182E-1
2.391175E+4	2.157932E-1
2.391200E+4	2.545636E-1
2.391225E+4	1.921719E-1
2.391250E+4	1.153653E-1
2.391275E+4	9.123896E-2
2.391300E+4	1.341060E-1
2.391325E+4	2.481534E-1
2.391350E+4	3.234273E-1
2.391375E+4	3.885511E-1
2.391400E+4	5.092531E-1
2.391425E+4	6.419506E-1
2.391450E+4	6.848113E-1
2.391475E+4	5.466058E-1
2.391500E+4	2.880030E-1
2.391525E+4	7.671783E-2
2.391550E+4	2.173188E-2
2.391575E+4	6.538613E-2
2.391600E+4	1.009817E-1
2.391625E+4	9.127354E-2
2.391650E+4	6.110168E-2
2.391675E+4	4.433634E-2
2.391700E+4	5.847036E-2
2.391725E+4	1.019634E-1
2.391750E+4	7.911891E-2
2.391775E+4	1.981411E-2
2.391800E+4	2.134899E-2
2.391825E+4	6.071570E-2
2.391850E+4	1.114992E-1
2.391875E+4	1.281016E-1
2.391900E+4	8.482375E-2
2.391925E+4	4.014294E-2
2.391950E+4	3.375101E-2
2.391975E+4	3.505582E-2
2.392000E+4	3.201930E-2
2.392025E+4	3.891719E-2
2.392050E+4	6.201778E-2
2.392075E+4	9.365064E-2
2.392100E+4	1.221837E-1
2.392125E+4	1.813998E-1
2.392150E+4	2.814969E-1
2.392175E+4	4.026251E-1
2.392200E+4	5.210104E-1
2.392225E+4	5.667530E-1
2.392250E+4	4.341889E-1
2.392275E+4	2.333688E-1
2.392300E+4	1.140574E-1
2.392325E+4	6.081314E-2
2.392350E+4	3.222310E-2
2.392375E+4	2.041268E-2
2.392400E+4	5.163037E-2
2.392425E+4	1.171591E-1
2.392450E+4	2.404417E-1
2.392475E+4	4.328099E-1
2.392500E+4	5.601370E-1
2.392525E+4	4.319936E-1
2.392550E+4	1.757788E-1
2.392575E+4	2.674889E-2
2.392600E+4	1.495222E-1
2.392625E+4	3.678226E-1
2.392650E+4	5.106274E-1
2.392675E+4	6.348218E-1
2.392700E+4	6.712266E-1
2.392725E+4	5.414113E-1
2.392750E+4	3.416912E-1
2.392775E+4	2.242672E-1
2.392800E+4	3.174278E-1
2.392825E+4	4.824827E-1
2.392850E+4	3.617297E-1
2.392875E+4	9.362497E-2
2.392900E+4	8.175536E-3
2.392925E+4	1.401345E-1
2.392950E+4	3.520726E-1
2.392975E+4	4.942490E-1
2.393000E+4	3.672171E-1
2.393025E+4	2.820359E-2
2.393050E+4	2.321738E-1
2.393075E+4	3.290420E-1
2.393100E+4	2.301457E-1
2.393125E+4	1.084668E-1
2.393150E+4	1.436212E-1
2.393175E+4	4.692948E-1
2.393200E+4	6.888915E-1
2.393225E+4	4.332484E-1
2.393250E+4	2.407737E-1
2.393275E+4	1.656151E-1
2.393300E+4	1.359069E-1
2.393325E+4	1.182739E-1
2.393350E+4	9.873465E-2
2.393375E+4	4.550022E-2
2.393400E+4	8.633634E-3
2.393425E+4	1.323672E-1
2.393450E+4	1.820005E-1
2.393475E+4	1.335269E-1
2.393500E+4	6.889938E-2
2.393525E+4	2.178252E-2
2.393550E+4	1.631748E-2
2.393575E+4	9.791573E-2
2.393600E+4	2.905792E-1
2.393625E+4	3.860807E-1
2.393650E+4	2.588571E-1
2.393675E+4	9.322743E-2
2.393700E+4	4.753453E-3
2.393725E+4	7.542638E-2
2.393750E+4	1.363449E-1
2.393775E+4	1.045075E-1
2.393800E+4	6.201014E-2
2.393825E+4	3.392650E-2
2.393850E+4	3.381905E-2
2.393875E+4	1.017212E-1
2.393900E+4	2.177668E-1
2.393925E+4	2.752437E-1
2.393950E+4	2.882053E-1
2.393975E+4	2.802316E-1
2.394000E+4	2.406398E-1
2.394025E+4	1.641145E-1
2.394050E+4	1.208358E-1
2.394075E+4	1.253599E-1
2.394100E+4	1.433055E-1
2.394125E+4	1.637886E-1
2.394150E+4	1.831429E-1
2.394175E+4	2.175063E-1
2.394200E+4	3.055989E-1
2.394225E+4	4.420487E-1
2.394250E+4	5.802244E-1
2.394275E+4	6.450989E-1
2.394300E+4	5.137905E-1
2.394325E+4	2.070797E-1
2.394350E+4	2.787829E-1
2.394375E+4	5.153903E-1
2.394400E+4	5.999092E-1
2.394425E+4	5.664772E-1
2.394450E+4	4.523479E-1
2.394475E+4	2.482167E-1
2.394500E+4	7.826394E-2
2.394525E+4	3.626268E-1
2.394550E+4	3.958664E-1
2.394575E+4	2.802037E-1
2.394600E+4	1.206660E-1
2.394625E+4	3.855740E-2
2.394650E+4	1.160600E-1
2.394675E+4	1.273843E-1
2.394700E+4	5.266339E-2
2.394725E+4	3.086385E-2
2.394750E+4	1.502899E-1
2.394775E+4	2.845473E-1
2.394800E+4	2.255458E-1
2.394825E+4	6.427022E-2
2.394850E+4	1.256757E-2
2.394875E+4	4.845651E-2
2.394900E+4	1.183086E-1
2.394925E+4	1.801791E-1
2.394950E+4	1.354210E-1
2.394975E+4	1.211106E-1
2.395000E+4	1.782547E-1
2.395025E+4	2.594573E-1
2.395050E+4	2.774653E-1
2.395075E+4	1.858399E-1
2.395100E+4	1.108396E-1
2.395125E+4	6.971453E-2
2.395150E+4	3.568174E-2
2.395175E+4	1.171516E-2
2.395200E+4	3.700941E-2
2.395225E+4	9.424261E-2
2.395250E+4	1.507265E-1
2.395275E+4	1.714729E-1
2.395300E+4	1.560221E-1
2.395325E+4	1.412284E-1
2.395350E+4	1.463258E-1
2.395375E+4	1.804753E-1
2.395400E+4	1.907463E-1
2.395425E+4	1.596062E-1
2.395450E+4	1.082909E-1
2.395475E+4	5.495600E-2
2.395500E+4	4.810211E-2
2.395525E+4	5.872045E-2
2.395550E+4	5.092036E-2
2.395575E+4	1.883926E-2
2.395600E+4	1.340549E-3
2.395625E+4	1.212620E-2
2.395650E+4	4.768077E-3
2.395675E+4	1.199607E-2
2.395700E+4	1.515693E-1
2.395725E+4	4.361918E-1
2.395750E+4	6.184152E-1
2.395775E+4	6.588018E-1
2.395800E+4	4.795094E-1
2.395825E+4	4.984824E-2
2.395850E+4	1.573759E-1
2.395875E+4	2.765465E-1
2.395900E+4	3.124482E-1
2.395925E+4	2.637589E-1
2.395950E+4	1.718928E-1
2.395975E+4	1.042656E-1
2.396000E+4	3.696295E-2
2.396025E+4	1.228047E-3
2.396050E+4	4.270869E-2
2.396075E+4	1.128014E-1
2.396100E+4	1.180623E-1
2.396125E+4	9.023737E-2
2.396150E+4	1.526953E-1
2.396175E+4	3.466674E-1
2.396200E+4	4.852619E-1
2.396225E+4	3.540632E-1
2.396250E+4	1.214614E-1
2.396275E+4	6.734350E-3
2.396300E+4	2.519110E-2
2.396325E+4	1.095103E-1
2.396350E+4	1.848075E-1
2.396375E+4	2.336456E-1
2.396400E+4	2.525134E-1
2.396425E+4	2.195446E-1
2.396450E+4	2.771272E-1
2.396475E+4	4.341488E-1
2.396500E+4	4.683701E-1
2.396525E+4	4.935944E-1
2.396550E+4	6.737024E-1
2.396575E+4	6.977187E-1
2.396600E+4	6.121856E-1
2.396625E+4	4.841361E-1
2.396650E+4	3.138424E-1
2.396675E+4	1.115691E-1
2.396700E+4	9.497070E-3
2.396725E+4	9.457410E-3
2.396750E+4	8.178121E-3
2.396775E+4	4.724426E-2
2.396800E+4	1.404525E-1
2.396825E+4	2.288838E-1
2.396850E+4	2.137928E-1
2.396875E+4	3.186460E-2
2.396900E+4	1.258846E-1
2.396925E+4	3.517280E-1
2.396950E+4	3.844890E-1
2.396975E+4	2.836406E-1
2.397000E+4	9.102889E-2
2.397025E+4	1.145875E-2
2.397050E+4	4.214830E-2
2.397075E+4	3.658370E-2
2.397100E+4	1.844004E-2
2.397125E+4	1.640584E-1
2.397150E+4	3.754175E-1
2.397175E+4	3.608899E-1
2.397200E+4	2.176311E-1
2.397225E+4	4.885046E-2
2.397250E+4	4.651081E-3
2.397275E+4	5.916389E-2
2.397300E+4	1.094443E-1
2.397325E+4	1.671110E-1
2.397350E+4	2.266428E-1
2.397375E+4	1.905888E-1
2.397400E+4	1.616493E-1
2.397425E+4	1.368463E-1
2.397450E+4	1.185691E-1
2.397475E+4	1.161573E-1
2.397500E+4	1.265666E-1
2.397525E+4	1.266797E-1
2.397550E+4	9.967234E-2
2.397575E+4	5.811155E-2
2.397600E+4	7.115964E-2
2.397625E+4	1.338156E-1
2.397650E+4	1.248514E-1
2.397675E+4	7.198831E-2
2.397700E+4	5.471199E-2
2.397725E+4	1.016792E-1
2.397750E+4	1.908862E-1
2.397775E+4	2.794646E-1
2.397800E+4	3.427041E-1
2.397825E+4	3.795115E-1
2.397850E+4	3.708360E-1
2.397875E+4	2.924722E-1
2.397900E+4	2.719245E-1
2.397925E+4	3.218726E-1
2.397950E+4	4.036230E-1
2.397975E+4	4.951137E-1
2.398000E+4	1.404850E-1
2.398025E+4	3.049893E-2
2.398050E+4	1.341138E-1
2.398075E+4	2.218967E-1
2.398100E+4	3.051028E-1
2.398125E+4	3.212434E-1
2.398150E+4	1.867217E-1
2.398175E+4	1.096409E-1
2.398200E+4	7.937863E-2
2.398225E+4	5.294467E-2
2.398250E+4	4.193309E-2
2.398275E+4	9.859820E-2
2.398300E+4	1.524096E-1
2.398325E+4	1.274137E-1
2.398350E+4	9.157827E-2
2.398375E+4	8.112024E-2
2.398400E+4	9.521301E-2
2.398425E+4	1.285163E-1
2.398450E+4	1.972786E-1
2.398475E+4	3.290979E-1
2.398500E+4	4.547524E-1
2.398525E+4	4.526618E-1
2.398550E+4	3.883198E-1
2.398575E+4	3.434032E-1
2.398600E+4	3.321496E-1
2.398625E+4	3.349182E-1
2.398650E+4	3.262769E-1
2.398675E+4	2.941086E-1
2.398700E+4	2.080541E-1
2.398725E+4	5.585032E-2
2.398750E+4	1.284531E-2
2.398775E+4	1.710159E-1
2.398800E+4	4.107372E-1
2.398825E+4	6.001870E-1
2.398850E+4	5.296815E-1
2.398875E+4	2.096184E-1
2.398900E+4	1.742376E-2
2.398925E+4	9.328690E-2
2.398950E+4	2.064263E-1
2.398975E+4	2.004489E-1
2.399000E+4	1.019147E-1
2.399025E+4	4.170868E-2
2.399050E+4	1.274412E-1
2.399075E+4	2.097373E-1
2.399100E+4	1.927397E-1
2.399125E+4	1.091866E-1
2.399150E+4	1.805917E-1
2.399175E+4	5.177901E-1
2.399200E+4	4.235596E-1
2.399225E+4	1.908199E-1
2.399250E+4	4.847019E-2
2.399275E+4	1.417208E-1
2.399300E+4	3.769641E-1
2.399325E+4	3.366324E-1
2.399350E+4	1.854171E-1
2.399375E+4	1.168940E-1
2.399400E+4	1.112731E-1
2.399425E+4	1.617263E-1
2.399450E+4	3.513494E-1
2.399475E+4	3.671037E-1
2.399500E+4	3.066870E-1
2.399525E+4	2.484616E-1
2.399550E+4	1.824208E-1
2.399575E+4	1.431707E-1
2.399600E+4	1.830463E-1
2.399625E+4	2.684164E-1
2.399650E+4	3.143748E-1
2.399675E+4	2.758740E-1
2.399700E+4	2.157594E-1
2.399725E+4	2.110768E-1
2.399750E+4	1.993452E-1
2.399775E+4	1.243238E-1
2.399800E+4	1.811178E-2
2.399825E+4	1.122428E-1
2.399850E+4	4.827579E-1
2.399875E+4	7.527558E-1
2.399900E+4	7.227315E-1
2.399925E+4	4.338958E-1
2.399950E+4	1.564250E-1
2.399975E+4	4.165806E-2
2.400000E+4	8.465960E-2
2.400025E+4	2.458453E-1
2.400050E+4	2.844332E-1
2.400075E+4	1.801688E-1
2.400100E+4	9.191809E-2
2.400125E+4	1.055348E-1
2.400150E+4	2.082150E-1
2.400175E+4	2.917887E-1
2.400200E+4	3.104866E-1
2.400225E+4	2.315395E-1
2.400250E+4	1.044740E-1
2.400275E+4	1.174505E-1
2.400300E+4	1.292082E-1
2.400325E+4	1.225931E-1
2.400350E+4	1.116465E-1
2.400375E+4	1.135501E-1
2.400400E+4	1.530906E-1
2.400425E+4	1.677602E-1
2.400450E+4	1.576245E-1
2.400475E+4	1.576814E-1
2.400500E+4	1.504930E-1
2.400525E+4	1.198025E-1
2.400550E+4	7.495807E-2
2.400575E+4	1.047366E-1
2.400600E+4	2.113058E-1
2.400625E+4	2.044735E-1
2.400650E+4	7.985998E-2
2.400675E+4	3.886499E-3
2.400700E+4	3.275166E-2
2.400725E+4	1.208650E-1
2.400750E+4	2.148169E-1
2.400775E+4	2.624012E-1
2.400800E+4	2.495048E-1
2.400825E+4	1.779874E-1
2.400850E+4	4.536950E-2
2.400875E+4	1.189855E-1
2.400900E+4	4.795353E-1
2.400925E+4	4.155166E-1
2.400950E+4	2.462710E-1
2.400975E+4	4.730597E-2
2.401000E+4	5.638999E-2
2.401025E+4	3.607708E-1
2.401050E+4	5.494185E-1
2.401075E+4	6.188342E-1
2.401100E+4	6.417458E-1
2.401125E+4	5.821787E-1
2.401150E+4	3.728030E-1
2.401175E+4	1.948430E-1
2.401200E+4	1.422996E-1
2.401225E+4	1.885547E-1
2.401250E+4	2.609966E-1
2.401275E+4	1.781145E-1
2.401300E+4	1.162625E-1
2.401325E+4	1.477293E-1
2.401350E+4	2.339803E-1
2.401375E+4	3.335441E-1
2.401400E+4	3.767382E-1
2.401425E+4	2.479976E-1
2.401450E+4	2.970030E-2
2.401475E+4	6.631285E-2
2.401500E+4	1.406012E-1
2.401525E+4	1.985885E-1
2.401550E+4	2.662278E-1
2.401575E+4	2.913937E-1
2.401600E+4	1.944549E-1
2.401625E+4	6.334654E-2
2.401650E+4	2.412422E-2
2.401675E+4	5.302668E-2
2.401700E+4	7.816321E-2
2.401725E+4	5.918728E-2
2.401750E+4	1.123805E-2
2.401775E+4	7.146186E-3
2.401800E+4	4.300507E-2
2.401825E+4	5.208892E-2
2.401850E+4	3.096034E-2
2.401875E+4	8.627585E-3
2.401900E+4	1.179818E-3
2.401925E+4	6.696591E-4
2.401950E+4	1.183113E-2
2.401975E+4	5.983625E-2
2.402000E+4	1.507382E-1
2.402025E+4	1.433351E-1
2.402050E+4	8.393153E-2
2.402075E+4	4.708772E-2
2.402100E+4	2.769757E-2
2.402125E+4	1.759617E-2
2.402150E+4	1.125759E-2
2.402175E+4	1.029234E-2
2.402200E+4	1.952576E-2
2.402225E+4	4.506772E-2
2.402250E+4	9.213151E-2
2.402275E+4	1.393501E-1
2.402300E+4	1.513628E-1
2.402325E+4	1.421832E-1
2.402350E+4	1.364566E-1
2.402375E+4	1.379791E-1
2.402400E+4	1.383911E-1
2.402425E+4	1.493790E-1
2.402450E+4	1.835479E-1
2.402475E+4	2.380779E-1
2.402500E+4	2.825462E-1
2.402525E+4	2.620766E-1
2.402550E+4	1.813058E-1
2.402575E+4	8.350576E-2
2.402600E+4	1.990461E-2
2.402625E+4	1.594679E-1
2.402650E+4	1.761116E-1
2.402675E+4	1.539395E-1
2.402700E+4	1.923949E-1
2.402725E+4	3.206507E-1
2.402750E+4	3.708319E-1
2.402775E+4	1.784149E-1
2.402800E+4	1.190385E-2
2.402825E+4	4.107024E-2
2.402850E+4	1.478483E-1
2.402875E+4	1.855024E-1
2.402900E+4	1.169703E-1
2.402925E+4	2.254780E-2
2.402950E+4	2.791364E-1
2.402975E+4	5.182928E-1
2.403000E+4	6.240644E-1
2.403025E+4	5.909054E-1
2.403050E+4	2.158416E-1
2.403075E+4	7.656195E-2
2.403100E+4	5.087280E-2
2.403125E+4	2.858851E-2
2.403150E+4	1.569310E-2
2.403175E+4	6.337793E-2
2.403200E+4	1.809808E-1
2.403225E+4	2.459362E-1
2.403250E+4	2.052676E-1
2.403275E+4	1.387610E-1
2.403300E+4	1.319421E-1
2.403325E+4	1.669134E-1
2.403350E+4	1.912021E-1
2.403375E+4	1.713867E-1
2.403400E+4	1.244850E-1
2.403425E+4	9.476346E-2
2.403450E+4	9.329621E-2
2.403475E+4	1.135236E-1
2.403500E+4	1.617615E-1
2.403525E+4	2.631202E-1
2.403550E+4	4.172801E-1
2.403575E+4	5.290516E-1
2.403600E+4	4.644786E-1
2.403625E+4	2.579956E-1
2.403650E+4	7.930093E-2
2.403675E+4	7.532242E-2
2.403700E+4	2.665591E-1
2.403725E+4	4.310762E-1
2.403750E+4	4.044304E-1
2.403775E+4	2.729975E-1
2.403800E+4	1.532721E-1
2.403825E+4	7.842320E-2
2.403850E+4	2.823243E-2
2.403875E+4	1.212079E-2
2.403900E+4	3.671334E-2
2.403925E+4	9.130425E-2
2.403950E+4	1.447133E-1
2.403975E+4	1.225228E-1
2.404000E+4	4.635384E-2
2.404025E+4	2.163305E-2
2.404050E+4	3.018177E-3
2.404075E+4	1.638682E-2
2.404100E+4	1.437485E-1
2.404125E+4	3.685652E-1
2.404150E+4	5.330168E-1
2.404175E+4	5.689471E-1
2.404200E+4	4.191930E-1
2.404225E+4	7.206453E-3
2.404250E+4	9.671807E-2
2.404275E+4	1.182937E-1
2.404300E+4	8.395027E-2
2.404325E+4	4.655692E-2
2.404350E+4	5.599453E-2
2.404375E+4	1.155822E-1
2.404400E+4	9.256152E-2
2.404425E+4	5.151828E-2
2.404450E+4	4.830712E-2
2.404475E+4	1.022780E-1
2.404500E+4	2.524767E-1
2.404525E+4	4.554894E-1
2.404550E+4	5.886252E-1
2.404575E+4	5.743274E-1
2.404600E+4	4.045623E-1
2.404625E+4	1.972792E-1
2.404650E+4	9.591275E-2
2.404675E+4	5.780314E-2
2.404700E+4	3.940093E-2
2.404725E+4	1.354559E-1
2.404750E+4	3.893422E-1
2.404775E+4	5.476781E-1
2.404800E+4	5.142299E-1
2.404825E+4	3.085444E-1
2.404850E+4	6.277836E-2
2.404875E+4	1.847961E-3
2.404900E+4	1.704261E-2
2.404925E+4	3.702296E-2
2.404950E+4	7.884641E-2
2.404975E+4	1.547092E-1
2.405000E+4	2.078898E-1
2.405025E+4	1.600601E-1
2.405050E+4	8.729520E-2
2.405075E+4	6.250462E-2
2.405100E+4	5.464494E-2
2.405125E+4	3.210806E-2
2.405150E+4	5.177016E-2
2.405175E+4	8.771175E-2
2.405200E+4	9.048280E-2
2.405225E+4	3.568668E-2
2.405250E+4	1.216797E-3
2.405275E+4	5.691249E-2
2.405300E+4	1.406572E-1
2.405325E+4	1.421481E-1
2.405350E+4	3.472021E-2
2.405375E+4	1.388083E-2
2.405400E+4	8.040244E-2
2.405425E+4	2.449385E-1
2.405450E+4	5.457668E-1
2.405475E+4	7.005343E-1
2.405500E+4	6.490932E-1
2.405525E+4	5.703955E-1
2.405550E+4	4.782639E-1
2.405575E+4	3.574843E-1
2.405600E+4	2.407713E-1
2.405625E+4	1.635515E-1
2.405650E+4	9.784948E-2
2.405675E+4	3.930742E-2
2.405700E+4	2.612130E-2
2.405725E+4	9.540771E-2
2.405750E+4	3.017104E-1
2.405775E+4	5.620992E-1
2.405800E+4	5.521381E-1
2.405825E+4	4.267318E-1
2.405850E+4	3.484040E-1
2.405875E+4	3.259000E-1
2.405900E+4	3.009730E-1
2.405925E+4	1.162126E-1
2.405950E+4	2.485941E-2
2.405975E+4	3.892201E-2
2.406000E+4	1.323905E-1
2.406025E+4	2.241623E-1
2.406050E+4	1.854501E-1
2.406075E+4	1.641085E-1
2.406100E+4	2.000643E-1
2.406125E+4	2.648137E-1
2.406150E+4	2.339665E-1
2.406175E+4	2.837883E-2
2.406200E+4	6.925828E-2
2.406225E+4	2.330766E-1
2.406250E+4	3.687518E-1
2.406275E+4	3.724825E-1
2.406300E+4	1.684592E-1
2.406325E+4	1.932755E-2
2.406350E+4	2.161187E-1
2.406375E+4	3.523702E-1
2.406400E+4	3.601939E-1
2.406425E+4	3.190016E-1
2.406450E+4	2.552625E-1
2.406475E+4	1.677689E-1
2.406500E+4	9.053591E-2
2.406525E+4	5.266947E-2
2.406550E+4	3.053551E-2
2.406575E+4	1.025177E-2
2.406600E+4	7.884859E-4
2.406625E+4	8.922396E-5
2.406650E+4	5.931653E-3
2.406675E+4	3.158699E-2
2.406700E+4	7.656278E-2
2.406725E+4	1.465499E-1
2.406750E+4	2.548762E-1
2.406775E+4	3.000416E-1
2.406800E+4	2.077187E-1
2.406825E+4	1.330998E-1
2.406850E+4	9.668415E-2
2.406875E+4	7.400670E-2
2.406900E+4	3.939667E-2
2.406925E+4	1.733640E-2
2.406950E+4	6.843411E-2
2.406975E+4	1.085438E-1
2.407000E+4	1.294008E-1
2.407025E+4	1.225576E-1
2.407050E+4	9.216104E-2
2.407075E+4	7.917718E-2
2.407100E+4	1.090375E-1
2.407125E+4	1.894630E-1
2.407150E+4	2.585545E-1
2.407175E+4	1.686551E-1
2.407200E+4	9.463601E-2
2.407225E+4	7.833704E-2
2.407250E+4	8.542227E-2
2.407275E+4	7.953625E-2
2.407300E+4	4.628967E-2
2.407325E+4	2.880727E-2
2.407350E+4	8.842962E-2
2.407375E+4	2.398089E-1
2.407400E+4	2.289420E-1
2.407425E+4	1.577924E-1
2.407450E+4	1.339177E-1
2.407475E+4	1.485801E-1
2.407500E+4	1.538545E-1
2.407525E+4	9.090450E-2
2.407550E+4	2.050248E-2
2.407575E+4	4.733893E-3
2.407600E+4	1.640265E-2
2.407625E+4	2.320377E-2
2.407650E+4	1.492635E-2
2.407675E+4	1.068021E-2
2.407700E+4	5.614692E-2
2.407725E+4	1.412103E-1
2.407750E+4	2.488228E-1
2.407775E+4	2.733742E-1
2.407800E+4	2.139446E-1
2.407825E+4	1.613585E-1
2.407850E+4	1.334731E-1
2.407875E+4	1.325532E-1
2.407900E+4	1.323107E-1
2.407925E+4	1.020551E-1
2.407950E+4	9.710589E-2
2.407975E+4	1.187580E-1
2.408000E+4	1.738905E-1
2.408025E+4	2.116379E-1
2.408050E+4	1.559753E-1
2.408075E+4	1.054732E-1
2.408100E+4	6.523766E-2
2.408125E+4	3.312737E-2
2.408150E+4	3.988949E-2
2.408175E+4	4.764413E-2
2.408200E+4	4.700036E-2
2.408225E+4	3.346576E-2
2.408250E+4	1.751300E-2
2.408275E+4	6.856476E-2
2.408300E+4	1.368409E-1
2.408325E+4	1.410984E-1
2.408350E+4	1.118183E-1
2.408375E+4	6.257811E-2
2.408400E+4	8.591690E-3
2.408425E+4	3.424230E-2
2.408450E+4	1.026393E-1
2.408475E+4	1.274811E-1
2.408500E+4	1.476840E-1
2.408525E+4	1.827570E-1
2.408550E+4	1.145864E-1
2.408575E+4	2.374433E-2
2.408600E+4	1.461144E-2
2.408625E+4	1.041663E-2
2.408650E+4	2.468407E-3
2.408675E+4	2.636661E-2
2.408700E+4	2.170210E-1
2.408725E+4	2.498459E-1
2.408750E+4	1.997247E-1
2.408775E+4	1.667331E-1
2.408800E+4	1.704676E-1
2.408825E+4	2.001169E-1
2.408850E+4	2.509447E-1
2.408875E+4	3.172591E-1
2.408900E+4	1.837658E-1
2.408925E+4	4.433080E-2
2.408950E+4	4.087645E-2
2.408975E+4	4.888722E-2
2.409000E+4	6.365263E-2
2.409025E+4	1.167195E-1
2.409050E+4	1.923445E-1
2.409075E+4	2.376364E-1
2.409100E+4	2.115403E-1
2.409125E+4	9.745574E-2
2.409150E+4	4.257341E-2
2.409175E+4	5.427349E-2
2.409200E+4	7.081408E-2
2.409225E+4	8.336910E-2
2.409250E+4	1.057814E-1
2.409275E+4	1.276275E-1
2.409300E+4	1.148676E-1
2.409325E+4	1.028927E-1
2.409350E+4	1.396634E-1
2.409375E+4	1.672989E-1
2.409400E+4	1.561087E-1
2.409425E+4	1.016333E-1
2.409450E+4	4.071013E-2
2.409475E+4	1.539578E-1
2.409500E+4	2.958436E-1
2.409525E+4	2.291182E-1
2.409550E+4	8.907411E-2
2.409575E+4	6.156540E-4
2.409600E+4	8.759943E-2
2.409625E+4	2.737218E-1
2.409650E+4	3.175696E-1
2.409675E+4	8.863746E-2
2.409700E+4	2.836500E-2
2.409725E+4	2.076522E-1
2.409750E+4	3.417308E-1
2.409775E+4	3.797921E-1
2.409800E+4	3.352835E-1
2.409825E+4	2.819535E-1
2.409850E+4	2.995816E-1
2.409875E+4	3.601709E-1
2.409900E+4	3.330245E-1
2.409925E+4	2.257232E-1
2.409950E+4	1.490862E-1
2.409975E+4	1.623219E-1
2.410000E+4	2.959007E-1
2.410025E+4	2.578180E-1
2.410050E+4	1.083494E-1
2.410075E+4	3.950870E-2
2.410100E+4	1.210304E-2
2.410125E+4	2.467928E-3
2.410150E+4	4.220267E-3
2.410175E+4	7.527627E-3
2.410200E+4	5.631026E-3
2.410225E+4	2.897103E-3
2.410250E+4	1.577393E-4
2.410275E+4	8.089107E-3
2.410300E+4	7.327336E-2
2.410325E+4	1.477623E-1
2.410350E+4	1.327058E-1
2.410375E+4	8.719407E-2
2.410400E+4	3.135894E-2
2.410425E+4	5.633761E-4
2.410450E+4	5.505213E-2
2.410475E+4	1.819312E-1
2.410500E+4	2.479355E-1
2.410525E+4	2.025456E-1
2.410550E+4	1.312670E-1
2.410575E+4	7.781675E-2
2.410600E+4	3.798138E-2
2.410625E+4	1.932351E-2
2.410650E+4	3.517615E-2
2.410675E+4	6.731539E-2
2.410700E+4	1.305195E-1
2.410725E+4	3.147884E-1
2.410750E+4	6.560727E-1
2.410775E+4	6.800089E-1
2.410800E+4	5.629313E-1
2.410825E+4	4.717920E-1
2.410850E+4	3.769419E-1
2.410875E+4	1.994865E-1
2.410900E+4	8.249216E-3
2.410925E+4	1.838272E-2
2.410950E+4	2.757213E-2
2.410975E+4	2.911403E-2
2.411000E+4	8.302361E-2
2.411025E+4	3.068712E-1
2.411050E+4	6.576525E-1
2.411075E+4	5.471006E-1
2.411100E+4	3.380929E-1
2.411125E+4	2.233362E-1
2.411150E+4	1.454801E-1
2.411175E+4	6.563482E-2
2.411200E+4	1.750709E-2
2.411225E+4	3.585099E-2
2.411250E+4	9.638354E-2
2.411275E+4	1.984771E-1
2.411300E+4	2.750138E-1
2.411325E+4	2.081172E-1
2.411350E+4	7.917213E-2
2.411375E+4	3.640456E-2
2.411400E+4	2.424391E-1
2.411425E+4	3.790735E-1
2.411450E+4	2.317686E-1
2.411475E+4	5.085870E-2
2.411500E+4	3.123161E-2
2.411525E+4	2.283882E-1
2.411550E+4	4.119792E-1
2.411575E+4	3.808415E-1
2.411600E+4	2.125477E-1
2.411625E+4	5.436274E-2
2.411650E+4	1.143705E-2
2.411675E+4	1.206632E-1
2.411700E+4	1.480102E-1
2.411725E+4	5.259420E-2
2.411750E+4	3.402691E-2
2.411775E+4	1.477689E-1
2.411800E+4	3.397130E-1
2.411825E+4	2.642959E-1
2.411850E+4	1.329021E-1
2.411875E+4	9.243466E-2
2.411900E+4	1.085438E-1
2.411925E+4	1.991385E-1
2.411950E+4	4.075346E-1
2.411975E+4	5.587490E-1
2.412000E+4	5.571644E-1
2.412025E+4	4.691713E-1
2.412050E+4	3.597435E-1
2.412075E+4	2.581483E-1
2.412100E+4	1.582713E-1
2.412125E+4	6.369856E-2
2.412150E+4	7.332402E-2
2.412175E+4	1.390432E-1
2.412200E+4	2.014976E-1
2.412225E+4	2.490658E-1
2.412250E+4	2.663256E-1
2.412275E+4	2.506387E-1
2.412300E+4	1.958910E-1
2.412325E+4	9.652321E-2
2.412350E+4	1.587778E-2
2.412375E+4	4.211045E-2
2.412400E+4	1.199727E-1
2.412425E+4	1.796328E-1
2.412450E+4	1.883041E-1
2.412475E+4	1.015303E-1
2.412500E+4	4.931307E-3
2.412525E+4	2.023364E-2
2.412550E+4	7.455969E-2
2.412575E+4	1.423090E-1
2.412600E+4	2.379609E-1
2.412625E+4	2.955112E-1
2.412650E+4	2.127657E-1
2.412675E+4	1.612662E-1
2.412700E+4	1.453585E-1
2.412725E+4	1.228321E-1
2.412750E+4	1.507394E-1
2.412775E+4	2.117683E-1
2.412800E+4	2.929817E-1
2.412825E+4	3.484025E-1
2.412850E+4	2.909302E-1
2.412875E+4	1.779796E-1
2.412900E+4	1.714303E-1
2.412925E+4	3.176320E-1
2.412950E+4	4.942259E-1
2.412975E+4	4.679188E-1
2.413000E+4	1.784821E-1
2.413025E+4	1.940035E-2
2.413050E+4	2.674892E-1
2.413075E+4	5.058581E-1
2.413100E+4	5.486830E-1
2.413125E+4	4.183505E-1
2.413150E+4	2.126202E-1
2.413175E+4	9.060465E-2
2.413200E+4	5.175575E-2
2.413225E+4	7.500787E-2
2.413250E+4	1.638405E-1
2.413275E+4	2.035216E-1
2.413300E+4	1.438799E-1
2.413325E+4	6.182801E-2
2.413350E+4	9.734698E-3
2.413375E+4	5.859005E-3
2.413400E+4	8.224229E-2
2.413425E+4	2.684359E-1
2.413450E+4	1.658075E-1
2.413475E+4	6.202421E-2
2.413500E+4	6.103399E-2
2.413525E+4	1.056302E-1
2.413550E+4	1.715318E-1
2.413575E+4	2.481079E-1
2.413600E+4	2.746740E-1
2.413625E+4	1.266118E-1
2.413650E+4	1.446890E-2
2.413675E+4	4.885323E-3
2.413700E+4	1.196836E-2
2.413725E+4	1.068942E-2
2.413750E+4	1.341140E-1
2.413775E+4	4.169200E-1
2.413800E+4	4.652743E-1
2.413825E+4	4.202971E-1
2.413850E+4	3.223766E-1
2.413875E+4	1.932353E-1
2.413900E+4	9.331898E-2
2.413925E+4	1.148670E-1
2.413950E+4	2.058741E-1
2.413975E+4	2.381923E-1
2.414000E+4	2.293498E-1
2.414025E+4	2.086782E-1
2.414050E+4	1.826162E-1
2.414075E+4	1.456453E-1
2.414100E+4	9.515661E-2
2.414125E+4	8.182813E-2
2.414150E+4	1.397778E-1
2.414175E+4	1.864190E-1
2.414200E+4	1.759603E-1
2.414225E+4	1.097931E-1
2.414250E+4	1.254067E-1
2.414275E+4	1.980865E-1
2.414300E+4	2.517796E-1
2.414325E+4	2.681847E-1
2.414350E+4	2.152751E-1
2.414375E+4	1.401331E-1
2.414400E+4	1.212896E-1
2.414425E+4	9.866463E-2
2.414450E+4	3.445984E-2
2.414475E+4	1.274123E-1
2.414500E+4	4.135776E-1
2.414525E+4	4.367717E-1
2.414550E+4	3.614314E-1
2.414575E+4	2.743645E-1
2.414600E+4	2.063052E-1
2.414625E+4	1.607386E-1
2.414650E+4	1.433111E-1
2.414675E+4	1.839726E-1
2.414700E+4	2.824672E-1
2.414725E+4	4.108757E-1
2.414750E+4	2.779530E-1
2.414775E+4	1.492043E-1
2.414800E+4	2.141326E-1
2.414825E+4	2.864549E-1
2.414850E+4	2.588288E-1
2.414875E+4	6.823974E-2
2.414900E+4	4.869976E-3
2.414925E+4	5.521431E-2
2.414950E+4	1.397551E-1
2.414975E+4	2.293848E-1
2.415000E+4	1.463284E-1
2.415025E+4	1.696634E-2
2.415050E+4	1.107484E-2
2.415075E+4	3.237117E-2
2.415100E+4	5.616397E-2
2.415125E+4	9.141368E-2
2.415150E+4	1.697205E-1
2.415175E+4	2.822125E-1
2.415200E+4	3.556399E-1
2.415225E+4	3.711532E-1
2.415250E+4	3.455067E-1
2.415275E+4	2.109354E-1
2.415300E+4	2.156717E-2
2.415325E+4	4.346514E-2
2.415350E+4	9.255219E-2
2.415375E+4	1.289805E-1
2.415400E+4	1.570858E-1
2.415425E+4	1.451153E-1
2.415450E+4	8.963167E-2
2.415475E+4	8.128934E-2
2.415500E+4	9.263284E-2
2.415525E+4	1.130726E-1
2.415550E+4	1.217253E-1
2.415575E+4	7.090092E-2
2.415600E+4	4.934375E-2
2.415625E+4	6.560130E-2
2.415650E+4	1.164062E-1
2.415675E+4	2.084980E-1
2.415700E+4	3.306187E-1
2.415725E+4	4.109840E-1
2.415750E+4	4.368259E-1
2.415775E+4	4.496266E-1
2.415800E+4	4.296810E-1
2.415825E+4	3.047159E-1
2.415850E+4	9.604236E-2
2.415875E+4	1.900060E-1
2.415900E+4	3.275239E-1
2.415925E+4	3.625040E-1
2.415950E+4	2.901570E-1
2.415975E+4	1.692553E-1
2.416000E+4	9.902285E-2
2.416025E+4	6.404619E-2
2.416050E+4	2.822721E-2
2.416075E+4	3.466325E-3
2.416100E+4	9.048579E-2
2.416125E+4	2.886653E-1
2.416150E+4	3.228299E-1
2.416175E+4	2.447233E-1
2.416200E+4	1.325101E-1
2.416225E+4	2.567374E-2
2.416250E+4	1.184933E-2
2.416275E+4	1.218519E-1
2.416300E+4	2.408398E-1
2.416325E+4	2.912356E-1
2.416350E+4	2.534566E-1
2.416375E+4	1.357675E-1
2.416400E+4	1.297012E-1
2.416425E+4	2.910534E-1
2.416450E+4	3.033280E-1
2.416475E+4	1.313789E-1
2.416500E+4	9.844947E-3
2.416525E+4	2.977376E-1
2.416550E+4	5.117150E-1
2.416575E+4	5.650182E-1
2.416600E+4	5.385130E-1
2.416625E+4	4.678719E-1
2.416650E+4	4.544593E-1
2.416675E+4	5.000813E-1
2.416700E+4	4.546361E-1
2.416725E+4	3.420271E-1
2.416750E+4	1.938853E-1
2.416775E+4	8.554922E-2
2.416800E+4	1.081879E-1
2.416825E+4	1.471041E-1
2.416850E+4	1.459362E-1
2.416875E+4	1.601062E-1
2.416900E+4	2.241098E-1
2.416925E+4	3.721037E-1
2.416950E+4	5.683818E-1
2.416975E+4	4.857418E-1
2.417000E+4	2.819267E-1
2.417025E+4	1.695490E-1
2.417050E+4	8.824712E-2
2.417075E+4	1.536394E-2
2.417100E+4	7.856707E-3
2.417125E+4	3.169032E-2
2.417150E+4	5.848871E-2
2.417175E+4	3.326673E-2
2.417200E+4	1.185886E-2
2.417225E+4	5.512115E-3
2.417250E+4	1.192720E-3
2.417275E+4	7.600141E-3
2.417300E+4	6.565076E-2
2.417325E+4	2.262850E-1
2.417350E+4	1.812280E-1
2.417375E+4	2.820373E-2
2.417400E+4	4.647804E-2
2.417425E+4	4.258867E-1
2.417450E+4	7.226850E-1
2.417475E+4	6.816182E-1
2.417500E+4	5.631565E-1
2.417525E+4	4.412474E-1
2.417550E+4	3.084216E-1
2.417575E+4	1.564503E-1
2.417600E+4	8.129681E-2
2.417625E+4	2.317545E-1
2.417650E+4	4.073797E-1
2.417675E+4	4.902212E-1
2.417700E+4	4.928987E-1
2.417725E+4	4.041068E-1
2.417750E+4	2.573065E-1
2.417775E+4	1.297721E-1
2.417800E+4	5.224450E-2
2.417825E+4	5.781057E-2
2.417850E+4	1.537834E-1
2.417875E+4	2.976630E-1
2.417900E+4	3.723303E-1
2.417925E+4	2.448061E-1
2.417950E+4	9.032890E-2
2.417975E+4	2.205443E-2
2.418000E+4	1.565936E-2
2.418025E+4	8.573629E-2
2.418050E+4	1.981084E-1
2.418075E+4	2.341806E-1
2.418100E+4	2.315973E-1
2.418125E+4	2.309039E-1
2.418150E+4	2.465002E-1
2.418175E+4	2.597635E-1
2.418200E+4	2.722589E-1
2.418225E+4	3.098419E-1
2.418250E+4	3.598205E-1
2.418275E+4	4.028532E-1
2.418300E+4	4.009542E-1
2.418325E+4	2.685881E-1
2.418350E+4	9.699802E-2
2.418375E+4	9.428990E-2
2.418400E+4	1.315625E-1
2.418425E+4	1.515250E-1
2.418450E+4	1.562193E-1
2.418475E+4	1.689805E-1
2.418500E+4	2.505716E-1
2.418525E+4	3.413136E-1
2.418550E+4	3.040838E-1
2.418575E+4	2.329721E-1
2.418600E+4	1.729214E-1
2.418625E+4	1.838413E-1
2.418650E+4	3.413291E-1
2.418675E+4	1.530355E-1
2.418700E+4	6.976431E-2
2.418725E+4	6.843732E-2
2.418750E+4	1.704987E-1
2.418775E+4	3.646621E-1
2.418800E+4	3.262123E-1
2.418825E+4	8.575544E-2
2.418850E+4	2.261054E-2
2.418875E+4	1.288872E-1
2.418900E+4	2.959616E-1
2.418925E+4	3.189235E-1
2.418950E+4	1.815958E-1
2.418975E+4	7.217863E-2
2.419000E+4	2.099190E-2
2.419025E+4	1.206094E-3
2.419050E+4	6.607535E-3
2.419075E+4	2.792985E-2
2.419100E+4	4.412290E-2
2.419125E+4	9.695149E-2
2.419150E+4	3.374501E-1
2.419175E+4	4.593837E-1
2.419200E+4	3.392483E-1
2.419225E+4	1.847152E-1
2.419250E+4	2.910521E-2
2.419275E+4	2.989060E-2
2.419300E+4	1.504800E-1
2.419325E+4	2.370034E-1
2.419350E+4	2.685014E-1
2.419375E+4	1.466583E-1
2.419400E+4	8.590925E-6
2.419425E+4	4.390332E-2
2.419450E+4	8.429201E-2
2.419475E+4	8.484175E-2
2.419500E+4	3.449378E-2
2.419525E+4	5.938263E-2
2.419550E+4	1.029659E-1
2.419575E+4	1.599687E-1
2.419600E+4	2.445922E-1
2.419625E+4	1.532687E-1
2.419650E+4	4.323937E-2
2.419675E+4	2.805931E-2
2.419700E+4	4.171600E-2
2.419725E+4	7.242597E-2
2.419750E+4	1.012372E-1
2.419775E+4	1.058669E-1
2.419800E+4	1.129023E-1
2.419825E+4	1.149871E-1
2.419850E+4	9.462400E-2
2.419875E+4	6.282566E-2
2.419900E+4	4.802838E-2
2.419925E+4	7.888060E-2
2.419950E+4	1.105742E-1
2.419975E+4	1.052374E-1
2.420000E+4	8.452949E-2
2.420025E+4	6.404792E-2
2.420050E+4	5.244432E-2
2.420075E+4	6.100510E-2
2.420100E+4	1.091331E-1
2.420125E+4	1.390171E-1
2.420150E+4	1.367404E-1
2.420175E+4	1.791349E-1
2.420200E+4	2.856741E-1
2.420225E+4	4.654154E-1
2.420250E+4	6.362669E-1
2.420275E+4	6.727442E-1
2.420300E+4	5.450834E-1
2.420325E+4	2.968918E-1
2.420350E+4	1.311186E-1
2.420375E+4	1.407484E-1
2.420400E+4	2.566558E-1
2.420425E+4	4.152124E-1
2.420450E+4	5.469566E-1
2.420475E+4	5.558177E-1
2.420500E+4	3.487722E-1
2.420525E+4	2.503310E-2
2.420550E+4	1.466987E-1
2.420575E+4	3.874160E-1
2.420600E+4	4.870192E-1
2.420625E+4	5.261544E-1
2.420650E+4	4.763004E-1
2.420675E+4	2.093321E-1
2.420700E+4	9.015955E-2
2.420725E+4	8.595134E-2
2.420750E+4	1.600724E-1
2.420775E+4	3.323315E-1
2.420800E+4	4.487351E-1
2.420825E+4	2.751204E-1
2.420850E+4	9.584711E-2
2.420875E+4	9.291342E-2
2.420900E+4	2.240733E-1
2.420925E+4	4.290541E-1
2.420950E+4	5.530684E-1
2.420975E+4	2.772377E-1
2.421000E+4	1.283549E-1
2.421025E+4	1.575718E-1
2.421050E+4	1.810976E-1
2.421075E+4	1.438389E-1
2.421100E+4	1.160499E-1
2.421125E+4	4.640164E-1
2.421150E+4	4.298400E-1
2.421175E+4	1.497325E-1
2.421200E+4	2.295718E-2
2.421225E+4	1.110706E-1
2.421250E+4	1.967554E-1
2.421275E+4	2.039275E-1
2.421300E+4	1.222039E-1
2.421325E+4	3.543787E-2
2.421350E+4	1.527251E-1
2.421375E+4	2.436964E-1
2.421400E+4	2.164805E-1
2.421425E+4	1.347588E-1
2.421450E+4	5.607287E-2
2.421475E+4	2.023447E-2
2.421500E+4	1.805353E-2
2.421525E+4	2.051220E-2
2.421550E+4	2.991210E-2
2.421575E+4	5.115691E-2
2.421600E+4	7.397892E-2
2.421625E+4	9.910909E-2
2.421650E+4	1.373843E-1
2.421675E+4	1.570721E-1
2.421700E+4	5.175420E-2
2.421725E+4	9.767305E-3
2.421750E+4	4.392024E-2
2.421775E+4	1.050611E-1
2.421800E+4	1.288742E-1
2.421825E+4	9.375461E-2
2.421850E+4	4.187705E-2
2.421875E+4	2.064871E-2
2.421900E+4	5.470300E-2
2.421925E+4	4.087055E-2
2.421950E+4	8.963562E-3
2.421975E+4	1.253316E-1
2.422000E+4	4.103633E-1
2.422025E+4	5.476872E-1
2.422050E+4	4.876971E-1
2.422075E+4	3.870679E-1
2.422100E+4	3.181315E-1
2.422125E+4	2.768295E-1
2.422150E+4	1.847165E-1
2.422175E+4	5.201382E-2
2.422200E+4	1.856760E-2
2.422225E+4	1.155161E-1
2.422250E+4	2.550047E-1
2.422275E+4	3.203115E-1
2.422300E+4	2.620178E-1
2.422325E+4	1.452858E-1
2.422350E+4	4.705769E-2
2.422375E+4	9.252184E-3
2.422400E+4	3.606343E-2
2.422425E+4	6.966944E-2
2.422450E+4	8.722100E-2
2.422475E+4	9.645595E-2
2.422500E+4	1.225733E-1
2.422525E+4	1.703956E-1
2.422550E+4	1.980315E-1
2.422575E+4	2.118601E-1
2.422600E+4	2.201003E-1
2.422625E+4	2.697581E-1
2.422650E+4	3.541427E-1
2.422675E+4	4.128044E-1
2.422700E+4	4.239712E-1
2.422725E+4	2.881054E-1
2.422750E+4	2.521376E-2
2.422775E+4	6.791353E-2
2.422800E+4	2.013158E-1
2.422825E+4	2.620565E-1
2.422850E+4	1.809144E-1
2.422875E+4	2.673159E-2
2.422900E+4	3.101267E-1
2.422925E+4	5.255674E-1
2.422950E+4	6.395391E-1
2.422975E+4	6.121719E-1
2.423000E+4	4.240790E-2
2.423025E+4	2.092672E-1
2.423050E+4	3.095713E-1
2.423075E+4	3.180550E-1
2.423100E+4	2.294220E-1
2.423125E+4	2.439933E-1
2.423150E+4	5.583039E-1
2.423175E+4	5.751739E-1
2.423200E+4	4.911503E-1
2.423225E+4	3.050136E-1
2.423250E+4	1.342486E-1
2.423275E+4	3.055283E-1
2.423300E+4	5.449478E-1
2.423325E+4	5.865107E-1
2.423350E+4	4.030461E-1
2.423375E+4	1.441902E-1
2.423400E+4	1.904287E-2
2.423425E+4	3.686885E-3
2.423450E+4	4.379955E-3
2.423475E+4	3.560544E-4
2.423500E+4	2.668904E-3
2.423525E+4	4.321566E-3
2.423550E+4	5.165875E-3
2.423575E+4	1.447242E-2
2.423600E+4	5.083848E-2
2.423625E+4	1.150408E-1
2.423650E+4	7.127969E-2
2.423675E+4	1.918516E-2
2.423700E+4	3.070680E-2
2.423725E+4	6.300900E-2
2.423750E+4	5.966927E-2
2.423775E+4	1.768475E-2
2.423800E+4	5.017973E-3
2.423825E+4	7.546113E-2
2.423850E+4	1.487684E-1
2.423875E+4	1.328040E-1
2.423900E+4	1.017691E-1
2.423925E+4	1.002609E-1
2.423950E+4	1.110448E-1
2.423975E+4	9.464056E-2
2.424000E+4	5.297208E-2
2.424025E+4	5.967784E-3
2.424050E+4	6.785163E-2
2.424075E+4	2.058165E-1
2.424100E+4	2.921968E-1
2.424125E+4	3.059136E-1
2.424150E+4	2.089634E-1
2.424175E+4	8.267579E-2
2.424200E+4	3.159084E-2
2.424225E+4	5.912327E-2
2.424250E+4	2.268924E-1
2.424275E+4	3.612068E-1
2.424300E+4	3.523452E-1
2.424325E+4	2.844227E-1
2.424350E+4	1.440522E-1
2.424375E+4	2.381543E-3
2.424400E+4	2.552025E-1
2.424425E+4	4.819002E-1
2.424450E+4	4.526707E-1
2.424475E+4	2.074148E-1
2.424500E+4	2.642794E-2
2.424525E+4	3.185655E-1
2.424550E+4	4.496250E-1
2.424575E+4	3.875748E-1
2.424600E+4	1.840845E-1
2.424625E+4	2.444448E-3
2.424650E+4	6.061310E-2
2.424675E+4	9.522966E-2
2.424700E+4	1.164849E-1
2.424725E+4	1.366674E-1
2.424750E+4	1.210653E-1
2.424775E+4	6.930765E-2
2.424800E+4	1.613390E-2
2.424825E+4	3.497634E-2
2.424850E+4	1.602994E-1
2.424875E+4	1.781241E-1
2.424900E+4	7.463334E-2
2.424925E+4	4.487282E-2
2.424950E+4	9.823130E-2
2.424975E+4	9.657375E-2
2.425000E+4	2.262032E-2
2.425025E+4	9.210708E-3
2.425050E+4	9.697686E-2
2.425075E+4	2.107712E-1
2.425100E+4	2.875687E-1
2.425125E+4	2.483739E-1
2.425150E+4	1.551194E-1
2.425175E+4	1.113978E-1
2.425200E+4	7.287080E-2
2.425225E+4	1.881061E-2
2.425250E+4	3.022716E-2
2.425275E+4	2.473957E-1
2.425300E+4	3.510584E-1
2.425325E+4	3.657350E-1
2.425350E+4	3.577159E-1
2.425375E+4	2.679212E-1
2.425400E+4	1.447182E-1
2.425425E+4	5.082333E-2
2.425450E+4	4.368106E-3
2.425475E+4	3.024945E-2
2.425500E+4	2.962470E-2
2.425525E+4	2.184739E-3
2.425550E+4	3.547424E-2
2.425575E+4	1.871427E-1
2.425600E+4	2.223985E-1
2.425625E+4	1.030429E-1
2.425650E+4	8.062079E-3
2.425675E+4	6.360761E-2
2.425700E+4	2.301374E-1
2.425725E+4	2.866468E-1
2.425750E+4	2.127327E-1
2.425775E+4	9.448467E-2
2.425800E+4	1.343416E-2
2.425825E+4	7.393501E-4
2.425850E+4	5.048094E-3
2.425875E+4	3.374948E-2
2.425900E+4	6.763511E-2
2.425925E+4	4.420622E-2
2.425950E+4	7.011446E-3
2.425975E+4	4.694224E-3
2.426000E+4	2.226181E-2
2.426025E+4	7.338080E-3
2.426050E+4	2.295568E-2
2.426075E+4	1.290930E-1
2.426100E+4	2.497492E-1
2.426125E+4	3.469642E-1
2.426150E+4	3.758957E-1
2.426175E+4	2.362359E-1
2.426200E+4	4.185523E-2
2.426225E+4	1.561647E-2
2.426250E+4	2.808227E-2
2.426275E+4	1.737712E-2
2.426300E+4	2.611379E-2
2.426325E+4	1.039252E-1
2.426350E+4	2.179058E-1
2.426375E+4	2.916321E-1
2.426400E+4	2.502526E-1
2.426425E+4	1.461865E-1
2.426450E+4	8.639769E-2
2.426475E+4	9.764450E-2
2.426500E+4	1.608476E-1
2.426525E+4	2.312028E-1
2.426550E+4	2.743287E-1
2.426575E+4	2.766545E-1
2.426600E+4	2.456302E-1
2.426625E+4	2.136095E-1
2.426650E+4	2.079691E-1
2.426675E+4	2.247803E-1
2.426700E+4	2.881213E-1
2.426725E+4	4.002628E-1
2.426750E+4	4.794430E-1
2.426775E+4	4.775597E-1
2.426800E+4	4.399114E-1
2.426825E+4	4.075010E-1
2.426850E+4	3.242830E-1
2.426875E+4	1.771264E-1
2.426900E+4	8.730407E-2
2.426925E+4	5.426583E-2
2.426950E+4	1.212078E-1
2.426975E+4	2.238230E-1
2.427000E+4	2.280211E-1
2.427025E+4	2.233322E-1
2.427050E+4	2.206904E-1
2.427075E+4	1.932243E-1
2.427100E+4	1.022807E-1
2.427125E+4	4.538615E-2
2.427150E+4	1.333915E-1
2.427175E+4	2.965947E-1
2.427200E+4	2.075534E-1
2.427225E+4	5.298667E-2
2.427250E+4	1.705883E-1
2.427275E+4	3.187952E-1
2.427300E+4	3.466758E-1
2.427325E+4	2.164348E-1
2.427350E+4	7.504421E-2
2.427375E+4	2.401002E-2
2.427400E+4	6.895609E-2
2.427425E+4	1.385862E-1
2.427450E+4	1.950710E-1
2.427475E+4	2.991592E-1
2.427500E+4	5.230136E-1
2.427525E+4	6.420463E-1
2.427550E+4	5.656376E-1
2.427575E+4	5.211444E-1
2.427600E+4	5.223104E-1
2.427625E+4	5.072171E-1
2.427650E+4	3.533727E-1
2.427675E+4	1.111177E-1
2.427700E+4	1.657401E-2
2.427725E+4	3.955595E-2
2.427750E+4	1.239911E-1
2.427775E+4	2.756801E-1
2.427800E+4	4.824105E-1
2.427825E+4	5.746639E-1
2.427850E+4	4.333196E-1
2.427875E+4	2.168471E-1
2.427900E+4	6.259199E-2
2.427925E+4	6.775582E-3
2.427950E+4	1.788937E-2
2.427975E+4	3.752686E-2
2.428000E+4	1.129673E-2
2.428025E+4	1.635415E-1
2.428050E+4	5.759282E-1
2.428075E+4	6.452842E-1
2.428100E+4	6.101108E-1
2.428125E+4	5.346202E-1
2.428150E+4	4.279235E-1
2.428175E+4	2.887814E-1
2.428200E+4	1.300904E-1
2.428225E+4	3.257669E-2
2.428250E+4	1.095282E-2
2.428275E+4	1.981560E-3
2.428300E+4	8.822202E-3
2.428325E+4	3.637756E-2
2.428350E+4	6.439651E-2
2.428375E+4	1.130659E-1
2.428400E+4	1.764845E-1
2.428425E+4	2.268914E-1
2.428450E+4	2.077848E-1
2.428475E+4	1.459283E-1
2.428500E+4	1.415592E-1
2.428525E+4	1.536952E-1
2.428550E+4	1.321521E-1
2.428575E+4	6.189098E-2
2.428600E+4	6.777467E-2
2.428625E+4	1.958063E-1
2.428650E+4	3.140391E-1
2.428675E+4	3.991364E-1
2.428700E+4	3.609351E-1
2.428725E+4	2.109127E-1
2.428750E+4	2.342438E-1
2.428775E+4	3.483816E-1
2.428800E+4	5.195111E-1
2.428825E+4	6.669780E-1
2.428850E+4	5.326785E-1
2.428875E+4	2.876885E-1
2.428900E+4	1.375226E-1
2.428925E+4	4.479418E-2
2.428950E+4	1.805288E-2
2.428975E+4	5.495684E-2
2.429000E+4	1.075486E-1
2.429025E+4	1.389901E-1
2.429050E+4	1.197465E-1
2.429075E+4	1.151174E-1
2.429100E+4	2.002131E-1
2.429125E+4	2.559942E-1
2.429150E+4	2.318147E-1
2.429175E+4	1.415985E-1
2.429200E+4	8.652246E-2
2.429225E+4	1.429466E-1
2.429250E+4	2.537145E-1
2.429275E+4	3.474196E-1
2.429300E+4	3.706177E-1
2.429325E+4	2.477154E-1
2.429350E+4	7.568001E-2
2.429375E+4	1.496490E-2
2.429400E+4	1.615991E-2
2.429425E+4	2.582627E-2
2.429450E+4	2.247578E-2
2.429475E+4	5.479981E-2
2.429500E+4	2.222400E-1
2.429525E+4	4.165026E-1
2.429550E+4	5.351988E-1
2.429575E+4	5.731551E-1
2.429600E+4	4.992901E-1
2.429625E+4	2.758153E-1
2.429650E+4	1.233351E-1
2.429675E+4	1.680034E-1
2.429700E+4	1.969987E-1
2.429725E+4	1.420103E-1
2.429750E+4	4.269305E-2
2.429775E+4	4.544188E-2
2.429800E+4	1.613810E-1
2.429825E+4	2.284918E-1
2.429850E+4	2.398094E-1
2.429875E+4	2.175707E-1
2.429900E+4	1.355331E-1
2.429925E+4	8.105595E-2
2.429950E+4	9.267127E-2
2.429975E+4	1.525848E-1
2.430000E+4	3.077641E-1
2.430025E+4	5.298189E-1
2.430050E+4	3.275209E-1
2.430075E+4	7.469860E-2
2.430100E+4	2.049510E-3
2.430125E+4	5.839703E-2
2.430150E+4	2.113495E-1
2.430175E+4	4.315153E-1
2.430200E+4	6.095931E-1
2.430225E+4	5.324586E-1
2.430250E+4	3.304571E-1
2.430275E+4	1.732362E-1
2.430300E+4	1.037213E-1
2.430325E+4	1.570268E-1
2.430350E+4	1.933459E-1
2.430375E+4	1.180935E-1
2.430400E+4	5.239166E-2
2.430425E+4	1.132388E-1
2.430450E+4	2.400268E-1
2.430475E+4	2.434092E-1
2.430500E+4	1.544148E-1
2.430525E+4	8.777684E-2
2.430550E+4	2.481148E-1
2.430575E+4	3.410418E-1
2.430600E+4	1.905657E-1
2.430625E+4	7.910314E-2
2.430650E+4	2.707493E-1
2.430675E+4	4.792518E-1
2.430700E+4	5.076730E-1
2.430725E+4	5.082578E-1
2.430750E+4	5.652373E-1
2.430775E+4	5.453039E-1
2.430800E+4	3.089895E-1
2.430825E+4	1.420533E-1
2.430850E+4	3.020406E-2
2.430875E+4	2.296586E-2
2.430900E+4	1.281784E-1
2.430925E+4	1.704440E-1
2.430950E+4	1.757489E-1
2.430975E+4	1.876784E-1
2.431000E+4	2.278495E-1
2.431025E+4	1.613591E-1
2.431050E+4	2.388537E-2
2.431075E+4	2.207347E-3
2.431100E+4	2.983589E-3
2.431125E+4	3.452621E-3
2.431150E+4	1.873129E-3
2.431175E+4	1.038945E-2
2.431200E+4	5.089558E-2
2.431225E+4	1.382713E-1
2.431250E+4	2.183316E-1
2.431275E+4	1.938611E-1
2.431300E+4	1.067975E-1
2.431325E+4	3.539488E-2
2.431350E+4	1.248633E-2
2.431375E+4	8.196905E-2
2.431400E+4	2.639885E-1
2.431425E+4	3.987871E-1
2.431450E+4	4.114234E-1
2.431475E+4	3.392969E-1
2.431500E+4	2.197065E-1
2.431525E+4	1.351374E-1
2.431550E+4	9.234198E-2
2.431575E+4	5.700021E-2
2.431600E+4	2.136806E-2
2.431625E+4	2.990635E-2
2.431650E+4	6.795732E-2
2.431675E+4	1.166102E-1
2.431700E+4	2.155488E-1
2.431725E+4	4.207847E-1
2.431750E+4	5.646479E-1
2.431775E+4	4.050877E-1
2.431800E+4	2.251264E-1
2.431825E+4	1.408913E-1
2.431850E+4	1.641628E-1
2.431875E+4	1.646184E-1
2.431900E+4	5.650941E-2
2.431925E+4	2.105518E-2
2.431950E+4	1.836834E-2
2.431975E+4	1.870742E-2
2.432000E+4	1.679761E-2
2.432025E+4	3.430000E-2
2.432050E+4	7.377090E-2
2.432075E+4	9.687611E-2
2.432100E+4	1.041374E-1
2.432125E+4	1.747163E-1
2.432150E+4	2.751573E-1
2.432175E+4	3.465164E-1
2.432200E+4	3.403134E-1
2.432225E+4	2.110011E-1
2.432250E+4	4.618731E-2
2.432275E+4	8.102211E-2
2.432300E+4	2.073624E-1
2.432325E+4	1.458713E-1
2.432350E+4	5.368644E-2
2.432375E+4	2.433857E-2
2.432400E+4	3.239294E-2
2.432425E+4	6.679087E-2
2.432450E+4	1.429955E-1
2.432475E+4	2.089745E-1
2.432500E+4	7.673189E-2
2.432525E+4	5.381987E-2
2.432550E+4	2.115804E-1
2.432575E+4	4.409152E-1
2.432600E+4	4.921975E-1
2.432625E+4	3.833889E-1
2.432650E+4	2.801967E-1
2.432675E+4	2.541294E-1
2.432700E+4	2.654668E-1
2.432725E+4	1.972583E-1
2.432750E+4	8.653324E-2
2.432775E+4	3.131786E-2
2.432800E+4	5.505893E-2
2.432825E+4	5.732573E-2
2.432850E+4	2.942793E-2
2.432875E+4	8.611990E-3
2.432900E+4	6.415549E-2
2.432925E+4	1.242304E-1
2.432950E+4	1.318303E-1
2.432975E+4	1.591275E-1
2.433000E+4	2.329150E-1
2.433025E+4	3.439265E-1
2.433050E+4	4.601930E-1
2.433075E+4	5.545088E-1
2.433100E+4	5.762306E-1
2.433125E+4	4.363952E-1
2.433150E+4	4.010103E-1
2.433175E+4	4.180031E-1
2.433200E+4	3.835356E-1
2.433225E+4	3.073249E-1
2.433250E+4	2.306945E-1
2.433275E+4	1.573375E-1
2.433300E+4	6.060724E-2
2.433325E+4	2.502889E-2
2.433350E+4	6.054686E-2
2.433375E+4	6.475359E-2
2.433400E+4	4.222268E-2
2.433425E+4	3.891138E-2
2.433450E+4	6.713294E-2
2.433475E+4	9.573313E-2
2.433500E+4	1.302766E-1
2.433525E+4	1.719662E-1
2.433550E+4	1.864261E-1
2.433575E+4	1.610464E-1
2.433600E+4	1.132776E-1
2.433625E+4	6.881854E-2
2.433650E+4	5.278737E-2
2.433675E+4	1.912139E-2
2.433700E+4	8.887162E-4
2.433725E+4	2.559882E-2
2.433750E+4	7.017206E-2
2.433775E+4	1.149960E-1
2.433800E+4	1.506456E-1
2.433825E+4	2.547222E-1
2.433850E+4	3.472240E-1
2.433875E+4	3.190398E-1
2.433900E+4	2.293799E-1
2.433925E+4	8.334620E-2
2.433950E+4	2.695586E-2
2.433975E+4	1.645563E-1
2.434000E+4	2.047788E-1
2.434025E+4	3.814947E-2
2.434050E+4	9.132271E-3
2.434075E+4	5.615268E-2
2.434100E+4	8.559522E-2
2.434125E+4	6.048844E-2
2.434150E+4	8.446950E-2
2.434175E+4	2.063569E-1
2.434200E+4	2.466099E-1
2.434225E+4	1.804474E-1
2.434250E+4	3.800443E-2
2.434275E+4	1.140017E-1
2.434300E+4	4.012822E-1
2.434325E+4	5.208945E-1
2.434350E+4	3.651916E-1
2.434375E+4	7.918386E-2
2.434400E+4	5.395382E-2
2.434425E+4	2.786204E-1
2.434450E+4	4.385166E-1
2.434475E+4	2.266066E-1
2.434500E+4	1.073785E-2
2.434525E+4	1.046379E-1
2.434550E+4	3.353481E-1
2.434575E+4	5.138792E-1
2.434600E+4	4.628878E-1
2.434625E+4	2.237246E-1
2.434650E+4	4.385974E-2
2.434675E+4	5.395153E-2
2.434700E+4	2.890448E-1
2.434725E+4	5.087108E-1
2.434750E+4	3.835411E-1
2.434775E+4	2.034515E-1
2.434800E+4	7.978279E-2
2.434825E+4	3.492902E-2
2.434850E+4	1.702397E-1
2.434875E+4	1.774193E-1
2.434900E+4	8.637071E-2
2.434925E+4	1.388763E-1
2.434950E+4	3.739576E-1
2.434975E+4	5.766943E-1
2.435000E+4	6.163870E-1
2.435025E+4	4.351509E-1
2.435050E+4	7.197309E-2
2.435075E+4	7.013992E-2
2.435100E+4	2.797394E-1
2.435125E+4	2.996757E-1
2.435150E+4	1.621417E-1
2.435175E+4	4.964916E-2
2.435200E+4	1.174446E-1
2.435225E+4	2.828398E-1
2.435250E+4	4.305869E-1
2.435275E+4	5.338545E-1
2.435300E+4	4.563550E-1
2.435325E+4	2.696680E-1
2.435350E+4	1.309983E-1
2.435375E+4	4.367286E-2
2.435400E+4	2.704916E-2
2.435425E+4	1.309397E-1
2.435450E+4	1.671752E-1
2.435475E+4	9.863531E-2
2.435500E+4	1.022401E-1
2.435525E+4	1.962110E-1
2.435550E+4	2.626665E-1
2.435575E+4	1.898330E-1
2.435600E+4	2.553253E-1
2.435625E+4	4.081974E-1
2.435650E+4	5.314194E-1
2.435675E+4	4.989703E-1
2.435700E+4	3.271408E-1
2.435725E+4	2.850681E-1
2.435750E+4	3.939713E-1
2.435775E+4	4.252442E-1
2.435800E+4	3.705450E-1
2.435825E+4	2.877585E-1
2.435850E+4	2.009268E-1
2.435875E+4	1.301057E-1
2.435900E+4	1.259286E-1
2.435925E+4	2.003915E-1
2.435950E+4	3.482848E-1
2.435975E+4	4.388007E-1
2.436000E+4	2.907745E-1
2.436025E+4	9.199780E-2
2.436050E+4	3.482649E-3
2.436075E+4	5.988063E-2
2.436100E+4	2.144391E-1
2.436125E+4	2.670892E-1
2.436150E+4	1.406747E-1
2.436175E+4	2.682505E-2
2.436200E+4	1.830477E-2
2.436225E+4	1.420436E-2
2.436250E+4	9.132752E-3
2.436275E+4	4.001986E-2
2.436300E+4	1.356356E-1
2.436325E+4	1.942929E-1
2.436350E+4	1.693243E-1
2.436375E+4	1.405161E-1
2.436400E+4	1.440992E-1
2.436425E+4	2.176113E-1
2.436450E+4	1.665300E-1
2.436475E+4	3.269747E-2
2.436500E+4	7.419480E-3
2.436525E+4	5.776980E-3
2.436550E+4	2.678580E-2
2.436575E+4	8.781563E-2
2.436600E+4	1.611940E-1
2.436625E+4	1.529614E-1
2.436650E+4	6.011993E-2
2.436675E+4	1.346530E-1
2.436700E+4	2.942833E-1
2.436725E+4	3.344300E-1
2.436750E+4	3.218120E-1
2.436775E+4	3.004123E-1
2.436800E+4	2.841893E-1
2.436825E+4	2.620388E-1
2.436850E+4	1.778345E-1
2.436875E+4	4.089233E-2
2.436900E+4	5.938711E-4
2.436925E+4	1.583515E-3
2.436950E+4	5.302805E-4
2.436975E+4	2.471175E-2
2.437000E+4	2.181857E-1
2.437025E+4	4.337209E-1
2.437050E+4	2.840283E-1
2.437075E+4	1.561291E-1
2.437100E+4	1.116452E-1
2.437125E+4	1.362198E-1
2.437150E+4	1.309957E-1
2.437175E+4	9.249459E-2
2.437200E+4	6.833435E-2
2.437225E+4	1.291308E-1
2.437250E+4	4.475161E-1
2.437275E+4	5.722159E-1
2.437300E+4	1.700068E-1
2.437325E+4	8.424478E-4
2.437350E+4	7.183751E-2
2.437375E+4	1.499431E-1
2.437400E+4	1.652086E-1
2.437425E+4	1.520119E-1
2.437450E+4	7.906999E-2
2.437475E+4	1.021604E-2
2.437500E+4	1.241712E-2
2.437525E+4	2.317496E-2
2.437550E+4	4.986286E-2
2.437575E+4	6.587404E-2
2.437600E+4	2.454460E-2
2.437625E+4	5.946067E-3
2.437650E+4	5.927332E-2
2.437675E+4	1.896952E-1
2.437700E+4	3.417794E-1
2.437725E+4	3.113172E-1
2.437750E+4	1.475266E-1
2.437775E+4	8.572525E-2
2.437800E+4	1.401810E-1
2.437825E+4	1.231495E-1
2.437850E+4	3.098435E-2
2.437875E+4	5.086645E-2
2.437900E+4	1.862088E-1
2.437925E+4	2.607714E-1
2.437950E+4	1.677140E-1
2.437975E+4	7.467561E-2
2.438000E+4	4.466344E-2
2.438025E+4	6.032724E-2
2.438050E+4	9.112879E-2
2.438075E+4	1.241165E-1
2.438100E+4	1.717426E-1
2.438125E+4	2.597319E-1
2.438150E+4	3.178553E-1
2.438175E+4	3.441530E-1
2.438200E+4	3.605086E-1
2.438225E+4	2.474116E-1
2.438250E+4	8.885872E-2
2.438275E+4	1.730072E-1
2.438300E+4	2.522544E-1
2.438325E+4	3.212053E-1
2.438350E+4	3.525523E-1
2.438375E+4	3.083090E-1
2.438400E+4	2.474549E-1
2.438425E+4	1.936072E-1
2.438450E+4	1.491847E-1
2.438475E+4	1.452563E-1
2.438500E+4	1.928068E-1
2.438525E+4	2.293644E-1
2.438550E+4	2.441871E-1
2.438575E+4	2.510642E-1
2.438600E+4	2.019503E-1
2.438625E+4	1.049238E-1
2.438650E+4	5.056385E-2
2.438675E+4	8.110046E-2
2.438700E+4	1.198701E-1
2.438725E+4	8.409217E-2
2.438750E+4	3.780447E-2
2.438775E+4	4.520263E-2
2.438800E+4	6.697115E-2
2.438825E+4	5.434037E-2
2.438850E+4	7.929735E-2
2.438875E+4	3.082034E-1
2.438900E+4	4.460556E-1
2.438925E+4	4.782237E-1
2.438950E+4	4.622385E-1
2.438975E+4	4.188170E-1
2.439000E+4	4.090657E-1
2.439025E+4	3.467287E-1
2.439050E+4	2.208282E-1
2.439075E+4	4.274374E-2
2.439100E+4	2.513064E-2
2.439125E+4	1.369440E-1
2.439150E+4	1.737777E-1
2.439175E+4	1.092863E-1
2.439200E+4	4.153295E-2
2.439225E+4	1.476539E-1
2.439250E+4	1.689719E-1
2.439275E+4	1.499462E-1
2.439300E+4	1.920728E-1
2.439325E+4	3.615698E-1
2.439350E+4	2.988414E-1
2.439375E+4	1.868169E-1
2.439400E+4	7.384654E-2
2.439425E+4	4.802985E-3
2.439450E+4	1.260193E-1
2.439475E+4	1.696032E-1
2.439500E+4	1.386838E-1
2.439525E+4	9.794749E-2
2.439550E+4	9.579219E-2
2.439575E+4	1.445229E-1
2.439600E+4	2.163294E-1
2.439625E+4	2.825131E-1
2.439650E+4	2.334288E-1
2.439675E+4	6.897340E-2
2.439700E+4	1.413055E-3
2.439725E+4	7.551893E-2
2.439750E+4	1.212238E-1
2.439775E+4	5.034655E-2
2.439800E+4	7.154878E-3
2.439825E+4	4.437669E-3
2.439850E+4	1.778339E-2
2.439875E+4	4.421479E-3
2.439900E+4	4.133711E-2
2.439925E+4	1.416996E-1
2.439950E+4	2.171150E-1
2.439975E+4	1.982001E-1
2.440000E+4	1.237341E-1
2.440025E+4	1.333677E-1
2.440050E+4	2.569347E-1
2.440075E+4	2.728734E-1
2.440100E+4	7.361915E-2
2.440125E+4	1.311869E-2
2.440150E+4	2.140490E-1
2.440175E+4	4.012293E-1
2.440200E+4	3.142189E-1
2.440225E+4	1.569668E-1
2.440250E+4	1.662321E-1
2.440275E+4	3.166832E-1
2.440300E+4	3.409182E-1
2.440325E+4	2.464773E-1
2.440350E+4	1.632063E-1
2.440375E+4	1.986746E-1
2.440400E+4	3.088018E-1
2.440425E+4	2.555394E-1
2.440450E+4	1.573916E-1
2.440475E+4	9.888297E-2
2.440500E+4	1.041462E-1
2.440525E+4	1.247203E-1
2.440550E+4	1.225413E-1
2.440575E+4	1.088817E-1
2.440600E+4	6.544022E-2
2.440625E+4	7.949058E-3
2.440650E+4	3.214945E-2
2.440675E+4	1.265248E-1
2.440700E+4	2.500075E-1
2.440725E+4	3.012006E-1
2.440750E+4	2.683173E-1
2.440775E+4	1.715476E-1
2.440800E+4	3.623546E-2
2.440825E+4	6.260063E-2
2.440850E+4	2.555256E-1
2.440875E+4	3.822815E-1
2.440900E+4	3.278226E-1
2.440925E+4	6.952504E-2
2.440950E+4	4.532309E-2
2.440975E+4	2.101670E-1
2.441000E+4	3.004505E-1
2.441025E+4	2.308554E-1
2.441050E+4	3.320285E-2
2.441075E+4	6.964612E-2
2.441100E+4	2.655887E-1
2.441125E+4	3.523372E-1
2.441150E+4	4.492400E-1
2.441175E+4	6.527232E-1
2.441200E+4	7.068073E-1
2.441225E+4	6.129040E-1
2.441250E+4	4.508432E-1
2.441275E+4	2.640019E-1
2.441300E+4	9.435178E-2
2.441325E+4	1.692024E-2
2.441350E+4	9.328791E-2
2.441375E+4	2.197525E-1
2.441400E+4	3.243459E-1
2.441425E+4	3.259610E-1
2.441450E+4	2.521891E-1
2.441475E+4	1.966456E-1
2.441500E+4	1.707681E-1
2.441525E+4	1.574653E-1
2.441550E+4	1.394714E-1
2.441575E+4	1.077629E-1
2.441600E+4	6.663532E-2
2.441625E+4	4.238487E-2
2.441650E+4	1.225477E-1
2.441675E+4	3.667844E-1
2.441700E+4	4.268365E-1
2.441725E+4	3.182571E-1
2.441750E+4	1.962917E-1
2.441775E+4	1.013480E-1
2.441800E+4	4.526157E-2
2.441825E+4	2.196212E-2
2.441850E+4	1.913795E-2
2.441875E+4	5.948105E-2
2.441900E+4	1.321687E-1
2.441925E+4	1.708401E-1
2.441950E+4	1.818973E-1
2.441975E+4	1.773157E-1
2.442000E+4	1.644972E-1
2.442025E+4	1.690637E-1
2.442050E+4	1.873696E-1
2.442075E+4	1.392952E-1
2.442100E+4	4.379154E-2
2.442125E+4	1.350360E-4
2.442150E+4	7.382157E-2
2.442175E+4	3.378330E-1
2.442200E+4	6.529838E-1
2.442225E+4	5.864944E-1
2.442250E+4	3.317562E-1
2.442275E+4	9.460751E-2
2.442300E+4	5.546887E-3
2.442325E+4	1.649077E-1
2.442350E+4	3.645094E-1
2.442375E+4	4.965150E-1
2.442400E+4	5.772025E-1
2.442425E+4	6.144382E-1
2.442450E+4	5.904196E-1
2.442475E+4	4.159460E-1
2.442500E+4	5.667178E-2
2.442525E+4	4.980087E-2
2.442550E+4	1.358630E-1
2.442575E+4	1.826957E-1
2.442600E+4	1.628164E-1
2.442625E+4	2.555323E-2
2.442650E+4	4.313009E-2
2.442675E+4	6.771249E-2
2.442700E+4	5.834880E-2
2.442725E+4	1.233331E-2
2.442750E+4	8.471037E-2
2.442775E+4	2.505713E-1
2.442800E+4	3.392797E-1
2.442825E+4	3.719694E-1
2.442850E+4	3.102647E-1
2.442875E+4	1.430924E-1
2.442900E+4	3.080433E-2
2.442925E+4	1.361438E-2
2.442950E+4	4.348429E-2
2.442975E+4	9.856821E-2
2.443000E+4	1.168789E-1
2.443025E+4	6.220525E-2
2.443050E+4	2.119944E-2
2.443075E+4	1.975057E-1
2.443100E+4	5.531870E-1
2.443125E+4	7.655524E-1
2.443150E+4	6.885615E-1
2.443175E+4	3.805213E-1
2.443200E+4	1.220319E-1
2.443225E+4	9.025571E-2
2.443250E+4	1.374587E-1
2.443275E+4	1.373678E-1
2.443300E+4	7.990961E-2
2.443325E+4	9.123078E-3
2.443350E+4	3.494928E-2
2.443375E+4	5.457800E-2
2.443400E+4	7.504108E-2
2.443425E+4	1.077354E-1
2.443450E+4	1.149700E-1
2.443475E+4	6.650764E-2
2.443500E+4	1.501402E-2
2.443525E+4	6.895476E-2
2.443550E+4	1.884832E-1
2.443575E+4	2.407720E-1
2.443600E+4	1.944490E-1
2.443625E+4	1.060314E-1
2.443650E+4	2.853472E-2
2.443675E+4	4.158555E-3
2.443700E+4	6.396927E-2
2.443725E+4	1.188020E-1
2.443750E+4	7.636759E-2
2.443775E+4	1.258931E-2
2.443800E+4	8.678370E-2
2.443825E+4	2.964172E-1
2.443850E+4	4.362132E-1
2.443875E+4	4.173865E-1
2.443900E+4	2.198580E-1
2.443925E+4	1.600395E-2
2.443950E+4	1.079559E-1
2.443975E+4	2.983872E-1
2.444000E+4	2.881710E-1
2.444025E+4	9.431394E-2
2.444050E+4	8.118304E-2
2.444075E+4	2.077119E-1
2.444100E+4	3.932431E-1
2.444125E+4	5.458415E-1
2.444150E+4	5.298062E-1
2.444175E+4	4.431576E-1
2.444200E+4	4.075346E-1
2.444225E+4	4.089866E-1
2.444250E+4	3.896073E-1
2.444275E+4	3.147187E-1
2.444300E+4	2.090195E-1
2.444325E+4	1.190456E-1
2.444350E+4	7.732881E-2
2.444375E+4	7.298771E-2
2.444400E+4	7.087250E-2
2.444425E+4	6.698339E-2
2.444450E+4	7.678389E-2
2.444475E+4	9.889989E-2
2.444500E+4	1.419447E-1
2.444525E+4	2.415606E-1
2.444550E+4	4.066425E-1
2.444575E+4	2.341315E-1
2.444600E+4	9.075281E-2
2.444625E+4	7.487199E-2
2.444650E+4	1.164224E-1
2.444675E+4	1.710312E-1
2.444700E+4	1.806122E-1
2.444725E+4	1.711345E-1
2.444750E+4	2.047458E-1
2.444775E+4	2.790617E-1
2.444800E+4	2.877815E-1
2.444825E+4	2.509850E-1
2.444850E+4	2.398183E-1
2.444875E+4	2.994729E-1
2.444900E+4	4.274999E-1
2.444925E+4	3.129140E-1
2.444950E+4	1.718461E-1
2.444975E+4	2.748429E-1
2.445000E+4	4.501107E-1
2.445025E+4	3.810517E-1
2.445050E+4	1.893412E-1
2.445075E+4	2.467984E-2
2.445100E+4	1.421343E-1
2.445125E+4	2.675002E-1
2.445150E+4	1.586720E-1
2.445175E+4	9.110457E-2
2.445200E+4	1.485380E-1
2.445225E+4	3.537611E-1
2.445250E+4	4.853657E-1
2.445275E+4	4.573314E-1
2.445300E+4	3.546434E-1
2.445325E+4	2.131017E-1
2.445350E+4	7.616340E-2
2.445375E+4	4.311385E-3
2.445400E+4	2.867408E-2
2.445425E+4	7.670172E-2
2.445450E+4	6.204847E-2
2.445475E+4	1.318167E-2
2.445500E+4	3.440326E-2
2.445525E+4	2.058388E-1
2.445550E+4	3.085748E-1
2.445575E+4	2.437378E-1
2.445600E+4	1.404359E-1
2.445625E+4	7.206339E-2
2.445650E+4	7.572627E-2
2.445675E+4	1.363700E-1
2.445700E+4	1.703807E-1
2.445725E+4	1.771442E-1
2.445750E+4	1.746591E-1
2.445775E+4	1.648533E-1
2.445800E+4	1.470502E-1
2.445825E+4	1.175760E-1
2.445850E+4	7.570729E-2
2.445875E+4	4.028523E-2
2.445900E+4	3.405160E-2
2.445925E+4	6.839430E-2
2.445950E+4	1.414069E-1
2.445975E+4	2.250189E-1
2.446000E+4	2.595070E-1
2.446025E+4	1.894537E-1
2.446050E+4	9.251964E-2
2.446075E+4	3.919807E-2
2.446100E+4	2.351869E-2
2.446125E+4	2.557476E-2
2.446150E+4	1.207595E-2
2.446175E+4	5.496986E-3
2.446200E+4	6.813045E-2
2.446225E+4	2.130735E-1
2.446250E+4	4.665065E-1
2.446275E+4	6.022216E-1
2.446300E+4	5.083052E-1
2.446325E+4	3.553883E-1
2.446350E+4	1.777017E-1
2.446375E+4	6.375543E-2
2.446400E+4	1.453396E-1
2.446425E+4	3.095958E-1
2.446450E+4	4.280419E-1
2.446475E+4	4.532780E-1
2.446500E+4	3.398803E-1
2.446525E+4	1.675948E-1
2.446550E+4	1.139348E-1
2.446575E+4	1.345564E-1
2.446600E+4	1.853510E-1
2.446625E+4	3.116638E-1
2.446650E+4	3.818385E-1
2.446675E+4	3.797398E-1
2.446700E+4	3.318517E-1
2.446725E+4	2.112738E-1
2.446750E+4	3.190166E-2
2.446775E+4	7.502514E-2
2.446800E+4	1.620965E-1
2.446825E+4	1.232955E-1
2.446850E+4	1.731875E-2
2.446875E+4	1.136777E-1
2.446900E+4	5.914525E-1
2.446925E+4	6.954445E-1
2.446950E+4	5.513717E-1
2.446975E+4	2.978011E-1
2.447000E+4	3.779550E-2
2.447025E+4	4.650891E-2
2.447050E+4	2.076005E-1
2.447075E+4	3.261110E-1
2.447100E+4	3.772556E-1
2.447125E+4	3.014989E-1
2.447150E+4	1.397598E-1
2.447175E+4	1.208044E-1
2.447200E+4	1.402162E-1
2.447225E+4	1.323144E-1
2.447250E+4	1.054314E-1
2.447275E+4	9.559319E-2
2.447300E+4	8.361101E-2
2.447325E+4	5.028378E-2
2.447350E+4	1.291663E-2
2.447375E+4	5.473826E-3
2.447400E+4	3.677336E-2
2.447425E+4	1.062612E-1
2.447450E+4	2.150069E-1
2.447475E+4	2.817799E-1
2.447500E+4	2.859562E-1
2.447525E+4	2.730546E-1
2.447550E+4	2.672896E-1
2.447575E+4	2.867223E-1
2.447600E+4	3.654302E-1
2.447625E+4	4.978143E-1
2.447650E+4	3.196742E-1
2.447675E+4	1.425092E-1
2.447700E+4	8.730165E-2
2.447725E+4	6.545061E-2
2.447750E+4	4.589287E-2
2.447775E+4	2.764107E-2
2.447800E+4	7.008133E-2
2.447825E+4	3.651109E-1
2.447850E+4	4.925114E-1
2.447875E+4	3.744217E-1
2.447900E+4	2.516459E-1
2.447925E+4	1.268123E-1
2.447950E+4	7.424330E-2
2.447975E+4	1.303835E-1
2.448000E+4	1.531770E-1
2.448025E+4	1.150788E-1
2.448050E+4	2.450509E-2
2.448075E+4	4.652253E-2
2.448100E+4	1.461301E-1
2.448125E+4	1.226984E-1
2.448150E+4	6.065331E-2
2.448175E+4	9.818159E-3
2.448200E+4	3.817526E-2
2.448225E+4	4.083567E-2
2.448250E+4	8.015399E-3
2.448275E+4	5.436767E-3
2.448300E+4	9.342849E-2
2.448325E+4	3.009907E-1
2.448350E+4	2.445289E-1
2.448375E+4	1.968411E-1
2.448400E+4	2.521958E-1
2.448425E+4	4.150144E-1
2.448450E+4	6.859071E-1
2.448475E+4	8.345196E-1
2.448500E+4	6.899711E-1
2.448525E+4	4.950397E-1
2.448550E+4	3.114523E-1
2.448575E+4	1.376540E-1
2.448600E+4	6.098103E-2
2.448625E+4	1.994128E-1
2.448650E+4	3.570515E-1
2.448675E+4	2.683712E-1
2.448700E+4	2.884670E-1
2.448725E+4	4.469128E-1
2.448750E+4	5.183899E-1
2.448775E+4	5.100444E-1
2.448800E+4	4.459856E-1
2.448825E+4	2.779619E-1
2.448850E+4	2.140091E-2
2.448875E+4	1.107862E-1
2.448900E+4	2.697500E-1
2.448925E+4	3.407338E-1
2.448950E+4	2.269818E-1
2.448975E+4	2.166540E-2
2.449000E+4	7.802900E-2
2.449025E+4	1.441928E-1
2.449050E+4	1.725296E-1
2.449075E+4	1.603933E-1
2.449100E+4	1.735350E-1
2.449125E+4	2.114274E-1
2.449150E+4	2.243357E-1
2.449175E+4	1.955799E-1
2.449200E+4	1.231762E-1
2.449225E+4	6.495961E-2
2.449250E+4	4.703226E-2
2.449275E+4	1.044353E-2
2.449300E+4	5.346544E-2
2.449325E+4	3.448087E-1
2.449350E+4	5.313526E-1
2.449375E+4	5.537756E-1
2.449400E+4	5.074655E-1
2.449425E+4	4.315312E-1
2.449450E+4	3.280915E-1
2.449475E+4	2.082905E-1
2.449500E+4	1.036565E-1
2.449525E+4	3.833761E-2
2.449550E+4	1.259514E-2
2.449575E+4	1.726976E-2
2.449600E+4	5.616175E-2
2.449625E+4	1.299128E-1
2.449650E+4	2.431606E-1
2.449675E+4	3.939239E-1
2.449700E+4	5.532988E-1
2.449725E+4	6.620998E-1
2.449750E+4	5.989263E-1
2.449775E+4	3.671707E-1
2.449800E+4	3.215076E-1
2.449825E+4	3.143888E-1
2.449850E+4	3.086241E-1
2.449875E+4	3.232883E-1
2.449900E+4	3.385087E-1
2.449925E+4	3.009536E-1
2.449950E+4	2.129908E-1
2.449975E+4	9.543833E-2
2.450000E+4	3.346365E-2
2.450025E+4	1.448763E-1
2.450050E+4	2.637050E-1
2.450075E+4	2.973676E-1
2.450100E+4	2.510428E-1
2.450125E+4	1.334413E-1
2.450150E+4	4.577219E-2
2.450175E+4	1.397636E-2
2.450200E+4	1.669490E-3
2.450225E+4	1.213639E-2
2.450250E+4	8.465053E-2
2.450275E+4	1.518291E-1
2.450300E+4	1.209887E-1
2.450325E+4	5.514386E-2
2.450350E+4	1.254098E-2
2.450375E+4	6.518678E-2
2.450400E+4	3.158647E-1
2.450425E+4	4.204190E-1
2.450450E+4	1.617160E-1
2.450475E+4	2.527843E-2
2.450500E+4	5.026102E-2
2.450525E+4	2.067632E-1
2.450550E+4	4.666754E-1
2.450575E+4	5.799334E-1
2.450600E+4	3.491019E-1
2.450625E+4	2.482310E-1
2.450650E+4	3.404479E-1
2.450675E+4	4.891443E-1
2.450700E+4	5.221766E-1
2.450725E+4	3.819011E-1
2.450750E+4	2.085912E-1
2.450775E+4	1.554504E-1
2.450800E+4	2.967562E-1
2.450825E+4	4.837518E-1
2.450850E+4	3.796010E-1
2.450875E+4	1.332941E-1
2.450900E+4	7.328380E-3
2.450925E+4	2.761153E-2
2.450950E+4	8.865449E-2
2.450975E+4	2.044284E-1
2.451000E+4	3.852548E-1
2.451025E+4	4.907942E-1
2.451050E+4	4.637919E-1
2.451075E+4	3.770286E-1
2.451100E+4	2.931990E-1
2.451125E+4	2.178063E-1
2.451150E+4	1.519986E-1
2.451175E+4	1.439253E-1
2.451200E+4	1.607753E-1
2.451225E+4	1.852028E-1
2.451250E+4	1.750006E-1
2.451275E+4	9.686413E-2
2.451300E+4	2.070007E-2
2.451325E+4	1.476186E-2
2.451350E+4	5.284998E-2
2.451375E+4	9.557746E-2
2.451400E+4	1.677855E-1
2.451425E+4	2.777790E-1
2.451450E+4	4.076219E-1
2.451475E+4	2.955951E-1
2.451500E+4	1.042815E-2
2.451525E+4	1.167845E-1
2.451550E+4	3.357268E-1
2.451575E+4	5.466679E-1
2.451600E+4	5.488047E-1
2.451625E+4	2.035578E-1
2.451650E+4	4.177221E-2
2.451675E+4	1.167359E-1
2.451700E+4	2.319915E-1
2.451725E+4	3.070257E-1
2.451750E+4	2.907591E-1
2.451775E+4	2.089538E-1
2.451800E+4	1.606290E-1
2.451825E+4	1.295683E-1
2.451850E+4	8.910032E-2
2.451875E+4	1.088983E-1
2.451900E+4	1.626692E-1
2.451925E+4	1.286750E-1
2.451950E+4	7.307269E-2
2.451975E+4	1.267692E-1
2.452000E+4	2.765710E-1
2.452025E+4	3.912867E-1
2.452050E+4	3.903218E-1
2.452075E+4	2.791548E-1
2.452100E+4	1.232074E-1
2.452125E+4	3.734880E-2
2.452150E+4	1.101512E-1
2.452175E+4	2.213978E-1
2.452200E+4	2.576875E-1
2.452225E+4	2.364643E-1
2.452250E+4	1.703508E-1
2.452275E+4	6.421378E-2
2.452300E+4	1.101989E-1
2.452325E+4	1.588673E-1
2.452350E+4	1.548061E-1
2.452375E+4	1.314960E-1
2.452400E+4	1.031592E-1
2.452425E+4	7.755955E-2
2.452450E+4	4.114364E-2
2.452475E+4	1.536356E-2
2.452500E+4	1.730780E-2
2.452525E+4	5.322302E-2
2.452550E+4	9.805207E-2
2.452575E+4	1.016479E-1
2.452600E+4	5.443176E-2
2.452625E+4	4.014538E-2
2.452650E+4	1.669402E-1
2.452675E+4	3.239510E-1
2.452700E+4	4.082569E-1
2.452725E+4	4.069114E-1
2.452750E+4	2.326840E-1
2.452775E+4	9.112287E-2
2.452800E+4	1.549887E-1
2.452825E+4	2.133374E-1
2.452850E+4	1.864181E-1
2.452875E+4	8.929839E-2
2.452900E+4	1.773789E-2
2.452925E+4	8.128820E-3
2.452950E+4	3.363238E-2
2.452975E+4	4.529287E-2
2.453000E+4	2.935533E-2
2.453025E+4	6.783133E-2
2.453050E+4	1.499595E-1
2.453075E+4	2.166737E-1
2.453100E+4	9.021296E-2
2.453125E+4	1.402480E-3
2.453150E+4	8.643446E-2
2.453175E+4	3.043587E-1
2.453200E+4	6.272632E-1
2.453225E+4	3.770315E-1
2.453250E+4	2.161102E-1
2.453275E+4	1.970188E-1
2.453300E+4	2.366294E-1
2.453325E+4	3.219251E-1
2.453350E+4	1.981738E-1
2.453375E+4	6.044157E-2
2.453400E+4	3.019077E-2
2.453425E+4	1.647862E-2
2.453450E+4	1.080329E-2
2.453475E+4	6.911739E-2
2.453500E+4	2.158767E-1
2.453525E+4	3.136592E-1
2.453550E+4	4.100814E-1
2.453575E+4	5.046721E-1
2.453600E+4	5.354429E-1
2.453625E+4	3.999802E-1
2.453650E+4	2.052155E-1
2.453675E+4	1.874554E-1
2.453700E+4	2.419716E-1
2.453725E+4	2.309701E-1
2.453750E+4	1.525615E-1
2.453775E+4	1.066697E-1
2.453800E+4	1.365978E-1
2.453825E+4	2.252415E-1
2.453850E+4	3.304187E-1
2.453875E+4	3.053147E-1
2.453900E+4	1.520521E-1
2.453925E+4	3.754981E-2
2.453950E+4	3.703144E-2
2.453975E+4	1.979389E-1
2.454000E+4	4.907025E-1
2.454025E+4	3.150697E-1
2.454050E+4	1.747195E-1
2.454075E+4	2.818001E-1
2.454100E+4	3.525454E-1
2.454125E+4	2.507527E-1
2.454150E+4	1.329081E-1
2.454175E+4	2.993454E-1
2.454200E+4	4.885889E-1
2.454225E+4	5.167258E-1
2.454250E+4	4.460686E-1
2.454275E+4	3.571451E-1
2.454300E+4	2.367821E-1
2.454325E+4	3.123262E-2
2.454350E+4	5.595464E-4
2.454375E+4	1.302560E-2
2.454400E+4	3.706973E-2
2.454425E+4	8.513098E-2
2.454450E+4	1.815283E-1
2.454475E+4	2.989678E-1
2.454500E+4	3.794082E-1
2.454525E+4	3.846400E-1
2.454550E+4	2.145187E-1
2.454575E+4	9.386706E-3
2.454600E+4	3.529941E-2
2.454625E+4	6.633584E-2
2.454650E+4	2.350856E-2
2.454675E+4	1.917631E-2
2.454700E+4	6.284041E-2
2.454725E+4	6.441015E-2
2.454750E+4	1.978915E-2
2.454775E+4	2.266983E-1
2.454800E+4	4.000885E-1
2.454825E+4	4.382287E-1
2.454850E+4	3.290964E-1
2.454875E+4	4.531536E-2
2.454900E+4	5.917935E-2
2.454925E+4	2.104277E-1
2.454950E+4	2.509375E-1
2.454975E+4	1.621383E-1
2.455000E+4	7.379152E-2
2.455025E+4	1.814542E-1
2.455050E+4	3.966067E-1
2.455075E+4	2.489929E-1
2.455100E+4	2.878110E-2
2.455125E+4	4.868522E-2
2.455150E+4	7.894069E-2
2.455175E+4	2.861437E-2
2.455200E+4	7.199497E-2
2.455225E+4	1.980466E-1
2.455250E+4	2.739635E-1
2.455275E+4	3.228962E-1
2.455300E+4	2.555615E-1
2.455325E+4	1.377820E-1
2.455350E+4	1.342101E-1
2.455375E+4	1.435736E-1
2.455400E+4	1.330908E-1
2.455425E+4	1.200097E-1
2.455450E+4	1.148268E-1
2.455475E+4	1.293701E-1
2.455500E+4	2.604484E-1
2.455525E+4	4.814770E-1
2.455550E+4	4.561369E-1
2.455575E+4	3.827610E-1
2.455600E+4	3.395819E-1
2.455625E+4	3.221600E-1
2.455650E+4	2.983727E-1
2.455675E+4	1.843685E-1
2.455700E+4	3.338130E-2
2.455725E+4	7.322820E-2
2.455750E+4	1.020807E-1
2.455775E+4	7.211321E-2
2.455800E+4	1.799537E-1
2.455825E+4	2.849559E-1
2.455850E+4	3.149160E-1
2.455875E+4	2.834024E-1
2.455900E+4	1.823793E-1
2.455925E+4	3.039039E-2
2.455950E+4	5.148909E-2
2.455975E+4	8.049720E-2
2.456000E+4	8.073821E-2
2.456025E+4	1.101250E-1
2.456050E+4	1.623102E-1
2.456075E+4	1.530674E-1
2.456100E+4	7.359935E-2
2.456125E+4	3.066541E-1
2.456150E+4	4.147858E-1
2.456175E+4	4.034651E-1
2.456200E+4	2.811140E-1
2.456225E+4	7.838724E-2
2.456250E+4	4.062069E-1
2.456275E+4	5.433482E-1
2.456300E+4	4.732852E-1
2.456325E+4	3.569484E-1
2.456350E+4	2.835760E-1
2.456375E+4	3.545177E-1
2.456400E+4	3.478244E-1
2.456425E+4	1.545544E-1
2.456450E+4	5.941359E-2
2.456475E+4	1.168428E-1
2.456500E+4	2.938992E-1
2.456525E+4	4.881928E-1
2.456550E+4	6.894144E-2
2.456575E+4	8.310052E-3
2.456600E+4	2.866811E-2
2.456625E+4	5.820301E-2
2.456650E+4	2.272768E-1
2.456675E+4	4.057454E-1
2.456700E+4	3.996664E-1
2.456725E+4	2.227851E-1
2.456750E+4	3.160313E-2
2.456775E+4	2.925501E-2
2.456800E+4	1.251332E-1
2.456825E+4	1.708110E-1
2.456850E+4	5.580662E-2
2.456875E+4	1.604506E-1
2.456900E+4	2.574184E-1
2.456925E+4	2.951213E-1
2.456950E+4	2.784198E-1
2.456975E+4	1.764505E-1
2.457000E+4	6.826956E-2
2.457025E+4	7.057168E-2
2.457050E+4	8.868940E-2
2.457075E+4	7.724830E-2
2.457100E+4	8.547546E-2
2.457125E+4	1.473986E-1
2.457150E+4	1.801268E-1
2.457175E+4	1.819380E-1
2.457200E+4	1.441142E-1
2.457225E+4	6.700608E-2
2.457250E+4	4.083029E-2
2.457275E+4	6.959866E-2
2.457300E+4	9.507622E-2
2.457325E+4	1.396704E-1
2.457350E+4	2.571967E-1
2.457375E+4	4.436689E-1
2.457400E+4	5.995311E-1
2.457425E+4	5.270117E-1
2.457450E+4	2.069641E-1
2.457475E+4	1.410917E-1
2.457500E+4	2.450441E-1
2.457525E+4	2.321868E-1
2.457550E+4	1.184827E-1
2.457575E+4	2.914760E-2
2.457600E+4	7.072205E-2
2.457625E+4	1.346617E-1
2.457650E+4	4.605227E-2
2.457675E+4	1.007995E-1
2.457700E+4	2.767148E-1
2.457725E+4	2.787683E-1
2.457750E+4	2.133541E-1
2.457775E+4	1.400168E-1
2.457800E+4	7.497928E-2
2.457825E+4	2.494645E-2
2.457850E+4	7.320498E-3
2.457875E+4	2.202886E-3
2.457900E+4	2.085588E-3
2.457925E+4	1.677922E-2
2.457950E+4	6.562999E-2
2.457975E+4	1.627640E-1
2.458000E+4	2.311286E-1
2.458025E+4	2.563262E-1
2.458050E+4	2.794590E-1
2.458075E+4	3.263288E-1
2.458100E+4	4.009364E-1
2.458125E+4	3.984566E-1
2.458150E+4	1.392144E-1
2.458175E+4	1.702743E-2
2.458200E+4	9.034198E-2
2.458225E+4	2.408250E-1
2.458250E+4	4.381958E-1
2.458275E+4	4.883078E-1
2.458300E+4	1.016164E-1
2.458325E+4	3.409323E-2
2.458350E+4	2.661007E-1
2.458375E+4	4.926050E-1
2.458400E+4	4.968030E-1
2.458425E+4	3.403821E-1
2.458450E+4	2.227768E-1
2.458475E+4	2.281430E-1
2.458500E+4	2.854967E-1
2.458525E+4	2.166027E-1
2.458550E+4	9.608748E-2
2.458575E+4	3.228328E-2
2.458600E+4	7.847399E-3
2.458625E+4	7.409872E-3
2.458650E+4	6.689638E-2
2.458675E+4	1.834715E-1
2.458700E+4	2.884688E-1
2.458725E+4	3.369219E-1
2.458750E+4	3.217843E-1
2.458775E+4	1.881459E-1
2.458800E+4	2.965910E-2
2.458825E+4	4.191780E-2
2.458850E+4	8.429521E-2
2.458875E+4	1.417000E-1
2.458900E+4	2.076293E-1
2.458925E+4	1.121239E-1
2.458950E+4	2.306515E-2
2.458975E+4	5.360599E-2
2.459000E+4	1.097192E-1
2.459025E+4	1.220460E-1
2.459050E+4	9.123307E-2
2.459075E+4	8.222188E-2
2.459100E+4	1.176295E-1
2.459125E+4	1.474684E-1
2.459150E+4	7.442014E-2
2.459175E+4	1.653600E-3
2.459200E+4	4.986661E-2
2.459225E+4	2.265457E-1
2.459250E+4	4.124975E-1
2.459275E+4	4.087050E-1
2.459300E+4	2.328740E-1
2.459325E+4	1.361352E-1
2.459350E+4	1.816452E-1
2.459375E+4	2.648070E-1
2.459400E+4	3.330720E-1
2.459425E+4	4.947274E-1
2.459450E+4	5.947833E-1
2.459475E+4	6.291179E-1
2.459500E+4	6.309644E-1
2.459525E+4	5.940608E-1
2.459550E+4	4.889957E-1
2.459575E+4	2.645157E-1
2.459600E+4	4.010949E-2
2.459625E+4	1.050592E-1
2.459650E+4	1.698598E-1
2.459675E+4	1.269807E-1
2.459700E+4	4.698862E-2
2.459725E+4	2.732540E-3
2.459750E+4	6.453428E-3
2.459775E+4	1.966539E-2
2.459800E+4	2.915446E-2
2.459825E+4	4.828829E-2
2.459850E+4	1.101546E-1
2.459875E+4	2.496273E-1
2.459900E+4	3.993196E-1
2.459925E+4	4.600313E-1
2.459950E+4	4.254120E-1
2.459975E+4	3.251090E-1
2.460000E+4	1.694566E-1
2.460025E+4	2.119295E-2
2.460050E+4	1.741683E-2
2.460075E+4	1.528238E-3
2.460100E+4	2.439176E-2
2.460125E+4	1.370994E-1
2.460150E+4	2.816643E-1
2.460175E+4	3.229365E-1
2.460200E+4	1.450678E-1
2.460225E+4	1.203279E-1
2.460250E+4	2.703830E-1
2.460275E+4	3.508982E-1
2.460300E+4	3.804424E-1
2.460325E+4	3.730719E-1
2.460350E+4	3.101657E-1
2.460375E+4	1.821397E-1
2.460400E+4	7.198627E-2
2.460425E+4	2.620379E-2
2.460450E+4	1.217415E-2
2.460475E+4	8.920575E-3
2.460500E+4	1.575418E-2
2.460525E+4	4.763689E-2
2.460550E+4	1.179748E-1
2.460575E+4	1.970745E-1
2.460600E+4	2.304543E-1
2.460625E+4	1.643839E-1
2.460650E+4	4.062769E-2
2.460675E+4	1.635907E-2
2.460700E+4	3.429345E-2
2.460725E+4	4.712273E-2
2.460750E+4	1.171802E-1
2.460775E+4	2.657026E-1
2.460800E+4	3.750259E-1
2.460825E+4	4.472268E-1
2.460850E+4	5.014301E-1
2.460875E+4	4.690952E-1
2.460900E+4	1.994192E-1
2.460925E+4	5.666455E-2
2.460950E+4	6.234166E-2
2.460975E+4	7.635692E-2
2.461000E+4	9.410990E-2
2.461025E+4	1.489961E-1
2.461050E+4	2.598501E-1
2.461075E+4	3.356360E-1
2.461100E+4	2.623549E-1
2.461125E+4	1.488256E-1
2.461150E+4	7.044941E-2
2.461175E+4	3.155215E-2
2.461200E+4	3.630470E-2
2.461225E+4	1.136181E-1
2.461250E+4	2.769174E-1
2.461275E+4	2.828035E-1
2.461300E+4	1.776161E-1
2.461325E+4	1.071747E-1
2.461350E+4	8.206093E-2
2.461375E+4	1.326626E-1
2.461400E+4	2.887910E-1
2.461425E+4	4.860139E-1
2.461450E+4	4.856348E-1
2.461475E+4	2.469760E-1
2.461500E+4	6.693426E-2
2.461525E+4	8.810992E-3
2.461550E+4	1.179214E-2
2.461575E+4	2.356797E-2
2.461600E+4	2.149070E-2
2.461625E+4	3.570148E-2
2.461650E+4	9.385496E-2
2.461675E+4	1.954912E-1
2.461700E+4	3.128486E-1
2.461725E+4	3.675498E-1
2.461750E+4	2.873839E-1
2.461775E+4	1.295263E-1
2.461800E+4	3.537660E-2
2.461825E+4	4.955757E-3
2.461850E+4	3.173093E-3
2.461875E+4	4.294747E-2
2.461900E+4	1.962987E-1
2.461925E+4	3.991191E-1
2.461950E+4	4.408801E-1
2.461975E+4	4.207909E-1
2.462000E+4	2.587703E-1
2.462025E+4	1.015515E-1
2.462050E+4	5.594714E-2
2.462075E+4	6.213518E-2
2.462100E+4	1.040312E-1
2.462125E+4	1.684446E-1
2.462150E+4	1.316650E-1
2.462175E+4	7.787375E-2
2.462200E+4	1.849882E-1
2.462225E+4	3.881913E-1
2.462250E+4	5.164316E-1
2.462275E+4	5.235612E-1
2.462300E+4	4.716351E-1
2.462325E+4	3.829308E-1
2.462350E+4	2.694553E-1
2.462375E+4	3.078781E-1
2.462400E+4	4.176180E-1
2.462425E+4	5.226429E-1
2.462450E+4	6.126631E-1
2.462475E+4	5.936798E-1
2.462500E+4	4.625298E-1
2.462525E+4	3.251080E-1
2.462550E+4	2.061129E-1
2.462575E+4	1.008292E-1
2.462600E+4	1.155497E-1
2.462625E+4	1.508276E-1
2.462650E+4	1.310850E-1
2.462675E+4	8.792096E-2
2.462700E+4	3.416505E-2
2.462725E+4	5.594624E-3
2.462750E+4	1.530874E-3
2.462775E+4	2.187099E-2
2.462800E+4	1.312579E-1
2.462825E+4	3.890249E-1
2.462850E+4	5.611843E-1
2.462875E+4	6.588182E-1
2.462900E+4	7.671988E-1
2.462925E+4	7.909040E-1
2.462950E+4	6.965726E-1
2.462975E+4	5.420940E-1
2.463000E+4	3.198377E-1
2.463025E+4	1.202764E-1
2.463050E+4	2.005262E-1
2.463075E+4	2.267796E-1
2.463100E+4	1.871367E-1
2.463125E+4	1.000440E-1
2.463150E+4	2.354073E-2
2.463175E+4	2.458937E-3
2.463200E+4	4.743006E-4
2.463225E+4	4.185213E-2
2.463250E+4	2.696096E-1
2.463275E+4	3.357084E-1
2.463300E+4	3.323407E-1
2.463325E+4	3.778357E-1
2.463350E+4	4.495422E-1
2.463375E+4	2.727409E-1
2.463400E+4	1.088770E-1
2.463425E+4	4.874851E-2
2.463450E+4	3.481600E-2
2.463475E+4	1.713639E-1
2.463500E+4	2.035715E-1
2.463525E+4	1.365421E-1
2.463550E+4	8.569354E-2
2.463575E+4	3.774667E-2
2.463600E+4	1.476156E-2
2.463625E+4	2.628049E-1
2.463650E+4	4.074421E-1
2.463675E+4	4.129023E-1
2.463700E+4	4.102457E-1
2.463725E+4	3.663473E-1
2.463750E+4	2.806010E-1
2.463775E+4	2.310608E-1
2.463800E+4	2.274226E-1
2.463825E+4	2.042477E-1
2.463850E+4	1.522135E-1
2.463875E+4	1.167979E-1
2.463900E+4	1.396772E-1
2.463925E+4	2.442117E-1
2.463950E+4	4.168924E-1
2.463975E+4	5.161297E-1
2.464000E+4	4.152064E-1
2.464025E+4	2.283969E-1
2.464050E+4	6.764165E-2
2.464075E+4	2.684790E-2
2.464100E+4	1.358558E-1
2.464125E+4	2.650045E-1
2.464150E+4	3.143220E-1
2.464175E+4	2.986263E-1
2.464200E+4	2.496539E-1
2.464225E+4	1.400986E-1
2.464250E+4	2.342073E-2
2.464275E+4	1.084946E-1
2.464300E+4	3.574027E-1
2.464325E+4	5.348324E-1
2.464350E+4	5.562111E-1
2.464375E+4	4.670755E-1
2.464400E+4	3.278828E-1
2.464425E+4	1.978116E-1
2.464450E+4	1.207018E-1
2.464475E+4	4.226494E-2
2.464500E+4	7.378503E-3
2.464525E+4	1.515520E-1
2.464550E+4	3.231501E-1
2.464575E+4	3.675382E-1
2.464600E+4	3.074708E-1
2.464625E+4	2.529097E-1
2.464650E+4	2.790227E-1
2.464675E+4	4.125578E-1
2.464700E+4	6.632831E-1
2.464725E+4	6.028420E-1
2.464750E+4	1.764328E-1
2.464775E+4	6.003411E-2
2.464800E+4	1.473488E-1
2.464825E+4	4.008281E-1
2.464850E+4	2.973746E-1
2.464875E+4	1.320354E-1
2.464900E+4	9.606721E-2
2.464925E+4	1.350851E-1
2.464950E+4	2.381321E-1
2.464975E+4	3.112750E-1
2.465000E+4	9.539097E-2
2.465025E+4	4.944678E-2
2.465050E+4	1.298958E-1
2.465075E+4	1.639115E-1
2.465100E+4	4.492941E-2
2.465125E+4	2.276777E-2
2.465150E+4	1.674864E-1
2.465175E+4	2.701992E-1
2.465200E+4	2.516266E-1
2.465225E+4	1.964061E-1
2.465250E+4	1.908735E-1
2.465275E+4	2.569402E-1
2.465300E+4	3.704607E-1
2.465325E+4	4.038860E-1
2.465350E+4	2.704680E-1
2.465375E+4	1.314874E-1
2.465400E+4	5.182012E-2
2.465425E+4	3.003219E-2
2.465450E+4	5.112580E-2
2.465475E+4	7.770361E-2
2.465500E+4	1.060747E-1
2.465525E+4	1.508119E-1
2.465550E+4	2.295108E-1
2.465575E+4	3.510400E-1
2.465600E+4	4.728976E-1
2.465625E+4	4.772329E-1
2.465650E+4	3.550419E-1
2.465675E+4	2.373578E-1
2.465700E+4	1.779399E-1
2.465725E+4	1.608083E-1
2.465750E+4	1.438905E-1
2.465775E+4	1.060904E-1
2.465800E+4	8.409337E-2
2.465825E+4	9.663764E-2
2.465850E+4	1.395285E-1
2.465875E+4	1.887764E-1
2.465900E+4	2.083360E-1
2.465925E+4	1.919177E-1
2.465950E+4	1.612719E-1
2.465975E+4	1.366153E-1
2.466000E+4	1.342794E-1
2.466025E+4	1.563318E-1
2.466050E+4	2.035345E-1
2.466075E+4	2.946808E-1
2.466100E+4	4.367505E-1
2.466125E+4	4.997643E-1
2.466150E+4	4.374925E-1
2.466175E+4	3.512548E-1
2.466200E+4	2.185701E-1
2.466225E+4	8.887821E-2
2.466250E+4	2.407361E-2
2.466275E+4	4.426730E-3
2.466300E+4	3.822036E-3
2.466325E+4	2.000459E-2
2.466350E+4	6.712936E-2
2.466375E+4	1.539106E-1
2.466400E+4	2.905989E-1
2.466425E+4	4.524271E-1
2.466450E+4	5.762338E-1
2.466475E+4	6.413916E-1
2.466500E+4	6.571530E-1
2.466525E+4	5.558757E-1
2.466550E+4	2.604478E-1
2.466575E+4	1.586212E-1
2.466600E+4	2.531873E-1
2.466625E+4	3.240648E-1
2.466650E+4	3.336435E-1
2.466675E+4	3.580420E-1
2.466700E+4	4.204911E-1
2.466725E+4	3.904559E-1
2.466750E+4	2.969819E-1
2.466775E+4	2.263119E-1
2.466800E+4	1.736380E-1
2.466825E+4	1.168921E-1
2.466850E+4	1.098272E-1
2.466875E+4	2.021790E-1
2.466900E+4	2.937200E-1
2.466925E+4	3.570262E-1
2.466950E+4	3.774378E-1
2.466975E+4	2.839362E-1
2.467000E+4	9.096368E-2
2.467025E+4	2.383197E-1
2.467050E+4	3.023219E-1
2.467075E+4	1.429476E-1
2.467100E+4	4.974927E-2
2.467125E+4	8.776107E-2
2.467150E+4	1.489271E-1
2.467175E+4	1.621174E-1
2.467200E+4	1.848169E-1
2.467225E+4	3.679229E-1
2.467250E+4	4.793286E-1
2.467275E+4	2.966669E-1
2.467300E+4	1.376067E-1
2.467325E+4	7.613475E-2
2.467350E+4	6.837222E-2
2.467375E+4	5.764999E-2
2.467400E+4	1.703655E-2
2.467425E+4	3.607326E-2
2.467450E+4	6.340556E-2
2.467475E+4	9.108109E-2
2.467500E+4	1.251399E-1
2.467525E+4	1.372981E-1
2.467550E+4	2.520036E-2
2.467575E+4	5.677774E-2
2.467600E+4	1.864183E-1
2.467625E+4	3.480997E-1
2.467650E+4	4.614844E-1
2.467675E+4	4.464102E-1
2.467700E+4	2.642250E-1
2.467725E+4	4.886357E-2
2.467750E+4	1.042966E-1
2.467775E+4	1.123750E-1
2.467800E+4	7.877592E-2
2.467825E+4	4.155130E-2
2.467850E+4	8.195745E-2
2.467875E+4	3.687329E-1
2.467900E+4	4.778174E-1
2.467925E+4	4.699410E-1
2.467950E+4	5.037987E-1
2.467975E+4	4.615817E-1
2.468000E+4	2.451003E-1
2.468025E+4	1.067479E-1
2.468050E+4	1.492875E-1
2.468075E+4	3.869975E-1
2.468100E+4	4.601170E-1
2.468125E+4	1.786775E-1
2.468150E+4	1.298047E-2
2.468175E+4	3.180997E-2
2.468200E+4	1.499502E-1
2.468225E+4	2.163860E-1
2.468250E+4	1.796676E-1
2.468275E+4	9.830722E-2
2.468300E+4	9.970962E-2
2.468325E+4	2.153734E-1
2.468350E+4	3.653586E-1
2.468375E+4	4.197877E-1
2.468400E+4	2.047985E-1
2.468425E+4	4.981961E-2
2.468450E+4	5.797745E-3
2.468475E+4	4.818799E-3
2.468500E+4	2.303471E-2
2.468525E+4	4.167538E-2
2.468550E+4	5.805629E-2
2.468575E+4	1.087992E-1
2.468600E+4	1.894861E-1
2.468625E+4	2.377812E-1
2.468650E+4	1.708393E-1
2.468675E+4	6.833036E-2
2.468700E+4	8.363335E-3
2.468725E+4	2.212495E-2
2.468750E+4	1.433846E-1
2.468775E+4	1.956680E-1
2.468800E+4	1.624920E-1
2.468825E+4	1.328261E-1
2.468850E+4	1.416633E-1
2.468875E+4	2.521637E-1
2.468900E+4	3.972323E-1
2.468925E+4	2.425002E-1
2.468950E+4	8.651279E-2
2.468975E+4	2.782114E-2
2.469000E+4	1.665259E-2
2.469025E+4	2.370413E-2
2.469050E+4	4.264028E-2
2.469075E+4	8.427880E-2
2.469100E+4	1.219092E-1
2.469125E+4	1.211406E-1
2.469150E+4	1.048738E-1
2.469175E+4	7.265218E-2
2.469200E+4	2.149609E-2
2.469225E+4	8.160781E-2
2.469250E+4	1.679349E-1
2.469275E+4	2.029172E-1
2.469300E+4	2.269230E-1
2.469325E+4	2.310214E-1
2.469350E+4	1.438350E-1
2.469375E+4	6.011353E-2
2.469400E+4	1.018842E-1
2.469425E+4	2.182695E-1
2.469450E+4	3.717656E-1
2.469475E+4	4.961575E-1
2.469500E+4	5.310048E-1
2.469525E+4	4.398029E-1
2.469550E+4	1.857904E-1
2.469575E+4	7.957657E-3
2.469600E+4	3.456564E-2
2.469625E+4	1.141950E-1
2.469650E+4	1.917895E-1
2.469675E+4	2.172563E-1
2.469700E+4	1.751578E-1
2.469725E+4	1.238837E-1
2.469750E+4	9.043082E-2
2.469775E+4	8.281878E-2
2.469800E+4	1.158180E-1
2.469825E+4	1.215252E-1
2.469850E+4	9.003257E-2
2.469875E+4	6.324054E-2
2.469900E+4	4.245846E-2
2.469925E+4	4.606129E-2
2.469950E+4	5.240737E-2
2.469975E+4	6.139832E-2
2.470000E+4	8.306993E-2
2.470025E+4	1.425899E-1
2.470050E+4	1.656301E-1
2.470075E+4	1.097543E-1
2.470100E+4	1.053948E-1
2.470125E+4	1.030381E-1
2.470150E+4	8.584017E-2
2.470175E+4	8.723301E-2
2.470200E+4	2.384811E-1
2.470225E+4	3.373346E-1
2.470250E+4	3.336463E-1
2.470275E+4	2.133997E-1
2.470300E+4	8.027525E-2
2.470325E+4	7.186059E-2
2.470350E+4	1.002497E-1
2.470375E+4	1.473187E-1
2.470400E+4	2.267319E-1
2.470425E+4	2.371110E-1
2.470450E+4	1.536725E-1
2.470475E+4	7.246989E-2
2.470500E+4	1.359176E-2
2.470525E+4	1.175932E-3
2.470550E+4	8.179519E-3
2.470575E+4	7.237429E-2
2.470600E+4	3.710094E-1
2.470625E+4	7.849040E-1
2.470650E+4	8.427178E-1
2.470675E+4	7.263670E-1
2.470700E+4	5.755859E-1
2.470725E+4	3.480229E-1
2.470750E+4	8.841868E-2
2.470775E+4	3.266615E-2
2.470800E+4	1.050825E-1
2.470825E+4	2.116639E-1
2.470850E+4	2.604660E-1
2.470875E+4	7.670708E-2
2.470900E+4	5.644780E-3
2.470925E+4	1.561866E-3
2.470950E+4	2.149367E-2
2.470975E+4	7.849121E-2
2.471000E+4	1.487927E-1
2.471025E+4	2.107211E-1
2.471050E+4	3.002628E-1
2.471075E+4	4.340170E-1
2.471100E+4	4.869086E-1
2.471125E+4	2.283240E-1
2.471150E+4	1.224914E-1
2.471175E+4	2.448756E-1
2.471200E+4	3.649049E-1
2.471225E+4	4.245196E-1
2.471250E+4	4.009799E-1
2.471275E+4	2.245404E-1
2.471300E+4	2.860706E-2
2.471325E+4	2.292409E-2
2.471350E+4	3.815430E-2
2.471375E+4	6.701792E-2
2.471400E+4	2.073432E-1
2.471425E+4	2.447617E-1
2.471450E+4	1.469005E-1
2.471475E+4	3.035360E-2
2.471500E+4	2.628636E-2
2.471525E+4	2.876769E-1
2.471550E+4	4.746543E-1
2.471575E+4	3.671523E-1
2.471600E+4	1.497514E-1
2.471625E+4	7.462594E-2
2.471650E+4	2.228999E-1
2.471675E+4	3.236954E-1
2.471700E+4	2.975658E-1
2.471725E+4	2.059511E-1
2.471750E+4	1.226333E-1
2.471775E+4	1.531426E-1
2.471800E+4	2.914969E-1
2.471825E+4	2.897972E-1
2.471850E+4	2.285133E-1
2.471875E+4	2.309680E-1
2.471900E+4	2.748643E-1
2.471925E+4	1.885555E-1
2.471950E+4	3.143072E-2
2.471975E+4	4.379390E-2
2.472000E+4	1.464054E-1
2.472025E+4	2.130610E-1
2.472050E+4	1.547467E-1
2.472075E+4	3.997924E-2
2.472100E+4	6.758834E-2
2.472125E+4	2.840615E-1
2.472150E+4	3.717046E-1
2.472175E+4	3.507873E-1
2.472200E+4	2.928489E-1
2.472225E+4	1.645582E-1
2.472250E+4	4.163976E-2
2.472275E+4	3.084992E-2
2.472300E+4	7.830903E-2
2.472325E+4	1.911723E-1
2.472350E+4	1.772802E-1
2.472375E+4	4.007403E-2
2.472400E+4	1.145381E-2
2.472425E+4	1.063078E-2
2.472450E+4	2.768607E-2
2.472475E+4	4.735821E-2
2.472500E+4	3.533181E-2
2.472525E+4	4.707233E-2
2.472550E+4	9.979562E-2
2.472575E+4	2.224322E-1
2.472600E+4	2.731140E-1
2.472625E+4	1.767925E-1
2.472650E+4	1.263854E-1
2.472675E+4	1.526504E-1
2.472700E+4	2.299474E-1
2.472725E+4	2.479149E-1
2.472750E+4	1.599406E-1
2.472775E+4	7.379815E-2
2.472800E+4	6.613909E-2
2.472825E+4	1.281348E-1
2.472850E+4	1.974468E-1
2.472875E+4	2.866738E-1
2.472900E+4	4.602310E-1
2.472925E+4	6.198113E-1
2.472950E+4	6.684356E-1
2.472975E+4	5.150965E-1
2.473000E+4	2.526394E-1
2.473025E+4	1.791463E-1
2.473050E+4	2.188814E-1
2.473075E+4	2.636602E-1
2.473100E+4	2.699713E-1
2.473125E+4	6.372263E-2
2.473150E+4	1.023223E-1
2.473175E+4	9.518896E-2
2.473200E+4	5.546487E-2
2.473225E+4	3.047180E-2
2.473250E+4	6.912214E-2
2.473275E+4	1.124463E-1
2.473300E+4	1.247404E-1
2.473325E+4	2.120531E-1
2.473350E+4	2.549232E-1
2.473375E+4	1.639188E-1
2.473400E+4	5.298684E-2
2.473425E+4	1.207088E-1
2.473450E+4	3.090322E-1
2.473475E+4	4.033581E-1
2.473500E+4	3.838555E-1
2.473525E+4	2.576315E-1
2.473550E+4	1.382920E-1
2.473575E+4	1.372711E-1
2.473600E+4	1.067644E-1
2.473625E+4	2.770364E-2
2.473650E+4	4.559201E-2
2.473675E+4	3.536805E-1
2.473700E+4	6.648730E-1
2.473725E+4	7.547024E-1
2.473750E+4	4.749839E-1
2.473775E+4	7.030560E-2
2.473800E+4	5.868013E-2
2.473825E+4	1.337898E-1
2.473850E+4	1.612748E-1
2.473875E+4	1.087368E-1
2.473900E+4	6.556414E-2
2.473925E+4	4.313211E-1
2.473950E+4	5.031449E-1
2.473975E+4	4.719589E-1
2.474000E+4	4.340917E-1
2.474025E+4	3.810801E-1
2.474050E+4	2.531324E-1
2.474075E+4	5.468584E-2
2.474100E+4	1.581737E-2
2.474125E+4	9.953180E-2
2.474150E+4	1.750598E-1
2.474175E+4	2.005442E-1
2.474200E+4	1.903791E-1
2.474225E+4	1.769442E-1
2.474250E+4	1.529741E-1
2.474275E+4	9.042900E-2
2.474300E+4	1.145794E-1
2.474325E+4	2.009817E-1
2.474350E+4	2.665653E-1
2.474375E+4	2.678593E-1
2.474400E+4	1.889602E-1
2.474425E+4	6.799404E-2
2.474450E+4	1.018815E-1
2.474475E+4	1.565706E-1
2.474500E+4	1.462484E-1
2.474525E+4	1.218835E-1
2.474550E+4	9.374502E-2
2.474575E+4	4.318891E-2
2.474600E+4	9.934083E-4
2.474625E+4	2.123378E-2
2.474650E+4	9.733517E-2
2.474675E+4	2.412813E-1
2.474700E+4	3.198317E-1
2.474725E+4	2.297585E-1
2.474750E+4	1.430600E-1
2.474775E+4	1.063832E-1
2.474800E+4	1.047045E-1
2.474825E+4	1.193874E-1
2.474850E+4	1.429270E-1
2.474875E+4	1.981512E-1
2.474900E+4	2.950388E-1
2.474925E+4	4.206981E-1
2.474950E+4	5.046150E-1
2.474975E+4	3.822856E-1
2.475000E+4	1.593669E-1
2.475025E+4	4.489552E-2
2.475050E+4	1.945159E-2
2.475075E+4	3.406687E-2
2.475100E+4	3.958150E-2
2.475125E+4	5.804333E-2
2.475150E+4	1.354821E-1
2.475175E+4	2.437621E-1
2.475200E+4	3.195848E-1
2.475225E+4	3.211679E-1
2.475250E+4	3.131773E-1
2.475275E+4	3.518186E-1
2.475300E+4	2.140504E-1
2.475325E+4	2.745773E-2
2.475350E+4	6.408338E-3
2.475375E+4	1.868138E-2
2.475400E+4	5.210526E-2
2.475425E+4	1.044787E-1
2.475450E+4	9.826269E-2
2.475475E+4	6.540645E-2
2.475500E+4	4.986500E-2
2.475525E+4	5.168075E-2
2.475550E+4	9.186104E-2
2.475575E+4	1.712832E-1
2.475600E+4	2.912576E-1
2.475625E+4	4.451411E-1
2.475650E+4	5.121343E-1
2.475675E+4	4.822593E-1
2.475700E+4	4.441748E-1
2.475725E+4	4.016964E-1
2.475750E+4	1.636883E-1
2.475775E+4	1.884714E-3
2.475800E+4	6.730548E-2
2.475825E+4	1.340085E-1
2.475850E+4	1.358987E-1
2.475875E+4	6.213965E-2
2.475900E+4	1.010685E-1
2.475925E+4	2.507036E-1
2.475950E+4	4.366932E-1
2.475975E+4	3.513922E-1
2.476000E+4	1.950291E-1
2.476025E+4	1.443114E-1
2.476050E+4	1.639929E-1
2.476075E+4	2.125285E-1
2.476100E+4	1.893619E-1
2.476125E+4	5.891070E-2
2.476150E+4	1.354312E-3
2.476175E+4	1.934482E-2
2.476200E+4	4.307206E-2
2.476225E+4	6.461520E-2
2.476250E+4	8.280809E-2
2.476275E+4	5.320384E-2
2.476300E+4	6.812706E-3
2.476325E+4	4.182652E-2
2.476350E+4	1.866632E-1
2.476375E+4	3.061815E-1
2.476400E+4	1.870113E-1
2.476425E+4	1.010577E-1
2.476450E+4	7.091048E-2
2.476475E+4	1.268989E-1
2.476500E+4	2.709212E-1
2.476525E+4	1.924837E-1
2.476550E+4	1.489973E-1
2.476575E+4	1.466716E-1
2.476600E+4	1.191471E-1
2.476625E+4	4.746672E-2
2.476650E+4	2.051815E-2
2.476675E+4	1.680824E-2
2.476700E+4	4.520018E-2
2.476725E+4	1.098091E-1
2.476750E+4	1.365990E-1
2.476775E+4	1.389653E-1
2.476800E+4	1.275433E-1
2.476825E+4	8.522777E-2
2.476850E+4	4.381111E-2
2.476875E+4	1.170165E-1
2.476900E+4	2.949936E-1
2.476925E+4	4.504045E-1
2.476950E+4	4.534959E-1
2.476975E+4	2.408360E-1
2.477000E+4	3.380003E-2
2.477025E+4	1.099514E-1
2.477050E+4	2.803082E-1
2.477075E+4	2.290840E-1
2.477100E+4	5.128064E-2
2.477125E+4	9.468990E-3
2.477150E+4	3.214344E-2
2.477175E+4	4.257751E-2
2.477200E+4	1.317154E-1
2.477225E+4	3.475262E-1
2.477250E+4	5.394704E-1
2.477275E+4	6.952973E-1
2.477300E+4	7.184005E-1
2.477325E+4	2.876600E-1
2.477350E+4	3.192037E-2
2.477375E+4	3.789566E-2
2.477400E+4	4.005012E-2
2.477425E+4	8.019817E-3
2.477450E+4	8.438907E-2
2.477475E+4	3.456811E-1
2.477500E+4	3.463857E-1
2.477525E+4	1.685906E-1
2.477550E+4	3.293591E-2
2.477575E+4	2.898590E-2
2.477600E+4	1.059906E-1
2.477625E+4	8.450107E-2
2.477650E+4	2.997741E-2
2.477675E+4	1.900884E-1
2.477700E+4	4.929737E-1
2.477725E+4	6.169582E-1
2.477750E+4	4.951409E-1
2.477775E+4	3.283301E-1
2.477800E+4	2.439973E-1
2.477825E+4	3.094491E-1
2.477850E+4	4.279709E-1
2.477875E+4	3.225150E-1
2.477900E+4	1.544367E-1
2.477925E+4	4.313865E-2
2.477950E+4	1.016961E-2
2.477975E+4	8.667551E-2
2.478000E+4	2.560223E-1
2.478025E+4	3.657545E-1
2.478050E+4	3.550109E-1
2.478075E+4	2.910678E-1
2.478100E+4	1.731408E-1
2.478125E+4	1.416744E-2
2.478150E+4	2.919962E-2
2.478175E+4	9.843273E-2
2.478200E+4	1.589453E-1
2.478225E+4	2.203909E-1
2.478250E+4	2.814956E-1
2.478275E+4	2.648156E-1
2.478300E+4	1.138072E-1
2.478325E+4	1.579154E-1
2.478350E+4	2.250576E-1
2.478375E+4	2.366479E-1
2.478400E+4	2.118127E-1
2.478425E+4	1.670822E-1
2.478450E+4	1.099835E-1
2.478475E+4	5.369628E-2
2.478500E+4	1.880041E-2
2.478525E+4	6.960029E-3
2.478550E+4	4.183281E-2
2.478575E+4	1.881302E-1
2.478600E+4	2.663056E-1
2.478625E+4	1.934859E-1
2.478650E+4	1.017417E-1
2.478675E+4	3.094367E-2
2.478700E+4	2.847322E-3
2.478725E+4	6.307637E-2
2.478750E+4	2.202810E-1
2.478775E+4	3.173492E-1
2.478800E+4	2.471075E-1
2.478825E+4	7.652370E-2
2.478850E+4	1.492594E-2
2.478875E+4	2.402235E-1
2.478900E+4	4.839917E-1
2.478925E+4	5.731639E-1
2.478950E+4	5.642673E-1
2.478975E+4	5.281901E-1
2.479000E+4	4.808568E-1
2.479025E+4	3.847423E-1
2.479050E+4	2.669210E-1
2.479075E+4	2.883033E-1
2.479100E+4	3.673315E-1
2.479125E+4	4.504867E-1
2.479150E+4	4.978430E-1
2.479175E+4	2.126418E-1
2.479200E+4	9.687082E-2
2.479225E+4	1.852691E-1
2.479250E+4	2.234443E-1
2.479275E+4	1.822241E-1
2.479300E+4	7.490876E-2
2.479325E+4	2.254943E-2
2.479350E+4	1.790297E-1
2.479375E+4	1.984457E-1
2.479400E+4	6.666832E-2
2.479425E+4	7.808792E-2
2.479450E+4	1.620915E-1
2.479475E+4	2.507725E-1
2.479500E+4	2.311683E-1
2.479525E+4	1.136570E-1
2.479550E+4	4.752472E-2
2.479575E+4	2.767890E-1
2.479600E+4	4.465813E-1
2.479625E+4	4.150139E-1
2.479650E+4	3.937699E-1
2.479675E+4	3.990643E-1
2.479700E+4	3.776610E-1
2.479725E+4	1.592192E-1
2.479750E+4	4.411844E-3
2.479775E+4	1.935244E-1
2.479800E+4	4.981303E-1
2.479825E+4	5.212767E-1
2.479850E+4	4.266943E-1
2.479875E+4	3.347157E-1
2.479900E+4	2.379186E-1
2.479925E+4	2.161003E-1
2.479950E+4	2.673397E-1
2.479975E+4	2.715667E-1
2.480000E+4	1.949979E-1
2.480025E+4	6.684222E-3
2.480050E+4	1.418363E-1
2.480075E+4	2.346428E-1
2.480100E+4	2.539320E-1
2.480125E+4	2.044349E-1
2.480150E+4	6.968348E-2
2.480175E+4	1.182132E-2
2.480200E+4	1.283478E-2
2.480225E+4	1.175375E-2
2.480250E+4	1.479052E-2
2.480275E+4	2.937333E-2
2.480300E+4	5.541473E-2
2.480325E+4	1.062467E-1
2.480350E+4	1.883935E-1
2.480375E+4	2.188772E-1
2.480400E+4	1.481788E-1
2.480425E+4	5.351476E-2
2.480450E+4	8.923554E-3
2.480475E+4	1.435709E-2
2.480500E+4	1.034063E-2
2.480525E+4	2.010163E-2
2.480550E+4	1.742353E-1
2.480575E+4	2.861886E-1
2.480600E+4	3.452293E-1
2.480625E+4	3.803398E-1
2.480650E+4	3.620399E-1
2.480675E+4	2.298751E-1
2.480700E+4	1.624094E-1
2.480725E+4	1.894509E-1
2.480750E+4	1.874741E-1
2.480775E+4	1.223622E-1
2.480800E+4	6.772230E-2
2.480825E+4	4.595651E-2
2.480850E+4	5.409441E-2
2.480875E+4	2.013735E-1
2.480900E+4	4.845175E-1
2.480925E+4	3.653196E-1
2.480950E+4	2.742108E-1
2.480975E+4	1.990575E-1
2.481000E+4	1.179944E-1
2.481025E+4	6.371798E-2
2.481050E+4	4.807052E-2
2.481075E+4	7.305060E-2
2.481100E+4	1.584780E-1
2.481125E+4	1.887282E-1
2.481150E+4	1.615798E-1
2.481175E+4	1.139724E-1
2.481200E+4	4.510292E-2
2.481225E+4	8.713718E-3
2.481250E+4	3.274785E-2
2.481275E+4	1.509879E-1
2.481300E+4	2.852774E-1
2.481325E+4	1.802506E-1
2.481350E+4	8.481434E-2
2.481375E+4	3.041994E-2
2.481400E+4	1.032094E-2
2.481425E+4	1.421764E-1
2.481450E+4	5.134945E-1
2.481475E+4	4.612113E-1
2.481500E+4	2.801756E-1
2.481525E+4	1.085470E-1
2.481550E+4	2.341878E-3
2.481575E+4	8.142764E-2
2.481600E+4	2.043865E-1
2.481625E+4	1.619226E-1
2.481650E+4	3.562644E-2
2.481675E+4	3.827716E-1
2.481700E+4	5.666474E-1
2.481725E+4	4.731313E-1
2.481750E+4	3.161796E-1
2.481775E+4	2.095703E-1
2.481800E+4	3.433292E-1
2.481825E+4	4.389717E-1
2.481850E+4	3.008136E-1
2.481875E+4	1.154155E-1
2.481900E+4	3.323452E-3
2.481925E+4	7.475846E-2
2.481950E+4	1.995527E-1
2.481975E+4	1.819551E-1
2.482000E+4	7.499185E-2
2.482025E+4	2.995024E-3
2.482050E+4	3.729269E-2
2.482075E+4	7.841528E-2
2.482100E+4	7.241157E-2
2.482125E+4	3.625527E-2
2.482150E+4	7.390637E-3
2.482175E+4	4.071902E-2
2.482200E+4	1.058706E-1
2.482225E+4	1.716987E-1
2.482250E+4	2.341773E-1
2.482275E+4	2.039091E-1
2.482300E+4	4.047000E-2
2.482325E+4	1.941837E-2
2.482350E+4	3.577479E-2
2.482375E+4	3.980048E-2
2.482400E+4	3.616347E-2
2.482425E+4	3.365676E-2
2.482450E+4	2.988111E-2
2.482475E+4	1.772104E-2
2.482500E+4	2.013228E-2
2.482525E+4	1.180365E-1
2.482550E+4	3.238611E-1
2.482575E+4	4.818474E-1
2.482600E+4	5.064521E-1
2.482625E+4	4.347577E-1
2.482650E+4	3.005376E-1
2.482675E+4	1.442528E-1
2.482700E+4	7.904788E-2
2.482725E+4	2.160583E-1
2.482750E+4	3.959202E-1
2.482775E+4	2.995220E-1
2.482800E+4	1.491472E-1
2.482825E+4	1.753034E-1
2.482850E+4	2.697809E-1
2.482875E+4	3.450648E-1
2.482900E+4	3.554960E-1
2.482925E+4	3.983459E-1
2.482950E+4	4.623748E-1
2.482975E+4	4.085693E-1
2.483000E+4	1.665400E-1
2.483025E+4	1.245785E-2
2.483050E+4	2.114999E-2
2.483075E+4	2.888853E-2
2.483100E+4	2.518311E-3
2.483125E+4	6.072040E-2
2.483150E+4	2.298841E-1
2.483175E+4	2.867610E-1
2.483200E+4	2.138826E-1
2.483225E+4	7.330320E-2
2.483250E+4	5.099515E-2
2.483275E+4	3.607580E-1
2.483300E+4	7.160574E-1
2.483325E+4	7.180728E-1
2.483350E+4	4.063175E-1
2.483375E+4	1.580265E-1
2.483400E+4	6.612195E-2
2.483425E+4	4.459901E-2
2.483450E+4	4.856088E-2
2.483475E+4	4.221986E-2
2.483500E+4	2.392049E-2
2.483525E+4	3.693900E-3
2.483550E+4	8.924606E-3
2.483575E+4	9.323998E-2
2.483600E+4	1.934420E-1
2.483625E+4	1.652284E-1
2.483650E+4	1.136714E-1
2.483675E+4	1.357253E-1
2.483700E+4	2.698273E-1
2.483725E+4	1.873093E-1
2.483750E+4	4.806945E-2
2.483775E+4	9.593990E-3
2.483800E+4	4.976892E-3
2.483825E+4	3.487334E-2
2.483850E+4	1.831629E-1
2.483875E+4	3.059504E-1
2.483900E+4	3.366359E-1
2.483925E+4	3.276070E-1
2.483950E+4	3.208729E-1
2.483975E+4	3.381100E-1
2.484000E+4	3.620884E-1
2.484025E+4	3.152794E-1
2.484050E+4	2.346788E-1
2.484075E+4	3.028580E-1
2.484100E+4	3.787760E-1
2.484125E+4	3.588181E-1
2.484150E+4	2.364663E-1
2.484175E+4	1.645417E-1
2.484200E+4	1.773162E-1
2.484225E+4	1.846946E-1
2.484250E+4	1.981243E-1
2.484275E+4	3.321776E-1
2.484300E+4	5.873258E-1
2.484325E+4	8.367982E-1
2.484350E+4	9.208983E-1
2.484375E+4	8.849656E-1
2.484400E+4	8.474537E-1
2.484425E+4	7.778865E-1
2.484450E+4	4.545042E-1
2.484475E+4	9.155554E-2
2.484500E+4	2.036565E-1
2.484525E+4	3.510360E-1
2.484550E+4	2.743276E-1
2.484575E+4	1.151355E-2
2.484600E+4	1.536487E-1
2.484625E+4	4.317075E-1
2.484650E+4	6.020888E-1
2.484675E+4	6.000695E-1
2.484700E+4	4.194539E-1
2.484725E+4	2.350440E-1
2.484750E+4	1.956551E-1
2.484775E+4	2.054853E-1
2.484800E+4	1.666164E-1
2.484825E+4	9.465747E-2
2.484850E+4	1.236420E-1
2.484875E+4	1.895833E-1
2.484900E+4	1.811416E-1
2.484925E+4	2.213519E-1
2.484950E+4	3.122563E-1
2.484975E+4	3.908046E-1
2.485000E+4	3.684423E-1
2.485025E+4	2.128329E-1
2.485050E+4	2.740474E-2
2.485075E+4	5.085590E-2
2.485100E+4	2.261872E-1
2.485125E+4	2.608281E-1
2.485150E+4	1.491104E-1
2.485175E+4	1.515622E-2
2.485200E+4	8.312945E-2
2.485225E+4	1.967476E-1
2.485250E+4	1.227729E-1
2.485275E+4	6.552498E-2
2.485300E+4	1.642550E-1
2.485325E+4	2.917774E-1
2.485350E+4	3.071884E-1
2.485375E+4	2.544265E-1
2.485400E+4	2.150749E-1
2.485425E+4	2.371844E-1
2.485450E+4	2.637795E-1
2.485475E+4	1.583271E-1
2.485500E+4	7.947190E-2
2.485525E+4	3.499267E-2
2.485550E+4	1.831257E-2
2.485575E+4	1.188540E-1
2.485600E+4	2.550397E-1
2.485625E+4	3.400367E-1
2.485650E+4	3.548560E-1
2.485675E+4	2.134207E-1
2.485700E+4	3.275254E-2
2.485725E+4	2.046741E-3
2.485750E+4	2.861723E-2
2.485775E+4	5.074467E-2
2.485800E+4	6.800535E-2
2.485825E+4	1.245715E-1
2.485850E+4	1.638196E-1
2.485875E+4	1.605787E-1
2.485900E+4	1.498932E-1
2.485925E+4	1.682296E-1
2.485950E+4	1.895403E-1
2.485975E+4	1.618926E-1
2.486000E+4	9.717246E-2
2.486025E+4	4.270853E-2
2.486050E+4	1.211263E-2
2.486075E+4	1.942623E-2
2.486100E+4	1.227358E-1
2.486125E+4	1.771793E-1
2.486150E+4	1.886734E-1
2.486175E+4	1.889510E-1
2.486200E+4	1.841830E-1
2.486225E+4	1.722166E-1
2.486250E+4	1.503120E-1
2.486275E+4	1.309148E-1
2.486300E+4	1.652854E-1
2.486325E+4	3.127407E-1
2.486350E+4	4.280959E-1
2.486375E+4	4.172056E-1
2.486400E+4	3.423067E-1
2.486425E+4	2.289662E-1
2.486450E+4	1.268254E-1
2.486475E+4	1.286442E-1
2.486500E+4	2.261520E-1
2.486525E+4	3.264133E-1
2.486550E+4	3.636783E-1
2.486575E+4	3.131073E-1
2.486600E+4	1.802648E-1
2.486625E+4	6.504552E-2
2.486650E+4	3.922298E-2
2.486675E+4	3.510649E-2
2.486700E+4	1.011721E-2
2.486725E+4	3.905324E-2
2.486750E+4	4.704641E-1
2.486775E+4	5.255964E-1
2.486800E+4	3.571656E-1
2.486825E+4	1.979132E-1
2.486850E+4	6.906918E-2
2.486875E+4	1.326427E-2
2.486900E+4	1.609988E-2
2.486925E+4	4.857200E-2
2.486950E+4	1.278759E-1
2.486975E+4	1.932291E-1
2.487000E+4	1.298627E-1
2.487025E+4	3.241453E-2
2.487050E+4	2.154252E-3
2.487075E+4	3.020717E-2
2.487100E+4	4.169649E-2
2.487125E+4	1.760776E-2
2.487150E+4	4.124558E-3
2.487175E+4	7.972440E-2
2.487200E+4	2.861814E-1
2.487225E+4	3.134567E-1
2.487250E+4	1.256963E-1
2.487275E+4	6.157658E-2
2.487300E+4	1.433226E-1
2.487325E+4	3.156259E-1
2.487350E+4	4.318888E-1
2.487375E+4	3.044916E-1
2.487400E+4	1.072100E-1
2.487425E+4	4.325684E-2
2.487450E+4	1.618931E-1
2.487475E+4	2.660877E-1
2.487500E+4	1.691033E-1
2.487525E+4	9.643032E-2
2.487550E+4	6.876753E-2
2.487575E+4	7.836939E-2
2.487600E+4	1.590792E-1
2.487625E+4	3.427133E-1
2.487650E+4	2.417611E-1
2.487675E+4	1.971225E-1
2.487700E+4	2.243939E-1
2.487725E+4	7.314174E-2
2.487750E+4	4.637290E-3
2.487775E+4	4.103362E-3
2.487800E+4	2.956594E-2
2.487825E+4	8.189670E-2
2.487850E+4	1.958548E-1
2.487875E+4	3.827895E-1
2.487900E+4	5.267596E-1
2.487925E+4	6.383534E-1
2.487950E+4	7.022480E-1
2.487975E+4	6.403906E-1
2.488000E+4	4.391991E-1
2.488025E+4	2.671350E-1
2.488050E+4	2.550249E-1
2.488075E+4	3.165302E-1
2.488100E+4	2.714215E-1
2.488125E+4	1.383006E-1
2.488150E+4	6.469479E-2
2.488175E+4	6.932862E-2
2.488200E+4	1.432800E-1
2.488225E+4	3.016063E-1
2.488250E+4	2.070104E-1
2.488275E+4	1.945311E-2
2.488300E+4	5.497015E-3
2.488325E+4	2.005799E-2
2.488350E+4	4.695542E-2
2.488375E+4	1.587830E-1
2.488400E+4	4.772381E-1
2.488425E+4	6.023876E-1
2.488450E+4	3.856172E-1
2.488475E+4	1.486814E-1
2.488500E+4	5.559383E-2
2.488525E+4	8.759322E-2
2.488550E+4	1.560532E-1
2.488575E+4	2.234845E-1
2.488600E+4	2.524567E-1
2.488625E+4	2.211561E-1
2.488650E+4	1.764540E-1
2.488675E+4	1.390406E-1
2.488700E+4	1.129876E-1
2.488725E+4	1.032531E-1
2.488750E+4	8.884410E-2
2.488775E+4	5.527947E-2
2.488800E+4	5.172429E-2
2.488825E+4	6.270251E-2
2.488850E+4	5.904203E-2
2.488875E+4	3.979268E-2
2.488900E+4	1.409646E-2
2.488925E+4	3.581576E-3
2.488950E+4	6.370627E-2
2.488975E+4	1.360142E-1
2.489000E+4	1.442905E-1
2.489025E+4	1.260243E-1
2.489050E+4	7.285816E-2
2.489075E+4	2.016730E-2
2.489100E+4	5.936510E-3
2.489125E+4	5.087238E-3
2.489150E+4	9.282444E-3
2.489175E+4	1.916214E-2
2.489200E+4	3.089070E-2
2.489225E+4	4.883326E-2
2.489250E+4	1.112620E-1
2.489275E+4	2.630276E-1
2.489300E+4	4.202493E-1
2.489325E+4	4.912796E-1
2.489350E+4	4.947952E-1
2.489375E+4	4.225540E-1
2.489400E+4	2.475585E-1
2.489425E+4	1.717753E-1
2.489450E+4	1.992787E-1
2.489475E+4	1.555808E-1
2.489500E+4	4.951523E-2
2.489525E+4	7.303819E-2
2.489550E+4	3.065866E-1
2.489575E+4	4.135170E-1
2.489600E+4	3.082662E-1
2.489625E+4	1.261214E-1
2.489650E+4	7.073022E-2
2.489675E+4	1.691618E-1
2.489700E+4	3.024938E-1
2.489725E+4	4.349553E-1
2.489750E+4	5.653711E-1
2.489775E+4	6.003912E-1
2.489800E+4	4.655166E-1
2.489825E+4	2.224996E-1
2.489850E+4	1.024914E-1
2.489875E+4	2.863103E-1
2.489900E+4	6.032392E-1
2.489925E+4	7.936949E-1
2.489950E+4	5.407651E-1
2.489975E+4	1.465742E-1
2.490000E+4	7.987725E-2
2.490025E+4	1.450051E-1
2.490050E+4	2.226533E-1
2.490075E+4	2.498508E-1
2.490100E+4	1.964690E-1
2.490125E+4	9.048056E-2
2.490150E+4	1.062593E-1
2.490175E+4	4.097379E-1
2.490200E+4	3.837079E-1
2.490225E+4	2.744091E-1
2.490250E+4	1.444603E-1
2.490275E+4	5.255115E-2
2.490300E+4	8.886678E-2
2.490325E+4	1.452476E-1
2.490350E+4	1.231774E-1
2.490375E+4	5.134168E-2
2.490400E+4	2.212636E-3
2.490425E+4	2.435241E-2
2.490450E+4	8.842338E-2
2.490475E+4	1.564883E-1
2.490500E+4	2.269360E-1
2.490525E+4	3.058118E-1
2.490550E+4	3.528469E-1
2.490575E+4	2.694184E-1
2.490600E+4	9.365298E-2
2.490625E+4	6.332032E-3
2.490650E+4	8.195151E-3
2.490675E+4	3.409122E-2
2.490700E+4	4.100630E-2
2.490725E+4	1.805933E-2
2.490750E+4	1.131138E-2
2.490775E+4	2.307267E-2
2.490800E+4	4.622123E-2
2.490825E+4	5.835993E-2
2.490850E+4	3.924838E-2
2.490875E+4	1.140599E-2
2.490900E+4	2.043518E-2
2.490925E+4	7.850415E-2
2.490950E+4	1.404520E-1
2.490975E+4	1.250221E-1
2.491000E+4	3.559478E-2
2.491025E+4	3.420729E-2
2.491050E+4	1.367077E-1
2.491075E+4	2.848992E-1
2.491100E+4	2.096209E-1
2.491125E+4	1.566832E-1
2.491150E+4	2.009189E-1
2.491175E+4	2.603690E-1
2.491200E+4	3.171033E-1
2.491225E+4	3.240656E-1
2.491250E+4	2.345342E-1
2.491275E+4	1.093344E-1
2.491300E+4	1.706297E-2
2.491325E+4	3.140398E-2
2.491350E+4	7.622736E-2
2.491375E+4	6.362013E-2
2.491400E+4	3.789053E-2
2.491425E+4	1.047876E-3
2.491450E+4	1.186269E-1
2.491475E+4	1.273695E-1
2.491500E+4	1.361729E-1
2.491525E+4	1.891046E-1
2.491550E+4	4.046507E-1
2.491575E+4	6.076185E-1
2.491600E+4	5.923916E-1
2.491625E+4	5.717784E-1
2.491650E+4	5.496977E-1
2.491675E+4	4.280403E-1
2.491700E+4	1.457546E-1
2.491725E+4	3.167277E-1
2.491750E+4	4.806484E-1
2.491775E+4	4.413728E-1
2.491800E+4	3.688860E-1
2.491825E+4	3.720799E-1
2.491850E+4	3.924339E-1
2.491875E+4	3.529891E-1
2.491900E+4	2.451649E-1
2.491925E+4	9.560465E-2
2.491950E+4	3.042557E-3
2.491975E+4	8.823445E-2
2.492000E+4	2.101996E-1
2.492025E+4	2.732511E-1
2.492050E+4	2.786402E-1
2.492075E+4	2.206194E-1
2.492100E+4	1.518957E-1
2.492125E+4	1.376161E-1
2.492150E+4	1.369675E-1
2.492175E+4	1.293815E-1
2.492200E+4	1.167624E-1
2.492225E+4	9.277963E-2
2.492250E+4	5.044370E-2
2.492275E+4	3.809109E-3
2.492300E+4	6.729143E-2
2.492325E+4	2.092629E-1
2.492350E+4	1.045363E-1
2.492375E+4	3.614322E-2
2.492400E+4	1.613648E-2
2.492425E+4	1.228312E-2
2.492450E+4	5.720782E-2
2.492475E+4	2.063359E-1
2.492500E+4	4.020139E-1
2.492525E+4	4.700640E-1
2.492550E+4	2.316144E-1
2.492575E+4	3.664002E-2
2.492600E+4	8.081023E-2
2.492625E+4	1.713686E-1
2.492650E+4	1.608209E-1
2.492675E+4	2.842724E-2
2.492700E+4	3.922463E-2
2.492725E+4	2.132007E-1
2.492750E+4	3.169291E-1
2.492775E+4	2.791450E-1
2.492800E+4	1.621293E-1
2.492825E+4	5.768217E-2
2.492850E+4	1.299355E-2
2.492875E+4	2.214847E-2
2.492900E+4	3.917242E-2
2.492925E+4	6.360451E-2
2.492950E+4	8.368371E-2
2.492975E+4	6.977092E-2
2.493000E+4	2.509139E-2
2.493025E+4	5.190417E-4
2.493050E+4	9.705226E-3
2.493075E+4	2.923473E-2
2.493100E+4	5.035575E-2
2.493125E+4	1.047329E-1
2.493150E+4	1.429080E-1
2.493175E+4	1.663341E-1
2.493200E+4	1.834184E-1
2.493225E+4	2.109250E-1
2.493250E+4	3.164871E-1
2.493275E+4	2.249166E-1
2.493300E+4	7.931742E-2
2.493325E+4	6.212732E-3
2.493350E+4	1.898143E-2
2.493375E+4	5.019127E-2
2.493400E+4	4.405150E-2
2.493425E+4	4.150398E-2
2.493450E+4	1.163435E-1
2.493475E+4	3.191393E-1
2.493500E+4	5.647608E-1
2.493525E+4	5.635201E-1
2.493550E+4	2.701228E-1
2.493575E+4	6.622448E-2
2.493600E+4	2.764609E-2
2.493625E+4	1.069829E-1
2.493650E+4	2.713081E-1
2.493675E+4	4.051304E-1
2.493700E+4	4.481115E-1
2.493725E+4	3.962011E-1
2.493750E+4	2.033885E-1
2.493775E+4	9.278160E-2
2.493800E+4	2.758916E-1
2.493825E+4	2.684993E-1
2.493850E+4	1.108983E-1
2.493875E+4	9.850137E-3
2.493900E+4	3.730647E-1
2.493925E+4	7.590924E-1
2.493950E+4	8.574235E-1
2.493975E+4	6.123498E-1
2.494000E+4	8.886830E-2
2.494025E+4	5.735593E-2
2.494050E+4	2.905543E-1
2.494075E+4	4.829871E-1
2.494100E+4	5.962700E-1
2.494125E+4	5.291694E-1
2.494150E+4	1.782854E-1
2.494175E+4	9.777093E-2
2.494200E+4	2.848150E-1
2.494225E+4	4.734946E-1
2.494250E+4	5.742087E-1
2.494275E+4	4.693076E-1
2.494300E+4	2.141346E-1
2.494325E+4	8.583168E-2
2.494350E+4	7.195050E-2
2.494375E+4	8.703350E-2
2.494400E+4	1.038319E-1
2.494425E+4	9.826705E-2
2.494450E+4	5.693816E-2
2.494475E+4	1.937466E-2
2.494500E+4	2.139553E-3
2.494525E+4	1.852130E-2
2.494550E+4	7.575333E-2
2.494575E+4	1.556421E-1
2.494600E+4	2.017440E-1
2.494625E+4	1.304188E-1
2.494650E+4	3.874073E-2
2.494675E+4	7.657837E-2
2.494700E+4	1.713195E-1
2.494725E+4	2.032858E-1
2.494750E+4	1.711844E-1
2.494775E+4	1.252443E-1
2.494800E+4	5.875166E-2
2.494825E+4	3.572264E-3
2.494850E+4	2.157200E-1
2.494875E+4	4.427474E-1
2.494900E+4	5.366652E-1
2.494925E+4	5.794839E-1
2.494950E+4	5.332516E-1
2.494975E+4	2.961204E-1
2.495000E+4	3.469468E-2
2.495025E+4	3.382206E-2
2.495050E+4	1.396132E-1
2.495075E+4	2.053029E-1
2.495100E+4	2.263292E-1
2.495125E+4	2.231949E-1
2.495150E+4	1.609470E-1
2.495175E+4	7.491064E-2
2.495200E+4	3.063399E-2
2.495225E+4	1.752809E-2
2.495250E+4	2.771307E-2
2.495275E+4	7.800087E-2
2.495300E+4	1.409537E-1
2.495325E+4	1.579679E-1
2.495350E+4	1.489557E-1
2.495375E+4	1.104789E-1
2.495400E+4	6.035969E-2
2.495425E+4	4.040580E-1
2.495450E+4	6.132949E-1
2.495475E+4	4.583277E-1
2.495500E+4	2.114744E-1
2.495525E+4	6.867071E-2
2.495550E+4	1.915855E-1
2.495575E+4	3.427901E-1
2.495600E+4	3.473278E-1
2.495625E+4	1.508327E-1
2.495650E+4	3.142342E-2
2.495675E+4	3.993667E-1
2.495700E+4	5.206787E-1
2.495725E+4	3.968755E-1
2.495750E+4	2.319880E-1
2.495775E+4	3.866950E-1
2.495800E+4	4.926234E-1
2.495825E+4	4.757915E-1
2.495850E+4	4.021448E-1
2.495875E+4	3.022332E-1
2.495900E+4	2.349162E-1
2.495925E+4	2.202656E-1
2.495950E+4	1.966875E-1
2.495975E+4	2.377171E-1
2.496000E+4	3.482493E-1
2.496025E+4	3.098579E-1
2.496050E+4	2.121204E-1
2.496075E+4	1.063229E-1
2.496100E+4	1.071851E-2
2.496125E+4	2.629768E-1
2.496150E+4	4.167386E-1
2.496175E+4	3.048467E-1
2.496200E+4	2.574162E-1
2.496225E+4	2.651417E-1
2.496250E+4	3.035836E-1
2.496275E+4	3.032980E-1
2.496300E+4	2.270007E-1
2.496325E+4	1.334600E-1
2.496350E+4	9.270685E-2
2.496375E+4	1.319629E-1
2.496400E+4	2.192218E-1
2.496425E+4	3.316831E-1
2.496450E+4	4.795795E-1
2.496475E+4	5.461152E-1
2.496500E+4	2.155112E-1
2.496525E+4	6.294040E-2
2.496550E+4	5.234603E-2
2.496575E+4	3.005230E-2
2.496600E+4	3.643085E-2
2.496625E+4	1.916025E-1
2.496650E+4	3.241380E-1
2.496675E+4	4.437875E-1
2.496700E+4	5.355023E-1
2.496725E+4	5.324699E-1
2.496750E+4	4.151075E-1
2.496775E+4	3.066469E-1
2.496800E+4	2.943704E-1
2.496825E+4	3.373492E-1
2.496850E+4	3.021383E-1
2.496875E+4	7.446991E-2
2.496900E+4	3.484701E-2
2.496925E+4	2.377366E-1
2.496950E+4	4.012535E-1
2.496975E+4	5.137628E-1
2.497000E+4	5.897337E-1
2.497025E+4	5.214255E-1
2.497050E+4	2.477189E-1
2.497075E+4	6.677166E-2
2.497100E+4	6.447372E-2
2.497125E+4	2.319051E-1
2.497150E+4	5.441299E-1
2.497175E+4	5.628820E-1
2.497200E+4	1.995167E-1
2.497225E+4	3.944168E-2
2.497250E+4	9.441639E-2
2.497275E+4	2.088410E-1
2.497300E+4	3.152794E-1
2.497325E+4	2.619531E-1
2.497350E+4	4.872007E-2
2.497375E+4	2.466590E-1
2.497400E+4	5.319900E-1
2.497425E+4	7.314142E-1
2.497450E+4	5.970369E-1
2.497475E+4	3.539839E-1
2.497500E+4	2.585693E-1
2.497525E+4	2.656410E-1
2.497550E+4	2.473365E-1
2.497575E+4	1.032015E-1
2.497600E+4	7.721160E-2
2.497625E+4	1.129443E-1
2.497650E+4	1.477560E-1
2.497675E+4	1.663944E-1
2.497700E+4	2.276541E-1
2.497725E+4	3.997044E-1
2.497750E+4	4.706511E-1
2.497775E+4	3.675310E-1
2.497800E+4	2.030738E-1
2.497825E+4	1.043443E-1
2.497850E+4	1.074063E-1
2.497875E+4	1.658615E-1
2.497900E+4	9.318057E-2
2.497925E+4	2.717096E-2
2.497950E+4	1.647257E-3
2.497975E+4	3.750410E-2
2.498000E+4	1.915042E-1
2.498025E+4	3.558299E-1
2.498050E+4	3.280822E-1
2.498075E+4	1.345123E-1
2.498100E+4	6.987841E-3
2.498125E+4	7.901110E-2
2.498150E+4	1.659000E-1
2.498175E+4	1.023761E-1
2.498200E+4	1.473424E-2
2.498225E+4	2.870860E-3
2.498250E+4	3.011754E-3
2.498275E+4	3.192225E-2
2.498300E+4	3.270908E-1
2.498325E+4	4.795838E-1
2.498350E+4	4.898279E-1
2.498375E+4	4.560368E-1
2.498400E+4	3.324597E-1
2.498425E+4	1.737160E-1
2.498450E+4	2.165427E-1
2.498475E+4	2.461968E-1
2.498500E+4	2.380919E-1
2.498525E+4	2.448058E-1
2.498550E+4	3.103578E-1
2.498575E+4	3.092109E-1
2.498600E+4	8.829918E-2
2.498625E+4	5.801249E-2
2.498650E+4	3.544421E-1
2.498675E+4	6.073263E-1
2.498700E+4	7.279201E-1
2.498725E+4	6.777091E-1
2.498750E+4	3.122926E-1
2.498775E+4	1.307243E-2
2.498800E+4	1.994028E-1
2.498825E+4	4.130080E-1
2.498850E+4	5.272573E-1
2.498875E+4	5.052750E-1
2.498900E+4	3.443862E-1
2.498925E+4	1.730835E-1
2.498950E+4	8.252755E-2
2.498975E+4	5.153436E-2
2.499000E+4	4.970390E-2
2.499025E+4	6.351617E-2
2.499050E+4	9.529017E-2
2.499075E+4	1.680983E-1
2.499100E+4	2.799298E-1
2.499125E+4	3.451578E-1
2.499150E+4	3.281911E-1
2.499175E+4	2.437383E-1
2.499200E+4	1.101620E-1
2.499225E+4	1.262504E-2
2.499250E+4	1.109601E-1
2.499275E+4	3.371436E-1
2.499300E+4	4.167269E-1
2.499325E+4	3.155250E-1
2.499350E+4	1.534556E-1
2.499375E+4	5.435126E-2
2.499400E+4	2.588403E-2
2.499425E+4	4.522804E-5
2.499450E+4	6.438453E-2
2.499475E+4	2.496732E-1
2.499500E+4	3.949072E-1
2.499525E+4	3.828835E-1
2.499550E+4	2.549967E-1
2.499575E+4	8.653332E-2
2.499600E+4	8.537939E-3
2.499625E+4	2.623824E-1
2.499650E+4	3.139307E-1
2.499675E+4	1.432009E-1
2.499700E+4	1.544566E-2
2.499725E+4	1.563667E-1
2.499750E+4	1.585414E-1
2.499775E+4	8.713398E-2
2.499800E+4	3.075521E-2
2.499825E+4	6.586040E-3
2.499850E+4	2.781952E-2
2.499875E+4	6.246627E-2
2.499900E+4	8.382039E-2
2.499925E+4	1.082037E-1
2.499950E+4	1.311568E-1
2.499975E+4	1.444016E-1
2.500000E+4	1.697125E-1
2.500025E+4	1.989603E-1
2.500050E+4	1.736578E-1
2.500075E+4	9.948037E-2
2.500100E+4	4.120812E-2
2.500125E+4	3.401543E-2
2.500150E+4	9.610820E-2
2.500175E+4	1.045259E-1
2.500200E+4	4.991646E-2
2.500225E+4	9.349601E-3
2.500250E+4	7.446515E-3
2.500275E+4	6.409024E-2
2.500300E+4	1.390913E-1
2.500325E+4	1.763539E-1
2.500350E+4	1.351633E-1
2.500375E+4	6.755511E-2
2.500400E+4	1.729141E-1
2.500425E+4	3.283336E-1
2.500450E+4	5.364055E-1
2.500475E+4	7.412362E-1
2.500500E+4	2.410039E-1
2.500525E+4	7.863607E-3
2.500550E+4	8.042571E-2
2.500575E+4	1.607851E-1
2.500600E+4	1.609970E-1
2.500625E+4	8.641077E-2
2.500650E+4	1.818190E-2
2.500675E+4	8.662668E-3
2.500700E+4	1.460714E-1
2.500725E+4	3.511847E-1
2.500750E+4	3.653418E-1
2.500775E+4	3.054461E-1
2.500800E+4	1.752942E-1
2.500825E+4	2.259702E-2
2.500850E+4	1.419615E-1
2.500875E+4	3.137047E-1
2.500900E+4	3.796005E-1
2.500925E+4	3.482149E-1
2.500950E+4	1.999362E-1
2.500975E+4	4.032225E-2
2.501000E+4	4.305576E-2
2.501025E+4	1.167976E-2
2.501050E+4	1.418666E-2
2.501075E+4	1.042851E-1
2.501100E+4	1.732089E-1
2.501125E+4	1.405844E-1
2.501150E+4	7.646365E-2
2.501175E+4	3.355440E-1
2.501200E+4	5.490142E-1
2.501225E+4	5.544438E-1
2.501250E+4	4.430238E-1
2.501275E+4	2.253736E-1
2.501300E+4	6.051197E-2
2.501325E+4	3.160753E-1
2.501350E+4	5.505665E-1
2.501375E+4	5.434419E-1
2.501400E+4	3.105981E-1
2.501425E+4	5.746366E-2
2.501450E+4	5.223439E-2
2.501475E+4	6.024252E-2
2.501500E+4	4.579731E-2
2.501525E+4	3.696763E-2
2.501550E+4	3.760027E-2
2.501575E+4	2.547697E-2
2.501600E+4	4.215183E-3
2.501625E+4	2.832710E-2
2.501650E+4	1.186507E-1
2.501675E+4	2.013066E-1
2.501700E+4	1.429232E-1
2.501725E+4	5.808946E-2
2.501750E+4	2.245873E-2
2.501775E+4	1.668507E-2
2.501800E+4	3.438447E-2
2.501825E+4	8.956169E-2
2.501850E+4	1.427678E-1
2.501875E+4	1.430670E-1
2.501900E+4	1.180744E-1
2.501925E+4	8.526110E-2
2.501950E+4	6.232398E-2
2.501975E+4	6.468659E-2
2.502000E+4	6.992845E-2
2.502025E+4	5.626471E-2
2.502050E+4	3.678089E-2
2.502075E+4	2.687592E-2
2.502100E+4	4.120795E-2
2.502125E+4	1.082268E-1
2.502150E+4	2.605461E-1
2.502175E+4	3.566630E-1
2.502200E+4	2.285490E-1
2.502225E+4	1.601874E-1
2.502250E+4	1.826177E-1
2.502275E+4	2.023251E-1
2.502300E+4	1.998030E-1
2.502325E+4	2.812026E-1
2.502350E+4	4.902584E-1
2.502375E+4	6.321709E-1
2.502400E+4	6.421070E-1
2.502425E+4	5.405680E-1
2.502450E+4	3.487631E-1
2.502475E+4	1.342476E-1
2.502500E+4	8.210443E-2
2.502525E+4	3.163234E-1
2.502550E+4	5.476807E-1
2.502575E+4	5.752534E-1
2.502600E+4	4.365494E-1
2.502625E+4	2.168329E-1
2.502650E+4	7.501561E-2
2.502675E+4	8.758850E-2
2.502700E+4	2.096668E-1
2.502725E+4	3.845260E-1
2.502750E+4	4.262757E-1
2.502775E+4	2.296159E-1
2.502800E+4	5.790264E-2
2.502825E+4	1.820095E-2
2.502850E+4	1.823726E-1
2.502875E+4	5.008791E-1
2.502900E+4	5.447123E-1
2.502925E+4	3.841608E-1
2.502950E+4	2.129335E-1
2.502975E+4	9.236462E-2
2.503000E+4	4.015353E-2
2.503025E+4	1.756464E-2
2.503050E+4	2.681348E-3
2.503075E+4	2.138951E-2
2.503100E+4	6.842347E-2
2.503125E+4	9.460624E-2
2.503150E+4	6.797796E-2
2.503175E+4	9.889431E-3
2.503200E+4	5.562246E-2
2.503225E+4	4.083707E-2
2.503250E+4	3.632311E-3
2.503275E+4	6.393151E-2
2.503300E+4	2.091724E-1
2.503325E+4	2.643806E-1
2.503350E+4	2.441297E-1
2.503375E+4	1.357065E-1
2.503400E+4	9.843749E-3
2.503425E+4	1.940995E-2
2.503450E+4	2.388795E-2
2.503475E+4	1.824438E-2
2.503500E+4	5.827912E-2
2.503525E+4	2.717952E-1
2.503550E+4	2.593845E-1
2.503575E+4	1.848090E-1
2.503600E+4	2.105817E-1
2.503625E+4	3.801829E-1
2.503650E+4	5.203066E-1
2.503675E+4	4.476311E-1
2.503700E+4	3.255517E-1
2.503725E+4	1.903622E-1
2.503750E+4	3.564466E-2
2.503775E+4	1.695119E-3
2.503800E+4	2.114543E-2
2.503825E+4	4.106647E-2
2.503850E+4	5.714813E-2
2.503875E+4	5.149374E-2
2.503900E+4	9.764681E-3
2.503925E+4	2.633417E-2
2.503950E+4	1.523521E-1
2.503975E+4	2.486019E-1
2.504000E+4	2.731203E-1
2.504025E+4	2.585428E-1
2.504050E+4	2.179263E-1
2.504075E+4	1.315817E-1
2.504100E+4	4.497097E-2
2.504125E+4	1.344156E-1
2.504150E+4	2.416667E-1
2.504175E+4	2.763966E-1
2.504200E+4	2.836164E-1
2.504225E+4	2.999221E-1
2.504250E+4	3.471346E-1
2.504275E+4	3.433961E-1
2.504300E+4	1.742939E-1
2.504325E+4	1.555029E-1
2.504350E+4	2.239728E-1
2.504375E+4	3.509206E-1
2.504400E+4	5.054281E-1
2.504425E+4	6.149136E-1
2.504450E+4	6.195691E-1
2.504475E+4	4.290344E-1
2.504500E+4	1.338339E-2
2.504525E+4	2.097788E-1
2.504550E+4	3.356134E-1
2.504575E+4	3.558983E-1
2.504600E+4	3.135972E-1
2.504625E+4	1.981242E-1
2.504650E+4	1.257996E-1
2.504675E+4	1.039466E-1
2.504700E+4	6.987092E-2
2.504725E+4	3.155653E-2
2.504750E+4	1.810920E-2
2.504775E+4	6.465423E-2
2.504800E+4	1.389644E-1
2.504825E+4	2.338780E-1
2.504850E+4	3.607100E-1
2.504875E+4	4.277499E-1
2.504900E+4	3.545425E-1
2.504925E+4	2.320834E-1
2.504950E+4	1.326438E-1
2.504975E+4	7.390794E-2
2.505000E+4	1.450672E-1
2.505025E+4	2.753099E-1
2.505050E+4	2.379354E-1
2.505075E+4	2.326269E-1
2.505100E+4	2.983775E-1
2.505125E+4	3.141287E-1
2.505150E+4	1.314619E-1
2.505175E+4	6.832995E-2
2.505200E+4	6.929312E-2
2.505225E+4	1.090777E-1
2.505250E+4	1.951327E-1
2.505275E+4	3.426817E-1
2.505300E+4	5.238673E-1
2.505325E+4	5.599270E-1
2.505350E+4	3.865378E-1
2.505375E+4	2.409356E-1
2.505400E+4	2.073791E-1
2.505425E+4	2.226187E-1
2.505450E+4	2.021099E-1
2.505475E+4	1.340714E-1
2.505500E+4	8.699949E-2
2.505525E+4	7.314770E-2
2.505550E+4	2.857520E-2
2.505575E+4	2.233907E-2
2.505600E+4	3.476145E-1
2.505625E+4	6.755304E-1
2.505650E+4	7.287092E-1
2.505675E+4	6.386947E-1
2.505700E+4	4.512741E-1
2.505725E+4	2.431486E-1
2.505750E+4	1.840606E-1
2.505775E+4	2.589986E-1
2.505800E+4	3.423791E-1
2.505825E+4	3.331940E-1
2.505850E+4	3.383219E-1
2.505875E+4	3.748682E-1
2.505900E+4	4.168226E-1
2.505925E+4	3.953523E-1
2.505950E+4	2.469142E-1
2.505975E+4	2.432673E-1
2.506000E+4	2.923438E-1
2.506025E+4	3.212321E-1
2.506050E+4	2.656207E-1
2.506075E+4	1.921629E-1
2.506100E+4	2.103269E-1
2.506125E+4	3.488592E-1
2.506150E+4	5.124473E-1
2.506175E+4	4.766336E-1
2.506200E+4	3.180513E-1
2.506225E+4	1.527901E-1
2.506250E+4	3.276136E-2
2.506275E+4	2.979314E-2
2.506300E+4	6.333777E-2
2.506325E+4	6.918292E-2
2.506350E+4	1.610940E-1
2.506375E+4	4.129198E-1
2.506400E+4	4.825661E-1
2.506425E+4	2.780633E-1
2.506450E+4	8.191066E-2
2.506475E+4	7.989839E-2
2.506500E+4	1.884094E-1
2.506525E+4	2.007488E-1
2.506550E+4	8.875010E-2
2.506575E+4	1.456417E-2
2.506600E+4	6.783963E-2
2.506625E+4	1.702125E-1
2.506650E+4	2.199320E-1
2.506675E+4	1.718702E-1
2.506700E+4	8.712487E-2
2.506725E+4	4.584123E-2
2.506750E+4	1.570461E-1
2.506775E+4	3.839513E-1
2.506800E+4	4.628545E-1
2.506825E+4	3.899898E-1
2.506850E+4	2.148765E-1
2.506875E+4	2.140111E-2
2.506900E+4	6.043493E-2
2.506925E+4	1.855671E-1
2.506950E+4	1.984256E-1
2.506975E+4	1.206271E-1
2.507000E+4	2.080342E-2
2.507025E+4	6.456546E-2
2.507050E+4	2.521564E-1
2.507075E+4	4.228163E-1
2.507100E+4	5.983752E-1
2.507125E+4	7.630475E-1
2.507150E+4	4.755861E-1
2.507175E+4	2.357831E-1
2.507200E+4	1.655086E-1
2.507225E+4	1.121614E-1
2.507250E+4	3.359248E-2
2.507275E+4	1.199890E-2
2.507300E+4	1.597790E-1
2.507325E+4	2.775704E-1
2.507350E+4	3.184708E-1
2.507375E+4	3.336161E-1
2.507400E+4	2.651342E-1
2.507425E+4	7.686515E-2
2.507450E+4	3.171176E-3
2.507475E+4	1.305769E-2
2.507500E+4	6.403155E-2
2.507525E+4	1.621061E-1
2.507550E+4	2.853350E-1
2.507575E+4	3.058482E-1
2.507600E+4	2.566121E-1
2.507625E+4	2.653413E-1
2.507650E+4	3.739500E-1
2.507675E+4	3.696778E-1
2.507700E+4	2.535225E-1
2.507725E+4	2.375900E-1
2.507750E+4	3.149094E-1
2.507775E+4	3.897204E-1
2.507800E+4	2.757612E-1
2.507825E+4	1.337771E-1
2.507850E+4	3.343051E-2
2.507875E+4	1.300462E-1
2.507900E+4	4.582145E-1
2.507925E+4	4.558327E-1
2.507950E+4	3.782610E-1
2.507975E+4	2.653630E-1
2.508000E+4	1.065965E-1
2.508025E+4	1.304600E-2
2.508050E+4	7.463581E-2
2.508075E+4	6.985357E-2
2.508100E+4	9.376169E-3
2.508125E+4	2.344022E-2
2.508150E+4	8.860842E-2
2.508175E+4	1.563958E-1
2.508200E+4	1.810750E-1
2.508225E+4	1.407398E-1
2.508250E+4	7.311626E-2
2.508275E+4	3.439983E-2
2.508300E+4	3.331731E-2
2.508325E+4	5.456406E-2
2.508350E+4	8.986381E-2
2.508375E+4	1.163836E-1
2.508400E+4	1.230195E-1
2.508425E+4	1.425741E-1
2.508450E+4	2.080222E-1
2.508475E+4	3.367020E-1
2.508500E+4	3.257644E-1
2.508525E+4	1.611944E-1
2.508550E+4	8.656393E-2
2.508575E+4	8.933106E-2
2.508600E+4	1.076234E-1
2.508625E+4	1.031204E-1
2.508650E+4	8.099537E-2
2.508675E+4	4.122999E-2
2.508700E+4	9.567158E-3
2.508725E+4	9.211996E-2
2.508750E+4	1.101354E-1
2.508775E+4	8.613615E-2
2.508800E+4	4.371139E-2
2.508825E+4	1.177234E-2
2.508850E+4	3.078963E-2
2.508875E+4	4.947744E-2
2.508900E+4	1.385080E-2
2.508925E+4	2.502974E-2
2.508950E+4	1.302294E-1
2.508975E+4	2.558867E-1
2.509000E+4	3.922181E-1
2.509025E+4	4.463179E-1
2.509050E+4	9.456269E-2
2.509075E+4	8.831959E-2
2.509100E+4	1.757264E-1
2.509125E+4	2.125540E-1
2.509150E+4	1.829308E-1
2.509175E+4	1.122591E-1
2.509200E+4	5.881489E-2
2.509225E+4	8.132087E-2
2.509250E+4	2.361412E-1
2.509275E+4	3.674798E-1
2.509300E+4	2.973528E-1
2.509325E+4	1.884776E-1
2.509350E+4	8.212602E-2
2.509375E+4	2.611129E-2
2.509400E+4	1.142531E-1
2.509425E+4	2.679442E-1
2.509450E+4	3.587522E-1
2.509475E+4	3.200130E-1
2.509500E+4	1.351249E-1
2.509525E+4	6.477355E-2
2.509550E+4	1.296478E-1
2.509575E+4	2.026196E-1
2.509600E+4	2.386860E-1
2.509625E+4	2.088254E-1
2.509650E+4	1.294566E-1
2.509675E+4	6.391472E-2
2.509700E+4	3.647735E-2
2.509725E+4	3.913755E-2
2.509750E+4	6.263766E-2
2.509775E+4	7.662955E-2
2.509800E+4	3.426044E-2
2.509825E+4	3.997528E-3
2.509850E+4	1.080299E-3
2.509875E+4	1.712593E-2
2.509900E+4	7.715078E-2
2.509925E+4	2.326823E-1
2.509950E+4	4.787517E-1
2.509975E+4	5.765280E-1
2.510000E+4	2.752442E-1
2.510025E+4	3.474024E-2
2.510050E+4	1.747690E-2
2.510075E+4	1.654841E-1
2.510100E+4	3.566936E-1
2.510125E+4	3.609285E-1
2.510150E+4	2.595474E-1
2.510175E+4	1.837934E-1
2.510200E+4	1.603243E-1
2.510225E+4	1.949079E-1
2.510250E+4	2.107746E-1
2.510275E+4	1.605881E-1
2.510300E+4	1.922032E-1
2.510325E+4	3.266856E-1
2.510350E+4	4.409623E-1
2.510375E+4	3.035724E-1
2.510400E+4	7.406869E-2
2.510425E+4	2.124473E-2
2.510450E+4	1.588398E-1
2.510475E+4	3.233687E-1
2.510500E+4	3.220792E-1
2.510525E+4	2.106058E-1
2.510550E+4	1.281817E-1
2.510575E+4	9.633679E-2
2.510600E+4	1.242961E-1
2.510625E+4	1.696480E-1
2.510650E+4	1.793210E-1
2.510675E+4	1.608405E-1
2.510700E+4	1.263149E-1
2.510725E+4	1.120005E-1
2.510750E+4	2.591209E-1
2.510775E+4	3.133431E-1
2.510800E+4	2.558876E-1
2.510825E+4	1.773324E-1
2.510850E+4	6.945402E-2
2.510875E+4	5.302468E-3
2.510900E+4	1.062261E-1
2.510925E+4	1.289834E-1
2.510950E+4	7.931162E-2
2.510975E+4	2.594869E-2
2.511000E+4	1.905703E-3
2.511025E+4	3.517408E-3
2.511050E+4	3.200030E-2
2.511075E+4	1.282504E-1
2.511100E+4	1.738969E-1
2.511125E+4	1.597673E-1
2.511150E+4	1.547269E-1
2.511175E+4	1.815131E-1
2.511200E+4	2.573951E-1
2.511225E+4	1.776519E-1
2.511250E+4	5.262617E-2
2.511275E+4	5.073175E-2
2.511300E+4	1.745345E-1
2.511325E+4	4.614105E-1
2.511350E+4	7.069836E-1
2.511375E+4	3.495443E-1
2.511400E+4	3.524145E-2
2.511425E+4	1.476271E-1
2.511450E+4	4.066704E-1
2.511475E+4	5.048124E-1
2.511500E+4	3.242381E-1
2.511525E+4	8.951649E-2
2.511550E+4	1.207194E-2
2.511575E+4	7.166553E-3
2.511600E+4	9.809273E-4
2.511625E+4	4.618554E-2
2.511650E+4	2.303803E-1
2.511675E+4	4.056926E-1
2.511700E+4	2.627983E-1
2.511725E+4	6.639815E-2
2.511750E+4	6.383177E-3
2.511775E+4	7.662947E-2
2.511800E+4	1.855595E-1
2.511825E+4	2.149483E-1
2.511850E+4	1.581461E-1
2.511875E+4	1.454717E-1
2.511900E+4	3.121377E-1
2.511925E+4	4.606394E-1
2.511950E+4	3.289512E-1
2.511975E+4	1.054400E-1
2.512000E+4	8.096376E-3
2.512025E+4	7.968694E-2
2.512050E+4	1.761164E-1
2.512075E+4	1.190337E-1
2.512100E+4	3.157321E-2
2.512125E+4	6.113409E-2
2.512150E+4	1.522719E-1
2.512175E+4	2.446873E-1
2.512200E+4	2.809056E-1
2.512225E+4	1.956253E-1
2.512250E+4	7.981031E-2
2.512275E+4	4.083075E-2
2.512300E+4	7.300174E-2
2.512325E+4	1.798736E-1
2.512350E+4	2.633599E-1
2.512375E+4	2.881676E-1
2.512400E+4	2.741412E-1
2.512425E+4	2.130394E-1
2.512450E+4	1.215689E-1
2.512475E+4	1.027472E-1
2.512500E+4	9.915078E-2
2.512525E+4	8.637438E-2
2.512550E+4	2.121566E-1
2.512575E+4	4.614347E-1
2.512600E+4	5.756495E-1
2.512625E+4	5.314171E-1
2.512650E+4	4.059352E-1
2.512675E+4	2.622490E-1
2.512700E+4	1.707758E-1
2.512725E+4	2.060225E-1
2.512750E+4	1.972142E-1
2.512775E+4	7.127817E-2
2.512800E+4	8.829008E-3
2.512825E+4	5.049052E-2
2.512850E+4	1.582348E-1
2.512875E+4	2.854921E-1
2.512900E+4	4.081880E-1
2.512925E+4	4.861701E-1
2.512950E+4	4.582664E-1
2.512975E+4	3.032520E-1
2.513000E+4	1.802016E-1
2.513025E+4	2.610403E-1
2.513050E+4	3.179556E-1
2.513075E+4	2.294145E-1
2.513100E+4	7.433521E-2
2.513125E+4	1.309323E-3
2.513150E+4	4.919788E-2
2.513175E+4	8.388781E-2
2.513200E+4	9.106078E-2
2.513225E+4	1.451871E-1
2.513250E+4	2.321252E-1
2.513275E+4	1.518576E-1
2.513300E+4	1.478477E-2
2.513325E+4	6.708717E-2
2.513350E+4	2.871408E-1
2.513375E+4	5.204131E-1
2.513400E+4	6.749754E-1
2.513425E+4	6.791014E-1
2.513450E+4	3.922316E-1
2.513475E+4	6.926529E-2
2.513500E+4	4.831594E-2
2.513525E+4	1.163064E-1
2.513550E+4	2.216038E-1
2.513575E+4	3.820227E-1
2.513600E+4	5.084767E-1
2.513625E+4	5.717992E-1
2.513650E+4	5.448605E-1
2.513675E+4	3.905437E-1
2.513700E+4	1.808211E-1
2.513725E+4	5.001936E-2
2.513750E+4	6.723346E-2
2.513775E+4	2.592832E-1
2.513800E+4	3.338576E-1
2.513825E+4	2.880418E-1
2.513850E+4	2.381962E-1
2.513875E+4	2.094931E-1
2.513900E+4	2.813668E-1
2.513925E+4	4.425134E-1
2.513950E+4	4.861589E-1
2.513975E+4	3.053789E-1
2.514000E+4	3.289024E-2
2.514025E+4	1.516183E-2
2.514050E+4	5.964572E-2
2.514075E+4	8.363220E-2
2.514100E+4	9.305965E-2
2.514125E+4	1.051963E-1
2.514150E+4	1.052492E-1
2.514175E+4	3.005578E-2
2.514200E+4	1.373453E-2
2.514225E+4	1.150229E-1
2.514250E+4	2.003931E-1
2.514275E+4	1.517674E-1
2.514300E+4	4.477187E-2
2.514325E+4	8.823533E-3
2.514350E+4	1.198503E-1
2.514375E+4	3.066374E-1
2.514400E+4	3.498943E-1
2.514425E+4	2.404470E-1
2.514450E+4	1.213090E-1
2.514475E+4	6.923166E-2
2.514500E+4	1.204176E-1
2.514525E+4	2.446827E-1
2.514550E+4	2.733047E-1
2.514575E+4	2.378721E-1
2.514600E+4	2.403611E-1
2.514625E+4	2.629702E-1
2.514650E+4	1.512212E-1
2.514675E+4	5.804391E-2
2.514700E+4	8.350085E-2
2.514725E+4	2.319676E-1
2.514750E+4	4.570912E-1
2.514775E+4	2.412696E-1
2.514800E+4	6.830845E-2
2.514825E+4	1.134848E-2
2.514850E+4	3.137073E-3
2.514875E+4	4.749852E-2
2.514900E+4	1.886767E-1
2.514925E+4	3.969511E-1
2.514950E+4	4.147997E-1
2.514975E+4	2.242489E-1
2.515000E+4	5.991170E-2
2.515025E+4	3.163448E-2
2.515050E+4	1.237578E-1
2.515075E+4	1.146167E-1
2.515100E+4	6.473492E-2
2.515125E+4	3.698735E-2
2.515150E+4	3.116338E-2
2.515175E+4	3.130864E-2
2.515200E+4	1.911177E-2
2.515225E+4	1.828443E-2
2.515250E+4	1.242673E-1
2.515275E+4	2.594786E-1
2.515300E+4	2.478340E-1
2.515325E+4	1.705030E-1
2.515350E+4	1.411972E-1
2.515375E+4	2.855913E-1
2.515400E+4	4.706159E-1
2.515425E+4	4.560255E-1
2.515450E+4	2.686414E-1
2.515475E+4	7.304167E-2
2.515500E+4	9.850517E-2
2.515525E+4	2.012953E-1
2.515550E+4	2.496869E-1
2.515575E+4	2.371780E-1
2.515600E+4	1.953335E-1
2.515625E+4	1.799488E-1
2.515650E+4	1.732947E-1
2.515675E+4	1.611649E-1
2.515700E+4	1.985980E-1
2.515725E+4	2.976943E-1
2.515750E+4	2.661152E-1
2.515775E+4	1.641161E-2
2.515800E+4	5.239062E-2
2.515825E+4	1.948636E-1
2.515850E+4	3.523217E-1
2.515875E+4	4.589736E-1
2.515900E+4	3.216112E-1
2.515925E+4	1.062828E-1
2.515950E+4	3.720596E-2
2.515975E+4	3.272616E-2
2.516000E+4	5.094694E-2
2.516025E+4	1.144107E-1
2.516050E+4	2.471121E-1
2.516075E+4	3.768220E-1
2.516100E+4	4.106633E-1
2.516125E+4	3.795661E-1
2.516150E+4	3.238784E-1
2.516175E+4	2.184710E-1
2.516200E+4	6.777257E-2
2.516225E+4	5.629383E-2
2.516250E+4	1.787444E-1
2.516275E+4	2.975141E-1
2.516300E+4	3.677422E-1
2.516325E+4	3.950730E-1
2.516350E+4	3.904077E-1
2.516375E+4	3.192525E-1
2.516400E+4	2.495192E-1
2.516425E+4	2.193695E-1
2.516450E+4	2.632998E-1
2.516475E+4	4.494959E-1
2.516500E+4	4.802662E-1
2.516525E+4	2.877055E-1
2.516550E+4	1.158075E-1
2.516575E+4	1.707201E-2
2.516600E+4	3.211400E-2
2.516625E+4	7.127743E-2
2.516650E+4	5.063162E-2
2.516675E+4	1.998401E-1
2.516700E+4	4.951909E-1
2.516725E+4	6.660370E-1
2.516750E+4	5.768681E-1
2.516775E+4	3.117667E-1
2.516800E+4	1.060266E-1
2.516825E+4	9.641070E-2
2.516850E+4	1.198004E-1
2.516875E+4	6.534550E-2
2.516900E+4	6.094322E-2
2.516925E+4	9.836710E-2
2.516950E+4	9.041493E-2
2.516975E+4	2.467282E-2
2.517000E+4	1.871072E-2
2.517025E+4	1.151821E-1
2.517050E+4	1.601043E-1
2.517075E+4	1.785012E-1
2.517100E+4	2.181996E-1
2.517125E+4	2.972452E-1
2.517150E+4	2.809849E-1
2.517175E+4	1.790204E-1
2.517200E+4	1.286897E-1
2.517225E+4	1.459311E-1
2.517250E+4	1.807191E-1
2.517275E+4	2.030689E-1
2.517300E+4	2.344106E-1
2.517325E+4	2.094345E-1
2.517350E+4	1.433052E-1
2.517375E+4	1.448625E-1
2.517400E+4	1.537735E-1
2.517425E+4	1.075013E-1
2.517450E+4	1.816503E-2
2.517475E+4	1.249963E-2
2.517500E+4	1.029497E-1
2.517525E+4	2.325665E-1
2.517550E+4	2.219780E-1
2.517575E+4	4.661924E-3
2.517600E+4	4.825917E-2
2.517625E+4	1.568305E-1
2.517650E+4	3.634259E-1
2.517675E+4	4.373071E-1
2.517700E+4	3.419392E-1
2.517725E+4	3.038980E-1
2.517750E+4	2.748312E-1
2.517775E+4	2.415825E-1
2.517800E+4	2.249082E-1
2.517825E+4	1.984514E-1
2.517850E+4	1.077821E-1
2.517875E+4	1.146147E-1
2.517900E+4	5.294202E-1
2.517925E+4	7.385885E-1
2.517950E+4	7.696110E-1
2.517975E+4	6.761226E-1
2.518000E+4	2.274063E-1
2.518025E+4	3.809257E-2
2.518050E+4	6.195407E-2
2.518075E+4	5.908182E-2
2.518100E+4	3.011048E-2
2.518125E+4	1.681027E-2
2.518150E+4	1.870716E-1
2.518175E+4	3.198863E-1
2.518200E+4	1.711475E-1
2.518225E+4	1.138506E-1
2.518250E+4	1.364685E-1
2.518275E+4	1.310753E-1
2.518300E+4	1.017629E-1
2.518325E+4	8.187923E-2
2.518350E+4	7.381119E-2
2.518375E+4	9.053172E-2
2.518400E+4	1.526408E-1
2.518425E+4	1.808390E-1
2.518450E+4	2.086730E-1
2.518475E+4	2.740627E-1
2.518500E+4	3.375940E-1
2.518525E+4	3.017188E-1
2.518550E+4	1.430687E-1
2.518575E+4	8.197524E-2
2.518600E+4	2.554999E-1
2.518625E+4	4.302980E-1
2.518650E+4	4.805551E-1
2.518675E+4	4.034083E-1
2.518700E+4	2.511614E-1
2.518725E+4	1.181078E-1
2.518750E+4	2.631803E-2
2.518775E+4	5.052705E-3
2.518800E+4	5.702644E-2
2.518825E+4	6.294511E-2
2.518850E+4	1.120164E-2
2.518875E+4	4.771383E-2
2.518900E+4	2.810381E-1
2.518925E+4	4.026133E-1
2.518950E+4	3.872640E-1
2.518975E+4	2.804970E-1
2.519000E+4	5.750746E-2
2.519025E+4	1.963927E-1
2.519050E+4	3.132911E-1
2.519075E+4	2.774312E-1
2.519100E+4	1.954346E-1
2.519125E+4	8.906141E-2
2.519150E+4	7.376816E-3
2.519175E+4	9.144610E-2
2.519200E+4	2.774450E-1
2.519225E+4	3.897146E-1
2.519250E+4	4.159791E-1
2.519275E+4	3.089180E-1
2.519300E+4	1.472306E-1
2.519325E+4	5.324735E-2
2.519350E+4	2.396787E-2
2.519375E+4	3.343059E-2
2.519400E+4	6.782800E-2
2.519425E+4	1.090626E-1
2.519450E+4	1.555083E-1
2.519475E+4	2.105380E-1
2.519500E+4	2.498034E-1
2.519525E+4	2.366087E-1
2.519550E+4	1.569856E-1
2.519575E+4	5.319121E-2
2.519600E+4	4.105837E-3
2.519625E+4	6.865004E-2
2.519650E+4	2.200581E-1
2.519675E+4	2.157251E-1
2.519700E+4	1.132822E-1
2.519725E+4	5.428639E-2
2.519750E+4	2.372323E-2
2.519775E+4	3.685472E-2
2.519800E+4	1.511129E-1
2.519825E+4	2.481088E-1
2.519850E+4	2.471651E-1
2.519875E+4	2.188780E-1
2.519900E+4	1.664493E-1
2.519925E+4	5.918685E-2
2.519950E+4	2.304817E-2
2.519975E+4	2.068860E-2
2.520000E+4	1.549544E-2
2.520025E+4	1.608691E-2
2.520050E+4	2.794547E-2
2.520075E+4	3.528120E-2
2.520100E+4	4.003255E-2
2.520125E+4	5.407113E-2
2.520150E+4	8.129112E-2
2.520175E+4	1.131280E-1
2.520200E+4	1.603216E-1
2.520225E+4	2.692349E-1
2.520250E+4	2.858688E-1
2.520275E+4	1.008822E-1
2.520300E+4	6.010110E-2
2.520325E+4	4.609631E-2
2.520350E+4	3.694940E-2
2.520375E+4	1.559666E-1
2.520400E+4	2.417350E-1
2.520425E+4	2.534203E-1
2.520450E+4	2.204858E-1
2.520475E+4	1.301398E-1
2.520500E+4	1.889400E-1
2.520525E+4	3.100314E-1
2.520550E+4	3.695603E-1
2.520575E+4	2.675301E-1
2.520600E+4	3.388542E-2
2.520625E+4	7.412197E-2
2.520650E+4	1.293368E-1
2.520675E+4	1.226987E-1
2.520700E+4	7.876081E-2
2.520725E+4	9.078192E-2
2.520750E+4	1.622863E-1
2.520775E+4	1.933508E-1
2.520800E+4	1.575559E-1
2.520825E+4	6.593352E-2
2.520850E+4	3.776310E-1
2.520875E+4	3.984258E-1
2.520900E+4	2.772952E-1
2.520925E+4	2.241072E-1
2.520950E+4	3.076745E-1
2.520975E+4	5.689681E-1
2.521000E+4	3.782345E-1
2.521025E+4	4.011603E-2
2.521050E+4	4.605523E-2
2.521075E+4	1.911259E-1
2.521100E+4	3.455931E-1
2.521125E+4	4.551481E-1
2.521150E+4	4.982438E-1
2.521175E+4	4.637379E-1
2.521200E+4	3.935099E-1
2.521225E+4	3.154126E-1
2.521250E+4	1.918891E-1
2.521275E+4	1.268094E-1
2.521300E+4	1.631635E-1
2.521325E+4	2.598482E-1
2.521350E+4	3.806807E-1
2.521375E+4	4.259340E-1
2.521400E+4	3.216346E-1
2.521425E+4	2.553878E-1
2.521450E+4	2.272263E-1
2.521475E+4	1.702026E-1
2.521500E+4	8.734944E-2
2.521525E+4	3.995096E-2
2.521550E+4	3.833378E-2
2.521575E+4	8.855187E-2
2.521600E+4	1.960306E-1
2.521625E+4	2.076265E-1
2.521650E+4	5.137461E-2
2.521675E+4	8.097046E-3
2.521700E+4	1.664981E-1
2.521725E+4	4.365853E-1
2.521750E+4	5.921652E-1
2.521775E+4	5.869233E-1
2.521800E+4	4.682929E-1
2.521825E+4	2.830526E-1
2.521850E+4	1.195187E-1
2.521875E+4	5.330085E-2
2.521900E+4	1.574042E-1
2.521925E+4	4.759981E-1
2.521950E+4	6.195004E-1
2.521975E+4	3.793540E-1
2.522000E+4	2.804984E-1
2.522025E+4	3.548199E-1
2.522050E+4	3.922291E-1
2.522075E+4	2.924748E-1
2.522100E+4	1.333839E-1
2.522125E+4	9.264941E-2
2.522150E+4	2.023976E-1
2.522175E+4	3.285101E-1
2.522200E+4	3.275798E-1
2.522225E+4	1.246525E-1
2.522250E+4	6.896441E-4
2.522275E+4	7.201527E-2
2.522300E+4	2.107839E-1
2.522325E+4	2.884527E-1
2.522350E+4	2.351823E-1
2.522375E+4	1.757481E-1
2.522400E+4	1.197317E-1
2.522425E+4	4.098383E-2
2.522450E+4	4.036541E-2
2.522475E+4	3.523714E-1
2.522500E+4	6.246383E-1
2.522525E+4	6.794524E-1
2.522550E+4	5.859334E-1
2.522575E+4	3.195794E-1
2.522600E+4	5.853379E-2
2.522625E+4	1.245163E-1
2.522650E+4	2.069565E-1
2.522675E+4	1.946773E-1
2.522700E+4	9.691052E-2
2.522725E+4	1.567657E-3
2.522750E+4	1.712291E-1
2.522775E+4	2.739057E-1
2.522800E+4	2.629928E-1
2.522825E+4	2.169419E-1
2.522850E+4	1.652360E-1
2.522875E+4	1.319085E-1
2.522900E+4	1.288822E-1
2.522925E+4	1.514775E-1
2.522950E+4	1.814651E-1
2.522975E+4	1.726999E-1
2.523000E+4	1.305140E-1
2.523025E+4	8.127551E-2
2.523050E+4	6.532724E-2
2.523075E+4	1.854826E-1
2.523100E+4	3.079161E-1
2.523125E+4	3.207923E-1
2.523150E+4	3.473406E-1
2.523175E+4	4.322122E-1
2.523200E+4	4.919439E-1
2.523225E+4	4.384261E-1
2.523250E+4	2.137819E-1
2.523275E+4	4.608559E-2
2.523300E+4	5.779420E-1
2.523325E+4	7.086987E-1
2.523350E+4	6.904750E-1
2.523375E+4	5.907787E-1
2.523400E+4	3.188620E-1
2.523425E+4	5.163005E-2
2.523450E+4	2.663543E-1
2.523475E+4	4.096337E-1
2.523500E+4	4.198159E-1
2.523525E+4	3.213490E-1
2.523550E+4	2.229860E-1
2.523575E+4	2.028455E-1
2.523600E+4	1.838853E-1
2.523625E+4	1.205005E-1
2.523650E+4	9.768187E-2
2.523675E+4	2.603302E-1
2.523700E+4	4.048651E-1
2.523725E+4	4.706402E-1
2.523750E+4	4.571316E-1
2.523775E+4	3.764451E-1
2.523800E+4	2.792191E-1
2.523825E+4	1.888910E-1
2.523850E+4	7.067027E-2
2.523875E+4	3.811581E-3
2.523900E+4	1.601746E-1
2.523925E+4	3.702611E-1
2.523950E+4	4.392543E-1
2.523975E+4	3.267246E-1
2.524000E+4	1.552308E-1
2.524025E+4	3.434676E-2
2.524050E+4	4.772272E-3
2.524075E+4	7.502099E-2
2.524100E+4	1.130357E-1
2.524125E+4	2.965121E-2
2.524150E+4	2.771183E-3
2.524175E+4	3.098881E-2
2.524200E+4	5.062714E-2
2.524225E+4	5.405019E-2
2.524250E+4	7.465398E-2
2.524275E+4	8.604196E-2
2.524300E+4	4.003967E-2
2.524325E+4	5.246428E-3
2.524350E+4	3.148496E-2
2.524375E+4	1.157065E-1
2.524400E+4	2.184384E-1
2.524425E+4	2.761367E-1
2.524450E+4	2.886779E-1
2.524475E+4	3.609273E-1
2.524500E+4	5.164304E-1
2.524525E+4	6.313199E-1
2.524550E+4	6.100097E-1
2.524575E+4	4.904943E-1
2.524600E+4	4.097700E-1
2.524625E+4	4.749254E-1
2.524650E+4	5.546909E-1
2.524675E+4	5.087087E-1
2.524700E+4	4.015726E-1
2.524725E+4	2.642856E-1
2.524750E+4	1.331518E-1
2.524775E+4	1.155813E-1
2.524800E+4	1.134961E-1
2.524825E+4	9.729677E-2
2.524850E+4	1.363446E-1
2.524875E+4	1.939806E-1
2.524900E+4	1.705584E-1
2.524925E+4	5.615514E-2
2.524950E+4	1.229985E-2
2.524975E+4	1.288013E-1
2.525000E+4	2.500735E-1
2.525025E+4	2.971959E-1
2.525050E+4	2.627804E-1
2.525075E+4	2.221340E-1
2.525100E+4	4.722754E-1
2.525125E+4	6.498770E-1
2.525150E+4	6.310491E-1
2.525175E+4	4.415938E-1
2.525200E+4	2.324269E-1
2.525225E+4	2.049058E-1
2.525250E+4	2.738876E-1
2.525275E+4	2.870364E-1
2.525300E+4	1.489579E-1
2.525325E+4	2.702649E-2
2.525350E+4	2.489332E-3
2.525375E+4	3.802326E-2
2.525400E+4	7.709470E-2
2.525425E+4	8.493553E-2
2.525450E+4	1.227921E-1
2.525475E+4	2.305021E-1
2.525500E+4	4.172371E-1
2.525525E+4	4.940623E-1
2.525550E+4	4.036979E-1
2.525575E+4	3.064233E-1
2.525600E+4	2.336186E-1
2.525625E+4	1.557439E-1
2.525650E+4	9.550975E-2
2.525675E+4	1.063273E-1
2.525700E+4	1.261137E-1
2.525725E+4	1.892010E-1
2.525750E+4	3.629122E-1
2.525775E+4	5.517473E-1
2.525800E+4	5.887095E-1
2.525825E+4	4.403779E-1
2.525850E+4	2.637225E-1
2.525875E+4	1.736434E-1
2.525900E+4	1.665337E-1
2.525925E+4	1.594594E-1
2.525950E+4	9.805340E-2
2.525975E+4	7.134922E-2
2.526000E+4	7.888714E-2
2.526025E+4	9.706617E-2
2.526050E+4	9.448692E-2
2.526075E+4	3.024035E-2
2.526100E+4	6.888193E-2
2.526125E+4	2.329732E-1
2.526150E+4	5.105489E-1
2.526175E+4	2.799132E-1
2.526200E+4	7.706110E-2
2.526225E+4	8.901012E-2
2.526250E+4	1.352014E-1
2.526275E+4	1.612900E-1
2.526300E+4	1.107021E-1
2.526325E+4	6.341015E-2
2.526350E+4	4.147688E-2
2.526375E+4	2.300585E-2
2.526400E+4	8.938516E-3
2.526425E+4	5.394950E-3
2.526450E+4	3.630256E-3
2.526475E+4	7.225780E-4
2.526500E+4	1.363425E-2
2.526525E+4	1.015996E-1
2.526550E+4	1.458697E-1
2.526575E+4	9.999885E-2
2.526600E+4	3.544331E-2
2.526625E+4	2.486345E-3
2.526650E+4	1.343203E-3
2.526675E+4	1.030367E-3
2.526700E+4	4.194907E-3
2.526725E+4	3.892704E-2
2.526750E+4	5.159536E-2
2.526775E+4	4.178079E-2
2.526800E+4	3.066906E-2
2.526825E+4	2.879616E-2
2.526850E+4	4.454773E-2
2.526875E+4	6.654491E-2
2.526900E+4	7.298378E-2
2.526925E+4	6.558180E-2
2.526950E+4	6.150859E-2
2.526975E+4	6.448626E-2
2.527000E+4	7.223123E-2
2.527025E+4	9.369865E-2
2.527050E+4	1.437575E-1
2.527075E+4	2.177163E-1
2.527100E+4	1.777053E-1
2.527125E+4	1.718235E-2
2.527150E+4	4.694015E-2
2.527175E+4	2.051489E-1
2.527200E+4	4.258791E-1
2.527225E+4	6.796496E-1
2.527250E+4	8.164884E-1
2.527275E+4	6.037774E-1
2.527300E+4	3.599618E-1
2.527325E+4	2.846940E-1
2.527350E+4	3.119794E-1
2.527375E+4	3.702961E-1
2.527400E+4	4.009361E-1
2.527425E+4	4.144528E-1
2.527450E+4	4.545642E-1
2.527475E+4	4.988287E-1
2.527500E+4	3.773689E-1
2.527525E+4	3.827492E-2
2.527550E+4	4.210277E-1
2.527575E+4	6.708448E-1
2.527600E+4	6.775881E-1
2.527625E+4	5.618815E-1
2.527650E+4	3.944867E-1
2.527675E+4	2.419292E-1
2.527700E+4	2.110549E-1
2.527725E+4	3.059892E-1
2.527750E+4	3.440274E-1
2.527775E+4	2.865953E-1
2.527800E+4	1.980831E-1
2.527825E+4	1.215936E-1
2.527850E+4	7.088650E-2
2.527875E+4	6.122048E-2
2.527900E+4	1.157862E-1
2.527925E+4	1.875594E-1
2.527950E+4	2.377152E-1
2.527975E+4	2.874234E-1
2.528000E+4	2.814578E-1
2.528025E+4	2.390228E-1
2.528050E+4	2.522350E-1
2.528075E+4	3.009740E-1
2.528100E+4	3.524413E-1
2.528125E+4	3.639640E-1
2.528150E+4	2.827702E-1
2.528175E+4	1.374825E-1
2.528200E+4	1.922373E-1
2.528225E+4	3.446491E-1
2.528250E+4	3.123289E-1
2.528275E+4	2.337679E-1
2.528300E+4	2.084273E-1
2.528325E+4	2.323244E-1
2.528350E+4	1.528500E-1
2.528375E+4	4.048874E-3
2.528400E+4	9.642731E-2
2.528425E+4	3.671209E-1
2.528450E+4	5.815132E-1
2.528475E+4	5.574341E-1
2.528500E+4	3.299516E-1
2.528525E+4	7.875274E-2
2.528550E+4	2.026611E-2
2.528575E+4	1.215532E-1
2.528600E+4	1.850626E-1
2.528625E+4	1.662091E-1
2.528650E+4	1.131285E-1
2.528675E+4	1.119644E-1
2.528700E+4	2.486704E-1
2.528725E+4	5.708179E-1
2.528750E+4	7.478708E-1
2.528775E+4	5.674779E-1
2.528800E+4	3.253151E-1
2.528825E+4	1.199262E-1
2.528850E+4	8.663144E-3
2.528875E+4	1.072786E-1
2.528900E+4	1.702606E-1
2.528925E+4	1.382009E-1
2.528950E+4	7.820247E-2
2.528975E+4	1.129245E-1
2.529000E+4	3.464486E-1
2.529025E+4	4.025257E-1
2.529050E+4	3.268424E-1
2.529075E+4	1.859849E-1
2.529100E+4	7.240975E-2
2.529125E+4	1.121536E-1
2.529150E+4	1.936650E-1
2.529175E+4	2.084503E-1
2.529200E+4	1.987564E-1
2.529225E+4	2.205331E-1
2.529250E+4	2.781910E-1
2.529275E+4	3.458473E-1
2.529300E+4	1.893197E-1
2.529325E+4	4.161057E-2
2.529350E+4	3.060973E-2
2.529375E+4	2.156993E-2
2.529400E+4	1.621249E-3
2.529425E+4	2.532374E-2
2.529450E+4	1.557027E-1
2.529475E+4	3.595596E-1
2.529500E+4	4.637027E-1
2.529525E+4	1.110259E-1
2.529550E+4	1.634349E-2
2.529575E+4	9.143056E-2
2.529600E+4	1.403743E-1
2.529625E+4	1.596859E-1
2.529650E+4	1.582437E-1
2.529675E+4	1.090865E-1
2.529700E+4	6.020461E-2
2.529725E+4	9.699350E-2
2.529750E+4	1.803416E-1
2.529775E+4	2.658591E-1
2.529800E+4	2.491287E-1
2.529825E+4	1.434286E-1
2.529850E+4	6.847725E-2
2.529875E+4	4.260637E-2
2.529900E+4	7.716537E-2
2.529925E+4	1.828437E-1
2.529950E+4	1.767392E-1
2.529975E+4	1.613304E-1
2.530000E+4	1.445096E-1
2.530025E+4	1.098034E-1
2.530050E+4	6.581248E-2
2.530075E+4	3.564497E-2
2.530100E+4	7.512856E-2
2.530125E+4	1.530500E-1
2.530150E+4	1.377747E-1
2.530175E+4	8.984219E-2
2.530200E+4	6.189658E-2
2.530225E+4	1.446329E-1
2.530250E+4	3.186194E-1
2.530275E+4	4.218881E-1
2.530300E+4	4.316309E-1
2.530325E+4	3.604946E-1
2.530350E+4	2.892023E-1
2.530375E+4	3.424261E-1
2.530400E+4	3.549111E-1
2.530425E+4	2.405071E-1
2.530450E+4	1.312826E-1
2.530475E+4	7.670723E-2
2.530500E+4	7.433513E-2
2.530525E+4	1.000968E-1
2.530550E+4	1.354529E-1
2.530575E+4	2.288410E-1
2.530600E+4	3.731009E-1
2.530625E+4	5.183831E-1
2.530650E+4	6.083536E-1
2.530675E+4	5.791861E-1
2.530700E+4	3.393153E-1
2.530725E+4	2.477410E-2
2.530750E+4	7.269887E-2
2.530775E+4	2.412520E-1
2.530800E+4	2.937597E-1
2.530825E+4	1.996541E-1
2.530850E+4	7.030696E-2
2.530875E+4	5.567007E-3
2.530900E+4	9.244359E-3
2.530925E+4	6.352676E-2
2.530950E+4	1.673643E-1
2.530975E+4	3.116861E-1
2.531000E+4	4.328209E-1
2.531025E+4	4.612268E-1
2.531050E+4	3.943468E-1
2.531075E+4	2.425744E-1
2.531100E+4	3.400383E-1
2.531125E+4	5.696882E-1
2.531150E+4	5.552939E-1
2.531175E+4	5.043686E-1
2.531200E+4	4.059965E-1
2.531225E+4	2.152247E-1
2.531250E+4	2.207309E-2
2.531275E+4	1.830160E-1
2.531300E+4	3.978948E-1
2.531325E+4	3.758615E-1
2.531350E+4	2.737113E-1
2.531375E+4	1.849697E-1
2.531400E+4	1.155240E-1
2.531425E+4	6.242419E-2
2.531450E+4	3.102444E-2
2.531475E+4	1.327434E-2
2.531500E+4	2.091472E-3
2.531525E+4	2.646072E-3
2.531550E+4	2.415720E-2
2.531575E+4	3.884386E-2
2.531600E+4	1.990608E-2
2.531625E+4	1.808109E-3
2.531650E+4	7.013982E-2
2.531675E+4	1.132648E-1
2.531700E+4	6.710238E-2
2.531725E+4	1.120866E-2
2.531750E+4	9.337115E-3
2.531775E+4	9.973186E-2
2.531800E+4	2.398761E-1
2.531825E+4	2.728248E-1
2.531850E+4	2.452465E-1
2.531875E+4	3.187168E-1
2.531900E+4	4.013624E-1
2.531925E+4	3.742059E-1
2.531950E+4	2.154405E-1
2.531975E+4	7.151546E-2
2.532000E+4	1.090819E-1
2.532025E+4	1.598439E-1
2.532050E+4	1.506379E-1
2.532075E+4	1.362729E-1
2.532100E+4	1.484885E-1
2.532125E+4	1.494461E-1
2.532150E+4	1.107614E-1
2.532175E+4	9.647462E-2
2.532200E+4	1.044857E-1
2.532225E+4	1.486322E-1
2.532250E+4	2.763691E-1
2.532275E+4	2.495167E-1
2.532300E+4	8.450228E-2
2.532325E+4	2.057169E-2
2.532350E+4	5.475087E-2
2.532375E+4	2.114495E-1
2.532400E+4	3.214506E-1
2.532425E+4	1.897778E-1
2.532450E+4	7.224796E-2
2.532475E+4	8.556761E-2
2.532500E+4	2.578033E-1
2.532525E+4	4.335693E-1
2.532550E+4	2.231759E-1
2.532575E+4	7.230342E-3
2.532600E+4	8.691028E-2
2.532625E+4	2.284633E-1
2.532650E+4	2.251229E-1
2.532675E+4	1.832807E-1
2.532700E+4	1.992660E-1
2.532725E+4	4.184501E-1
2.532750E+4	5.547067E-1
2.532775E+4	3.273666E-1
2.532800E+4	2.298646E-1
2.532825E+4	1.880254E-1
2.532850E+4	1.401807E-1
2.532875E+4	5.082315E-2
2.532900E+4	8.212035E-2
2.532925E+4	5.879988E-1
2.532950E+4	5.207730E-1
2.532975E+4	3.908406E-1
2.533000E+4	2.851516E-1
2.533025E+4	1.944395E-1
2.533050E+4	1.301781E-1
2.533075E+4	1.004324E-1
2.533100E+4	6.505525E-2
2.533125E+4	1.636306E-2
2.533150E+4	5.442488E-3
2.533175E+4	4.848988E-2
2.533200E+4	1.125666E-1
2.533225E+4	1.987908E-1
2.533250E+4	2.950952E-1
2.533275E+4	3.779319E-1
2.533300E+4	4.143929E-1
2.533325E+4	2.900607E-1
2.533350E+4	1.171110E-2
2.533375E+4	2.412249E-1
2.533400E+4	3.370209E-1
2.533425E+4	3.260182E-1
2.533450E+4	1.808043E-1
2.533475E+4	1.351399E-1
2.533500E+4	1.211800E-1
2.533525E+4	1.027259E-1
2.533550E+4	7.977453E-2
2.533575E+4	5.025786E-2
2.533600E+4	2.649927E-2
2.533625E+4	2.664962E-2
2.533650E+4	4.984902E-2
2.533675E+4	1.149438E-1
2.533700E+4	2.745876E-1
2.533725E+4	4.543227E-1
2.533750E+4	4.783396E-1
2.533775E+4	4.857813E-1
2.533800E+4	4.311247E-1
2.533825E+4	1.251525E-1
2.533850E+4	1.883210E-2
2.533875E+4	2.657495E-1
2.533900E+4	4.627016E-1
2.533925E+4	3.787932E-1
2.533950E+4	2.369863E-1
2.533975E+4	1.544933E-1
2.534000E+4	1.242227E-1
2.534025E+4	7.307622E-2
2.534050E+4	3.548564E-2
2.534075E+4	2.790799E-2
2.534100E+4	3.991618E-2
2.534125E+4	9.606393E-2
2.534150E+4	1.564351E-1
2.534175E+4	1.232838E-1
2.534200E+4	1.004397E-1
2.534225E+4	9.292528E-2
2.534250E+4	9.452356E-2
2.534275E+4	1.099530E-1
2.534300E+4	1.424898E-1
2.534325E+4	1.617992E-1
2.534350E+4	1.326138E-1
2.534375E+4	1.132044E-1
2.534400E+4	1.813748E-1
2.534425E+4	4.028356E-1
2.534450E+4	4.042376E-1
2.534475E+4	1.953158E-1
2.534500E+4	1.335597E-1
2.534525E+4	1.265126E-1
2.534550E+4	1.166084E-1
2.534575E+4	6.149973E-2
2.534600E+4	4.022395E-3
2.534625E+4	2.745427E-1
2.534650E+4	5.258798E-1
2.534675E+4	5.299718E-1
2.534700E+4	4.138284E-1
2.534725E+4	2.355651E-1
2.534750E+4	1.529725E-1
2.534775E+4	2.737538E-1
2.534800E+4	2.710439E-1
2.534825E+4	1.502545E-1
2.534850E+4	4.247069E-2
2.534875E+4	8.169940E-2
2.534900E+4	3.247318E-1
2.534925E+4	4.718256E-1
2.534950E+4	3.054844E-1
2.534975E+4	9.866851E-2
2.535000E+4	1.675166E-2
2.535025E+4	2.415897E-2
2.535050E+4	3.909764E-2
2.535075E+4	2.180958E-2
2.535100E+4	4.779827E-3
2.535125E+4	3.424723E-2
2.535150E+4	2.906184E-2
2.535175E+4	1.321245E-2
2.535200E+4	1.583870E-2
2.535225E+4	5.414548E-2
2.535250E+4	1.289182E-1
2.535275E+4	1.447194E-1
2.535300E+4	1.713271E-1
2.535325E+4	3.615231E-1
2.535350E+4	5.116967E-1
2.535375E+4	4.283384E-1
2.535400E+4	2.560899E-1
2.535425E+4	1.055338E-1
2.535450E+4	4.528873E-2
2.535475E+4	1.649156E-1
2.535500E+4	3.952103E-1
2.535525E+4	5.076492E-1
2.535550E+4	4.714978E-1
2.535575E+4	3.835677E-1
2.535600E+4	3.063616E-1
2.535625E+4	2.400956E-1
2.535650E+4	1.732452E-1
2.535675E+4	1.231965E-1
2.535700E+4	8.922809E-2
2.535725E+4	8.878609E-2
2.535750E+4	2.317266E-1
2.535775E+4	4.410421E-1
2.535800E+4	5.004471E-1
2.535825E+4	4.624638E-1
2.535850E+4	3.286638E-1
2.535875E+4	6.013858E-2
2.535900E+4	1.472431E-1
2.535925E+4	5.509491E-1
2.535950E+4	6.502424E-1
2.535975E+4	2.696729E-1
2.536000E+4	1.903261E-1
2.536025E+4	3.017252E-1
2.536050E+4	3.811373E-1
2.536075E+4	4.366902E-1
2.536100E+4	3.931052E-1
2.536125E+4	1.183883E-1
2.536150E+4	4.585508E-2
2.536175E+4	9.832669E-3
2.536200E+4	1.159566E-1
2.536225E+4	5.428526E-1
2.536250E+4	6.414290E-1
2.536275E+4	4.383635E-1
2.536300E+4	2.238689E-1
2.536325E+4	6.700664E-2
2.536350E+4	4.528739E-2
2.536375E+4	8.013430E-2
2.536400E+4	5.212406E-2
2.536425E+4	2.552360E-2
2.536450E+4	2.084788E-2
2.536475E+4	1.878696E-2
2.536500E+4	1.069806E-2
2.536525E+4	3.714423E-3
2.536550E+4	1.757469E-2
2.536575E+4	1.318354E-1
2.536600E+4	2.887485E-1
2.536625E+4	3.532966E-1
2.536650E+4	3.445053E-1
2.536675E+4	2.852782E-1
2.536700E+4	1.913331E-1
2.536725E+4	1.618223E-1
2.536750E+4	2.840472E-1
2.536775E+4	1.566192E-1
2.536800E+4	1.260002E-1
2.536825E+4	2.661723E-1
2.536850E+4	3.188174E-1
2.536875E+4	2.994693E-1
2.536900E+4	2.749943E-1
2.536925E+4	3.482170E-1
2.536950E+4	5.284061E-1
2.536975E+4	5.933428E-1
2.537000E+4	3.658841E-1
2.537025E+4	6.775102E-2
2.537050E+4	1.033246E-1
2.537075E+4	3.192139E-1
2.537100E+4	5.002008E-1
2.537125E+4	4.722127E-1
2.537150E+4	2.124874E-1
2.537175E+4	1.158269E-1
2.537200E+4	1.455160E-1
2.537225E+4	2.185466E-1
2.537250E+4	2.167700E-1
2.537275E+4	1.414074E-1
2.537300E+4	4.205459E-2
2.537325E+4	1.452649E-2
2.537350E+4	2.843755E-1
2.537375E+4	5.608407E-1
2.537400E+4	5.971222E-1
2.537425E+4	5.516073E-1
2.537450E+4	4.355908E-1
2.537475E+4	2.358439E-1
2.537500E+4	1.459641E-1
2.537525E+4	1.114134E-1
2.537550E+4	1.412199E-1
2.537575E+4	2.785713E-1
2.537600E+4	3.308309E-1
2.537625E+4	1.230491E-1
2.537650E+4	8.306669E-3
2.537675E+4	9.462506E-2
2.537700E+4	2.808986E-1
2.537725E+4	3.491055E-1
2.537750E+4	2.281967E-1
2.537775E+4	7.746636E-2
2.537800E+4	1.410366E-2
2.537825E+4	2.914114E-2
2.537850E+4	9.405059E-2
2.537875E+4	2.138367E-1
2.537900E+4	3.767984E-1
2.537925E+4	3.497079E-1
2.537950E+4	1.334350E-1
2.537975E+4	8.391325E-2
2.538000E+4	1.032893E-1
2.538025E+4	8.372519E-2
2.538050E+4	8.837109E-3
2.538075E+4	3.449381E-2
2.538100E+4	1.789459E-1
2.538125E+4	4.103158E-1
2.538150E+4	6.462442E-1
2.538175E+4	6.573583E-1
2.538200E+4	5.426641E-1
2.538225E+4	4.422313E-1
2.538250E+4	3.779047E-1
2.538275E+4	3.511861E-1
2.538300E+4	2.259803E-1
2.538325E+4	1.316405E-1
2.538350E+4	1.106146E-1
2.538375E+4	1.041170E-1
2.538400E+4	1.039245E-1
2.538425E+4	1.028094E-1
2.538450E+4	1.032798E-1
2.538475E+4	1.091575E-1
2.538500E+4	1.174286E-1
2.538525E+4	1.240603E-1
2.538550E+4	1.406659E-1
2.538575E+4	1.850252E-1
2.538600E+4	2.318803E-1
2.538625E+4	2.566193E-1
2.538650E+4	2.263117E-1
2.538675E+4	2.105966E-1
2.538700E+4	2.586464E-1
2.538725E+4	2.329076E-1
2.538750E+4	1.867273E-1
2.538775E+4	1.727361E-1
2.538800E+4	2.054502E-1
2.538825E+4	2.925337E-1
2.538850E+4	4.244404E-1
2.538875E+4	4.850129E-1
2.538900E+4	2.682543E-1
2.538925E+4	2.567619E-2
2.538950E+4	4.597979E-2
2.538975E+4	9.466489E-2
2.539000E+4	8.477028E-2
2.539025E+4	4.129124E-2
2.539050E+4	1.039353E-1
2.539075E+4	3.732367E-1
2.539100E+4	5.009979E-1
2.539125E+4	5.159024E-1
2.539150E+4	4.888736E-1
2.539175E+4	4.136165E-1
2.539200E+4	2.791189E-1
2.539225E+4	1.290978E-1
2.539250E+4	3.590516E-2
2.539275E+4	2.412256E-2
2.539300E+4	7.939454E-2
2.539325E+4	1.954585E-1
2.539350E+4	3.620006E-1
2.539375E+4	4.839569E-1
2.539400E+4	4.181952E-1
2.539425E+4	2.305102E-1
2.539450E+4	9.934785E-2
2.539475E+4	2.796520E-1
2.539500E+4	6.769197E-1
2.539525E+4	5.976497E-1
2.539550E+4	4.418340E-1
2.539575E+4	3.092392E-1
2.539600E+4	1.042441E-1
2.539625E+4	1.751113E-3
2.539650E+4	9.974359E-3
2.539675E+4	4.749375E-2
2.539700E+4	1.472404E-1
2.539725E+4	3.236649E-1
2.539750E+4	3.786490E-1
2.539775E+4	2.327752E-1
2.539800E+4	8.292863E-2
2.539825E+4	8.140984E-3
2.539850E+4	5.204805E-3
2.539875E+4	2.265204E-2
2.539900E+4	2.998230E-2
2.539925E+4	2.961902E-2
2.539950E+4	2.655078E-2
2.539975E+4	2.969675E-2
2.540000E+4	5.256505E-2
2.540025E+4	7.751470E-2
2.540050E+4	7.370733E-2
2.540075E+4	5.423632E-2
2.540100E+4	4.454536E-2
2.540125E+4	7.986675E-2
2.540150E+4	1.076587E-1
2.540175E+4	1.286252E-1
2.540200E+4	1.632371E-1
2.540225E+4	2.110020E-1
2.540250E+4	1.997863E-1
2.540275E+4	7.598383E-2
2.540300E+4	1.279329E-2
2.540325E+4	2.849724E-2
2.540350E+4	6.141608E-2
2.540375E+4	4.946509E-2
2.540400E+4	9.966416E-4
2.540425E+4	2.960342E-2
2.540450E+4	5.817774E-2
2.540475E+4	5.770424E-2
2.540500E+4	4.278264E-2
2.540525E+4	2.757318E-2
2.540550E+4	5.987667E-2
2.540575E+4	1.067703E-1
2.540600E+4	1.176761E-1
2.540625E+4	1.116920E-1
2.540650E+4	7.320488E-2
2.540675E+4	2.179779E-2
2.540700E+4	8.549166E-3
2.540725E+4	3.781714E-2
2.540750E+4	9.010515E-2
2.540775E+4	1.041970E-1
2.540800E+4	5.754070E-2
2.540825E+4	1.016103E-2
2.540850E+4	1.618780E-2
2.540875E+4	1.231960E-1
2.540900E+4	2.075209E-1
2.540925E+4	2.119607E-1
2.540950E+4	2.510771E-1
2.540975E+4	2.987267E-1
2.541000E+4	3.039327E-1
2.541025E+4	2.419778E-1
2.541050E+4	1.075714E-1
2.541075E+4	3.743271E-2
2.541100E+4	7.086855E-2
2.541125E+4	9.981486E-2
2.541150E+4	1.839802E-1
2.541175E+4	4.292784E-1
2.541200E+4	3.868623E-1
2.541225E+4	2.573144E-1
2.541250E+4	1.219369E-1
2.541275E+4	8.586404E-3
2.541300E+4	3.208430E-1
2.541325E+4	4.221575E-1
2.541350E+4	4.002505E-1
2.541375E+4	4.144255E-1
2.541400E+4	5.402677E-1
2.541425E+4	4.528817E-1
2.541450E+4	2.130310E-1
2.541475E+4	1.289779E-1
2.541500E+4	1.182783E-1
2.541525E+4	1.667202E-1
2.541550E+4	2.474169E-1
2.541575E+4	2.958692E-1
2.541600E+4	2.699558E-1
2.541625E+4	1.533919E-1
2.541650E+4	5.195154E-2
2.541675E+4	3.108343E-1
2.541700E+4	5.315721E-1
2.541725E+4	5.962456E-1
2.541750E+4	5.278514E-1
2.541775E+4	3.698834E-1
2.541800E+4	2.683751E-1
2.541825E+4	2.793554E-1
2.541850E+4	3.425681E-1
2.541875E+4	3.951906E-1
2.541900E+4	3.323481E-1
2.541925E+4	8.830382E-2
2.541950E+4	2.141452E-2
2.541975E+4	3.874502E-2
2.542000E+4	3.865533E-2
2.542025E+4	5.232087E-2
2.542050E+4	9.143096E-2
2.542075E+4	1.199241E-1
2.542100E+4	1.210048E-1
2.542125E+4	1.290021E-1
2.542150E+4	1.404830E-1
2.542175E+4	1.196327E-1
2.542200E+4	8.138774E-2
2.542225E+4	4.705660E-2
2.542250E+4	6.827776E-2
2.542275E+4	1.566160E-1
2.542300E+4	2.156994E-1
2.542325E+4	2.414882E-1
2.542350E+4	2.643471E-1
2.542375E+4	2.607978E-1
2.542400E+4	1.747157E-1
2.542425E+4	1.029858E-1
2.542450E+4	1.221456E-1
2.542475E+4	1.743422E-1
2.542500E+4	1.246245E-1
2.542525E+4	1.019318E-1
2.542550E+4	1.726231E-1
2.542575E+4	2.750510E-1
2.542600E+4	3.201913E-1
2.542625E+4	2.840441E-1
2.542650E+4	2.230377E-1
2.542675E+4	1.836025E-1
2.542700E+4	1.796185E-1
2.542725E+4	1.873514E-1
2.542750E+4	1.720714E-1
2.542775E+4	1.308294E-1
2.542800E+4	7.264811E-2
2.542825E+4	1.456786E-2
2.542850E+4	2.301389E-2
2.542875E+4	2.201352E-1
2.542900E+4	1.073824E-1
2.542925E+4	5.357092E-2
2.542950E+4	5.114862E-2
2.542975E+4	6.008127E-2
2.543000E+4	5.138908E-2
2.543025E+4	8.426189E-3
2.543050E+4	2.479771E-2
2.543075E+4	9.845872E-2
2.543100E+4	1.421064E-1
2.543125E+4	1.486126E-1
2.543150E+4	1.692373E-1
2.543175E+4	3.268781E-1
2.543200E+4	4.743454E-1
2.543225E+4	5.778850E-1
2.543250E+4	4.999163E-1
2.543275E+4	5.696564E-2
2.543300E+4	6.809511E-2
2.543325E+4	1.878909E-1
2.543350E+4	3.374082E-1
2.543375E+4	5.574360E-1
2.543400E+4	4.708172E-1
2.543425E+4	1.417310E-1
2.543450E+4	4.502023E-2
2.543475E+4	4.008982E-2
2.543500E+4	8.050592E-2
2.543525E+4	1.386686E-1
2.543550E+4	1.671411E-1
2.543575E+4	1.216314E-1
2.543600E+4	3.033833E-2
2.543625E+4	3.748722E-3
2.543650E+4	5.327670E-2
2.543675E+4	6.940788E-2
2.543700E+4	8.461858E-2
2.543725E+4	1.357801E-1
2.543750E+4	1.907879E-1
2.543775E+4	1.800015E-1
2.543800E+4	8.938140E-2
2.543825E+4	4.064430E-2
2.543850E+4	7.361581E-2
2.543875E+4	2.022830E-1
2.543900E+4	4.350186E-1
2.543925E+4	4.158238E-1
2.543950E+4	1.883294E-1
2.543975E+4	5.326007E-2
2.544000E+4	5.780416E-3
2.544025E+4	9.268668E-2
2.544050E+4	2.476390E-1
2.544075E+4	2.424977E-1
2.544100E+4	1.493586E-1
2.544125E+4	3.606106E-2
2.544150E+4	6.603806E-2
2.544175E+4	3.677760E-1
2.544200E+4	4.516855E-1
2.544225E+4	3.911988E-1
2.544250E+4	2.429073E-1
2.544275E+4	4.175057E-2
2.544300E+4	2.231577E-2
2.544325E+4	7.212481E-2
2.544350E+4	8.380937E-2
2.544375E+4	9.859646E-2
2.544400E+4	1.600233E-1
2.544425E+4	2.019876E-1
2.544450E+4	1.947655E-1
2.544475E+4	1.597332E-1
2.544500E+4	1.412179E-1
2.544525E+4	1.606967E-1
2.544550E+4	1.743036E-1
2.544575E+4	1.673384E-1
2.544600E+4	1.206415E-1
2.544625E+4	7.806163E-3
2.544650E+4	2.255159E-1
2.544675E+4	6.377340E-1
2.544700E+4	7.764488E-1
2.544725E+4	7.407309E-1
2.544750E+4	6.150026E-1
2.544775E+4	4.064633E-1
2.544800E+4	9.507341E-2
2.544825E+4	2.174261E-1
2.544850E+4	3.702212E-1
2.544875E+4	3.500591E-1
2.544900E+4	3.180012E-1
2.544925E+4	3.096838E-1
2.544950E+4	1.330686E-1
2.544975E+4	1.125487E-1
2.545000E+4	2.188671E-1
2.545025E+4	3.885503E-1
2.545050E+4	5.331666E-1
2.545075E+4	4.907087E-1
2.545100E+4	2.936931E-1
2.545125E+4	1.468512E-1
2.545150E+4	1.623463E-1
2.545175E+4	4.259413E-1
2.545200E+4	5.285967E-1
2.545225E+4	3.314467E-1
2.545250E+4	1.911041E-1
2.545275E+4	7.591825E-2
2.545300E+4	2.817456E-3
2.545325E+4	3.331543E-2
2.545350E+4	1.448035E-1
2.545375E+4	3.099333E-1
2.545400E+4	4.414070E-1
2.545425E+4	1.510960E-1
2.545450E+4	9.790323E-2
2.545475E+4	1.689754E-1
2.545500E+4	2.854713E-1
2.545525E+4	4.199346E-1
2.545550E+4	3.276867E-1
2.545575E+4	8.213414E-2
2.545600E+4	3.105298E-2
2.545625E+4	1.127512E-1
2.545650E+4	2.163037E-1
2.545675E+4	2.564083E-1
2.545700E+4	2.610200E-1
2.545725E+4	3.004905E-1
2.545750E+4	3.253807E-1
2.545775E+4	1.722564E-1
2.545800E+4	3.066920E-3
2.545825E+4	8.826143E-2
2.545850E+4	2.207721E-1
2.545875E+4	2.730996E-1
2.545900E+4	1.950603E-1
2.545925E+4	1.707173E-2
2.545950E+4	1.105181E-1
2.545975E+4	3.617079E-1
2.546000E+4	4.682351E-1
2.546025E+4	3.767362E-1
2.546050E+4	1.014324E-1
2.546075E+4	7.294577E-3
2.546100E+4	6.312889E-2
2.546125E+4	6.811454E-2
2.546150E+4	1.234721E-2
2.546175E+4	1.037840E-2
2.546200E+4	4.240197E-2
2.546225E+4	4.429119E-2
2.546250E+4	4.092734E-2
2.546275E+4	9.747669E-2
2.546300E+4	1.967890E-1
2.546325E+4	2.030535E-1
2.546350E+4	1.617755E-1
2.546375E+4	1.238251E-1
2.546400E+4	9.035770E-2
2.546425E+4	4.082799E-2
2.546450E+4	1.460979E-2
2.546475E+4	2.369601E-2
2.546500E+4	6.629500E-2
2.546525E+4	1.624318E-1
2.546550E+4	2.905602E-1
2.546575E+4	3.746845E-1
2.546600E+4	4.224062E-1
2.546625E+4	4.091169E-1
2.546650E+4	2.780483E-1
2.546675E+4	1.256143E-1
2.546700E+4	9.221897E-2
2.546725E+4	2.715590E-1
2.546750E+4	4.808253E-1
2.546775E+4	4.473860E-1
2.546800E+4	2.724935E-1
2.546825E+4	9.470700E-2
2.546850E+4	1.586344E-1
2.546875E+4	3.631877E-1
2.546900E+4	2.710688E-1
2.546925E+4	7.282495E-2
2.546950E+4	2.414025E-2
2.546975E+4	3.112362E-1
2.547000E+4	5.237467E-1
2.547025E+4	5.606668E-1
2.547050E+4	4.676234E-1
2.547075E+4	2.323030E-1
2.547100E+4	3.595094E-2
2.547125E+4	1.935583E-2
2.547150E+4	6.380534E-2
2.547175E+4	1.012977E-1
2.547200E+4	1.269036E-1
2.547225E+4	1.614905E-1
2.547250E+4	1.930305E-1
2.547275E+4	1.235546E-1
2.547300E+4	4.646323E-2
2.547325E+4	1.031206E-2
2.547350E+4	3.882975E-2
2.547375E+4	1.912692E-1
2.547400E+4	4.310263E-1
2.547425E+4	4.604326E-1
2.547450E+4	2.771989E-1
2.547475E+4	1.143600E-1
2.547500E+4	4.346037E-2
2.547525E+4	7.716666E-2
2.547550E+4	3.273766E-1
2.547575E+4	7.150640E-1
2.547600E+4	5.523101E-1
2.547625E+4	3.947143E-1
2.547650E+4	3.416005E-1
2.547675E+4	3.476648E-1
2.547700E+4	3.768702E-1
2.547725E+4	3.633921E-1
2.547750E+4	2.771853E-1
2.547775E+4	1.749913E-1
2.547800E+4	9.469482E-2
2.547825E+4	7.828770E-2
2.547850E+4	1.865739E-1
2.547875E+4	3.216755E-1
2.547900E+4	3.620756E-1
2.547925E+4	2.814081E-1
2.547950E+4	8.251370E-2
2.547975E+4	8.933875E-3
2.548000E+4	1.502705E-1
2.548025E+4	3.109405E-1
2.548050E+4	4.327327E-1
2.548075E+4	4.877707E-1
2.548100E+4	4.230318E-1
2.548125E+4	2.686231E-1
2.548150E+4	1.291927E-1
2.548175E+4	5.795913E-2
2.548200E+4	6.201170E-2
2.548225E+4	6.503651E-2
2.548250E+4	3.226121E-2
2.548275E+4	1.832559E-2
2.548300E+4	1.396046E-1
2.548325E+4	2.662480E-1
2.548350E+4	2.831927E-1
2.548375E+4	2.089957E-1
2.548400E+4	8.830677E-2
2.548425E+4	2.203571E-3
2.548450E+4	1.052374E-1
2.548475E+4	4.890571E-1
2.548500E+4	4.645206E-1
2.548525E+4	3.155316E-1
2.548550E+4	2.247279E-1
2.548575E+4	1.562735E-1
2.548600E+4	8.374088E-2
2.548625E+4	2.546957E-2
2.548650E+4	4.121483E-2
2.548675E+4	1.381015E-1
2.548700E+4	2.878768E-1
2.548725E+4	3.586238E-1
2.548750E+4	2.659387E-1
2.548775E+4	1.414684E-1
2.548800E+4	6.968139E-2
2.548825E+4	7.707267E-2
2.548850E+4	1.188273E-1
2.548875E+4	1.345224E-1
2.548900E+4	1.333553E-1
2.548925E+4	1.451832E-1
2.548950E+4	1.597652E-1
2.548975E+4	1.324279E-1
2.549000E+4	8.618411E-2
2.549025E+4	1.048017E-1
2.549050E+4	1.774442E-1
2.549075E+4	2.174560E-1
2.549100E+4	1.952252E-1
2.549125E+4	8.561195E-2
2.549150E+4	1.072482E-1
2.549175E+4	1.754123E-1
2.549200E+4	1.865915E-1
2.549225E+4	1.906636E-1
2.549250E+4	1.985608E-1
2.549275E+4	1.932603E-1
2.549300E+4	1.347230E-1
2.549325E+4	5.623722E-2
2.549350E+4	1.853083E-2
2.549375E+4	3.501031E-2
2.549400E+4	6.748259E-2
2.549425E+4	7.958304E-2
2.549450E+4	9.776475E-2
2.549475E+4	1.771515E-1
2.549500E+4	3.685062E-1
2.549525E+4	4.017847E-1
2.549550E+4	2.253156E-1
2.549575E+4	1.123054E-1
2.549600E+4	8.210221E-2
2.549625E+4	1.306412E-1
2.549650E+4	2.432040E-1
2.549675E+4	3.439466E-1
2.549700E+4	3.481411E-1
2.549725E+4	2.477485E-1
2.549750E+4	1.320514E-1
2.549775E+4	7.502236E-2
2.549800E+4	6.570996E-2
2.549825E+4	9.088727E-2
2.549850E+4	1.464393E-1
2.549875E+4	1.891413E-1
2.549900E+4	1.784552E-1
2.549925E+4	1.512138E-1
2.549950E+4	1.196092E-1
2.549975E+4	5.171977E-2
2.550000E+4	1.915798E-2
2.550025E+4	2.991590E-2
2.550050E+4	7.438947E-2
2.550075E+4	1.526056E-1
2.550100E+4	2.199581E-1
2.550125E+4	2.046511E-1
2.550150E+4	1.114750E-1
2.550175E+4	4.379616E-2
2.550200E+4	6.211630E-2
2.550225E+4	1.057154E-1
2.550250E+4	1.021219E-1
2.550275E+4	4.059225E-2
2.550300E+4	3.267675E-4
2.550325E+4	2.669912E-2
2.550350E+4	7.956020E-2
2.550375E+4	1.006080E-1
2.550400E+4	6.367454E-2
2.550425E+4	4.173717E-2
2.550450E+4	9.561242E-2
2.550475E+4	2.087366E-1
2.550500E+4	3.419145E-1
2.550525E+4	4.090855E-1
2.550550E+4	2.944987E-1
2.550575E+4	1.042270E-1
2.550600E+4	4.780729E-2
2.550625E+4	1.084626E-1
2.550650E+4	1.634454E-1
2.550675E+4	2.072934E-1
2.550700E+4	3.530135E-1
2.550725E+4	3.896603E-1
2.550750E+4	2.397686E-1
2.550775E+4	1.508916E-1
2.550800E+4	2.373294E-1
2.550825E+4	4.211322E-1
2.550850E+4	5.518116E-1
2.550875E+4	4.930802E-1
2.550900E+4	2.505540E-1
2.550925E+4	4.179405E-2
2.550950E+4	1.508638E-1
2.550975E+4	4.829156E-1
2.551000E+4	6.325485E-1
2.551025E+4	4.955681E-1
2.551050E+4	2.174255E-1
2.551075E+4	7.920244E-2
2.551100E+4	8.374825E-2
2.551125E+4	8.174929E-2
2.551150E+4	4.655985E-2
2.551175E+4	2.401841E-2
2.551200E+4	7.388153E-2
2.551225E+4	1.201234E-1
2.551250E+4	1.459831E-1
2.551275E+4	1.786757E-1
2.551300E+4	2.103283E-1
2.551325E+4	2.002329E-1
2.551350E+4	1.339466E-1
2.551375E+4	6.735579E-2
2.551400E+4	5.732320E-2
2.551425E+4	8.657820E-2
2.551450E+4	1.220211E-1
2.551475E+4	1.347358E-1
2.551500E+4	1.041151E-1
2.551525E+4	5.530009E-2
2.551550E+4	1.865002E-2
2.551575E+4	7.723289E-4
2.551600E+4	1.393341E-2
2.551625E+4	7.920679E-2
2.551650E+4	7.545970E-2
2.551675E+4	3.076213E-2
2.551700E+4	1.414587E-2
2.551725E+4	9.542882E-3
2.551750E+4	3.321718E-3
2.551775E+4	3.231745E-2
2.551800E+4	1.464680E-1
2.551825E+4	3.352466E-1
2.551850E+4	4.424949E-1
2.551875E+4	3.509371E-1
2.551900E+4	2.186503E-1
2.551925E+4	1.571185E-1
2.551950E+4	1.824232E-1
2.551975E+4	2.786616E-1
2.552000E+4	3.115613E-1
2.552025E+4	2.125382E-1
2.552050E+4	1.247503E-1
2.552075E+4	8.008078E-2
2.552100E+4	6.406843E-2
2.552125E+4	6.141341E-2
2.552150E+4	6.212765E-2
2.552175E+4	6.612644E-2
2.552200E+4	8.131380E-2
2.552225E+4	1.067133E-1
2.552250E+4	1.096700E-1
2.552275E+4	9.254913E-2
2.552300E+4	1.979457E-1
2.552325E+4	3.424096E-1
2.552350E+4	4.117928E-1
2.552375E+4	3.526645E-1
2.552400E+4	1.239416E-1
2.552425E+4	1.573673E-2
2.552450E+4	1.814179E-1
2.552475E+4	3.419024E-1
2.552500E+4	3.401893E-1
2.552525E+4	1.255309E-1
2.552550E+4	1.005660E-2
2.552575E+4	1.647064E-1
2.552600E+4	3.839791E-1
2.552625E+4	4.620732E-1
2.552650E+4	3.910464E-1
2.552675E+4	3.127574E-1
2.552700E+4	2.841269E-1
2.552725E+4	3.071854E-1
2.552750E+4	3.591342E-1
2.552775E+4	2.630771E-1
2.552800E+4	4.389199E-2
2.552825E+4	1.141089E-4
2.552850E+4	1.059235E-2
2.552875E+4	1.427108E-2
2.552900E+4	2.383792E-2
2.552925E+4	8.250359E-2
2.552950E+4	1.735517E-1
2.552975E+4	2.258702E-1
2.553000E+4	1.902615E-1
2.553025E+4	9.663824E-2
2.553050E+4	3.417127E-2
2.553075E+4	2.952531E-2
2.553100E+4	3.302231E-2
2.553125E+4	1.356318E-2
2.553150E+4	4.872503E-4
2.553175E+4	1.938164E-2
2.553200E+4	7.313442E-2
2.553225E+4	1.455416E-1
2.553250E+4	1.492137E-1
2.553275E+4	1.282355E-1
2.553300E+4	1.333622E-1
2.553325E+4	1.175797E-1
2.553350E+4	8.934978E-2
2.553375E+4	8.204391E-2
2.553400E+4	9.602151E-2
2.553425E+4	1.185944E-1
2.553450E+4	1.104576E-1
2.553475E+4	3.887638E-2
2.553500E+4	1.366829E-2
2.553525E+4	1.247833E-1
2.553550E+4	2.930798E-1
2.553575E+4	2.512025E-1
2.553600E+4	5.551933E-2
2.553625E+4	5.961062E-2
2.553650E+4	1.565306E-1
2.553675E+4	1.880137E-1
2.553700E+4	1.123963E-1
2.553725E+4	2.022832E-2
2.553750E+4	1.141389E-1
2.553775E+4	3.201421E-1
2.553800E+4	3.064602E-1
2.553825E+4	1.741325E-1
2.553850E+4	4.372855E-2
2.553875E+4	3.287316E-2
2.553900E+4	1.480348E-1
2.553925E+4	2.335898E-1
2.553950E+4	3.198201E-1
2.553975E+4	4.601331E-1
2.554000E+4	4.638980E-1
2.554025E+4	1.827175E-1
2.554050E+4	5.718296E-2
2.554075E+4	6.656660E-2
2.554100E+4	1.386020E-1
2.554125E+4	2.029343E-1
2.554150E+4	2.329860E-1
2.554175E+4	2.545910E-1
2.554200E+4	2.829819E-1
2.554225E+4	3.143243E-1
2.554250E+4	3.545879E-1
2.554275E+4	4.282137E-1
2.554300E+4	5.197970E-1
2.554325E+4	6.139808E-1
2.554350E+4	6.934068E-1
2.554375E+4	7.302700E-1
2.554400E+4	6.971800E-1
2.554425E+4	5.717689E-1
2.554450E+4	3.716169E-1
2.554475E+4	1.897420E-1
2.554500E+4	1.015503E-1
2.554525E+4	9.336907E-2
2.554550E+4	1.120168E-1
2.554575E+4	1.484412E-1
2.554600E+4	2.169767E-1
2.554625E+4	2.946062E-1
2.554650E+4	3.618562E-1
2.554675E+4	4.082567E-1
2.554700E+4	3.957239E-1
2.554725E+4	3.146344E-1
2.554750E+4	2.894526E-1
2.554775E+4	2.633566E-1
2.554800E+4	1.975983E-1
2.554825E+4	1.042699E-1
2.554850E+4	1.142109E-1
2.554875E+4	1.435740E-1
2.554900E+4	1.687424E-1
2.554925E+4	2.468870E-1
2.554950E+4	4.273525E-1
2.554975E+4	6.915605E-1
2.555000E+4	7.635752E-1
2.555025E+4	4.376423E-1
2.555050E+4	1.419502E-1
2.555075E+4	4.216841E-2
2.555100E+4	3.969842E-2
2.555125E+4	3.230782E-2
2.555150E+4	3.690272E-3
2.555175E+4	3.478723E-2
2.555200E+4	1.086439E-1
2.555225E+4	2.003580E-1
2.555250E+4	3.043942E-1
2.555275E+4	2.381210E-1
2.555300E+4	9.599928E-2
2.555325E+4	8.472428E-2
2.555350E+4	7.627413E-2
2.555375E+4	7.764881E-2
2.555400E+4	1.609749E-1
2.555425E+4	2.778558E-1
2.555450E+4	2.466433E-1
2.555475E+4	1.024296E-1
2.555500E+4	4.152672E-3
2.555525E+4	3.749519E-2
2.555550E+4	1.421383E-1
2.555575E+4	1.996986E-1
2.555600E+4	1.857261E-1
2.555625E+4	1.722412E-1
2.555650E+4	1.561352E-1
2.555675E+4	9.882181E-2
2.555700E+4	3.035270E-2
2.555725E+4	1.897801E-4
2.555750E+4	2.548607E-2
2.555775E+4	7.621557E-2
2.555800E+4	3.093529E-2
2.555825E+4	3.190901E-2
2.555850E+4	5.660794E-2
2.555875E+4	6.180944E-2
2.555900E+4	1.751731E-2
2.555925E+4	9.323385E-2
2.555950E+4	3.124449E-1
2.555975E+4	4.450552E-1
2.556000E+4	5.104723E-1
2.556025E+4	4.668881E-1
2.556050E+4	2.762122E-1
2.556075E+4	1.168488E-1
2.556100E+4	7.418936E-2
2.556125E+4	5.105878E-2
2.556150E+4	1.146917E-2
2.556175E+4	2.363657E-3
2.556200E+4	1.725655E-2
2.556225E+4	2.945686E-2
2.556250E+4	3.754244E-2
2.556275E+4	6.488672E-2
2.556300E+4	8.542804E-2
2.556325E+4	7.030905E-2
2.556350E+4	6.888679E-2
2.556375E+4	7.755338E-2
2.556400E+4	5.469485E-2
2.556425E+4	6.778968E-3
2.556450E+4	2.172534E-2
2.556475E+4	6.026888E-2
2.556500E+4	1.028943E-1
2.556525E+4	1.518155E-1
2.556550E+4	2.259872E-1
2.556575E+4	2.641366E-1
2.556600E+4	1.625379E-1
2.556625E+4	7.365596E-2
2.556650E+4	1.937807E-2
2.556675E+4	7.385254E-4
2.556700E+4	2.418821E-2
2.556725E+4	6.468388E-2
2.556750E+4	8.713455E-2
2.556775E+4	6.890022E-2
2.556800E+4	4.402409E-2
2.556825E+4	4.853627E-2
2.556850E+4	7.396539E-2
2.556875E+4	1.261795E-1
2.556900E+4	2.073212E-1
2.556925E+4	2.657144E-1
2.556950E+4	3.134757E-1
2.556975E+4	4.174615E-1
2.557000E+4	3.129569E-1
2.557025E+4	1.283935E-1
2.557050E+4	6.493808E-2
2.557075E+4	4.299824E-2
2.557100E+4	3.338680E-2
2.557125E+4	2.696270E-2
2.557150E+4	2.468358E-2
2.557175E+4	2.380104E-2
2.557200E+4	2.076950E-2
2.557225E+4	1.090261E-2
2.557250E+4	5.042778E-3
2.557275E+4	1.129469E-2
2.557300E+4	9.111033E-3
2.557325E+4	3.012306E-3
2.557350E+4	1.488199E-2
2.557375E+4	5.850479E-2
2.557400E+4	8.960855E-2
2.557425E+4	4.837665E-2
2.557450E+4	5.440850E-3
2.557475E+4	4.498034E-2
2.557500E+4	8.895918E-2
2.557525E+4	1.268846E-1
2.557550E+4	1.338770E-1
2.557575E+4	8.545389E-2
2.557600E+4	9.490879E-2
2.557625E+4	1.437067E-1
2.557650E+4	1.704450E-1
2.557675E+4	1.630822E-1
2.557700E+4	1.113182E-1
2.557725E+4	1.108510E-2
2.557750E+4	8.682971E-2
2.557775E+4	1.088708E-1
2.557800E+4	8.898927E-2
2.557825E+4	6.238468E-2
2.557850E+4	6.692301E-2
2.557875E+4	1.651983E-1
2.557900E+4	2.133923E-1
2.557925E+4	2.092995E-1
2.557950E+4	1.977163E-1
2.557975E+4	7.797823E-2
2.558000E+4	4.926454E-2
2.558025E+4	6.397482E-2
2.558050E+4	1.160004E-1
2.558075E+4	2.413854E-1
2.558100E+4	3.135240E-1
2.558125E+4	2.199767E-1
2.558150E+4	1.186963E-1
2.558175E+4	3.955524E-2
2.558200E+4	3.783916E-3
2.558225E+4	1.265138E-1
2.558250E+4	2.582929E-1
2.558275E+4	2.400191E-1
2.558300E+4	1.663787E-1
2.558325E+4	1.096816E-1
2.558350E+4	6.859331E-2
2.558375E+4	3.499230E-2
2.558400E+4	6.415638E-2
2.558425E+4	1.502440E-1
2.558450E+4	2.142537E-1
2.558475E+4	2.896707E-1
2.558500E+4	3.878401E-1
2.558525E+4	4.036787E-1
2.558550E+4	2.313275E-1
2.558575E+4	7.865080E-2
2.558600E+4	1.222359E-2
2.558625E+4	1.054811E-2
2.558650E+4	6.869301E-2
2.558675E+4	1.134206E-1
2.558700E+4	1.102037E-1
2.558725E+4	1.080913E-1
2.558750E+4	1.390916E-1
2.558775E+4	2.333100E-1
2.558800E+4	3.199286E-1
2.558825E+4	1.493548E-1
2.558850E+4	1.063178E-1
2.558875E+4	1.469499E-1
2.558900E+4	1.860561E-1
2.558925E+4	1.812515E-1
2.558950E+4	1.307710E-1
2.558975E+4	7.541356E-2
2.559000E+4	6.715886E-2
2.559025E+4	5.020935E-2
2.559050E+4	2.131767E-2
2.559075E+4	6.122160E-3
2.559100E+4	1.068398E-2
2.559125E+4	3.956416E-2
2.559150E+4	9.551888E-2
2.559175E+4	1.682123E-1
2.559200E+4	1.944885E-1
2.559225E+4	1.103467E-1
2.559250E+4	3.236625E-2
2.559275E+4	4.974620E-3
2.559300E+4	1.605532E-3
2.559325E+4	2.055094E-3
2.559350E+4	2.235317E-3
2.559375E+4	2.674675E-2
2.559400E+4	1.087824E-1
2.559425E+4	2.724810E-1
2.559450E+4	4.866924E-1
2.559475E+4	6.712047E-1
2.559500E+4	7.494244E-1
2.559525E+4	5.055050E-1
2.559550E+4	3.849299E-2
2.559575E+4	3.395028E-2
2.559600E+4	1.083592E-1
2.559625E+4	1.598616E-1
2.559650E+4	2.034033E-1
2.559675E+4	1.739728E-1
2.559700E+4	1.136915E-1
2.559725E+4	8.235409E-2
2.559750E+4	8.274382E-2
2.559775E+4	1.022847E-1
2.559800E+4	1.010053E-1
2.559825E+4	2.708082E-2
2.559850E+4	1.838112E-2
2.559875E+4	8.961077E-2
2.559900E+4	1.665737E-1
2.559925E+4	2.188587E-1
2.559950E+4	1.715244E-1
2.559975E+4	5.709730E-2
2.560000E+4	1.790850E-2
